581	1260
582	4096
583	8350
584	15849
585	15866
586	15881
587	15889
588	15910
589	15916
590	15917
591	15918
592	15919
593	15920
594	15924
595	15930
596	15933
597	15981
598	16209
599	16247
600	22167
601	23120
602	23121
603	23122
604	23123
605	23124
606	23125
607	23126
608	23127
609	23128
610	23130
611	23131
612	23132
613	23133
614	23135
615	23136
616	23137
617	23138
618	23139
619	23140
620	23143
621	23144
622	23146
623	23147
624	23148
625	23149
626	23150
627	23155
628	23156
629	23158
630	23159
631	23160
632	23161
633	23162
634	23163
635	23165
636	23166
637	23168
638	23169
639	23170
640	23171
641	23172
642	23173
643	23174
644	23175
645	23176
646	23177
647	23179
648	23180
649	23181
650	23183
651	23185
652	23186
653	23187
654	23188
655	23189
656	23190
657	23192
658	23193
659	23194
660	23195
661	23196
662	23199
663	23200
664	23201
665	23202
666	23203
667	23204
668	23205
669	23206
670	23207
671	23208
672	23209
673	23210
674	23211
675	23212
676	23213
677	23214
678	23215
679	23216
680	23218
681	23219
682	23220
683	23222
684	23223
685	23224
686	23225
687	23235
688	15908
689	16140
690	16141
691	16142
692	30545
693	30559
694	30560
695	30566
696	30623
697	30691
698	30692
699	31748
700	31766
701	30561
702	30562
703	30840
704	30967
705	30968
706	30969
707	30970
708	31749
709	31750
710	32085
711	32086
712	16248
713	16249
714	32081
715	32077
716	32078
717	32079
718	32080
719	30984
720	32082
721	32083
722	32071
723	32072
724	32073
725	32166
726	32167
727	32168
728	32169
729	32170
730	32171
731	32172
732	32173
733	30633
734	30634
735	30635
736	31310
737	32163
738	32164
739	32165
740	31311
741	29903
742	29904
743	29905
744	32074
745	32075
746	32076
747	33893
748	33894
749	33895
750	30546
751	32087
752	32088
753	30845
754	30846
755	30847
756	32136
757	32137
758	32229
759	32230
760	32231
761	32232
762	32233
763	32234
764	32129
