1260	4096
1260	8350
1260	15849
1260	15866
1260	15881
1260	15889
1260	15910
1260	15916
1260	15917
1260	15918
1260	15919
1260	15920
1260	15924
1260	15930
1260	15933
1260	15981
1260	16209
1260	16247
1260	22167
1260	23120
1260	23121
1260	23122
1260	23123
1260	23124
1260	23125
1260	23126
1260	23127
1260	23128
1260	23130
1260	23131
1260	23132
1260	23133
1260	23135
1260	23136
1260	23137
1260	23138
1260	23139
1260	23140
1260	23143
1260	23144
1260	23146
1260	23147
1260	23148
1260	23149
1260	23150
1260	23155
1260	23156
1260	23158
1260	23159
1260	23160
1260	23161
1260	23162
1260	23163
1260	23165
1260	23166
1260	23168
1260	23169
1260	23170
1260	23171
1260	23172
1260	23173
1260	23174
1260	23175
1260	23176
1260	23177
1260	23179
1260	23180
1260	23181
1260	23183
1260	23185
1260	23186
1260	23187
1260	23188
1260	23189
1260	23190
1260	23192
1260	23193
1260	23194
1260	23195
1260	23196
1260	23199
1260	23200
1260	23201
1260	23202
1260	23203
1260	23204
1260	23205
1260	23206
1260	23207
1260	23208
1260	23209
1260	23210
1260	23211
1260	23212
1260	23213
1260	23214
1260	23215
1260	23216
1260	23218
1260	23219
1260	23220
1260	23222
1260	23223
1260	23224
1260	23225
1260	23235
15908	16140
15908	16141
15908	16142
15916	15917
15916	15918
15916	15919
15916	15920
15917	15918
15917	15919
15917	15920
15918	15919
15918	15920
15919	15920
16140	16141
16140	16142
16140	23132
16140	23146
16140	23159
16140	23204
16140	30545
16140	30559
16140	30560
16140	30566
16140	30623
16140	30691
16140	30692
16140	31748
16140	31766
16141	16142
16141	23132
16141	23159
16141	23204
16141	30545
16141	30559
16141	30560
16141	30561
16141	30562
16141	30566
16141	30691
16141	30840
16141	30967
16141	30968
16141	30969
16141	30970
16141	31748
16141	31749
16141	31750
16141	31766
16141	32085
16141	32086
16247	16248
16247	16249
16247	23155
16247	23156
16248	16249
23125	32081
23127	32077
23130	32078
23130	32079
23130	32080
23132	23146
23132	23159
23132	23204
23132	30559
23132	30560
23132	30561
23132	30562
23132	30566
23132	30984
23132	31748
23132	31766
23133	23214
23133	32082
23133	32083
23135	23175
23135	32071
23135	32072
23135	32073
23138	32166
23138	32167
23138	32168
23138	32169
23138	32170
23138	32171
23138	32172
23138	32173
23143	30633
23143	30634
23143	30635
23146	23204
23146	30560
23146	30566
23146	30623
23146	30691
23146	30692
23146	30984
23155	23156
23159	30559
23159	30560
23159	30561
23159	30562
23159	31310
23159	31748
23159	31766
23162	32163
23162	32164
23162	32165
23170	31310
23170	31311
23175	32071
23175	32072
23175	32073
23177	29903
23177	29904
23177	29905
23204	30545
23204	30559
23204	30560
23204	30566
23204	30623
23204	30691
23204	30692
23204	31310
23204	32074
23204	32075
23204	32076
23207	23208
23207	23209
23207	23210
23207	23211
23208	23209
23208	23210
23208	23211
23209	23210
23209	23211
23210	23211
23214	32082
23214	32083
29905	33893
29905	33894
29905	33895
30545	30546
30545	30560
30545	30566
30545	31310
30545	32074
30545	32087
30545	32088
30546	30560
30546	31310
30546	32074
30559	30560
30559	30561
30559	30562
30559	30691
30559	30840
30559	31310
30559	31748
30559	31749
30559	31750
30559	31766
30559	32074
30559	32075
30559	32076
30560	30561
30560	30562
30560	30566
30560	30623
30560	30691
30560	30692
30560	30984
30560	31310
30560	31748
30560	31750
30560	31766
30560	32074
30560	32075
30560	32076
30560	32085
30560	32086
30561	30562
30561	30566
30561	30623
30561	30845
30561	30846
30561	30847
30561	31310
30561	31766
30566	30623
30566	30691
30566	30692
30566	30984
30566	32087
30566	32088
30623	30984
30633	30634
30633	30635
30634	30635
30635	32136
30635	32137
30691	30692
30691	30840
30691	31748
30691	31749
30691	31750
30691	32085
30691	32086
30840	31748
30840	31749
30840	31750
30845	30846
30845	30847
30846	30847
30967	30968
30967	30969
30967	30970
30968	30969
30968	30970
30969	30970
31310	31311
31310	31766
31310	32074
31310	32075
31310	32076
31748	31749
31748	31750
31748	31766
31749	31750
31749	32229
31749	32230
31749	32231
31749	32232
31749	32233
31749	32234
31750	32085
31750	32086
32071	32072
32071	32073
32071	32129
32072	32073
32072	32129
32073	32129
32074	32075
32074	32076
32075	32076
32078	32079
32078	32080
32079	32080
32082	32083
32085	32086
32087	32088
32136	32137
32163	32164
32163	32165
32164	32165
32166	32167
32166	32168
32166	32169
32166	32170
32167	32168
32167	32169
32167	32170
32168	32169
32168	32170
32168	32171
32168	32172
32168	32173
32169	32170
32170	32171
32170	32172
32170	32173
32171	32172
32171	32173
32172	32173
32229	32230
32229	32231
32229	32232
32229	32233
32229	32234
32230	32231
32230	32232
32230	32233
32230	32234
32231	32232
32231	32233
32231	32234
32232	32233
32232	32234
32233	32234
