7769	19647
7769	20184
7769	24323
7769	24821
7769	29270
7769	29302
7769	30872
7769	30873
7769	30874
7769	30875
7769	30876
7769	30877
7769	30878
7769	30879
7769	30880
7769	30881
7769	30882
7769	30883
7769	30884
7769	30886
7769	30887
7769	30888
7769	30889
7769	30890
7769	30892
7769	30893
24323	31958
29300	29301
29300	29302
29301	29302
30872	31958
30872	31959
30873	30874
30874	31958
30874	31961
30876	30877
30881	31971
30882	30883
30888	30889
30888	31958
31958	31959
31958	31960
31958	31961
31959	31960
31971	37017
