218	491
219	17457
220	17458
221	17461
222	17466
223	17468
224	17471
225	17482
226	17483
227	17484
228	17488
229	17490
230	17491
231	17492
232	17493
233	17497
234	17501
235	17507
236	17513
237	17514
238	17515
239	17517
240	17518
241	17520
242	17525
243	17527
244	17534
245	17535
246	17539
247	17540
248	17542
249	17543
250	17548
251	17550
252	17551
253	17552
254	17555
255	17557
256	17559
257	17561
258	17562
259	17565
260	17566
261	17568
262	17569
263	17574
264	17581
265	17582
266	17583
267	17586
268	17589
269	17590
270	17591
271	17592
272	17593
273	17594
274	17595
275	17596
276	17600
277	17601
278	17602
279	17603
280	17605
281	17608
282	17610
283	17611
284	17613
285	17614
286	17615
287	17616
288	17617
289	17619
290	17621
291	17622
292	17626
293	17627
294	17628
295	17631
296	17633
297	17635
298	17636
299	17637
300	17639
301	17644
302	17645
303	17646
304	17657
305	17675
306	17680
307	17682
308	17684
309	17685
310	17686
311	17687
312	17688
313	17689
314	17691
315	17693
316	17697
317	17698
318	17699
319	17700
320	17701
321	17703
322	17705
323	17708
324	17709
325	17710
326	17711
327	17712
328	17717
329	17718
330	17720
331	17721
332	17725
333	17726
334	17728
335	17730
336	17731
337	17732
338	17733
339	17735
340	17738
341	17739
342	17740
343	17743
344	17751
345	17753
346	17756
347	17758
348	17761
349	17762
350	17763
351	17765
352	17766
353	17767
354	17769
355	17770
356	17771
357	17772
358	17774
359	17775
360	17776
361	17780
362	17781
363	17787
364	17789
365	17790
366	17791
367	17798
368	17801
369	17804
370	17805
371	17813
372	17816
373	17817
374	17818
375	17822
376	17824
377	17825
378	17826
379	17827
380	17829
381	17830
382	17833
383	17835
384	17838
385	17842
386	17844
387	17852
388	17859
389	17861
390	17862
391	17863
392	17864
393	17865
394	17870
395	17873
396	17875
397	17876
398	17879
399	17884
400	17894
401	17895
402	33325
403	33326
404	33327
405	33328
406	33329
407	33330
408	33331
409	33335
