22084	22153
22084	22167
22167	22215
22167	27122
22167	44421
22167	44422
22167	44423
22167	44424
22167	44425
22167	44427
22167	44428
22167	44429
22167	44430
22167	44431
22167	44432
22167	44433
22167	44434
22167	44435
22167	44436
22167	44437
22167	44438
22167	44439
22167	44440
22167	44441
22167	44442
22167	44443
22167	44444
22167	44445
27122	44440
44431	44432
44431	44433
44431	44434
44431	44435
44431	44436
44432	44433
44432	44434
44432	44435
44432	44436
44433	44434
44433	44435
44433	44436
44434	44435
44434	44436
44435	44436
44442	44443
