1197	9838
1197	9839
1197	9840
1197	9845
1197	9850
1197	9851
1197	9852
1197	9853
1197	9854
1197	9857
1197	9859
1197	9860
1197	9862
1197	9863
1197	9865
1197	9871
1197	9873
1197	9874
1197	9878
1197	9880
1197	9881
1197	9882
1197	9883
1197	9884
1197	9888
1197	9890
1197	9895
1197	9897
1197	9898
1197	9901
1197	9902
1197	9904
1197	9905
1197	9906
1197	9907
1197	9910
1197	9911
1197	9920
1197	9923
1197	9925
1197	9931
1197	9932
1197	9934
1197	9938
1197	9941
1197	9943
1197	9944
1197	9947
1197	9948
1197	9951
1197	9955
1197	9960
1197	9962
1197	9981
1197	9985
1197	9987
1197	9990
1197	9994
1197	9996
9845	9854
9854	9862
9854	9981
9862	9987
9910	9911
9948	32738
9948	32739
9948	32740
9955	22294
32738	32739
32738	32740
32739	32740
