226	2109
227	6872
228	7772
229	9383
230	11030
231	19902
232	19911
233	19912
234	19918
235	19919
236	19923
237	19924
238	19925
239	19926
240	19927
241	19929
242	19930
243	19931
244	19936
245	19937
246	19940
247	19941
248	19942
249	19945
250	19946
251	19948
252	19949
253	19951
254	19952
255	19956
256	19957
257	19958
258	19959
259	19960
260	19961
261	19962
262	19963
263	19964
264	19965
265	19970
266	19971
267	19972
268	19973
269	19974
270	19980
271	19982
272	19983
273	19984
274	19985
275	19986
276	19987
277	19988
278	19989
279	19990
280	19993
281	19994
282	19999
283	20000
284	20002
285	23236
286	32725
287	32726
288	32702
289	32703
290	32704
291	32705
292	32706
293	32707
294	32708
295	32709
296	32710
