0	1
0	2
0	3
0	4
0	5
0	6
0	7
0	8
0	9
0	10
0	11
0	12
0	13
0	14
0	15
0	16
0	17
0	18
0	19
0	20
0	21
0	22
0	23
0	24
0	25
0	26
0	27
0	28
0	29
0	30
0	31
0	32
0	33
0	34
0	35
0	36
0	37
0	38
0	39
0	40
0	41
0	42
0	43
0	44
0	45
0	46
0	47
0	48
0	49
0	50
0	51
0	52
0	53
0	54
0	55
0	56
0	57
0	58
0	59
0	60
0	61
0	62
0	63
0	64
0	65
0	66
0	67
0	68
0	69
0	70
0	71
0	72
0	73
0	74
0	75
0	76
0	77
0	78
0	79
0	80
0	81
0	82
0	83
0	84
0	85
0	86
0	87
0	88
0	89
0	90
0	91
0	92
0	93
0	94
0	95
0	96
0	97
0	98
0	99
0	100
0	101
0	102
0	103
0	104
0	105
0	106
0	107
0	108
0	109
0	110
0	111
0	112
0	113
0	114
4	6
4	83
7	52
7	53
7	54
7	55
7	84
7	115
7	116
8	58
8	102
8	117
8	118
8	119
8	120
9	36
9	37
11	121
11	122
11	123
21	54
21	84
21	85
21	92
21	116
21	124
21	125
32	38
32	39
36	37
38	39
43	100
44	45
45	98
52	53
52	54
52	55
53	54
53	55
54	55
54	84
54	92
58	71
58	72
58	117
58	118
58	119
58	120
63	126
63	127
66	67
71	72
84	85
84	92
84	115
84	116
84	124
84	125
87	88
87	89
88	89
107	108
115	116
116	124
116	125
117	118
117	119
117	120
118	119
118	120
119	120
121	122
121	123
122	123
124	125
126	127
