2477	5769
2478	9320
2479	11290
2480	11500
2481	12998
2482	22131
2483	22370
2484	22371
2485	22372
2486	22374
2487	22377
2488	22378
2489	22379
2490	22380
2491	22382
2492	22383
2493	22384
2494	22385
2495	22388
2496	22391
2497	22393
2498	22394
2499	22395
2500	22396
2501	22397
2502	22398
2503	22400
2504	22401
2505	22402
2506	22403
2507	22404
2508	22405
2509	22406
2510	22407
2511	22408
2512	22409
2513	22410
2514	22415
2515	22416
2516	22417
2517	22418
2518	22419
2519	22423
2520	22424
2521	22425
2522	22426
2523	22427
