66	609
67	3816
68	5982
69	14868
70	14869
71	14871
72	14874
73	14875
74	14879
75	14880
76	14887
77	14888
78	14893
79	14894
80	14895
81	14896
82	14902
83	14906
84	14907
85	14908
86	14912
87	14913
88	14914
89	14916
90	14918
91	14920
92	14925
93	14927
94	14928
95	14931
96	14934
97	14935
98	14936
99	14940
100	14941
101	14943
102	14944
103	14945
104	14949
105	14950
106	14951
107	14952
108	14957
109	14959
110	14961
111	14962
112	14963
113	14966
114	14975
115	14978
116	14985
117	14989
118	14990
119	14991
120	14992
121	14993
122	14994
123	14996
124	15002
125	15003
126	15004
127	15010
128	15011
129	15013
130	15015
131	15016
132	15021
133	15022
134	15024
135	15025
136	15026
137	15027
138	15028
139	15029
140	15033
141	15034
142	15036
143	15038
144	15044
145	15046
146	15047
147	15048
148	15049
149	15050
150	15055
151	15056
152	15066
153	15068
154	15069
155	15070
156	15071
157	15075
158	15078
159	15080
160	15082
161	15084
162	15089
163	15092
164	15093
165	15098
166	15099
167	15102
168	15103
169	15107
170	15109
171	15111
172	15112
173	15113
174	15114
175	15121
176	15123
177	15124
178	15125
179	15126
180	15128
181	32743
182	32744
183	32796
184	32797
185	32798
186	32799
187	32782
188	32783
189	32784
190	32792
191	32793
192	31384
193	31385
