2977	22361
2977	22362
2977	22365
2977	22368
2977	22371
2977	22372
2977	22374
2977	22376
2977	22381
2977	22382
2977	22383
2977	22384
2977	22385
2977	22386
2977	22387
2977	22389
2977	22390
2977	22391
2977	22392
2977	22396
2977	22398
2977	22400
2977	22402
2977	22403
2977	22405
2977	22406
2977	22408
2977	22413
2977	22414
2977	22420
2977	22421
2977	22422
2977	22424
2977	22426
22381	22382
22381	22383
22381	22384
22381	35279
22382	22383
22382	22384
22382	35279
22382	35280
22382	35281
22383	22384
22383	35279
22389	34601
22413	22414
35280	35281
