2427	10304
2427	10310
2427	10407
2427	10408
2427	10450
2427	10889
2427	10900
2427	10901
2427	10902
2427	10907
2427	10908
2427	10909
2427	10910
2427	10916
2427	10917
2427	10921
2427	10923
2427	10925
2427	10927
2427	10928
2427	10930
2427	10931
2427	10932
2427	10933
2427	10934
2427	10938
2427	10939
2427	10943
2427	10947
2427	10948
2427	10951
2427	10954
2427	10956
2427	10957
2427	10960
2427	10964
2427	10965
2427	10967
2427	10968
2427	10969
2427	10970
2427	10974
2427	10975
2427	10976
2427	10979
2427	10980
2427	10982
2427	10985
2427	10987
2427	10988
2427	10989
2427	10990
2427	10994
2427	10995
10407	10408
10408	10900
10408	10901
10408	10975
10408	10976
10900	10901
10927	10928
10927	10939
10927	10985
10928	10939
10933	10934
10968	10969
10968	10970
10969	10970
10975	10976
