28
8
46
42
22
0
10
12
44
160
14
7534
2
24
188
4
8
6
6
14
14
6
24
16
14
6
88
4
10
104
24
92
76
4
6
4
6
20
88
2
4
30
6
4
24
8
2
4
32
8
4
6
48
0
26
110
4
8
36
2
2
14
6
2
22
0
20
0
70
14
216
38
28
30
0
34
12
6
6
0
28
16
42
2
16
8
2
4
14
2
0
0
32
2
2
12
0
10
12
0
16
0
2
20
96
50
4
8
14
42
28
18
20
8
0
2
12
26
2
6
2
26
32
24
20
30
14
18
0
18
20
14
18
2
44
34
10
4
2
28
24
60
0
106
10
0
4
2
6
4
18
0
2
12
158
0
4
0
6
0
2
40
6
6
0
14
14
4
44
8
0
54
6
64
22
38
8
12
6
2
42
10
10
2
2
6
6
10
8
10
48
52
2
6
32
20
18
2
6
14
4
30
8
0
16
22
14
12
74
2
24
10
2
56
2
50
18
124
6
0
2
2
2
4
4
70
36
6
2
0
4
10
78
18
12
4
6
4
4
2
4
16
2
8
22
2
8
6
16
2
0
28
12
24
30
62
6
22
2
2
6
12
2
18
0
6
44
30
0
14
2
44
18
30
0
2
56
2
8
20
22
2
0
0
70
0
40
6
10
2
34
34
2
24
2
92
58
10
10
12
52
16
12
10
40
10
24
14
46
16
16
14
4
2
6
34
14
14
8
2
38
4
10
12
12
6
8
24
8
2
22
26
2
12
10
6
14
8
12
20
8
4
0
2
0
2
0
34
8
10
2
2
0
4
18
24
2
18
2
30
4
6
0
6
28
2
6
2
2
40
20
2
10
2
2
12
14
22
14
2
6
8
2
8
20
8
2
2
12
0
28
2
10
4
2
30
12
2
12
8
26
2
22
4
0
4
2
0
4
0
38
0
28
12
18
8
14
0
2
4
16
4
18
8
0
18
24
30
2
2
18
6
14
8
6
16
8
22
0
0
0
12
2
12
0
2
94
2
8
0
4
8
0
26
8
18
26
86
12
32
2
2
22
0
6
40
8
18
0
54
2
2
4
6
12
2
6
24
2
38
6
0
2
4
2
64
14
8
6
12
78
0
24
2
18
2
2
42
12
14
18
54
8
2
8
16
62
2
2
8
22
8
18
34
0
8
10
4
2
42
0
2
2
8
8
2
2
18
0
16
8
20
2
8
20
12
2
2
4
0
8
2
22
10
8
2
22
2
12
6
18
40
34
36
16
18
14
6
26
52
4
12
0
28
26
4
8
2
12
112
2
8
10
4
2
2
2
32
2
6
2
54
4
12
4
6
2
38
32
8
0
2
0
2
16
22
4
14
16
18
20
18
6
2
10
14
12
2
0
18
8
0
16
10
8
4
60
6
0
6
10
14
6
16
4
2
28
8
44
12
6
2
4
2
12
6
8
2
28
2
14
18
8
2
0
26
2
2
8
6
2
2
0
6
2
12
10
6
2
10
2
0
94
2
2
4
2
0
8
0
2
0
0
22
0
2
0
4
4
2
2
16
2
4
8
2
48
2
6
0
4
8
2
10
26
2
2
2
10
2
26
30
4
6
4
4
14
8
2
12
20
2
12
0
14
6
2
4
4
12
6
2
2
2
16
2
30
6
26
18
8
52
12
2
10
0
18
12
30
12
0
30
10
10
18
2
6
28
2
0
16
0
6
2
24
8
2
0
2
0
0
2
20
6
32
34
2
4
34
10
4
32
0
2
12
0
4
2
4
6
12
8
6
26
22
8
0
12
18
4
2
2
8
12
20
6
16
6
4
24
14
6
10
4
10
22
0
6
20
2
0
0
6
2
2
82
16
4
62
8
6
0
0
6
16
10
8
2
14
20
14
4
12
0
12
54
2
18
14
0
4
2
2
12
20
0
4
0
4
2
4
6
32
20
8
16
0
2
2
6
4
2
52
34
2
2
2
0
0
34
6
18
4
2
0
42
26
12
0
16
2
2
8
6
8
2
2
2
4
0
2
6
0
2
6
4
2
2
20
16
2
8
22
0
0
0
8
2
6
12
2
4
12
0
14
0
0
2
8
0
56
10
6
10
8
12
6
4
0
10
10
2
12
0
12
2
22
2
8
4
6
4
4
20
10
0
0
12
20
24
50
2
14
2
34
2
34
0
20
18
2
8
20
2
2
14
14
6
2
2
14
34
10
0
24
2
20
18
4
6
2
6
50
4
46
38
8
6
14
2
30
2
2
2
6
2
42
0
4
2
16
4
0
24
2
54
4
2
0
0
0
0
6
2
0
0
12
28
34
6
12
0
16
2
12
22
12
2
2
2
24
10
2
18
32
2
18
2
4
8
8
2
0
0
4
2
0
4
0
2
12
20
2
6
2
6
0
6
2
8
44
2
2
0
12
14
20
12
12
36
0
2
0
10
12
6
6
14
22
0
2
14
4
0
8
0
6
10
10
6
0
2
2
38
6
8
2
0
0
6
0
0
2
2
10
2
6
2
0
4
0
16
2
4
8
0
14
24
0
8
34
14
20
2
0
34
0
6
2
6
12
4
12
42
2
6
6
18
6
6
2
14
22
2
42
0
2
8
8
2
34
20
4
2
8
4
4
2
2
4
32
2
8
10
14
4
2
6
0
0
20
6
44
4
14
2
30
6
6
32
6
12
12
20
0
0
2
2
10
2
32
2
14
14
32
16
2
0
4
34
60
6
2
42
2
2
2
0
0
22
24
2
2
10
2
6
14
0
12
8
6
18
8
0
22
6
12
0
2
4
2
2
0
2
14
0
10
6
6
10
2
12
10
6
0
2
2
2
6
2
4
16
2
6
2
2
2
22
2
2
2
2
10
32
2
28
14
2
4
0
6
2
2
12
0
8
6
2
2
6
12
2
0
0
22
4
8
6
0
0
4
2
12
0
8
0
48
4
0
16
2
0
10
0
0
2
24
4
8
2
6
12
0
0
6
6
0
16
6
18
0
6
10
2
2
0
6
2
6
2
10
2
4
2
10
2
2
2
8
0
64
0
0
4
0
4
6
2
26
12
0
22
24
6
2
2
12
0
2
0
2
0
0
0
0
0
0
0
12
0
4
2
10
4
2
0
2
2
2
2
6
38
12
2
12
4
48
2
2
2
28
12
2
2
2
0
8
8
40
22
2
0
12
18
2
4
2
4
0
18
12
2
4
6
4
10
0
0
2
2
0
18
10
6
0
0
18
0
4
2
0
2
56
8
6
0
28
14
14
4
2
0
2
0
0
2
0
2
2
0
4
2
0
2
2
2
4
2
20
4
2
2
6
18
6
0
2
2
2
0
6
6
6
4
8
16
0
6
0
2
2
6
4
6
34
2
6
0
0
4
2
2
2
4
0
0
18
30
2
18
38
2
2
22
14
10
0
0
2
2
2
2
2
0
0
0
2
0
20
2
2
2
6
2
24
2
4
2
0
2
6
2
4
0
36
0
2
0
6
2
0
0
22
8
18
30
2
6
0
2
2
0
2
4
12
8
2
6
22
0
12
2
0
2
2
2
40
8
2
2
6
0
2
14
6
28
2
0
0
32
2
8
2
2
16
20
4
2
12
2
6
4
2
0
2
6
2
0
2
0
4
2
30
2
0
2
2
0
0
12
14
16
14
12
4
0
4
22
0
28
0
2
2
6
2
4
2
26
6
2
0
6
2
0
2
0
2
20
12
4
0
4
2
0
6
0
12
0
2
6
34
12
16
20
8
12
4
0
12
2
14
0
0
0
2
2
0
2
4
8
2
6
2
12
0
2
2
28
26
0
2
0
0
0
2
20
30
12
0
0
2
26
6
2
6
0
0
2
2
12
0
14
2
56
20
4
14
0
18
2
6
2
12
6
2
0
6
0
2
6
6
18
12
6
30
12
2
6
6
14
0
32
2
2
6
0
2
0
16
6
8
2
2
2
0
14
6
2
50
16
2
0
2
12
0
2
18
2
6
2
4
18
12
6
2
2
6
6
22
0
0
0
0
0
12
38
0
20
6
2
0
2
0
4
2
2
0
10
2
4
2
0
0
20
0
6
10
22
4
0
0
18
2
2
0
0
6
18
2
12
6
6
4
2
12
2
2
2
0
2
2
12
42
22
0
0
2
2
30
6
20
24
6
2
2
0
2
2
2
12
2
2
12
42
0
12
20
24
12
12
6
14
12
2
0
12
0
0
0
0
0
0
0
0
0
0
0
0
0
0
0
0
0
0
0
0
0
0
0
0
0
0
0
0
0
0
0
0
0
0
0
0
0
0
0
0
0
0
0
0
0
0
0
0
0
0
0
0
0
0
0
0
0
0
0
0
0
0
0
0
0
0
0
0
0
0
0
0
0
0
0
0
0
0
0
0
0
0
0
0
0
0
0
0
0
0
0
0
0
0
0
0
0
0
0
0
0
0
0
0
0
0
0
0
0
0
0
0
0
0
0
0
0
0
0
0
0
0
0
0
0
0
0
0
0
0
0
0
0
0
0
0
0
0
0
0
0
0
0
0
0
0
0
0
0
0
0
0
0
0
0
0
0
0
0
0
0
0
0
0
0
0
0
0
0
0
0
0
0
0
0
0
0
0
0
0
0
0
0
0
0
0
0
0
0
0
0
0
0
0
0
0
0
0
0
0
0
0
0
0
0
0
0
0
0
0
0
0
0
0
0
0
0
0
0
0
0
0
0
0
0
0
0
0
0
0
0
0
0
0
0
0
0
0
0
0
0
0
0
0
0
0
0
0
0
0
0
0
0
0
0
0
0
0
0
0
0
0
0
0
0
0
0
0
0
0
0
0
0
0
0
0
0
0
0
0
0
0
0
0
0
0
0
0
0
0
0
0
0
0
0
0
0
0
0
0
0
0
0
0
0
0
0
0
0
0
0
0
0
0
0
0
0
0
0
0
0
0
0
0
0
0
0
0
0
0
0
0
0
0
0
0
0
0
0
0
0
0
0
0
0
0
0
0
0
0
0
0
0
0
0
0
0
0
0
0
0
0
0
0
0
0
0
0
0
0
0
0
0
0
0
0
0
0
0
0
0
0
0
0
0
0
0
0
0
0
0
0
0
0
0
0
0
0
0
0
0
0
0
0
0
0
0
0
0
0
0
0
0
0
0
0
0
0
0
0
0
0
0
0
0
0
0
0
0
0
0
0
0
0
0
0
0
0
0
0
0
0
0
0
0
0
0
0
0
0
0
0
0
0
0
0
0
0
0
0
0
0
0
0
0
0
0
0
0
0
0
0
0
0
0
0
0
0
0
0
0
0
0
0
0
0
0
0
0
0
0
0
0
0
0
0
0
0
0
0
0
0
0
0
0
0
0
0
0
0
0
0
0
0
0
0
0
0
0
0
0
0
0
0
0
0
0
0
0
0
0
0
0
0
0
0
0
0
0
0
0
0
0
0
0
0
0
0
0
0
0
0
0
0
0
0
0
0
0
0
0
0
0
0
0
0
0
0
0
0
0
0
0
0
0
0
0
0
0
0
0
0
0
0
0
0
0
0
0
0
0
0
0
0
0
0
0
0
0
0
0
0
0
0
0
0
0
0
0
0
0
0
0
0
0
0
0
0
0
0
0
0
0
0
0
0
0
0
0
0
0
0
0
0
0
0
0
0
0
0
0
0
0
0
0
0
0
0
0
0
0
0
0
0
0
0
0
0
0
0
0
0
0
0
0
0
0
0
0
0
0
0
0
0
0
0
0
0
0
0
0
0
0
0
0
0
