5704	6670
4882	4889
4882	5903
4882	4888
4884	5238
4884	5831
4885	6677
4885	4887
4886	6677
4886	4887
4881	7051
4890	5634
4890	5120
4890	6759
4891	4947
4891	6791
4891	6793
4891	6794
4891	4892
4891	5741
5634	6795
5634	6948
5634	7005
4893	5294
4893	5488
4893	4984
5294	5975
4895	5470
4895	6408
4896	5448
4896	5077
4890	5741
6737	6806
6737	6911
6737	6912
4892	4903
4892	5701
4892	5120
5925	6040
4892	7091
6738	6748
6738	6784
6738	6948
5669	6946
5669	5788
5403	6813
5403	6871
5355	5704
5355	5356
5355	5357
4898	6741
4898	6945
4898	5352
4892	6739
6739	6891
4899	6769
4899	6784
4899	6914
4899	5657
4899	5445
4899	5283
4899	5662
5252	6757
5252	5672
5252	6894
4900	5252
4900	6895
4906	5669
4906	5107
4906	4922
4906	6824
5118	5845
5118	6479
5118	6792
5118	6234
5118	5603
5221	6771
5769	5990
5769	6219
5769	5822
5769	6941
5261	5988
5261	5313
5261	5262
4907	6343
6740	6825
6740	6965
4892	6811
4892	4957
4909	6750
4909	4919
4909	7083
4909	7160
4909	6002
5504	6805
5504	6655
5504	6996
5424	5425
5109	5520
5109	6821
5109	5110
5109	6825
5109	5111
4892	5258
4911	5360
4911	6145
4890	5253
4890	6984
4892	5769
4892	5538
4892	5260
4892	6741
5260	6741
5260	5566
5260	6354
6741	6941
6741	6945
4892	6335
4912	6812
4914	6993
4914	6010
4915	5848
4892	6310
4892	6800
6586	6813
6586	6605
4892	6743
4892	6132
6742	6949
4978	4979
4978	6482
4916	5845
4916	6825
5448	5769
5448	5990
5448	5822
5448	6941
4917	6937
4917	6938
4917	6939
4910	5231
4910	6890
4910	6988
5121	5673
5121	5850
6743	6754
6744	6751
4892	6746
4892	4923
4892	6752
4892	6753
4892	5779
4892	6785
4892	7110
6745	6861
6745	6875
4931	5701
4931	4979
4931	5051
4931	7103
5337	6984
5337	5562
6746	6897
6746	6903
4892	6968
4892	7098
4892	6744
4892	7077
4892	7101
4923	6779
4923	6004
4892	4931
4892	5558
4892	4945
5082	5337
5082	6773
5082	5282
5082	6934
5082	5404
6747	6903
6747	7039
4902	6777
4902	5551
4902	4936
4902	5557
4902	5748
4902	5423
6748	6784
6748	7084
4892	6748
4892	5578
4892	5251
4892	5566
4892	5679
4892	7107
4892	7108
4892	7225
4919	4923
4919	6162
4919	6172
4919	7001
4919	5765
4919	6131
4921	7071
4921	6160
4920	4939
4920	5554
4920	4945
4920	7055
4920	7149
4920	6382
4920	5996
5148	6929
5148	5823
5148	5989
6749	6754
6749	6882
4901	6750
4901	5151
4901	4998
4901	6536
4901	5384
4892	5232
4925	6391
4925	6989
4925	7085
4925	7101
4925	7175
5678	6959
5678	7077
5678	7101
4926	5678
4926	6944
4926	5528
4926	5689
6751	6834
6751	6835
6751	7101
4927	6759
4927	6235
4927	6903
4927	7039
4892	5523
4928	5192
4928	6898
4892	7191
4892	6959
4892	4939
4929	6884
4892	5685
4892	5722
4892	6816
4892	7149
6347	6761
6347	7060
5500	6347
5500	6761
5500	5698
4932	6347
4932	5500
6752	6753
6752	6990
6752	7151
6753	6990
6753	7151
4892	7055
4892	7127
4933	5458
6754	6798
6754	6969
4892	6754
4934	7005
4934	5788
4935	5848
4936	6967
4936	5693
5921	6747
5921	6785
4892	5309
4937	6235
4937	5657
4937	5664
4892	5921
4892	5151
4892	5001
4892	6778
6755	7009
6755	7088
6755	7205
6755	7206
6755	7207
6755	7218
6755	7220
6755	7254
5369	6790
5369	5713
5369	5462
5369	5972
5515	5952
5515	7016
5515	5650
5515	7130
5515	7245
5515	7248
5515	6638
5515	6244
6756	7104
6756	7312
4940	6748
4940	5351
4940	5877
4940	6199
5001	5153
5001	5684
5001	5019
5001	5782
5001	7339
5001	6491
5153	6764
5153	6865
5153	5243
5153	5523
4892	5219
4892	7151
4913	7091
4913	6028
4913	6391
4913	5506
4913	6997
4913	7021
5684	5782
5684	5812
4941	6987
4941	5012
5491	6479
5491	6478
4942	6711
4942	7178
4943	5491
4943	6004
4943	6744
4943	6751
6757	6758
4892	6759
4890	6028
4890	6991
4884	4897
4897	5921
4897	6759
4897	4948
4897	5546
4897	5077
4946	5394
4946	6991
4903	4967
4903	6933
4903	6966
4903	5405
4892	5426
4947	5845
4947	5741
4947	6988
4947	7171
5990	6219
5990	6048
5990	7110
5990	5991
4907	5849
4907	5426
5849	5925
5849	6037
5849	5926
5849	5854
5849	6040
5845	6234
5845	6966
4892	4897
4948	6759
4949	6455
4949	7051
6455	6759
6455	6785
6455	6965
6455	6996
4916	6892
6133	6778
6133	6323
6133	7323
5510	6364
5510	6365
4950	5925
4950	5261
4950	5347
6307	6777
4894	5911
4951	6872
4951	6889
4951	6876
4951	6565
4953	6889
4953	7363
4954	6760
4951	6546
5158	5323
5158	5210
5158	6845
5158	6436
4955	5158
4955	6845
4955	6546
6165	6173
6165	6167
6165	6182
4956	5497
4956	5783
4956	6180
5287	5515
5287	6758
5287	6631
5287	5952
5287	6249
5287	7089
5287	6252
5287	5650
5287	7245
5287	6231
6171	6181
6171	6174
6195	6455
6195	6885
6195	6997
4960	5101
4960	6805
4960	7063
4990	5028
4990	5346
4990	6382
5781	6762
5781	5960
6129	6455
6129	6785
6129	6900
6129	7227
5250	6740
5250	6129
5250	5605
5250	7107
6761	6865
6761	6900
4892	5424
4892	6801
4892	6662
4892	6774
4892	6987
4892	5456
4962	6479
4962	5255
4962	6934
4962	6464
6479	6792
5497	5783
5497	6131
5336	5874
5336	6835
5336	5490
5336	5485
5361	6912
5361	6939
5361	6137
5361	7166
5361	5468
5361	5944
5361	5966
4892	5823
4892	6997
4892	7003
4892	4909
4892	6631
4892	6885
4892	5470
4892	5660
4892	6139
4892	6795
4892	5272
4892	5457
4908	5921
4908	4937
4908	5143
4908	5104
4908	6908
4908	5664
4908	5559
4908	7059
4908	6131
4892	7061
4892	5361
4892	5477
4892	6046
5633	6762
5633	6891
5633	5915
5701	6479
5465	6738
5465	5781
5465	6762
5465	5633
5465	7227
5465	6327
4892	4990
4892	5141
4892	6841
4964	5250
4964	5679
4892	6891
4892	5465
6763	6918
4892	5153
4892	6764
4892	5027
6764	6814
6764	6879
5286	6343
5286	5535
5286	6913
5286	6922
5286	6927
5286	5325
5286	5937
4892	7057
6765	6839
4966	6765
4892	5633
4892	6455
4892	6135
4892	4992
6766	6977
6766	7061
6766	7160
6766	7184
4895	6347
4895	5095
6767	6787
4892	6347
4892	6196
5258	5444
5258	7017
5258	5931
4967	6479
4967	6934
4967	6966
6768	6821
6768	6892
6768	6894
6769	6914
6769	7060
4966	6138
4968	5725
4968	7096
4968	5020
4968	5804
4968	5112
4892	6219
4969	5861
4969	5264
4970	5102
4970	6899
6627	6770
4895	6627
4895	5264
4895	5221
4895	6070
4895	5060
4892	6627
4892	6041
4892	6038
6041	6627
6041	6042
6041	6054
4892	5221
4892	5060
4892	5694
5011	6383
5011	6908
4971	5323
4971	6068
4971	6883
5861	6771
5861	6883
5861	6067
5861	6122
4892	6162
6770	6771
6770	6853
6770	6854
4972	5066
4972	6798
4973	6068
6068	6883
5694	5861
5694	6068
5694	6883
5694	7014
5694	6078
4892	5264
4974	6627
4974	6770
4974	6771
4974	5264
4892	5861
4892	5011
4975	4978
4975	6482
4892	4978
4976	4978
4976	5736
4977	4978
4977	6482
4892	6806
4892	6914
4979	5634
4979	5672
4979	7059
6482	6598
6482	7367
6772	6936
6772	7150
6772	7152
5520	6788
5520	6919
4892	5732
4892	6000
4980	6827
4980	5426
4981	6363
4892	5534
4982	5261
4982	6829
4982	5313
4982	5282
4982	5506
4982	6919
4982	5968
4892	5678
4892	5025
5546	6826
5546	5888
5546	6246
5151	6750
6665	6740
6665	7071
6665	7121
6665	7122
6665	7184
6773	6954
6773	7011
4892	6703
4892	5337
6235	7039
4913	6951
5480	6755
5480	6449
5480	7009
5480	5621
5480	7205
5480	7206
5480	7207
5480	7219
5480	7220
4892	6536
4892	6827
4892	5906
4892	7177
4986	6141
6775	6776
4987	6775
4987	6776
6776	7047
4892	7093
4892	7116
5732	7086
5732	5913
4892	7068
6406	6811
6406	6913
6406	7013
6406	7135
6013	6929
6013	6973
6777	6900
6777	6904
5000	5684
5000	6788
5000	6662
5000	6831
5000	5113
4992	5126
4994	7060
4994	7098
4995	5990
4995	5910
4995	5822
4892	6015
4996	6750
4996	5106
4996	5630
4996	6261
4996	7117
4996	5882
5834	6800
5834	6923
5834	6924
5834	7084
4998	6750
4892	6842
4892	5664
4892	6923
4892	6924
4892	6971
4892	5267
5577	5685
5577	6970
6780	7377
6780	7382
6780	7383
6780	7384
6780	7385
6780	7389
6781	7036
4942	6492
5446	6782
5446	6836
5446	5855
5446	5878
5446	5885
5446	6361
6782	7300
5627	6946
5004	6774
5005	7226
5005	5842
4907	5151
4892	6738
4892	6769
4892	6784
6784	7084
6784	7177
4991	6175
4991	7067
4919	7134
5006	5391
5588	7012
5588	6370
4892	4906
4892	5711
5009	6406
5009	6811
4963	5780
4963	6600
6786	7033
5488	6799
5488	6984
5488	5664
6536	6816
4892	5782
4892	7171
4892	6796
4892	6805
5910	5990
5910	6047
5910	6048
5910	7110
4947	6430
5014	6813
5014	5347
5014	6574
4892	7072
4892	6129
4892	5062
5050	6811
5050	5722
5050	6832
5050	5926
5050	6692
5050	5871
5050	5891
5015	7049
5016	6968
5017	5351
5017	6349
5017	7132
5017	6381
5017	6155
5994	6749
5994	7111
5994	7123
5994	6368
5019	6199
5027	6347
5027	5500
5027	6761
5027	5575
5027	5850
5027	5283
5027	6489
4892	5735
4892	6990
4892	5658
5021	6438
5494	5519
5494	5495
5494	6641
4890	6896
4890	5294
4890	5975
5022	5494
5022	5519
5022	5495
5023	6473
5023	6991
4883	6462
4883	5036
4883	5124
4883	6933
4883	6463
4883	5467
4883	5472
4883	7017
4999	5520
4999	5024
4999	5066
4999	6788
6254	6264
5026	6902
5026	5079
5066	6831
5066	5242
5066	6902
5066	5284
4892	5627
4892	6254
4892	5121
4892	6821
4892	5303
4892	5850
4979	6759
4979	5701
4892	6767
4892	6787
6787	6935
5024	6360
5024	5747
4892	6782
6788	6909
4892	5066
4892	6758
4892	6788
4892	6909
4892	5812
4892	5657
6789	6987
6789	7038
5033	6790
5033	5343
5033	6999
5033	5909
5033	7161
5253	5295
5253	5254
5029	5033
5029	6790
6790	7161
6255	7064
6255	7065
4892	6255
4892	5739
5120	6783
5120	6793
4892	6793
5030	5286
5030	6805
4907	5986
6462	6933
6462	6463
6462	6468
4890	6820
5331	5986
5331	7128
5031	6915
5031	5492
5031	5549
5031	5906
5031	5904
5031	6533
5032	6791
5032	6792
5032	6793
6791	6792
6791	6793
6791	6794
6792	6793
6793	6794
5034	5833
5034	5255
5034	7165
5035	6255
5035	6828
6028	6805
6028	6912
5986	6928
5986	6113
5036	6462
5322	7316
5322	6429
4890	5322
5392	6758
5392	6823
5392	6896
5392	6911
5392	6912
5392	5731
4890	5369
5037	6775
4890	6794
4892	7039
5038	5369
5038	6790
5040	5925
5040	6937
5040	6938
5041	6042
5041	5662
6391	6740
6391	6665
6391	6940
6391	6965
4925	6776
4925	5779
5295	6028
5295	6805
5295	6933
5295	7170
4892	6692
5043	6028
5043	5295
5044	5265
5044	5729
5044	6030
5044	6112
5119	6783
5119	5120
5119	6791
5119	6792
5119	6794
5119	6829
5119	5279
5339	6766
5339	7061
5339	7160
5339	6004
5339	7184
6795	6881
6795	6902
6795	7068
5045	5634
5045	6795
6234	6479
6234	6933
6234	6966
5578	6824
4892	6133
4892	5859
5046	6940
5101	5504
5101	5103
5101	5132
5101	7063
5101	7097
5048	5578
5048	6824
4904	6808
4904	5302
4904	5473
4904	5431
6796	7069
6797	6872
5028	6919
5051	5294
5053	5634
5054	6992
5054	5071
5056	5272
5056	6799
5004	7059
5056	6798
5057	5605
5057	7049
4998	6799
4998	6984
6798	7014
5058	5272
5272	6739
5272	5277
5059	5763
5055	6799
5055	7038
5004	6907
6799	6984
6799	7038
5267	6950
5267	7015
5267	5892
6310	6800
6310	6924
6310	7078
6310	7079
6310	6684
6310	6374
6310	6373
6310	6681
6800	7279
6800	7280
5061	5336
5435	5990
5435	5473
6801	6933
6801	6934
6801	6996
6801	7128
5063	6802
5063	5512
5063	5067
6802	6803
6802	6804
6802	6807
5512	6802
5512	6804
5512	6807
5063	5073
5063	6804
5063	6807
5064	6802
5064	5512
5064	5073
5073	6802
5073	5512
5073	6803
5067	5069
5067	5070
6803	6804
6803	6807
6804	6807
6806	6911
5065	6802
5065	5512
5065	6803
5065	6804
5065	6807
4892	6766
4892	6042
4892	6977
6218	6919
6218	7063
6218	7089
4892	4908
4892	6218
4892	6946
5069	6802
5069	5512
5069	6804
5069	6807
4892	6812
4892	6916
4892	6919
5070	5073
5070	6803
5070	6807
4892	5577
5072	6808
6808	6941
6808	6985
5074	5547
5074	7138
5075	6783
5075	5297
5075	5712
5075	6211
4892	6232
4892	5013
4905	6275
4905	7093
4905	7116
4892	6791
4892	6792
6343	6812
6343	6922
4907	6905
4907	5666
4892	6810
4892	7334
4892	6468
5076	6479
5076	5986
5076	6809
5076	6504
5076	5080
5076	6113
6473	6655
6473	7168
6473	7169
6473	7170
5078	6809
5078	6504
5078	7167
5078	7170
5078	5936
5078	6476
5078	6480
6809	6936
6809	7167
6504	6809
6504	7167
5255	5257
5255	5727
5255	7128
5255	7165
5255	6464
5934	6763
5934	6462
5934	6809
5934	6504
5934	5935
4892	6820
4892	6918
6810	7334
4957	6786
4957	5753
4957	5762
4957	5758
4892	7126
4892	7135
5722	5912
5081	5993
5081	6177
4892	5435
4892	6317
4892	5118
5084	5701
5084	5482
5085	5483
5085	6634
4892	6141
6812	6922
4984	5337
4984	5488
4984	5331
4984	5330
4892	5741
5087	5685
5087	5574
6056	7203
6056	7364
6056	6597
5160	6406
5160	6813
5160	5422
5160	6858
5210	5947
5210	6548
5210	6870
5210	5414
4892	5947
5777	6819
5777	5901
5777	5867
5777	6026
4892	5497
5088	5422
5088	6127
5095	5403
5095	5100
5095	6838
5095	6604
5095	5417
5095	6313
5090	5095
5090	6070
5090	5269
5090	5738
4892	6586
4892	5332
4892	6813
5061	5210
5092	5160
5092	5422
5089	5248
5089	6866
5089	5098
5089	6564
6814	6861
4892	6814
4892	6861
5093	5403
5093	6871
5248	6859
5248	6864
5248	6866
5248	6562
5248	6563
5248	6564
5220	6957
5220	5932
5094	5220
5094	7333
4892	5588
4892	6319
4892	6838
5422	6127
6816	7197
5591	6833
5591	6953
5209	5215
5209	6885
4892	5591
4892	6833
4892	6953
4892	5429
4892	5452
4892	5745
5098	6817
6817	7201
5097	5141
5097	5313
5584	7010
5222	7191
5222	6029
5099	6056
5099	5142
5100	5799
5141	5323
5141	6815
5239	6745
5239	6383
5239	6882
5239	7204
5239	6085
5239	7362
4892	5222
4951	6764
4951	6814
4892	6818
4892	7070
4892	7087
6818	6820
6818	6903
6818	7070
4895	6819
6819	6926
6819	6942
4892	5695
6820	6922
6820	6996
5103	7097
6821	6894
5143	6823
5143	6900
5143	5274
5143	7090
5104	5143
5104	6899
5104	6969
4892	6013
4892	5718
6822	6884
6822	6892
6822	7236
4892	5274
5105	6999
5105	6444
5106	6343
5106	5559
4892	5715
6823	6912
6823	7069
6823	7070
6823	7087
5457	6774
5457	5541
5457	5544
5457	6207
4892	5662
4892	6972
4892	5710
4892	5012
5107	5669
4922	7165
4922	7166
6824	7165
6824	7166
5108	5109
5108	5520
5110	6825
5111	5121
5111	6821
5111	5673
5303	5446
5303	6836
5303	5838
5303	5885
4892	6897
5805	7096
5115	7096
4892	5547
5741	6988
5741	7171
6826	7091
4892	7136
5116	5668
4890	5392
4892	4958
4892	6826
5058	6995
5058	7040
5126	5939
5126	5841
5126	5767
5126	5288
5126	5551
5126	5525
5126	7276
4892	5126
4892	5551
4892	5128
5922	6773
6828	7064
6828	7065
4892	5289
4892	5507
5124	6773
5124	6462
5124	5134
5124	6905
5124	6933
5124	6463
5124	5467
5124	5559
5123	6255
5123	5319
4892	5545
4892	6389
5545	6773
5545	6200
5545	7018
4892	7007
5035	5541
5035	7289
5128	6254
5128	5272
5128	5277
5128	5656
6829	7069
5127	5261
5127	7030
5127	5756
4892	4920
4892	6382
5130	6255
5130	7064
5130	7065
5131	5922
5131	5535
5535	6343
5535	6812
5535	5922
5535	6922
5535	5553
5547	6919
5547	6949
5547	7138
5715	5716
5102	6831
5102	6899
5102	5280
5102	5242
5102	7115
6631	6758
6631	6822
6631	6662
4892	7086
5695	5719
5695	5823
5695	7062
5695	6007
5132	5392
5132	6896
5133	6013
5133	6973
4919	6800
4919	7279
5134	5526
4892	6269
4892	6929
5135	5141
5135	6720
5137	5403
5137	5347
5137	5195
5137	5420
5137	5837
5138	6830
5138	6186
4892	5403
4892	6831
6831	6841
6831	6899
6831	6907
5140	5695
5140	5719
4892	5091
6832	7086
6832	7268
5098	5141
5719	5823
5719	7003
5719	7062
4892	5526
6833	6953
5024	6833
5144	7342
6834	6835
6834	7022
6834	7026
6834	7027
6835	7022
5145	6834
5145	6835
4892	5148
4892	7071
4892	6202
5147	5323
5147	5398
4892	6836
5332	6586
5332	5491
5332	6813
6837	6856
6837	6875
6837	6882
6837	7366
6838	7057
4892	5095
4892	7028
5146	5323
5146	5158
4892	6956
5939	6822
5939	7236
5939	7276
4892	5209
5219	7055
5162	6586
5162	6749
5162	5994
5162	5283
5162	6368
5149	6586
5149	5162
4952	7203
4952	7204
4952	6085
4952	7362
5150	5584
5152	6974
5152	7295
4892	6383
4892	6604
6840	6871
6840	7021
4892	6574
4892	5528
6841	6908
4892	5323
4892	5418
4892	5353
5340	7209
5340	7321
5340	7322
5340	7324
5841	6765
5841	5939
5841	7276
5155	5323
5155	5158
6842	6852
6842	6884
6842	7302
4936	6586
4936	6838
4936	6574
4939	6391
4939	5995
4939	5714
4939	7149
4939	5996
5159	5505
4892	6068
6589	6873
6589	6590
5161	5194
5161	6879
4892	6740
4892	7067
5347	5410
5347	5597
5347	5757
4892	5347
5132	6837
5132	6882
5132	6135
6093	6874
6093	6542
5163	6093
5163	6874
5163	7356
5164	5694
5164	6883
5170	6843
5170	6844
5170	6846
5170	6850
5170	5173
5170	6855
5170	6860
5170	5203
5170	5233
5170	6555
6843	6844
6843	6846
6843	6850
6843	6855
6843	6860
6844	6846
6844	6848
6844	6849
6844	6850
6844	6851
6844	6855
6844	6863
6844	6867
6844	6878
5165	5191
5191	6402
5191	6388
5166	6580
5166	5246
5208	6436
5208	6876
5208	6915
5208	6569
5208	6570
6554	6844
6554	6848
6554	6849
6554	6850
6554	6851
6554	6867
6554	6878
6846	6850
6846	6855
5167	6847
5167	6567
5168	6749
5168	6882
6383	6882
6847	6880
6553	6844
6553	6554
6553	6848
6553	6849
6553	6850
6553	6851
6553	6867
6553	6877
6553	6878
6553	6880
6848	6849
6848	6850
6848	6851
6848	6863
6848	6880
6849	6850
6849	6851
6849	6867
6849	6878
6849	7358
6850	6851
6850	6855
6851	6867
6851	6878
4951	6585
4951	6545
4951	6998
6852	6884
6852	6888
6852	7223
5156	6852
5156	5247
5156	5174
5156	6858
5156	6870
5156	5217
5247	6852
5247	6870
5247	5461
5247	6982
5172	6093
5172	5204
5173	6843
5173	6846
5173	6855
5174	6813
5174	6548
5175	6745
5175	6856
5175	5180
5175	5232
5175	6861
5175	6875
5175	6115
5175	5225
5175	6409
5176	5998
5176	5205
5998	6214
5998	6215
5998	7241
5998	7242
5998	7243
5177	7358
5178	5207
5178	6874
5178	6886
6853	6854
6853	7058
5179	6770
5179	6853
5179	6854
6097	6862
6097	7210
6546	6857
6546	6547
6546	6550
6856	7366
5180	6856
5180	5232
5182	6579
5182	6573
5183	5248
5183	6864
5183	6866
6567	6847
6567	6860
6567	7359
5184	6847
5184	6567
5232	6856
5232	6875
5232	6115
5232	6409
6858	6871
5185	6568
5185	7359
5186	5248
5186	6859
5186	6864
5186	6866
6859	6864
6859	6866
5183	6859
5235	6842
5235	6852
5235	6858
5235	6884
5235	6892
5235	6164
6860	7359
6861	6875
6436	6845
6436	6569
5192	5588
5192	5531
5192	6898
5192	5259
5192	7100
6582	7361
6582	6583
5193	6582
5193	7361
5194	6879
5194	5896
5195	5385
5418	5995
5418	6988
5418	5499
5418	5717
4951	6862
4951	7202
4892	5322
6862	6889
6862	7202
6015	7010
6015	7030
5198	6606
5147	5239
5147	6383
5147	7204
5147	6085
5230	6815
5230	6565
5199	5230
6548	6870
6604	6764
4973	6580
4973	5246
4892	6057
5200	6745
5200	6897
5098	6887
5098	6551
5098	7357
6864	6866
5187	6568
5187	6566
6865	6881
5201	6068
5201	5222
5201	6076
6867	6878
6867	7358
5202	6877
5202	7361
5203	6847
5204	6093
5204	5207
5204	6874
5204	5223
5204	6542
5750	7012
5750	7034
5750	5763
5750	5759
6606	6868
5177	6863
4951	6837
4951	6861
6868	6869
6869	7278
6869	7279
6869	7280
6869	7281
5199	6868
5199	6869
5206	5231
5206	6890
5207	6874
6568	7359
4910	6814
6449	6960
6449	6961
6449	7296
6871	6968
6872	6886
5211	6578
5211	5246
5211	6573
6873	7354
5212	6589
5212	6873
5212	7365
5213	6745
5213	5418
5165	5194
5165	6879
4951	6886
6585	6886
5042	5537
5214	6061
5214	7202
6115	6875
6115	6409
5147	6481
6580	6603
6580	7369
6580	7370
5172	7356
5216	6760
5216	5480
5217	6548
5217	6870
6876	6915
6876	6998
6877	6878
6877	6880
5203	6855
5531	5547
5531	6015
5531	7035
5531	7056
5531	7100
5531	7138
5174	6852
5174	5247
5215	6815
5215	5414
5193	6851
5193	6878
6878	6880
5202	6878
5202	6880
6881	6902
6881	7156
5052	5237
6545	6872
6545	6886
6545	6998
5181	5406
5181	5407
5181	6259
5181	7290
5181	7291
5223	6874
5224	6553
5224	6848
5224	6877
5161	6838
5225	6745
5225	6861
5225	6875
5245	6558
5167	6877
5226	6858
5226	5413
5226	6138
5226	7301
5226	7302
5227	6837
5227	6875
5167	6880
5167	6566
5246	6580
5246	6572
5246	6573
5246	7369
5246	7370
4892	5417
5173	6844
5173	6850
4936	6761
4936	5808
6884	6892
6884	7060
6884	7223
6885	6997
5231	6890
5231	5481
5231	7109
4892	6433
5224	6880
4892	6710
5233	6846
4892	5346
5995	6349
4892	6858
4892	7050
5237	6827
4951	6589
4951	6873
5198	6868
5198	6869
5188	7366
6887	7210
6887	7211
5242	6083
5243	6865
5243	5523
5244	7021
5244	7050
4892	4938
4892	6969
6888	7013
6888	7120
6888	7124
6888	7125
6574	6838
4973	7369
4973	7370
4892	6949
4892	5584
6889	7363
6890	6973
6890	7131
4892	6406
5249	6825
5249	5444
5470	6757
5470	6822
5470	6927
5470	5622
5470	5471
6892	7060
6892	7098
6893	6927
6893	7008
5768	7230
4892	5768
4930	5252
4930	6757
4930	6926
5672	6871
5672	6894
5672	6926
5672	5876
4892	5252
4892	5672
4892	6894
6894	6942
6894	7092
6895	7236
4900	7236
6896	6935
6896	6996
6896	7128
5254	6896
4907	6479
4907	5701
4907	5268
4907	7070
5257	5506
5257	5277
5257	5507
4892	6212
4892	7227
4892	6898
6898	7034
5259	5588
5259	7004
5259	5302
5259	5530
5259	5540
4892	5635
5988	6976
5988	6039
5988	6688
4892	5261
4892	6158
5313	5968
5262	5313
6899	6901
6899	6907
6899	6908
4895	5738
5274	6900
5767	6839
5263	6744
5265	7314
5265	6434
4892	6727
5266	6737
5266	6907
5266	6408
5266	6087
5268	6763
5268	6908
4892	7284
4892	5612
5270	6083
5270	6901
6083	6899
6083	6901
6083	6908
6083	7059
6083	6727
6901	6908
6901	7003
6901	7059
5822	6744
5242	6902
5282	6773
5282	5988
5282	6906
5282	6086
5782	6935
5782	6325
6903	7039
5060	6070
5060	6078
5275	6773
5275	6954
5275	7011
5275	7276
4892	5276
4919	5276
5506	6028
5506	6904
5506	6910
6904	7069
5278	6028
5278	5776
4892	5438
4892	6905
4892	5559
5263	5769
5263	5448
5279	6829
5279	5740
5836	6831
5836	6371
5836	6306
4892	4997
4892	5668
5281	6899
6408	6798
5417	5500
5417	6838
5417	6604
5417	6906
5417	7057
5280	6831
5280	6899
5280	6907
4892	5282
4892	6906
5283	5500
5284	6771
5284	6408
5343	6790
5343	6845
6908	7059
4895	6770
5285	6798
5269	6798
5269	5281
5269	5285
5269	5716
4905	5633
4892	6904
6909	7021
4892	6910
5289	7008
5289	5606
5288	5684
4892	6259
5244	6052
5008	6893
5008	7008
6911	6914
6911	7070
4892	7008
6912	7063
6912	7070
6912	7087
4892	6911
4892	7059
5740	6910
5740	6052
5277	6775
5277	5331
5277	6829
5277	5539
5277	5667
6913	6927
6913	7013
4892	6913
4892	5730
5290	5684
5290	5782
5290	6052
4890	6796
4890	5776
4892	6768
6914	7319
4892	6473
4892	6655
4892	6465
4892	5505
4892	6345
5292	6444
5292	5832
5293	5294
5975	6990
5898	6266
5898	5899
5898	6257
4892	7019
4892	7248
4892	5776
6917	6918
6917	6920
6917	6921
6917	7217
5742	5898
5742	6266
5742	6220
5742	6221
5742	6257
6918	6920
6918	6921
5296	5898
5296	6266
5296	5742
6919	7087
6920	6921
6920	7217
6921	7216
6921	7217
5297	6211
5298	6820
5298	6922
5299	7156
6923	6924
6923	6971
6923	7028
6924	6971
6924	7079
5300	7051
5300	5655
5300	5763
5300	5703
5300	5589
5300	7100
5301	6778
5301	5859
4892	5806
4892	6199
6038	6746
5523	6865
5444	6825
5302	6808
5309	5849
5309	5310
5309	6037
5309	5926
4936	6160
6044	6157
6925	6927
5304	5834
5304	6925
5304	6045
5305	6746
5305	5918
5305	5888
5106	6777
5106	5750
5106	5763
5106	6261
5574	6743
4895	6743
4895	7005
4895	7034
4892	6925
5306	5449
5306	6132
6045	6925
6045	7084
5873	6326
5873	6931
4895	5558
5307	6779
5307	5458
5307	5852
5304	6326
4892	7069
4892	5918
4892	5719
5196	6909
4892	5449
5310	6037
5310	5926
6037	6667
5926	6811
5926	6037
5926	6040
5926	6667
5055	6789
5484	5986
5484	6928
5311	6928
5311	5484
5055	5488
5055	6984
5312	6928
5312	5484
5312	6710
5312	5987
6929	7116
5091	5098
5091	5099
5091	5144
5091	7342
4915	6900
6127	6607
4892	5513
4892	6999
4892	6431
4892	6275
5823	7003
5823	7062
5823	6007
5455	5591
5455	6833
5455	6433
5455	7294
5455	6484
6930	7349
5314	6729
5314	5316
5314	5733
5315	6997
5315	5353
5551	5873
5551	5557
5551	5748
6326	6931
6326	7015
6087	6763
6087	6473
6087	7113
6087	7115
5812	5818
5812	6980
5812	7114
5812	5890
4892	5560
6655	6812
6655	6996
6655	7169
6931	7052
6931	7053
6931	7155
6931	7236
5698	5818
5698	7056
5698	5699
5507	5698
5317	6822
5317	6326
5317	6259
5317	7015
4892	6326
4892	7015
5560	6254
5560	6913
5560	6264
5113	5684
5113	5561
4892	6343
4892	6922
5318	6343
5318	6812
5318	5535
5318	6922
5080	5934
4892	5520
4892	5392
5319	6255
4993	6923
4993	6924
4993	6944
4993	5690
4993	6958
4993	6971
4993	5579
4993	5580
4993	6033
5320	6932
5320	7296
6932	6961
6932	7296
6303	6962
6303	6418
6303	7321
6303	7322
6303	6415
5321	6138
5385	5389
5385	6205
5385	7274
5385	7327
5142	6537
5142	5147
5142	5794
5142	5646
5142	6481
5324	6886
5324	6060
5324	6077
5324	6565
4892	6178
4892	5524
4892	6200
4892	7205
4892	6763
4892	6151
4892	7052
4892	6773
4892	5237
5738	6070
5738	5836
5738	6907
5738	6306
6933	6934
6933	7170
4907	5286
4892	5781
4892	5331
5043	5986
5035	5123
5325	6913
5325	6927
6934	6935
6934	7128
5326	5922
5326	6219
5328	6991
5328	6470
5329	5833
5329	5922
5330	5331
6935	6966
6463	6787
6463	6933
6463	6935
4892	7339
4892	7016
4892	6213
4892	5268
4892	5666
6936	6966
6936	7128
6936	7167
5035	7128
5035	7156
6937	6938
6937	6939
6938	6939
6939	6966
6939	7166
4892	5967
6042	6102
5333	6391
5333	6940
6940	7085
5335	5988
5335	7127
5561	5777
5561	5661
5661	5777
5338	5777
5338	5561
5338	5661
4892	6052
5041	5856
5341	6741
5341	6941
5901	7155
5342	6790
5342	5343
6942	7092
5952	6249
5952	7063
5952	7240
5952	6231
4895	5708
4892	6771
4938	6771
5344	5804
4885	6173
4885	5805
5049	5068
5007	6307
5007	6233
5327	6172
5238	5281
5238	5291
5238	6108
5238	6110
5345	5704
5482	5704
5482	7116
5013	5293
5013	7056
5013	5902
6173	6182
4892	5589
4892	6954
6943	7275
5349	6943
5349	6400
6400	6943
6400	7130
5350	5378
5350	5382
5350	7262
5350	5612
6944	6958
4936	6944
5351	6738
5351	6748
5351	5642
5351	6199
5351	7130
4892	5394
4892	5690
5062	5708
5062	6094
4892	5446
4892	5377
4892	5855
4892	7181
4892	7329
6945	7036
4892	4898
4892	6945
5352	5690
5352	6360
5352	6023
4892	6742
4892	6030
6947	6967
4892	6195
5157	6948
5157	5426
5157	7138
6948	7005
6948	7138
6948	7197
5426	6738
5426	6827
5426	6948
5426	6985
4892	7005
5637	6666
5637	7144
5637	7146
5637	7148
5354	5637
5354	6666
5354	7144
5354	7146
5354	7148
4892	6950
4892	7130
5356	7014
5357	6980
4892	5747
4892	5408
6951	6956
6951	7312
5358	6951
6952	6992
6953	6959
5359	6507
5359	7043
5359	7044
4892	7274
5690	6786
5690	6345
5690	6023
6954	7011
6530	7346
6530	7347
6530	7348
6530	7350
5362	6762
5362	6963
5362	6964
5362	5791
5363	5998
5363	7242
5363	7243
5364	6779
5364	6382
4892	5162
4892	6355
5365	6951
5365	6956
5366	6956
5367	7262
5366	6420
6360	6953
5368	6953
5368	6360
4892	5609
4892	7296
6957	7182
6957	7286
5024	6953
4892	6402
5370	5546
5370	5888
5346	6888
5346	7013
5113	6776
5338	6970
5389	5514
5389	6393
5389	6205
5389	7274
5389	7327
5190	6954
5190	5747
6959	6980
6959	7077
6959	7101
5371	6530
5371	7346
5371	7348
5371	7350
4892	5300
4892	7010
4892	7080
5360	6403
6355	6960
6355	7001
4892	4983
5372	6953
5372	6959
4910	5520
4910	4999
4910	6788
5373	7350
4892	7287
4892	6439
6427	7262
5157	6427
5157	7262
5293	5393
4892	5382
6178	6200
6178	6356
6178	6403
5460	6955
5374	6955
5374	5460
5348	6274
6961	7296
6962	7352
6962	7353
5376	7006
5376	6643
6507	6955
6507	7043
6507	7044
6507	7048
6507	7273
4892	5881
5379	5508
5379	7330
5380	5385
5380	7352
5380	7353
4892	6361
5381	6955
5381	5460
5157	6360
5383	6961
5383	6435
5157	5808
4892	7047
5377	5595
5377	6293
5377	6363
5377	7284
5377	7329
5384	6536
5360	5690
4892	5494
4892	6430
5381	6509
6509	6955
6509	7043
6509	7044
6509	7045
6430	7171
6430	7182
5358	6430
5358	7312
4892	7002
4892	6331
4892	6951
6963	6964
6963	7048
6963	7272
6963	7273
6964	7048
6964	7272
6964	7273
5271	6290
5271	7270
4892	5939
4892	5602
5386	6786
5386	5597
5386	7033
5386	5615
5388	6234
5388	5658
5390	5595
5390	6236
5390	6384
4986	5845
4986	6314
4986	7171
4892	6985
5397	6532
5397	6702
5397	5793
5397	6701
5396	6532
5396	5397
5396	6702
4986	5455
4986	6433
6532	6702
4890	6919
4894	5793
4890	7162
4892	7034
4892	7035
5399	6845
5399	6076
6076	6845
6317	6742
6317	6949
5401	6742
5401	6949
5401	6317
5240	5643
5240	7204
5240	7221
5240	7364
5402	7204
5402	6085
4892	6965
5963	6740
5963	7085
5514	6740
5514	6232
5514	6457
5514	7325
5514	6423
5514	6440
5404	5545
5404	7018
5106	6515
6966	7128
6966	7167
5405	6947
5657	6307
5657	6777
5405	6967
6967	7135
6967	7197
5406	7290
5406	7291
6968	6969
6968	7098
4892	6970
5407	6259
5407	7290
5407	7291
5413	5584
5413	6839
5413	6138
5413	5602
6138	6839
4892	7300
4892	6034
5195	5375
5150	6765
5150	5841
5409	6839
5410	5873
5411	5413
5411	5602
5602	5939
5602	7105
5412	6924
5412	6971
4892	6871
4892	6974
4892	6513
5234	6839
5234	5321
5234	5413
5234	6138
5234	5409
5234	6375
4892	7078
4892	5078
4936	6764
5415	7137
5415	7140
5415	7142
4952	5039
5039	6728
5039	5096
5039	6485
6972	7029
6972	7031
6972	7032
6972	7360
5597	6786
5597	7033
5597	5808
4986	5347
4986	5597
4892	7083
4892	5504
5419	6261
5419	5689
5420	7033
5420	7090
5375	5584
5375	5499
5375	6021
5421	6786
5421	5597
5421	5544
5421	5808
5421	5639
5421	5809
6973	7131
4892	6890
4892	6973
4892	7131
4892	5160
4943	5662
6974	7295
6513	6781
6513	6974
6513	6515
6513	6514
5416	6930
5416	7349
4892	4984
6057	7301
6057	7302
5425	6070
4892	5057
4892	4944
4892	7049
6267	6802
5729	6802
5729	6267
5729	7244
5729	6217
5729	6305
4892	5017
4892	5669
5006	5523
5432	6405
4892	6819
4892	5430
5391	5858
5391	5985
4892	6779
5459	6782
5459	6153
5459	5821
5456	5474
5456	5469
4933	6134
4933	6202
5477	6762
5458	6779
5458	6782
5458	7229
4892	6171
4892	5250
4892	6181
4892	7179
4892	7233
4892	7235
6349	6676
5436	6404
5437	6841
4892	4901
4892	7062
5430	6970
5430	5464
4892	6147
5441	5597
5441	7011
5429	5436
5429	6975
5429	5452
5442	5622
5442	5625
4892	7208
4892	6601
4892	5458
5052	6892
5052	7223
5443	6133
5443	5859
4892	5834
4892	4896
4892	5818
4965	6510
4965	5806
4965	6406
4965	6913
4965	7013
4965	5536
4892	6822
6329	7340
6329	6495
6329	6668
4892	7164
4892	6884
4892	6349
4892	6043
4892	6152
4892	6153
5445	6769
5445	6914
4892	5546
5068	7229
5539	6828
5539	6829
5539	5740
5226	6892
5006	5574
5107	6840
5660	6139
5660	5668
5660	7072
5660	7190
5660	6193
4892	5459
6047	6048
6047	6189
5006	5463
5447	6819
5447	6942
4892	4904
5450	6329
5450	6983
5450	6146
5452	6975
5452	6670
5452	5847
5452	6673
5859	6133
5859	6778
4892	7230
5451	6977
5451	6136
6139	6925
4892	5498
4892	7060
5818	6345
5818	7053
5818	7056
5818	6344
6978	6979
5453	6978
5453	6979
5453	6494
6494	6978
6494	6979
5242	5506
4929	7110
5454	6761
5454	6865
5454	7050
5454	5645
5454	6163
5174	6858
5174	6871
4965	6129
4965	7227
4892	6366
4892	7237
4892	7118
4892	7119
4892	5114
5461	6982
4892	5536
6981	7231
6981	7421
6981	7422
5016	6349
5016	6981
5016	7177
4892	6605
6982	7135
4986	7224
4936	6762
6134	6781
6134	7036
4933	6757
4936	5745
6983	7340
5068	7230
5467	6763
5469	5477
5469	5474
5236	6775
5236	5887
5236	5956
5471	6757
5472	7017
5463	6161
5463	6154
5463	6187
4933	6782
4933	5459
5475	6845
5475	5757
5475	6265
5358	6130
5476	6127
5476	6607
4998	5488
4998	6801
6985	7127
6985	7300
4890	5033
4892	7137
5176	6797
5490	5874
6986	7292
5485	5874
5485	5490
5486	6233
5486	6540
4892	6737
5489	6986
5489	7184
4890	6438
5492	7114
5498	7060
5498	7063
5498	6670
5498	6135
4910	6818
4910	7070
6988	7171
5493	5707
6989	7085
6989	7187
6989	7188
4892	6992
5088	6132
5088	5428
6990	7151
5495	5519
5495	6641
4892	6438
5466	6048
5466	5787
5466	6189
5466	6188
5022	7173
4892	6252
6993	7104
6010	6993
6010	6684
6010	6683
6010	6680
5165	5528
5165	6756
5528	5689
5012	6987
5012	5600
5273	5299
5273	7156
4892	6947
5499	6988
4892	5500
4892	5698
4892	6249
5053	6852
5053	6884
5053	7060
5053	7223
4892	5968
5968	7089
5968	6252
5968	6240
4892	6130
6130	7023
6130	7224
6130	7237
5501	6241
5501	7248
5501	6224
4892	7293
4892	6986
4892	6393
5338	5347
5502	6891
5502	6608
6275	7093
6275	7116
4892	6995
6995	7040
4892	7014
4892	5879
5879	6995
4998	5722
4998	5912
5503	6942
5503	7092
4892	6942
4892	7092
5058	5504
6996	7128
5132	5504
5132	7059
5513	6321
5108	6825
5505	6960
5505	7001
5505	7002
5505	6206
5505	6351
4892	6730
5496	5513
5496	7035
5496	5788
5496	5810
5508	7269
5508	6328
5508	7325
5508	7331
5508	6443
5508	6453
5316	6820
5316	5509
5316	7000
5316	7420
5316	5734
5509	7000
6393	6400
5509	7420
4892	5615
5511	6909
5511	7021
6348	6960
6348	7286
4892	5033
4892	5832
4892	6424
5509	5735
5516	5733
5735	7000
5735	6030
5735	6496
7000	7420
4892	6941
4892	5273
4892	6274
7001	7002
7001	7025
4892	6527
5518	7182
5301	5558
5301	5679
5710	5789
5710	5790
5521	6999
5521	7316
4951	7209
6389	6941
6389	6943
6389	6400
6389	6401
5522	6510
5522	7185
6232	6457
6232	7325
6232	6423
6232	6440
5524	6178
5524	5538
5524	6200
5524	5766
5524	5816
5525	5939
5525	5841
5525	7276
5538	5766
5538	5816
4892	7011
4892	7105
5134	5910
5134	5435
5134	6905
5134	6047
6032	7277
6032	7283
6032	6394
6032	7311
6032	6395
6032	6396
6032	6397
4892	6893
4892	6927
5779	6989
5779	5970
5779	7133
5779	5978
7004	7149
5302	7004
5302	5530
5302	7018
5302	7020
4892	6777
4936	6332
4892	6340
4892	7292
5410	7180
4895	5879
4895	5528
5666	6905
4892	5922
7005	7010
7005	7197
5527	6933
5527	7007
7006	7249
4892	5125
5125	6947
5125	6967
5125	5721
5541	5922
5541	7289
5529	6822
5529	6151
5526	5769
5526	5822
5085	7034
5530	7004
5530	6330
5279	5539
4892	6142
5532	7113
5532	5593
5532	7185
5533	5922
5533	5541
4913	6985
7009	7205
7009	7206
7009	7207
7009	7218
7009	7220
6319	6384
5558	6746
5558	6897
5558	5679
5558	7135
5360	7004
5360	5530
5537	7301
5537	7302
6142	6977
4892	5000
4988	5134
4988	5526
4988	5550
4988	7018
4988	7019
4988	5556
4988	7129
4988	6338
4892	5988
4892	6976
4892	6039
5015	7041
5015	5799
5134	6431
5679	7108
5008	5431
4892	7066
4892	6023
5542	5939
5542	5841
7012	7034
7012	7083
5543	5930
5544	6774
5544	5809
5544	5680
5544	6207
7014	7082
7014	7289
5431	6905
5431	5466
5431	5548
5431	5787
5431	6189
5431	6188
5548	6905
4892	7113
5478	5674
5478	5675
5478	7073
5550	7018
5550	6338
5552	7005
5552	5788
7016	7240
7016	7248
5553	5922
4892	7063
4927	5561
5888	6747
5888	6903
5888	5918
5888	7039
5888	7240
5888	6242
4892	6136
5806	6510
5806	6142
5554	7004
4892	6045
4892	5539
4892	6160
5555	6747
5555	5921
7018	7019
7018	7020
7018	7129
4913	7030
4892	4918
4918	5769
4918	5448
4918	6941
4918	5410
4918	7015
5449	6044
5449	6157
7019	7248
7020	7129
5556	7018
5556	7020
5556	7129
5556	6338
5002	7132
4892	5431
4892	7100
6046	6404
4892	5740
4892	6235
5848	6980
5848	7061
4915	7116
4915	7226
7022	7026
7022	7027
4935	5136
4935	5571
5566	5593
5562	7024
5562	6711
6175	7067
6175	6179
7024	7178
4892	5428
5563	7023
5563	5765
5479	5565
5479	5564
5479	5572
5565	5572
5564	5565
4892	7001
4892	7023
4892	7025
4892	6177
5765	6130
5765	7001
5765	7023
5765	6131
5765	6172
4892	5572
5567	7025
5567	6168
5572	6079
5572	6176
5572	6179
5568	6834
5568	7022
5568	7026
5568	7027
5886	7023
4892	6131
5569	6834
5569	7022
5569	7026
5569	7027
7026	7027
5570	6129
5570	5848
5570	7061
5567	5987
4892	6175
6711	7024
6711	7178
4892	6834
4892	6835
5111	5850
4892	5874
4892	4999
5573	5633
5573	6937
5575	6489
5576	5577
5576	7082
5576	7180
4945	4993
4945	5461
4945	5580
4945	7056
7028	7082
4892	5597
7029	7031
7029	7032
7029	7360
4892	5531
5579	6932
5579	6944
5579	7296
5580	6944
5096	6019
5096	7294
6034	6944
6034	6332
6034	7056
6034	7180
6332	6944
6332	6958
4892	5259
7031	7032
7031	7360
5583	6972
5583	7029
5583	7031
5583	7032
5583	7360
7032	7360
4913	6047
5686	6042
5686	7010
5157	6747
5157	6400
5487	5807
5487	5589
7033	7090
4895	5531
4892	5866
5585	6972
5585	7031
5585	7032
5586	6842
5587	7143
5152	5834
5152	5767
4892	6449
4881	5300
4881	7012
7036	7051
5590	6764
5590	7135
5856	6666
5856	7144
5856	5868
7037	7066
7037	7097
4892	6745
5540	6261
5592	5777
5592	7105
5592	6026
5594	6958
5483	6745
5483	6958
5483	5594
5808	6786
5595	6294
5595	6236
5554	7149
5596	6042
5596	5686
5554	6382
4913	6902
4892	7197
5598	6842
5598	6332
5055	6987
5599	6789
5599	7038
5664	6984
5035	6504
5600	6987
5072	6130
5018	5530
5018	7007
5603	6479
5603	6792
5603	6234
5603	6810
4892	7188
4892	7040
5604	7102
5604	7104
5301	6535
5606	7014
5606	7077
5606	7082
5606	7289
4892	5275
4892	7276
5129	5300
5129	7051
5129	5703
4892	7282
4892	7335
5608	5619
5608	5614
5608	7042
5614	5619
5614	7042
6293	7001
6293	6402
6293	6294
6293	6351
6293	6458
5611	7048
4925	5611
4892	5390
4892	5611
4892	6428
5113	6353
4892	7269
4892	7271
7042	7112
7043	7044
7043	7045
7043	7046
7044	7045
7045	7046
7045	7272
5610	6402
5610	6294
6290	7047
6290	7270
6290	7271
6290	6503
5522	7043
5522	7046
7046	7272
4892	6293
5613	5614
5613	6293
4892	6348
5616	6963
5616	6964
5616	7048
5616	7272
5616	7273
5617	6507
5617	6963
5617	6964
5617	7048
5617	7273
7048	7272
7048	7273
5618	6776
5618	7047
5618	6353
4892	5614
4944	5057
4944	5622
4944	7049
4892	5592
4892	5002
4892	7132
4913	6260
4913	7194
5620	6989
5620	7187
5620	7188
5621	7218
5607	5622
5559	6737
5559	6195
5559	6806
5559	6911
5624	5990
5624	5910
5624	6048
4892	6781
5626	6737
5626	6758
5626	5845
4892	7037
4892	5241
5625	6252
5628	5763
5628	7090
5628	7100
5628	6431
5628	6444
5549	6797
5549	5906
5549	5904
5549	6602
4892	6470
4958	5361
4958	4980
4958	6827
4958	5952
4958	5426
4958	6985
4958	5559
6470	6991
5629	5698
5629	5818
5629	7056
4892	5845
4892	5255
4892	6471
4892	6991
4892	5044
4997	6455
4997	6129
4997	6785
4997	5668
4989	5994
4989	5345
4989	7111
4989	5772
4989	7123
5630	7117
5631	7052
5631	6931
5631	7053
7052	7053
5308	6082
5632	7052
5632	7053
7053	7155
5035	7054
5035	6019
5035	7198
5360	6748
5360	6784
5360	7084
4919	6195
5122	5543
5122	5930
5122	5487
5636	6772
5636	7150
5636	7151
5636	7152
5636	7153
5638	6786
5638	5690
5639	6786
5639	5808
5609	6932
5609	5628
5609	7227
5609	5648
5640	6786
5640	7033
7055	7149
5641	6786
5641	7033
5642	7130
5642	7177
5643	6056
5643	7221
5643	7364
5644	6056
5644	7203
5644	5846
5646	6512
5647	6865
5647	5660
4892	6115
4892	6086
4895	6900
5649	7371
5649	7372
5649	6611
5649	7373
5161	5417
5650	5926
5651	5738
5481	7109
4892	5143
4892	7090
4892	5079
4887	4968
4887	5805
4887	6952
4887	5395
4887	5115
4887	5054
5077	6768
5652	5654
5021	6774
5021	5457
5021	5544
5021	6207
4892	6783
5654	7058
5654	6258
5654	7355
5654	6539
7058	7355
5653	6853
5653	7058
4892	5670
4892	7156
5652	7355
4892	5986
4892	5623
4892	7114
5656	6254
5511	5657
6137	6806
6137	6823
6137	6911
6137	6912
6137	6914
6137	7070
6137	7087
5623	7154
5658	6990
4892	6917
5106	6781
5106	6513
5106	5943
5106	6191
5106	6340
4892	4899
4892	7163
6136	7007
4892	5975
7060	7098
7061	7077
7061	7101
7061	7160
7061	7184
5663	6121
5663	6119
5663	6120
5663	5852
5663	6124
7062	7268
4929	5500
4929	6769
4929	6914
4929	7050
7063	7089
7063	7248
6147	6737
6147	6806
6147	6911
5106	6737
5106	6806
5106	6911
5106	6137
7064	7065
5665	6255
5665	7064
5665	7065
7066	7097
5667	6775
4892	5634
4892	5413
5668	7072
5116	5660
4892	6912
4892	6936
5671	5856
5671	6666
5671	7144
7068	7069
7068	7154
4913	6212
7070	7087
4892	6903
7071	7174
5674	5675
4892	5766
5675	7073
5264	6627
5264	6770
5264	6771
5676	5884
5676	6498
5338	6839
5338	5767
5677	6665
5677	7127
5763	7090
5763	7100
4922	6937
4892	6960
5680	5766
5766	5816
5681	6780
5681	7382
5681	7383
5681	7384
5681	7385
5682	6819
5682	6926
5015	7187
5364	6536
5364	6816
5434	7179
5434	7180
5807	7040
5807	7109
7074	7075
7074	7076
7074	7161
7075	7076
7075	7161
7076	7161
4889	6725
4888	5704
5485	6115
4892	7157
7077	7101
5776	6796
5776	6910
7078	7079
7078	7081
7078	7222
7079	7081
7079	7222
7080	7106
7080	7107
7080	7179
7080	7225
7080	7294
7081	7222
4892	5900
5687	5873
5688	6047
5688	6189
7082	7138
7082	7289
4979	5901
5691	7084
5691	7098
5691	7225
7084	7098
5692	5834
5692	7084
5900	7120
5900	7124
5900	7125
7085	7133
5636	6427
5636	6136
4928	5417
4895	4945
4895	7056
6000	6275
6000	7093
4892	6750
4892	5102
5696	6722
5697	6722
5696	5697
5696	7405
4892	6881
5700	5938
5700	6475
5196	6783
5034	6805
5702	7036
5702	7051
5703	7051
5683	5704
5683	5805
5229	5704
5229	5815
5393	5704
5393	6952
5393	5395
6670	6975
6670	6673
7088	7254
5706	7088
5706	5712
6241	6820
6241	6918
6241	6919
6241	6920
6241	6921
6241	6996
5712	7088
5251	5578
5251	5501
5251	6241
5251	6468
5083	6013
5083	5133
5083	5283
5083	6973
5083	5454
5083	5645
5709	7088
5709	5712
7089	7245
7089	7248
5097	5532
5097	7113
4892	4911
7090	7100
4892	7245
7091	7257
5052	5769
5052	5448
5713	6766
5071	6952
5071	5395
5071	5683
5714	5995
5716	5719
5716	7086
4892	6902
5717	5995
5434	5578
5720	6047
5720	6048
5721	6947
5721	6967
5716	6371
4949	5987
4892	6832
4892	7268
5718	6307
5718	6929
4892	6307
4892	6281
7093	7116
4892	7094
7094	7239
4892	6794
5327	6462
5935	6462
5935	6810
5935	6468
5935	7095
5935	7168
5935	6464
5723	5935
5723	7096
4892	5934
4892	5935
4892	6461
4892	7168
4890	7311
4892	5238
6468	6809
6468	6504
6461	7095
6461	7096
6461	7168
6461	6474
6461	6652
6461	6505
4981	5725
7095	7334
5723	6461
5327	5935
5327	6468
5726	6810
5726	5935
5139	6858
5139	5235
5139	6884
5139	6057
5139	5586
5139	5916
5139	6164
5139	7301
5139	7302
5727	6468
5727	7168
5727	6464
5727	7334
5080	6809
5080	6504
5080	7170
4892	6828
4892	7064
4892	7065
4892	7167
5728	6806
5728	6137
5731	6912
5517	6729
5517	5733
5734	7420
5737	7309
5737	6444
4895	5269
4895	7074
4895	7075
4895	7076
5281	6901
5739	7007
5739	6136
5739	5889
4910	6796
4910	5776
5730	6885
5730	6916
5730	7019
5730	7248
4892	6823
4892	5491
4907	6335
5035	6933
5035	6935
5054	6952
5360	6953
5360	6360
4892	6134
5105	5513
5371	6273
5132	5994
5589	5655
4913	6947
5749	6968
5749	7037
5171	7099
5171	6399
5171	6733
5689	6261
5481	5689
4892	6840
4892	7021
5751	7077
5751	6152
6152	6513
6152	7077
6152	7101
6152	6202
6152	6340
5059	6959
5059	7077
5820	7037
5820	7066
5820	7097
5820	6282
5423	7081
5423	5589
5752	7102
5752	7103
5752	5791
7102	7103
7102	7104
5753	5762
4892	6772
4892	6892
4892	7081
4892	7222
6202	7071
5338	5763
5476	7083
5762	7102
5762	7103
5762	5791
5762	6172
5079	5143
5079	7090
5754	6959
5754	7101
4986	5791
4986	7294
4892	7102
4892	7103
4892	5762
4892	7104
6181	6184
5755	6766
5755	6142
5755	5806
5758	5762
5758	7117
5759	6319
5628	7227
5760	6044
5283	6756
5283	7104
5423	5551
5761	6134
5761	6152
5761	7101
5791	6762
5791	7102
5791	7103
5791	7294
4892	5820
5338	7010
5764	5804
5068	5903
4892	7106
4940	6917
7106	7107
7106	7108
7106	7179
7107	7108
7107	7225
7108	7225
4895	5602
5770	6234
5770	5952
5770	5973
7111	7123
5771	6801
5771	7170
5771	6234
5771	6933
5771	6463
5938	7156
5938	6467
5938	6475
5938	6505
5772	7111
5772	7123
5773	6133
5773	6778
4892	5788
5774	6939
5774	6966
5775	6473
5775	6655
5775	7169
4892	7246
4892	7264
6212	7227
5650	7063
4892	7042
4892	7112
4892	6294
4892	6535
4892	6363
7112	7275
7112	7309
4892	7270
4892	6287
4986	6961
4986	7103
6294	7042
6294	7112
6135	7080
6135	7222
4892	6888
4892	7013
5035	7303
5035	7304
5035	6020
5877	6203
5708	7115
5708	6094
4892	5708
5778	6747
5778	7039
5780	6600
6199	6748
6199	7060
5058	5457
5673	5873
5673	5687
5673	7126
5673	5817
5673	5851
5716	6307
5716	5732
5716	6929
4892	5990
5665	6314
5665	7238
5788	6982
5788	7005
5788	7035
5788	5810
4961	5962
5382	6420
5382	6336
7118	7119
5784	7118
5784	7119
4895	6000
4895	7093
4895	7115
6371	6831
6371	6408
5716	5836
5716	6899
4892	6408
4892	6371
5785	6899
5785	6901
5785	7003
5785	7019
5785	7059
4892	6829
4892	5952
7120	7124
7120	7125
5787	7120
5787	6189
5787	6188
4895	7010
4895	6034
5786	6665
5786	7121
5786	5973
7121	7122
5973	6665
5973	7121
5973	7122
5973	5979
5462	6665
5462	7121
5462	5973
5462	7122
5772	5994
5789	5790
5631	7155
5338	5901
5792	5921
5792	7131
4912	5744
5035	5361
5794	6537
5796	7104
5796	5799
5799	7102
5799	7103
5797	7103
5797	5799
5283	6433
4892	4961
5646	6537
5798	6486
5795	5798
5795	6486
5795	6339
5795	7367
5800	6347
5800	7060
5801	7002
5801	7337
6728	7336
6728	7338
6728	7368
4986	5799
5147	6589
5147	6512
5803	6728
5803	7204
5803	6085
5803	6203
5803	7336
5803	6483
5803	7368
6162	6172
5035	5539
5659	6982
5659	5788
5646	6481
4892	5808
5419	5421
5003	6827
5003	5237
7124	7125
4892	7120
4892	7124
4892	7125
5810	7035
5811	5856
5811	5868
6153	6836
5872	6035
5872	6688
5813	5856
5813	5872
5813	6035
4892	7084
5814	6778
5814	5859
5815	6661
6252	6762
6252	7089
6252	7248
5052	7147
5817	5851
5358	5449
4892	6385
5819	7035
5819	6431
5819	6331
5819	7262
5855	7002
5855	6361
5855	6331
6385	6772
6385	7152
7130	7177
5821	6983
5821	6153
5586	6057
5586	7301
5586	7302
4895	7131
4895	7057
4892	5970
4892	5010
5970	6916
5970	6075
7133	7176
5048	5969
5824	6082
4892	5544
4892	6082
4892	7134
5826	7066
5241	7037
5241	7066
5241	7097
5241	5820
5241	5826
5241	6282
5159	5825
5827	6749
5827	6082
5828	7041
5828	7182
5828	6437
5828	6435
5828	6432
5828	6511
4892	6994
5830	6994
5830	5993
5567	7099
5993	6171
5993	6994
5993	6181
4892	5829
5567	5829
4892	5086
4892	6236
6082	7134
6132	6160
4892	5901
4892	7155
6207	6774
6207	6822
6207	7166
5837	5945
7135	7197
4892	5985
4892	7147
5839	7143
5839	7145
5839	6690
5025	6133
5025	5303
5025	5838
5025	5837
5025	5924
5025	7292
5840	5869
5840	5866
5837	6982
5837	7135
5837	7030
7136	7147
5850	6821
4892	5673
4892	5083
4892	5873
4892	5851
7137	7140
7137	7142
5843	7072
5843	6315
5844	6931
5844	7236
5464	6970
5464	7126
4892	5336
4892	6320
4986	7197
5847	6975
5847	7107
5847	5987
4892	6381
4892	6144
6043	6349
6043	6046
5086	7085
6118	6121
6118	7221
6118	6125
6118	6123
5436	6046
7139	7410
5601	6695
5670	7156
5670	7168
5670	7169
6344	6345
5283	6769
5283	5850
4892	5926
5851	5925
5851	5873
5851	7126
7140	7142
7140	7146
4892	5391
4892	6191
4892	4902
4892	7036
5587	7145
5587	6690
5853	7141
5854	6037
5201	5865
5201	7191
7142	7146
5853	7147
4892	5811
4892	7143
4892	6690
5869	7137
6666	7144
6666	7146
6666	7148
7144	7146
7144	7148
5857	6666
5857	7144
5817	5925
5858	5985
7146	7148
5410	5551
5858	7126
5862	6746
5862	5988
5863	6688
5864	7146
5864	7148
5817	5873
6690	7143
6690	7145
5867	6822
5867	5939
5867	7236
5870	6976
5870	6039
6039	6976
6039	6625
5871	6811
5875	6980
5593	7185
5249	6871
5249	5672
5876	6926
5106	5536
5878	6782
7150	7151
7150	7152
7150	7153
5157	6307
7152	7153
5880	6772
5880	6385
5880	7150
5880	7152
6382	6779
6382	7055
6382	6433
6382	7149
5882	6750
5863	5988
5883	5988
5883	6976
5885	6811
5885	6836
5650	6808
5650	6985
4919	6766
4919	6004
4892	7154
5887	6775
5887	6948
5887	7082
5887	7138
4922	6881
4922	6939
6131	6172
5889	6470
5890	6980
5662	6977
5662	6142
5891	6832
5892	7015
7156	7169
5893	7012
5893	7083
7157	7163
7157	7164
7158	7159
5895	7158
5895	6392
4892	6420
4892	7159
4892	6442
5896	6879
7160	7184
5897	7208
5897	6601
5897	6140
5899	6266
5764	5805
5020	5805
5744	5805
5115	5805
5304	7007
5304	6136
5304	5739
4892	6344
4979	5496
5902	7056
5906	5907
5907	5908
5904	5906
5905	5906
5905	5907
5905	6126
4949	5906
6126	6495
6126	6674
6126	6671
6126	6672
5905	6277
5905	6279
4949	5907
5802	5877
5802	5907
5802	5908
5802	6203
5468	5907
5462	5894
5909	6790
5909	7161
6314	7238
4892	7115
5804	6118
5804	6121
5804	7221
4892	7262
4892	6435
5912	6281
7162	7366
5106	6147
5913	6013
5913	7086
5256	7095
5256	7170
5914	6609
5914	5919
5914	5920
5915	5919
5915	6283
5915	6891
4892	5822
5919	6609
5919	5920
5919	6283
5920	6609
5920	6283
5916	6884
5916	7223
6030	6112
6030	6496
5917	6609
5917	5919
5917	5920
7163	7164
5914	6283
5915	6610
6151	6253
4892	5993
5923	6171
5923	6181
5924	6133
4922	5361
7165	7166
5927	7165
5927	7166
5928	6938
5928	6939
4892	6937
4892	6938
5929	6824
5929	7165
5931	7017
5932	6957
7167	7317
7168	7170
7168	7334
5933	7168
5933	7170
5035	5118
5035	5670
5035	7169
6464	7095
6464	7168
6464	7334
6464	6472
6464	6477
6464	6505
6464	6654
6465	6473
6465	6655
5256	6763
5256	5934
5933	5935
5936	6809
5937	6087
5937	7167
6160	6927
5940	6778
5940	6535
6535	6778
5306	5584
5306	6925
5306	7010
5941	6118
5941	7221
5941	6125
5942	6152
5942	6202
5943	6340
5943	7292
5944	6136
5946	6969
5946	7129
5950	5955
5950	5980
5948	7122
5948	7121
4892	5963
5949	7172
5949	5983
5969	6940
5969	7133
5969	7176
5969	5976
5969	5981
5967	6171
5967	6181
5967	6184
5046	6989
5958	7172
5958	5980
5958	5977
5958	5984
5951	5958
5951	7172
5951	5980
4892	5945
5961	6751
5961	6834
5961	6835
5961	6298
4925	5963
4925	7133
5953	6752
5953	6753
5974	5980
5974	5982
4925	5086
5954	6834
5954	6835
5954	5961
5955	5974
5956	7050
5022	5334
5022	7175
7173	7175
5957	7071
5957	7174
5949	5974
5801	7173
5959	5983
5960	6762
5980	7172
5980	5982
5980	5984
5980	5983
5959	7172
5959	5980
5428	5572
5428	6079
5428	6053
5962	6670
5962	5983
5964	7133
5964	5969
5964	7176
5965	7173
5965	7175
5965	6714
5966	7166
5957	6665
4925	5969
5022	7255
5022	7256
5022	7406
5971	6940
5971	7085
5972	5980
4892	5389
6236	7089
6236	7245
4892	7089
4892	6761
4892	6865
4892	5454
5976	7176
5977	7172
5978	7133
5979	6752
5979	6753
5979	7151
5981	7176
4892	7085
4892	7079
4892	7238
5054	7396
6551	6815
6551	6552
4951	6436
5989	6929
5991	7110
6695	7139
6695	7410
6695	6696
4892	6908
5992	6016
5992	7193
5992	7198
5360	6917
7179	7180
4924	6765
4924	6839
5996	7149
5997	6034
5997	7180
5112	5344
5112	5601
5112	7139
5112	6695
5112	7410
5112	6696
4892	5385
4892	7183
4892	7285
7181	7182
7181	7183
4892	7317
7182	7183
7182	7285
4892	7182
4892	7309
7183	7296
5999	7181
5999	7183
4892	6647
4892	6087
6012	6832
6012	7086
6012	6050
4892	6012
5875	6977
6004	6766
6004	7061
6004	7160
6004	7184
4892	6001
6002	7160
6003	6724
6003	6454
6003	7344
5016	5694
5016	7306
5016	7307
5016	7308
6005	7160
6005	7184
4892	7186
6007	7062
6008	7036
6008	6515
6515	6516
6340	6986
6340	7292
6009	6781
6009	6134
6009	7036
6009	6515
4892	6682
6011	6830
6011	6186
6186	6830
7187	7188
5563	6130
6014	7189
6014	7190
7189	7190
7189	7195
7189	7196
7190	7195
7190	7196
6014	7195
6014	7196
6016	7193
6016	7198
6016	7303
6016	7304
6021	7411
6021	7412
6021	6705
6021	7413
6021	7414
6021	7415
6021	7416
6021	7417
6021	6706
4892	5705
6017	7192
6017	6687
6017	6707
6017	6018
6017	7409
7192	7409
6687	7192
6687	6707
6687	6691
6687	7409
6707	7192
6707	7409
7193	7198
6381	7132
6381	6404
6019	7054
6019	7193
6019	6704
6018	7192
6018	6707
6018	7409
6018	6693
6018	6694
5035	6018
6020	7303
6020	7304
6022	7283
6022	6377
6024	6517
6024	6518
6024	7345
5035	6016
6025	7258
4892	7193
6260	7194
6260	7305
6260	7311
6260	6649
6260	7399
6260	6650
6260	7400
7194	7305
7194	7399
7195	7196
6027	7189
6027	7190
6027	7195
6027	7196
4895	6890
7198	7303
7198	7304
5348	5609
5582	5637
5582	5872
7199	7200
7199	7297
7199	7298
7199	7299
7199	7402
7199	7403
7199	7404
7200	7299
7200	7402
7200	7403
7200	7404
5863	5872
5054	5393
5308	6857
6036	7200
6036	7402
6036	7403
6036	7404
4983	7128
4983	6390
4983	6299
4983	7285
4983	5383
4983	6457
4892	7141
6040	6664
6420	6943
6420	6445
4910	6643
5307	6160
5306	6927
6404	7132
6049	6958
6049	6332
6050	6832
6051	6734
6727	6841
6727	6901
5291	7118
5291	7119
6053	7067
5721	7106
4892	7201
4892	7364
6055	7364
6054	6127
6061	6063
6061	7202
6063	6064
6063	6081
6058	6063
6058	6062
6058	6064
6059	6061
6059	6063
6060	6062
6060	6565
6062	6064
4892	6061
4892	6063
6065	7202
5400	6061
5400	7202
5400	6060
5400	6065
6066	6068
6066	6883
6067	6068
6067	6883
5098	6091
6069	6899
6069	6191
4959	6841
4959	6118
4959	6121
6121	6123
6121	7221
6121	6124
4892	5339
4892	5799
5281	6907
4951	5324
6072	6817
6072	7201
6074	6817
6074	7201
5414	5947
5098	6095
6639	6901
6639	6683
6075	6901
6075	6639
6075	6684
6075	6683
4951	6815
4951	5230
4951	6584
6077	6565
5098	5324
5098	6565
6078	6883
5169	5197
5169	5565
5169	5572
5169	5428
5169	6079
5169	6176
5716	6083
5716	6727
5432	6677
5432	5744
5437	6908
4936	5002
5353	6997
5353	6247
5353	6663
7203	7204
7203	7362
7204	7221
7204	7364
6085	7203
6085	7204
6085	7362
6085	6592
6512	6589
6512	6590
5154	5158
5154	5210
6086	6906
6086	7207
6086	7218
6086	6117
6315	7072
7205	7206
7205	7207
7205	7218
7205	7219
7205	7220
6088	6752
6088	6753
6088	6990
6088	7151
7206	7207
7206	7218
7206	7219
7206	7220
7207	7218
7207	7219
7207	7220
6089	6755
6089	7009
6089	7206
6089	7207
6089	7219
6089	7220
6091	6817
6091	6092
6091	6538
5207	6093
6095	6887
6095	7211
6095	6099
6095	6550
5176	6854
5098	6097
5098	7210
5098	7211
6096	6097
6096	6862
6096	6267
7209	7321
7209	7322
7209	7324
6098	7210
6098	7211
6098	7357
6098	6552
7210	7211
7210	7357
7211	7357
6099	6551
6100	6887
6100	7210
6100	7211
6101	7212
6101	7213
6101	7214
6101	7215
7212	7213
7212	7214
7212	7215
7212	7363
7213	7214
7213	7215
7213	7363
7214	7215
7214	7363
7215	7363
6102	6103
6080	6102
6080	6103
5218	6070
5218	5738
5218	5281
5218	6306
6104	7108
6104	7225
5760	6756
6105	6106
6106	6917
6106	6918
6106	6920
6106	6921
6106	6229
6106	6111
6106	7216
6106	7217
6106	6222
6106	6225
6105	6920
6105	7217
6107	6108
6107	6229
6107	6111
6107	7216
6107	6112
6107	6222
6108	6920
6108	6229
6109	7217
6110	6229
6110	7216
6229	7216
6111	6229
6111	7216
4892	7194
4892	7399
6114	6755
6114	7009
6114	7205
6114	7206
6114	7207
6114	7219
7219	7220
6116	7206
6116	7218
6117	7205
6117	7207
6117	7218
6117	7219
6119	7221
6601	7208
6122	6771
6196	6749
6196	6347
6196	6761
6196	6556
4892	5510
6123	7221
5047	5663
5047	6121
5047	6119
5047	6120
5047	5852
5047	6124
7221	7364
6125	7221
4985	5676
4985	5427
4892	6712
5450	6126
6128	6130
6128	7224
4892	7224
4986	5781
4986	6136
4892	6137
5005	5736
5842	7226
5106	7110
6676	7228
6676	7418
7228	7418
7229	7230
4892	7229
6140	7208
6140	6601
6140	6149
6437	7041
6437	7049
6437	6647
6600	7235
4994	6892
5016	7225
6145	6784
6145	7177
4892	6404
4892	5463
6148	7232
6148	7233
6148	7234
6148	7235
7231	7421
7231	7422
6149	7208
5440	6601
5440	6140
5440	6149
7232	7233
7232	7234
6150	7232
6150	7233
6150	7234
7233	7234
7233	7235
7234	7235
4892	7234
6143	6714
6143	7418
6714	7228
6714	7418
6714	6715
4965	6142
6154	6161
6155	7132
6155	6381
6156	6754
6156	6969
6149	6601
6159	6600
6159	7235
6361	6445
6361	6363
6094	7208
6094	6601
6094	6140
6168	7025
6168	6645
6180	6834
6163	7050
5987	6710
5987	6276
5987	7277
6164	6858
4892	5729
6166	6186
6167	6173
6169	6711
6169	7178
6170	6830
6170	6186
6166	6830
6011	6165
6174	6181
4994	5724
5724	7393
5724	6630
5724	7394
5724	7395
4895	6914
4895	7319
6183	7306
6183	7308
4892	5765
4892	6172
6185	6830
6185	6186
4986	6712
6187	6895
6071	6073
6190	7232
6190	7233
6190	7234
6193	7190
6194	6822
6194	6207
5176	6978
5176	6979
5176	7407
5176	7408
5852	6121
5852	6124
6197	7232
6197	7234
4892	7249
6366	6482
6366	7237
6366	6598
6366	7367
6629	7114
6201	7080
6201	7107
6201	7225
6203	6441
6204	6993
6204	7104
6205	6993
6205	7274
6205	7327
4892	6445
4892	7320
4892	6426
6206	6355
6206	6960
4987	6949
6413	7286
6413	7310
6413	7315
6413	7318
5665	5807
6192	7094
6192	7239
6208	7006
6208	7249
6209	7094
6209	7239
6642	6644
6210	7094
6210	7239
5165	7113
4892	5501
6213	6826
6213	7091
6213	6331
4892	7261
4892	7397
4892	7240
4892	6224
6214	7241
6214	7243
6215	7241
6215	7242
6215	6216
7241	7242
5157	7073
5157	7243
5157	7244
7242	7243
5157	5729
6215	7243
6216	7241
6216	7242
6216	7243
6216	7244
6217	7244
5242	6910
7246	7247
7246	7257
7246	7258
7246	7259
7246	7260
7246	7264
7247	7257
7247	7259
7247	7260
6220	6918
6109	6919
6109	6920
6109	6241
6221	6241
6222	6920
6222	7217
6221	6266
6221	6918
6223	6920
6223	6921
4892	6996
5329	7095
5329	6505
6225	6921
6225	7216
6226	7249
6643	7006
6643	7249
4892	6643
6226	7006
7250	7251
7250	7252
7250	7253
7250	7254
7251	7252
7251	7253
7251	7254
6227	7250
6227	7251
6227	7252
6227	7253
7252	7253
7252	7254
7253	7254
6228	7250
6228	7251
6228	7252
6228	7253
6228	7254
7255	7256
7255	7406
7256	7406
6231	6249
6233	6540
6224	7016
6224	6241
6224	7245
6224	7248
6224	6238
6224	6244
7257	7258
7257	7259
7257	7260
7258	7259
6237	7246
6237	7257
6237	7258
6237	7259
6237	7260
6237	6251
6237	6632
7259	7260
7259	7264
7260	7264
6025	7091
6025	7257
6025	6637
6025	7398
6238	7240
6238	7245
6638	6826
6638	7016
6638	7245
6638	7248
6239	6826
6239	7091
6239	6638
6240	7089
5536	6406
5536	6913
5536	7013
6242	7240
6243	6835
6243	7022
5367	6331
6331	7002
6331	7262
6331	7273
6331	6424
6025	6633
6244	7016
6244	7245
6244	7248
6244	6638
6245	6826
6245	7091
6246	6826
6247	6997
6248	7248
6248	6638
7261	7397
6250	7246
6250	7247
6250	7259
6251	7246
6251	7247
6251	7257
6251	7259
6251	7260
6637	7398
5824	6896
6253	6747
5432	5433
5432	5458
5293	6952
6256	6755
6256	7088
6256	7254
6257	6266
6258	7058
6262	6419
6262	6263
6262	7263
6419	7263
6263	6419
6263	7263
7263	7333
5035	6801
4892	6390
6390	7158
6390	7285
6390	6452
4895	7062
5707	6441
5707	6456
5117	6348
5117	6320
7265	7266
7265	7267
5746	7265
5746	7266
5746	6273
5746	6268
5746	7267
5746	6270
5746	6272
5746	6716
7266	7267
6273	6719
6268	7265
6268	7266
6268	7267
6268	6717
5371	6271
6271	6273
6271	6719
5371	7265
5371	6717
6717	7265
6717	7266
6717	7267
6717	6719
6270	6273
5371	6719
5371	7266
5371	7267
5468	6531
6272	6273
5371	5746
6719	7265
6719	7266
5427	6269
5371	6269
6277	6279
6277	6302
6277	6278
6277	6284
5743	5905
5743	6277
6276	6664
6280	6943
6280	6389
6282	7037
6282	7066
6282	7097
6278	6302
6283	6609
6284	6302
6090	7162
6090	6407
7269	7271
6285	6290
6285	7174
6285	7269
6285	6286
6286	7269
6286	6442
6286	7326
6286	7327
4892	6286
7270	7271
6288	7043
6288	7045
6288	7046
6288	6506
6289	6290
6289	7270
6289	7271
6291	7158
6291	7159
6291	6410
6292	6296
6292	7328
6392	6932
6392	7158
6392	7174
6392	6503
7274	7327
4892	5828
4892	7327
4892	7045
4892	7046
4892	7272
4892	6506
6442	7274
6295	6296
6296	7274
6296	7328
5522	6286
5522	7326
6287	6295
6297	7045
6297	7046
6298	6751
6445	6999
6445	7309
6445	7317
6401	7042
6401	7275
6401	7284
6299	6430
4892	6400
7275	7284
6363	7112
6363	6710
5521	6932
5521	6954
5521	7047
5521	7296
6300	7329
4892	7176
5096	5879
6301	7074
6301	7075
5116	7074
5116	7075
5116	7076
5037	7171
6441	6664
6441	6456
6304	6441
6304	6664
6096	6545
6305	7244
7277	7283
7277	7311
5651	6070
6312	6800
6312	6869
6312	7278
6312	7279
6312	7280
6312	7281
6312	6736
7278	7279
7278	7280
7278	7281
6308	6800
6308	7279
6308	7280
7279	7280
7279	7281
7280	7281
6309	6869
6309	6312
6309	7278
6309	7279
6309	7280
6309	7281
6031	6345
4892	6031
4936	6958
6311	6800
6311	6312
6313	6604
5161	6407
5693	6404
5693	6192
5693	6341
6316	6953
6316	6360
4892	7313
7282	7335
6274	6710
6274	6363
6274	6350
5188	5500
5114	7118
5114	7119
5114	6051
5114	5291
5114	6734
5114	6735
6353	7047
6203	6728
6203	7336
6203	7368
7283	7311
4892	6291
5579	6961
5579	5747
5579	6361
4892	6401
7284	7287
7284	7288
6321	6430
6321	7182
4892	6351
7286	7310
7286	7313
7286	7315
7286	7316
6322	6957
6322	7286
6323	6457
6323	7323
6457	7183
6457	7317
6324	7284
6324	7288
6320	6348
6320	6359
6325	6935
6327	6738
6328	7310
6328	6428
5607	6146
5450	7340
6330	7004
6029	7191
6333	6932
6333	6401
4892	6943
6334	6420
6334	7275
6336	6420
6337	6401
6337	7275
6337	7288
6337	6428
7288	7319
6338	7018
6338	7020
6338	7129
6338	6342
4892	6338
7290	7291
5825	7041
5825	6437
5825	6336
5825	6647
6341	6967
6341	7135
6341	7197
4892	7020
6342	7020
6342	7129
6346	7016
6346	7240
4895	7006
6350	6710
6350	6363
4892	6932
5094	6178
7297	7298
7297	7299
6351	7287
6351	6414
6351	7323
6351	6458
6352	6808
6352	6941
6354	7199
6354	7297
6354	7298
7298	7299
6356	7055
6356	6403
6357	7298
6357	7299
7299	7402
7299	7403
7299	7404
6358	7112
6358	7275
6359	6535
6362	7297
6362	7298
6362	7299
6300	6753
6336	6437
6364	6365
5648	6932
5256	6461
5113	6977
6367	6782
6367	7300
6684	7227
5436	6355
5436	5505
5436	7001
6368	6749
4892	7275
5350	6428
6374	6924
6374	6971
6374	7079
6374	7081
6374	7222
6369	7078
6369	7081
6369	7222
6370	7012
6486	7237
6481	6537
6481	6512
6372	7290
6372	7291
6373	6924
6373	7079
6373	6374
5881	6303
5881	6274
5881	6386
5881	6444
5015	7286
5015	7318
5015	7323
7301	7302
6375	6839
7303	7304
6376	7303
6376	7304
6377	7345
6377	6708
6378	7194
6378	6379
6378	7305
6378	6709
6379	7194
6379	7305
7305	7311
7305	7399
7305	7400
6380	6629
6380	7114
7306	7307
7306	7308
7307	7308
6183	7307
6384	7327
6384	7328
5628	6439
5733	6729
4892	6427
5350	7310
5350	7317
7309	7317
6444	6999
6444	7309
7310	7313
7310	7318
6387	6951
6387	7312
6647	7041
4892	6437
6388	6402
5518	7285
5518	6425
6435	6449
6435	6961
6435	7296
6403	7117
6394	7277
7311	7399
7311	7400
6395	7277
6395	7283
6395	7311
6396	7277
6396	7283
6397	7277
6397	7283
6398	6935
6398	6966
6356	7117
5358	6756
6407	7162
6407	7366
6407	6595
6409	6875
6410	7158
6410	7159
7313	7315
7313	7317
6411	7315
6411	7316
6411	7320
5665	7109
5665	7313
6412	6413
7314	7315
7314	7316
5265	7315
5265	7316
7315	7316
7316	7318
7316	7320
5015	7320
6414	7287
6415	6930
6415	7349
7318	7320
5015	6413
5015	7315
6386	6413
6386	6424
6425	7285
6416	7285
6416	7286
6416	7310
6416	7318
6416	6425
6428	7288
5832	6999
5832	6444
5832	7319
6417	6457
6417	7320
6337	6390
6411	7181
6411	7310
6411	7318
6411	6413
6411	7286
6434	7313
6434	7314
6434	7315
6434	7316
6418	7321
7321	7322
7321	7324
7321	7332
5350	7309
5350	7314
7322	7324
7322	7332
6412	6439
5521	5832
5521	7313
5521	6424
4892	7314
6421	7313
6421	7315
6421	6434
4892	6444
6422	7321
6422	7322
6422	7324
7324	7332
6423	7325
7325	7331
6424	7273
6424	6439
5348	6428
4895	7326
4895	7330
7326	7327
7326	7328
7327	7328
7327	7329
6429	7316
5612	6427
5612	5636
5612	7262
5612	7284
4892	7041
6432	6437
6432	6647
4895	5385
4892	7288
4892	7319
6384	7326
4892	6510
4892	6457
5835	6952
5348	7329
6440	7325
6423	7331
6443	7325
6443	7331
6446	7325
6446	7331
4892	7158
4892	6392
6399	6733
6399	6448
6399	6447
5171	6732
6448	6732
6450	7321
6450	7332
6451	7321
6451	7322
6451	7324
6451	7332
6452	7158
6453	7269
5387	5763
6467	7096
6467	6475
5265	5938
5265	6467
5265	6475
5228	6467
5228	6475
5228	6466
5094	6471
6459	6801
6459	6934
6459	6996
6459	7128
6471	7333
6466	7263
6466	7333
6469	7096
6472	6810
6472	7168
6474	7168
6476	6809
5327	7168
5327	6465
6477	7334
6478	6479
6480	7170
5793	5815
5793	6661
5793	6701
6339	7237
7336	7365
7336	7368
6483	7338
6484	7294
4892	6486
6485	6728
6487	7290
6487	7291
7338	7368
6488	6728
6488	7338
6490	7152
6490	7153
6491	7339
6492	6669
5016	7231
5016	7421
5016	7422
6493	6983
6493	7340
5450	6495
6495	7340
6495	6669
6495	6671
6497	6498
6497	7405
6499	7307
6499	7308
5860	7306
5860	7307
5113	5615
6500	6501
6500	7341
6501	7341
7341	7342
6006	7341
6006	7342
6502	7341
6318	7341
6318	6502
6006	6318
6001	6006
6503	7174
5617	7343
6506	7043
6506	7045
6506	7046
6506	7272
6527	7351
6508	7044
6511	7041
7343	7390
7343	7391
5371	7238
6724	7344
6454	6724
6454	7344
7344	7419
4892	6198
5983	7172
6514	6515
6008	6340
6516	7292
6517	6518
6517	7345
6518	7345
6529	6530
6529	7346
6529	7347
6529	7348
6529	7350
7346	7347
7346	7348
7346	7350
7346	7351
6519	6529
6519	7346
6519	7351
6519	6530
6519	7347
6519	7348
6520	6529
6520	7346
6520	7347
6520	7348
7347	7348
7347	7350
7348	7350
6521	6530
6521	6529
6521	7348
6522	6530
6523	7347
6523	7350
6460	7347
6460	7350
6460	6523
6524	6530
6524	7346
6524	7347
6524	7348
6524	7350
6525	6527
6525	7351
6526	6529
6526	7350
6528	6529
6528	7347
6528	7350
6522	7348
6533	6915
7352	7353
6534	6962
6534	7352
6534	7353
5197	5439
5581	6072
5581	6092
5846	6056
5846	6728
5846	7203
5846	7368
6538	6817
6539	7058
6539	7355
5007	5486
5201	6862
5201	7356
5212	6076
5212	6551
5212	6552
6541	6862
6541	7356
6552	7210
6552	7211
6552	7357
6543	6887
6543	7210
6543	7211
5475	6436
6544	6857
6544	6874
6547	6857
6265	6845
6265	6546
6265	6857
6265	6550
6549	6553
6549	6880
6549	7361
4951	6797
6550	6857
6555	6844
6555	6846
6555	6850
6555	6855
5185	6867
5185	7358
6556	6761
5185	6860
5185	6567
6557	6568
6557	7359
5211	6572
6560	6972
6560	7031
6560	7360
6561	7032
6561	7360
4892	5398
6562	6859
6562	6864
6563	6859
6563	6864
6563	6866
6564	6866
5167	7361
5189	6877
6566	6847
6566	6567
6566	6880
4951	5208
5182	6578
6558	6578
5189	5245
5185	6571
4951	6915
6570	6876
6570	6915
6571	6578
6571	6575
5185	5246
5185	6559
5211	6848
5211	6851
6572	6576
6573	6579
6573	6576
6573	6577
6578	6579
6575	6578
6033	6958
6033	6332
6577	6579
6581	6848
6581	6849
6581	6850
6583	7361
4954	6872
6587	6873
6587	7354
6588	6873
6588	7354
6591	7336
6591	7365
6592	7204
6593	6868
6593	6594
6594	6606
6594	6868
6593	6606
5188	6837
5188	6856
5188	7162
5188	6407
6595	7366
6596	7212
6596	7213
6596	7214
6596	7215
6596	7363
6073	7201
6597	7364
6598	7367
6599	7338
6599	7368
6602	6797
6603	7369
6603	7370
7369	7370
6313	6620
6313	7381
6508	6676
6508	7228
6508	7418
6608	6891
4912	6610
7371	7372
7371	7373
7371	7374
7371	7375
7372	7373
7372	7374
7372	7375
6611	7371
6611	7372
6611	7373
7373	7374
7373	7375
6612	7374
6612	7373
6612	7375
7374	7375
6613	7373
6613	7374
6613	7375
6614	7371
6614	7372
6614	7373
6614	7374
6614	7375
6615	7373
6615	7374
6615	7375
6612	7376
7376	7378
7376	7379
7376	7380
6612	7377
7377	7382
7377	7383
7377	7384
7377	7385
7377	7389
7378	7379
7378	7390
7378	7391
6660	7376
6660	7378
6660	7380
6660	7392
6616	7376
6616	6721
6721	7376
6721	7379
6721	7380
6617	7376
6617	6721
6618	7376
6618	6721
6618	7379
6618	7380
7379	7380
7379	7390
7379	7391
7379	7392
7380	7391
7380	7392
6619	6660
6622	7377
6622	7381
6622	7382
6622	6623
6622	7383
6622	7388
6622	6624
6622	7389
6619	7378
6620	6622
6620	7381
6620	6623
6620	7388
7381	7386
7381	7388
6621	7377
6621	6622
6621	7382
7382	7383
7382	7384
7382	7385
7382	7389
7383	7384
7383	7385
7383	7389
7384	7385
7384	7389
7385	7389
5681	6622
5681	7381
5681	7386
7386	7387
7386	7388
7386	7401
7387	7388
7387	7401
7388	7401
6624	7382
6624	7383
6624	7389
6625	6976
7390	7391
6626	7343
6626	7390
6626	7391
7391	7392
6628	6660
6628	7380
6628	7392
6626	7379
6626	7380
6626	7392
7393	7394
7393	7395
6630	7393
6630	7394
6630	7395
7394	7395
6632	7247
6632	7258
6230	7246
6230	6237
6230	7259
6230	7260
6230	7264
6230	6251
6230	6634
6251	7264
6633	6637
6633	7398
6633	6635
6633	6636
5085	6230
6635	7398
6636	6637
6636	7398
4922	6824
6640	7024
6640	6711
6640	7178
6644	6967
6144	6381
6144	6725
6645	7025
6646	7378
6646	7379
6646	7390
6646	7391
6313	7378
5147	7354
6648	7074
6648	7075
6648	7076
6648	7161
6649	7194
7399	7400
6650	7305
6650	7311
6650	7399
6650	7400
6651	6943
6651	7275
6652	7095
6505	7095
6505	7334
6505	6652
6505	6653
6505	6654
6505	6657
6653	7095
6654	7095
6657	7095
6657	7334
6469	6656
6466	6527
6658	7387
6658	7401
6659	7386
6659	7387
6659	7388
6659	7401
6663	6997
6055	6084
6668	6674
5450	6492
6672	6674
6673	6975
6071	7364
7402	7403
7402	7404
7403	7404
6036	7199
6036	7299
6675	7199
6675	7200
6675	7299
6675	7402
6675	7404
6682	6684
6679	6682
6683	6684
6680	6683
6678	6684
6678	6679
6678	6683
6681	6684
5373	7263
5007	5114
6685	7255
6685	7256
6685	7406
6686	7022
6686	7026
6686	7027
7407	7408
6689	7136
6689	7147
5840	7137
5866	7137
6691	6707
5585	7029
6693	7192
6693	6707
6693	7409
6694	7192
6694	6707
6696	7139
6696	7410
6697	7139
6697	7410
6698	7139
6698	7410
6699	7139
6699	7410
6700	7139
6700	7410
6704	7054
7411	7412
7411	7413
7411	7414
7411	7415
7411	7416
7411	7417
7412	7413
7412	7414
7412	7415
7412	7416
7412	7417
6705	7411
6705	7412
6705	7413
6705	7414
6705	7415
6705	7416
7413	7414
7413	7415
7413	7416
7413	7417
7414	7415
7414	7416
7414	7417
7415	7416
7415	7417
7416	7417
6706	7411
6706	7412
6706	7413
6706	7414
6706	7416
6706	7417
6708	7345
6709	7400
6713	7111
6713	7123
6715	7228
6715	7418
6716	7265
6716	7266
6718	7267
6718	6719
4892	7419
6723	7344
6723	7419
6726	7407
6726	7408
6339	7367
5734	5735
5734	7000
5516	6730
6731	6981
6731	7231
6731	7421
6731	7422
7421	7422
6735	7118
6735	7119
6736	7278
