1378	4720
1379	23021
1380	10811
1381	10940
1382	28124
1383	28125
1384	28126
1385	28127
1386	10953
1387	11458
1388	30160
1389	16609
1390	21033
1391	21073
1392	21153
1393	22364
1394	23336
1395	27186
1396	27187
1397	27190
1398	27191
1399	27192
1400	27193
1401	27194
1402	27195
1403	27197
1404	27198
1405	27200
1406	27203
1407	27204
1408	27205
1409	27206
1410	27207
1411	27208
1412	27209
1413	27210
1414	27211
1415	27212
1416	27213
1417	27214
1418	27217
1419	27218
1420	27220
1421	27221
1422	27222
1423	27224
1424	27225
1425	27226
1426	27227
1427	27228
1428	27229
1429	27230
1430	27231
1431	27232
1432	27233
1433	31637
1434	31638
1435	31639
1436	31640
1437	31641
1438	31642
1439	31643
1440	27268
1441	31646
1442	31647
1443	35295
1444	35296
1445	35297
