4720	23021
10811	23021
10940	23021
10940	28124
10940	28125
10940	28126
10940	28127
10953	23021
11458	23021
11458	30160
16609	30160
21033	23021
21073	23021
21153	23021
22364	30160
23021	23336
23021	27186
23021	27187
23021	27190
23021	27191
23021	27192
23021	27193
23021	27194
23021	27195
23021	27197
23021	27198
23021	27200
23021	27203
23021	27204
23021	27205
23021	27206
23021	27207
23021	27208
23021	27209
23021	27210
23021	27211
23021	27212
23021	27213
23021	27214
23021	27217
23021	27218
23021	27220
23021	27221
23021	27222
23021	27224
23021	27225
23021	27226
23021	27227
23021	27228
23021	27229
23021	27230
23021	27231
23021	27232
23021	27233
27190	27191
27191	31637
27191	31638
27191	31639
27191	31640
27191	31641
27191	31642
27191	31643
27268	30160
27268	31646
27268	31647
30160	31646
30160	31647
30160	35295
30160	35296
30160	35297
31637	31638
31637	31639
31637	31640
31637	31641
31637	31642
31637	31643
31638	31639
31638	31640
31638	31641
31638	31642
31638	31643
31639	31640
31639	31641
31639	31642
31639	31643
31640	31641
31640	31642
31640	31643
31641	31642
31641	31643
31642	31643
31646	31647
31646	35295
31647	35295
