478	5858
478	7433
478	12919
478	12922
478	12923
478	12924
478	12926
478	12929
478	12930
478	12931
478	12932
478	12933
478	12935
478	12939
478	12942
478	12944
478	12945
478	12946
478	12948
478	12952
478	12954
478	12955
478	12956
478	12960
478	12961
478	12962
478	12963
478	12972
478	12973
478	12974
478	12979
478	12982
478	12983
478	12986
478	12987
478	12988
478	12991
478	12992
478	12993
478	12996
478	12997
478	13000
478	13002
478	13005
478	13007
478	13008
478	13010
478	13011
478	13016
478	13017
478	13018
478	13019
478	13020
478	13021
478	13022
478	13023
478	13024
478	13029
478	13030
478	13031
478	13032
12930	24419
12930	24420
12930	24421
12930	24422
12944	12945
12955	12956
24419	24420
24419	24421
24419	24422
24420	24421
24420	24422
24421	24422
