0	478
1	5858
2	7433
3	12919
4	12922
5	12923
6	12924
7	12926
8	12929
9	12930
10	12931
11	12932
12	12933
13	12935
14	12939
15	12942
16	12944
17	12945
18	12946
19	12948
20	12952
21	12954
22	12955
23	12956
24	12960
25	12961
26	12962
27	12963
28	12972
29	12973
30	12974
31	12979
32	12982
33	12983
34	12986
35	12987
36	12988
37	12991
38	12992
39	12993
40	12996
41	12997
42	13000
43	13002
44	13005
45	13007
46	13008
47	13010
48	13011
49	13016
50	13017
51	13018
52	13019
53	13020
54	13021
55	13022
56	13023
57	13024
58	13029
59	13030
60	13031
61	13032
62	24419
63	24420
64	24421
65	24422
