0	530
1	15591
2	15605
3	21542
4	22601
5	22602
6	22603
7	22606
8	22607
9	22608
10	22609
11	22615
12	22616
13	22617
14	22618
15	22619
16	22620
17	22621
18	22626
19	22627
20	22629
21	22630
22	22633
23	22634
24	22635
25	22636
26	22638
27	22641
28	22642
29	22644
30	22645
31	22646
32	22647
33	22648
34	22649
35	22653
36	22658
37	22659
38	22660
39	22661
40	22663
41	22664
42	22667
43	22670
44	22673
45	22675
46	22676
47	22677
48	22678
49	22679
50	22680
51	22681
52	22682
53	22684
54	22687
55	22689
56	22690
57	22691
58	22695
59	22697
60	22698
61	22699
62	22700
63	22701
64	22705
65	22706
66	22707
67	22708
68	22709
69	22710
70	22712
71	22713
72	22714
73	22715
74	22716
75	22717
76	22718
77	22720
78	22721
79	22722
80	22723
81	22724
82	22725
83	22728
84	22729
85	22730
86	27449
87	27456
88	27457
89	27458
90	27459
91	27460
92	27461
93	27462
94	27477
95	27450
96	27451
97	27452
98	27453
99	27454
