10732	17117
10732	17118
10732	17119
10732	17120
13185	15788
13185	15876
13825	16794
13825	16795
13825	17452
13825	18459
14497	16423
14497	20925
14497	23954
14497	26370
14509	16423
14509	38614
15076	15077
15076	16434
15076	18459
15076	23953
15076	25875
15076	35238
15788	16794
15788	23176
15876	23999
15876	24000
16423	21604
16434	19586
16434	23954
16794	16795
17107	30808
17107	32178
17117	17118
17117	17119
17117	17120
17117	19586
17118	17119
17118	17120
17118	26522
17119	17120
17452	21646
18459	32227
18459	34417
18807	21604
18807	21605
19586	23953
19586	23954
21604	21605
23953	23954
23999	24000
30808	32178
30808	32227
30808	33923
32227	34416
32227	34417
