0	10
0	32
0	41
0	42
0	68
0	73
0	86
0	91
0	95
0	106
0	108
0	109
0	110
0	113
0	114
0	116
0	118
0	53
0	111
0	1
0	17
0	49
0	88
0	94
0	99
0	107
0	117
0	55
0	8
0	82
0	34
0	37
0	36
0	40
0	65
0	62
0	79
0	81
0	52
10	32
10	41
10	91
10	113
10	53
10	49
10	88
10	94
10	107
10	55
10	37
10	36
10	40
10	65
10	79
10	97
10	98
10	105
10	11
10	12
10	13
32	41
32	108
32	113
32	88
32	34
32	37
32	36
32	40
32	65
32	62
32	52
32	97
32	98
32	105
32	33
0	120
0	119
41	73
41	86
41	91
41	95
41	49
41	88
41	94
41	82
41	65
41	62
41	77
41	79
41	81
41	83
41	52
41	56
41	69
41	120
42	68
42	73
42	86
42	110
42	114
42	53
42	49
42	117
42	82
42	77
42	79
42	81
42	83
42	52
42	112
42	119
42	43
42	44
42	45
42	46
0	97
0	98
0	112
68	86
68	110
68	114
68	88
68	117
68	83
68	112
68	119
73	91
73	106
73	110
73	94
73	107
73	77
73	79
73	81
73	83
73	115
73	74
73	75
73	76
86	110
86	114
86	116
86	99
86	117
86	112
86	119
86	87
91	95
91	106
91	108
91	109
91	113
91	94
91	98
91	120
91	105
91	100
91	112
91	115
91	92
91	93
95	108
95	113
95	107
95	120
95	96
0	83
0	77
106	109
108	113
108	120
108	115
109	116
110	114
110	116
110	117
110	112
110	119
113	120
114	116
114	117
114	119
0	69
53	73
53	95
53	108
53	94
53	107
53	77
53	79
53	69
53	120
53	54
0	105
0	100
0	56
0	115
1	41
1	42
1	68
1	73
1	91
1	95
1	110
1	113
1	17
1	88
1	94
1	107
1	40
1	62
1	77
1	79
1	81
1	83
1	2
1	3
1	4
17	42
17	73
17	95
17	108
17	114
17	118
17	53
17	94
17	107
17	37
17	40
17	77
17	79
17	81
17	56
17	18
17	19
17	20
17	21
17	22
17	23
17	24
17	25
17	26
17	27
17	28
17	29
17	30
17	31
49	73
49	95
49	53
49	77
49	79
49	56
49	69
49	120
49	50
49	51
88	91
88	108
88	109
88	113
88	111
88	94
88	89
94	106
94	109
94	110
94	120
107	113
107	120
117	119
55	99
55	65
55	56
55	98
8	10
8	53
8	17
8	99
8	82
8	37
8	65
8	98
8	9
82	109
34	68
34	86
34	109
34	110
34	111
34	88
34	94
34	117
34	55
34	37
34	52
34	112
34	119
34	35
37	41
37	73
37	108
37	53
37	49
37	94
37	107
37	40
37	65
37	77
37	79
37	56
37	120
37	38
37	39
36	86
36	91
36	106
36	108
36	109
36	53
36	88
36	94
36	99
36	37
36	40
36	65
36	77
36	79
36	52
36	69
36	120
36	100
36	112
36	115
40	41
40	73
40	91
40	106
40	113
40	111
40	49
40	88
40	94
40	65
40	62
40	79
40	81
40	52
40	69
40	120
65	91
65	95
65	69
65	97
65	98
65	120
65	105
65	100
62	91
62	113
62	111
62	88
62	65
62	79
62	120
62	100
62	112
62	63
62	64
77	95
77	113
77	114
77	107
77	79
77	83
77	120
77	78
79	95
79	106
79	88
79	94
79	107
79	81
79	83
79	120
79	112
81	91
81	95
81	108
81	113
81	83
81	120
81	112
83	108
2	82
3	83
4	68
52	68
52	73
52	91
52	109
52	113
52	53
52	111
52	65
52	62
52	79
52	83
52	69
52	120
52	112
56	73
56	114
56	118
56	79
56	69
56	120
56	57
56	58
56	59
56	60
56	61
69	73
69	91
69	95
69	77
69	79
69	81
69	98
69	120
69	100
69	112
69	70
69	71
69	72
97	108
97	98
97	105
97	100
97	115
98	99
98	120
98	100
105	108
105	120
105	115
5	118
5	8
5	37
6	8
6	37
7	8
7	37
9	107
11	73
11	113
11	107
11	77
12	79
13	105
14	17
14	79
15	17
15	79
15	56
16	118
16	17
16	56
18	107
19	56
20	56
21	56
22	118
23	56
24	56
25	56
26	118
27	109
28	56
29	118
30	56
31	114
33	94
100	120
100	105
100	115
100	101
100	102
100	103
100	104
112	113
112	114
112	116
112	117
112	120
112	119
35	82
115	120
38	49
39	107
43	81
44	110
45	79
45	81
46	110
47	49
47	77
48	49
48	77
50	107
51	107
54	79
57	118
58	105
59	82
60	118
61	118
63	88
64	88
66	68
66	88
67	68
67	117
70	95
71	113
72	91
74	81
75	108
76	118
78	95
80	113
80	81
84	95
84	120
85	86
85	114
87	97
89	111
90	91
90	95
92	97
93	100
96	114
101	105
102	105
103	105
104	105
