631	2467
632	14921
633	20410
634	20413
635	20414
636	20415
637	20416
638	20418
639	20421
640	20424
641	20433
642	20434
643	20438
644	20439
645	20440
646	20441
647	20445
648	20448
649	20450
650	20451
651	20452
652	20456
653	20457
654	20459
655	20461
656	20463
657	20464
658	20466
659	20467
660	20468
661	20469
662	20470
663	20471
664	20474
665	20476
666	20477
667	20478
668	20480
669	20482
670	20486
671	20487
672	20488
673	20492
674	20493
675	20494
676	20500
677	20501
678	20502
679	20503
680	20504
681	20505
682	20506
683	20507
684	20508
685	20509
686	20510
687	20511
688	20512
689	20513
690	20515
691	20516
692	20518
693	20519
694	20520
695	20523
696	20524
697	20525
698	20527
699	20528
700	20529
701	20530
702	20533
703	20535
704	20536
705	20537
706	20538
707	20539
708	20540
709	20541
710	20544
711	20545
712	20547
713	20548
714	20549
715	20550
716	20551
717	20552
718	20553
719	20556
720	20557
721	20559
722	20560
723	20561
724	20562
725	20563
726	20564
727	20565
728	20568
729	20569
730	20570
731	20571
732	20572
733	20573
734	20576
735	20577
736	20581
737	20582
738	20584
739	20585
740	20586
741	20587
742	20589
743	20590
744	20592
745	20594
746	20595
747	20596
748	20597
749	20601
750	20602
751	20605
752	20606
753	20610
754	20611
755	20613
756	20615
757	20616
758	21047
759	21048
760	21049
761	21050
762	20796
763	20797
764	20798
765	21385
766	21386
767	21387
768	21388
769	21389
770	21390
771	21391
772	21057
773	21058
774	21051
775	21052
776	21053
777	21054
778	21055
779	21056
780	21359
781	21360
782	21361
783	21362
784	21363
785	21364
