2497	5253
2498	10049
2499	13475
2500	13492
2501	13504
2502	16854
2503	24468
2504	24483
2505	24530
2506	26203
2507	26204
2508	26205
2509	26206
2510	26210
2511	26211
2512	26212
2513	26213
2514	26216
2515	26217
2516	26218
2517	26219
2518	26220
2519	26221
2520	26222
2521	26227
2522	26228
2523	26229
2524	26230
2525	26231
2526	26232
2527	26233
2528	26234
2529	26235
2530	26236
2531	26237
2532	26238
2533	26239
2534	26240
2535	26242
2536	26243
2537	26244
2538	26245
2539	26246
2540	26247
2541	26248
2542	26249
2543	26250
2544	26251
2545	26253
2546	26254
2547	26257
2548	26258
2549	26259
2550	26260
2551	26262
2552	26263
2553	26265
2554	26266
2555	26267
2556	26268
2557	26269
2558	26270
2559	26271
2560	26272
2561	26273
2562	26274
2563	26275
2564	26276
2565	26277
2566	26278
2567	26279
2568	26280
2569	26281
2570	26282
2571	26283
2572	26284
2573	26285
2574	26286
2575	26287
