5253	10049
5253	13475
5253	13492
5253	13504
5253	16854
5253	24468
5253	24483
5253	24530
5253	26203
5253	26204
5253	26205
5253	26206
5253	26210
5253	26211
5253	26212
5253	26213
5253	26216
5253	26217
5253	26218
5253	26219
5253	26220
5253	26221
5253	26222
5253	26227
5253	26228
5253	26229
5253	26230
5253	26231
5253	26232
5253	26233
5253	26234
5253	26235
5253	26236
5253	26237
5253	26238
5253	26239
5253	26240
5253	26242
5253	26243
5253	26244
5253	26245
5253	26246
5253	26247
5253	26248
5253	26249
5253	26250
5253	26251
5253	26253
5253	26254
5253	26257
5253	26258
5253	26259
5253	26260
5253	26262
5253	26263
5253	26265
5253	26266
5253	26267
5253	26268
5253	26269
5253	26270
5253	26271
5253	26272
5253	26273
5253	26274
5253	26275
5253	26276
5253	26277
5253	26278
5253	26279
5253	26280
5253	26281
5253	26282
5253	26283
5253	26284
5253	26285
5253	26286
5253	26287
