66	1834
67	14288
68	19777
69	19780
70	19781
71	19782
72	19783
73	19785
74	19788
75	19791
76	19800
77	19801
78	19805
79	19806
80	19807
81	19808
82	19812
83	19815
84	19817
85	19818
86	19819
87	19823
88	19824
89	19826
90	19828
91	19830
92	19831
93	19833
94	19834
95	19835
96	19836
97	19837
98	19838
99	19841
100	19843
101	19844
102	19845
103	19847
104	19849
105	19853
106	19854
107	19855
108	19859
109	19860
110	19861
111	19867
112	19868
113	19869
114	19870
115	19871
116	19872
117	19873
118	19874
119	19875
120	19876
121	19877
122	19878
123	19879
124	19880
125	19882
126	19883
127	19885
128	19886
129	19887
130	19890
131	19891
132	19892
133	19894
134	19895
135	19896
136	19897
137	19900
138	19902
139	19903
140	19904
141	19905
142	19906
143	19907
144	19908
145	19911
146	19912
147	19914
148	19915
149	19916
150	19917
151	19918
152	19919
153	19920
154	19923
155	19924
156	19926
157	19927
158	19928
159	19929
160	19930
161	19931
162	19932
163	19935
164	19936
165	19937
166	19938
167	19939
168	19940
169	19943
170	19944
171	19948
172	19949
173	19951
174	19952
175	19953
176	19954
177	19956
178	19957
179	19959
180	19961
181	19962
182	19963
183	19964
184	19968
185	19969
186	19972
187	19973
188	19977
189	19978
190	19980
191	19982
192	19983
193	20414
194	20415
195	20416
196	20417
197	20163
198	20164
199	20165
200	20752
201	20753
202	20754
203	20755
204	20756
205	20757
206	20758
207	20424
208	20425
209	20418
210	20419
211	20420
212	20421
213	20422
214	20423
215	20726
216	20727
217	20728
218	20729
219	20730
220	20731
