1599	11533
1599	26242
1599	26275
1599	27682
1599	27683
1599	27684
1599	27686
1599	27688
1599	27689
1599	27690
1599	27691
1599	27692
1599	27693
1599	27694
1599	27695
1599	27696
1599	27697
1599	27698
1599	27699
1599	27700
1599	27701
1599	27702
1599	27703
1599	27704
1599	27705
1599	27706
1599	27707
1599	27708
1599	27709
1599	27710
1599	27711
1599	27712
1599	27713
1599	27714
1599	27715
1599	27716
1599	27717
1599	27718
27683	27688
27683	27690
27688	27690
27688	27709
27688	33758
27688	33759
27688	33760
27709	33758
27709	33760
33758	33759
33758	33760
33759	33760
