600	2340
601	6632
602	6636
603	6654
604	6675
605	6696
606	6704
607	6760
608	6855
609	6869
610	6872
611	6891
612	6991
613	7042
614	16250
615	18984
616	19078
617	22211
618	23700
619	23701
620	23703
621	23704
622	23705
623	23708
624	23711
625	23712
626	23713
627	23714
628	23715
629	23716
630	23717
631	23718
632	23719
633	23720
634	23722
635	23724
636	23725
637	23726
638	23727
639	23728
640	23729
641	23730
642	23731
643	23732
644	23735
645	23736
646	23737
647	23739
648	23740
649	23741
650	23744
651	23745
652	23746
653	23748
654	23749
655	23750
656	23751
657	23752
658	23753
659	23754
660	23757
661	23758
662	23759
663	23760
664	23762
665	23763
666	23764
667	23765
668	23767
669	23769
670	23770
671	23771
672	23772
673	23773
674	23774
675	23775
676	6681
677	6743
678	34173
679	34174
680	34175
