2340	6632
2340	6636
2340	6654
2340	6675
2340	6696
2340	6704
2340	6760
2340	6855
2340	6869
2340	6872
2340	6891
2340	6991
2340	7042
2340	16250
2340	18984
2340	19078
2340	22211
2340	23700
2340	23701
2340	23703
2340	23704
2340	23705
2340	23708
2340	23711
2340	23712
2340	23713
2340	23714
2340	23715
2340	23716
2340	23717
2340	23718
2340	23719
2340	23720
2340	23722
2340	23724
2340	23725
2340	23726
2340	23727
2340	23728
2340	23729
2340	23730
2340	23731
2340	23732
2340	23735
2340	23736
2340	23737
2340	23739
2340	23740
2340	23741
2340	23744
2340	23745
2340	23746
2340	23748
2340	23749
2340	23750
2340	23751
2340	23752
2340	23753
2340	23754
2340	23757
2340	23758
2340	23759
2340	23760
2340	23762
2340	23763
2340	23764
2340	23765
2340	23767
2340	23769
2340	23770
2340	23771
2340	23772
2340	23773
2340	23774
2340	23775
6681	6704
6681	6743
6855	23713
6855	23714
6855	23715
6855	23716
23711	23735
23712	23718
23713	23714
23713	23715
23713	23716
23714	23715
23714	23716
23715	23716
23717	23718
23717	23740
23722	23741
23758	34173
23758	34174
23758	34175
34173	34174
34173	34175
34174	34175
