1373	6673
1374	33272
1375	33273
1376	33274
1377	33275
1378	33276
1379	33277
1380	33278
1381	33279
1382	33281
1383	33282
1384	33283
1385	33284
1386	33285
1387	33286
1388	33287
1389	33289
1390	33290
1391	33291
1392	33292
1393	33293
1394	33295
1395	33296
1396	33297
1397	33298
1398	33299
1399	33300
1400	33301
1401	33302
1402	33303
1403	33304
1404	33305
1405	33306
1406	33307
1407	33308
1408	33309
1409	33311
1410	33312
1411	33314
1412	33315
1413	33316
1414	33317
1415	33318
1416	33319
1417	33320
1418	33321
1419	33322
1420	33323
1421	33324
1422	33325
1423	33326
1424	33327
1425	33328
1426	33329
1427	33330
1428	33331
1429	33332
1430	33333
1431	33334
1432	33335
1433	33336
1434	33337
1435	33338
1436	33339
1437	33340
1438	33341
1439	33342
1440	33343
1441	33344
1442	33345
1443	33346
1444	33347
1445	33348
1446	33349
1447	33350
1448	33351
1449	33352
1450	33353
1451	33355
1452	33356
1453	33357
1454	33358
1455	33359
1456	33360
1457	33361
1458	33362
1459	33363
1460	33364
1461	33366
1462	33368
1463	33369
1464	33370
1465	33371
1466	33373
1467	33374
1468	33375
1469	33377
1470	33378
1471	33379
1472	33381
1473	33382
1474	33383
1475	33384
1476	33385
1477	33386
1478	33388
1479	33390
1480	33391
1481	33392
1482	33393
1483	33394
1484	33395
1485	33396
1486	33397
1487	33398
1488	33399
1489	33400
1490	33401
1491	33402
1492	33403
1493	33404
1494	33405
1495	33406
1496	33407
1497	33408
1498	33409
1499	33410
1500	33411
1501	33412
1502	33413
1503	33414
1504	33415
1505	33416
1506	33417
1507	33418
1508	33478
1509	33479
1510	33480
1511	33481
1512	33482
