6673	33272
6673	33273
6673	33274
6673	33275
6673	33276
6673	33277
6673	33278
6673	33279
6673	33281
6673	33282
6673	33283
6673	33284
6673	33285
6673	33286
6673	33287
6673	33289
6673	33290
6673	33291
6673	33292
6673	33293
6673	33295
6673	33296
6673	33297
6673	33298
6673	33299
6673	33300
6673	33301
6673	33302
6673	33303
6673	33304
6673	33305
6673	33306
6673	33307
6673	33308
6673	33309
6673	33311
6673	33312
6673	33314
6673	33315
6673	33316
6673	33317
6673	33318
6673	33319
6673	33320
6673	33321
6673	33322
6673	33323
6673	33324
6673	33325
6673	33326
6673	33327
6673	33328
6673	33329
6673	33330
6673	33331
6673	33332
6673	33333
6673	33334
6673	33335
6673	33336
6673	33337
6673	33338
6673	33339
6673	33340
6673	33341
6673	33342
6673	33343
6673	33344
6673	33345
6673	33346
6673	33347
6673	33348
6673	33349
6673	33350
6673	33351
6673	33352
6673	33353
6673	33355
6673	33356
6673	33357
6673	33358
6673	33359
6673	33360
6673	33361
6673	33362
6673	33363
6673	33364
6673	33366
6673	33368
6673	33369
6673	33370
6673	33371
6673	33373
6673	33374
6673	33375
6673	33377
6673	33378
6673	33379
6673	33381
6673	33382
6673	33383
6673	33384
6673	33385
6673	33386
6673	33388
6673	33390
6673	33391
6673	33392
6673	33393
6673	33394
6673	33395
6673	33396
6673	33397
6673	33398
6673	33399
6673	33400
6673	33401
6673	33402
6673	33403
6673	33404
6673	33405
6673	33406
6673	33407
6673	33408
6673	33409
6673	33410
6673	33411
6673	33412
6673	33413
6673	33414
6673	33415
6673	33416
6673	33417
6673	33418
33368	33369
33368	33370
33369	33370
33369	33478
33369	33479
33369	33480
33369	33481
33369	33482
33478	33479
33478	33480
33478	33481
33478	33482
33479	33480
33479	33481
33479	33482
33480	33481
33480	33482
33481	33482
