66	1738
67	6030
68	6034
69	6052
70	6073
71	6094
72	6102
73	6158
74	6253
75	6267
76	6270
77	6289
78	6389
79	6440
80	15648
81	18382
82	18476
83	21609
84	23098
85	23099
86	23101
87	23102
88	23103
89	23106
90	23109
91	23110
92	23111
93	23112
94	23113
95	23114
96	23115
97	23116
98	23117
99	23118
100	23120
101	23122
102	23123
103	23124
104	23125
105	23126
106	23127
107	23128
108	23129
109	23130
110	23133
111	23134
112	23135
113	23137
114	23138
115	23139
116	23142
117	23143
118	23144
119	23146
120	23147
121	23148
122	23149
123	23150
124	23151
125	23152
126	23155
127	23156
128	23157
129	23158
130	23160
131	23161
132	23162
133	23163
134	23165
135	23167
136	23168
137	23169
138	23170
139	23171
140	23172
141	23173
142	6079
143	6141
144	33571
145	33572
146	33573
