1749	11299
1749	11300
1749	11302
1749	11305
1749	11306
1749	11307
1749	11308
1749	11312
1749	11314
1749	11316
1749	11317
1749	11320
1749	11323
1749	11324
1749	11326
1749	11332
1749	11333
1749	11334
1749	11337
1749	11338
1749	11339
1749	11340
1749	11341
1749	11348
1749	11349
1749	11354
1749	11355
1749	11356
1749	11359
1749	11364
1749	11366
1749	11369
1749	11370
1749	11372
1749	11373
1749	11374
1749	11381
1749	11384
1749	11385
1749	11389
1749	11390
1749	11392
1749	11394
1749	11395
1749	11396
1749	11400
1749	11401
1749	11402
1749	11403
11302	16247
11302	16248
11332	11333
11332	17422
11337	11338
11340	11341
11372	17426
11372	17427
11372	17428
11372	17429
16247	16248
17426	17427
17426	17428
17427	17428
17429	19198
