0	1827
1	14565
2	14566
3	14589
4	14599
5	14600
6	14601
7	14602
8	14603
9	14604
10	14605
11	14606
12	14607
13	14609
14	14610
15	14611
16	14612
17	14613
18	14614
19	14615
20	14616
21	14617
22	14618
23	14620
24	14621
25	14622
26	14623
27	14624
28	14625
29	14626
30	14627
31	14628
32	14629
33	14631
34	14632
35	14633
36	14634
37	14635
38	14636
39	14637
40	14638
41	14639
42	14640
43	14641
44	14642
45	14643
46	14644
47	14645
48	14646
49	14647
50	14648
51	14649
52	14650
53	14651
54	14652
55	14653
56	14654
57	14655
58	14656
59	14657
60	14658
61	14659
62	14660
63	14661
64	14662
65	14663
66	14665
67	14666
68	14667
69	14668
70	14670
71	14671
72	14672
73	14673
74	14674
75	14675
76	14676
77	14677
78	14678
79	14679
80	14680
81	14681
82	14682
83	14683
84	14684
85	14685
86	14686
87	14687
88	14688
89	14689
90	14690
91	14691
92	14692
93	14693
94	14695
95	14696
96	14697
97	14698
98	14699
99	14701
100	14702
101	14703
102	14704
103	14705
104	14706
105	14707
106	14708
107	14709
108	14710
109	14711
110	14712
111	14713
112	14714
113	14715
114	14716
115	14717
116	14718
117	14719
118	14720
119	14721
120	14722
121	14723
122	14724
123	14725
124	14726
125	14727
126	14728
127	14729
128	14730
129	14731
130	14732
131	14733
132	14734
133	14735
134	14736
135	14737
136	14738
137	14739
138	14740
139	14741
140	14742
141	14743
142	14744
143	14745
144	14746
145	14747
146	14748
147	14749
148	14750
149	14751
150	14752
151	14753
152	14754
153	14755
154	14756
155	14757
156	14758
157	14760
158	14761
159	14762
160	14763
161	14764
162	14765
163	14766
164	14767
165	14768
166	14769
167	14770
168	14771
169	14772
170	14773
171	14774
172	14775
173	14776
174	14777
175	14778
176	14779
177	14780
178	14781
179	14782
180	14783
181	14784
182	14785
183	14786
184	14787
185	14788
186	14789
187	14790
188	14791
189	14792
190	14793
191	14794
192	14795
193	14796
194	14797
195	14798
196	14799
197	14800
198	14801
199	14802
200	14803
201	14804
202	14805
203	14806
204	14807
205	14808
206	14809
207	14810
208	14811
209	14812
210	14813
211	14814
212	14815
213	14816
214	14817
215	14818
216	14819
217	14820
218	14821
219	14822
220	14823
221	14824
222	14825
223	14826
224	14828
225	14829
226	14830
227	14831
228	14832
229	14833
230	14834
231	14836
232	14838
233	14839
234	14841
235	14843
236	14844
237	14845
238	14846
239	14847
240	14848
241	14849
242	14850
243	14851
244	14852
245	14853
246	14854
247	14855
248	14858
249	14859
