25159	25705
25159	25706
25159	30243
25159	30244
25159	30245
25159	30246
25159	30247
25159	30248
25159	30249
25159	30250
25159	30251
25159	30252
25159	30253
25159	30254
25159	30255
25159	30256
25159	30257
25159	30258
25159	30259
25159	30260
25159	30261
25159	30262
25159	30263
25159	30264
25159	30265
25705	25706
25705	30263
25706	30246
25706	30262
25706	30263
30243	30244
30243	30245
30244	30245
30245	30246
30245	30247
30245	30248
30245	30249
30245	30250
30245	30259
30245	30260
30246	30247
30246	30248
30246	30249
30246	30257
30246	30262
30247	30248
30247	30249
30248	30249
30248	30250
30248	30257
30248	30262
30251	30252
30251	30253
30252	30253
30254	30255
30254	30256
30254	30261
30255	30256
30256	30261
30257	30258
30259	30260
30259	30264
30259	30265
30264	30265
