4089	10524
4090	15537
4091	19874
4092	25599
4093	25601
4094	25607
4095	25635
4096	25847
4097	34348
4098	34449
4099	34450
4100	34451
4101	34452
4102	34453
4103	34454
4104	34455
4105	34456
4106	34458
4107	34459
4108	34460
4109	34461
4110	34462
4111	34463
4112	34464
4113	34467
4114	34469
4115	34471
4116	34472
4117	34473
4118	34474
4119	34476
4120	34478
4121	34479
4122	34480
4123	34481
4124	34482
4125	34483
4126	34484
4127	34485
4128	34486
4129	34487
4130	34488
4131	34489
4132	34490
4133	34491
4134	34492
4135	34494
4136	34495
4137	34497
4138	34498
4139	34499
4140	25576
4141	25577
4142	25578
4143	25645
4144	34509
4145	34510
4146	34511
4147	26058
4148	26116
4149	26117
4150	25593
4151	25643
4152	25842
4153	34345
4154	34346
4155	34347
4156	25644
4157	34356
4158	25841
4159	34374
4160	34375
4161	34514
4162	34515
4163	34516
4164	34517
4165	34518
4166	26069
4167	34537
4168	34549
4169	34550
4170	34560
4171	34561
4172	34536
4173	34538
4174	34539
4175	34540
4176	34541
4177	34542
4178	34543
4179	34544
4180	34545
4181	34546
4182	34547
4183	34548
4184	34551
4185	34552
4186	34553
4187	34556
4188	34557
4189	34558
