1378	7836
1379	10871
1380	8170
1381	8171
1382	26915
1383	26917
1384	26918
1385	26919
1386	26916
1387	21821
1388	21823
1389	21824
1390	21825
1391	21826
1392	21828
1393	21829
1394	21830
1395	21831
1396	21832
1397	21833
1398	21834
1399	21835
1400	21836
1401	21837
1402	21838
1403	21839
1404	21840
1405	21842
1406	21843
1407	21844
1408	21845
1409	21846
1410	21847
1411	21848
1412	21849
1413	21850
1414	21851
1415	21852
1416	21853
1417	21854
1418	21855
1419	21856
1420	21857
1421	21858
1422	21859
1423	21860
1424	21861
1425	21862
