7836	10871
8170	8171
8170	26915
8170	26917
8170	26918
8170	26919
8171	10871
8171	26915
8171	26916
8171	26917
8171	26918
8171	26919
10871	21821
10871	21823
10871	21824
10871	21825
10871	21826
10871	21828
10871	21829
10871	21830
10871	21831
10871	21832
10871	21833
10871	21834
10871	21835
10871	21836
10871	21837
10871	21838
10871	21839
10871	21840
10871	21842
10871	21843
10871	21844
10871	21845
10871	21846
10871	21847
10871	21848
10871	21849
10871	21850
10871	21851
10871	21852
10871	21853
10871	21854
10871	21855
10871	21856
10871	21857
10871	21858
10871	21859
10871	21860
10871	21861
10871	21862
26915	26916
26917	26918
