22374	30654
22374	31733
22374	36138
29036	30654
30654	31727
30654	31728
30654	31729
30654	31730
30654	31733
30654	31734
30654	31746
30654	31747
30654	31760
30654	31761
30654	31764
30654	36137
30654	36138
30654	36139
30654	36140
30654	36141
30654	36142
30654	36143
30654	36144
30654	36145
31727	31728
31727	31733
31727	31746
31727	36140
31729	31730
31729	31733
31729	31734
31729	36137
31729	36139
31733	31734
31733	31746
31733	31747
31733	36137
31733	36138
31734	36139
31746	31747
31746	36140
31747	31764
31760	31761
36141	36142
36143	36144
36143	36145
36144	36145
