6085	9148
6085	9183
6085	9184
6085	9213
6085	9223
6085	9233
6085	9275
6085	9311
6085	10063
6085	12833
6085	12863
6085	13318
6085	13384
6085	15432
6085	17881
6085	26109
6085	29541
6085	29671
6085	29672
6085	29673
6085	29674
6085	29675
6085	29676
6085	29677
6085	29678
6085	29679
6085	29680
6085	29681
6085	29682
6085	29684
6085	29685
6085	29686
6085	29687
6085	29688
6085	29689
6085	29690
6085	29691
6085	29692
6085	29693
6085	29694
6085	29695
6085	29696
6085	29697
6085	29698
6085	29700
6085	29701
6085	29702
6085	29703
6085	29704
6085	29705
6085	29706
6085	29707
6085	29708
6085	29709
6085	29710
6085	29711
6085	29712
6085	29713
6085	29714
6085	29715
6085	29716
6085	29719
6085	29721
6085	29722
6085	29724
6085	29725
6085	29726
6085	29727
6085	29728
6085	29729
9183	9184
9183	9223
9183	29685
9183	29689
9183	29716
9183	36584
9183	36585
9183	36586
9183	36587
9183	36588
9183	36589
9183	36590
9184	9223
9184	29685
9184	29689
9184	29716
9223	29685
9275	9276
9311	29687
10063	27905
29671	36593
29671	36594
29671	36595
29685	29689
29689	29716
29689	36589
29689	36590
29692	29693
36584	36585
36584	36586
36584	36587
36584	36588
36585	36586
36585	36587
36586	36587
36587	36588
36589	36590
36593	36594
36593	36595
36594	36595
