6958	17522
6958	17523
6958	17524
6958	17525
6958	17683
6958	17684
6958	17685
6958	17733
6958	17903
6958	17916
6958	34533
6958	34540
6958	34541
6958	34542
6958	34543
6958	34582
17522	17523
17522	17524
17522	17525
17523	17524
17523	17525
17523	17683
17523	17684
17523	17685
17523	17916
17523	34553
17524	17525
17524	34540
17524	34541
17524	34542
17524	34543
17683	17684
17683	17685
17683	17916
17683	34553
17684	17685
17685	17916
17685	34553
17916	34553
17916	34582
34540	34541
34540	34542
34540	34543
34541	34542
34541	34543
34542	34543
