4410	11775
4411	17602
4412	17604
4413	21930
4414	21931
4415	28375
4416	28514
4417	28592
4418	38231
4419	38232
4420	38233
4421	38236
4422	38237
4423	38238
4424	38239
4425	38240
4426	38243
4427	38245
4428	38246
4429	38247
4430	38248
4431	38249
4432	17588
4433	28497
4434	28525
4435	28597
4436	39961
4437	39962
4438	39963
4439	39964
4440	39965
4441	17618
4442	40070
4443	40071
4444	40072
4445	40073
4446	40074
4447	40075
4448	21938
4449	22221
4450	22222
4451	22223
4452	22234
4453	22277
4454	28152
4455	28272
4456	28327
4457	28348
4458	39975
4459	39983
