11775	17602
11775	17604
11775	21930
11775	21931
11775	28375
11775	28514
11775	28592
11775	38231
11775	38232
11775	38233
11775	38236
11775	38237
11775	38238
11775	38239
11775	38240
11775	38243
11775	38245
11775	38246
11775	38247
11775	38248
11775	38249
17588	28497
17588	28525
17588	28597
17588	38233
17588	39961
17588	39962
17588	39963
17588	39964
17588	39965
17618	28514
17618	40070
17618	40071
17618	40072
17618	40073
17618	40074
17618	40075
21930	21931
21930	21938
21930	22221
21930	22222
21930	22223
21930	22234
21930	22277
22221	22222
22221	22223
22222	22223
28152	28272
28152	28525
28272	28327
28272	28348
28272	28525
28272	39975
28497	28525
28497	39962
28497	39964
28497	39965
28514	38248
28525	39962
28525	39964
28525	39965
38232	38233
38233	39961
38233	39983
39961	39983
39962	39963
39962	39964
39962	39965
39964	39965
40070	40071
40070	40072
40070	40073
40070	40074
40070	40075
40071	40072
40071	40073
40071	40074
40071	40075
40072	40073
40072	40074
40072	40075
40073	40074
40073	40075
40074	40075
