581	3277
582	3902
583	3903
584	3934
585	3988
586	4186
587	4305
588	4308
589	4310
590	4383
591	4384
592	4385
593	4386
594	4387
595	4388
596	4393
597	4394
598	4437
599	4455
600	4518
601	4701
602	26553
603	26554
604	26555
605	26556
606	26558
607	26559
608	26560
609	26561
610	26562
611	26563
612	26564
613	26565
614	26566
615	26567
616	26568
617	26569
618	26570
619	26571
620	26572
621	26574
622	26575
623	26576
624	26578
625	26579
626	26580
627	26584
628	26585
629	26590
630	26592
631	26594
632	26595
633	26598
634	26599
635	26600
636	26601
637	26602
638	26603
639	26605
640	26607
641	26611
642	26612
643	26613
644	26614
645	26615
646	26617
647	26622
648	26623
649	26624
650	26626
651	26628
652	26631
653	26632
654	26633
655	26635
656	26636
657	26637
658	26638
659	26639
660	26640
661	26641
662	26645
663	26646
664	26649
665	26650
666	26652
667	4653
668	4096
669	4123
670	4146
671	26889
672	27169
673	27051
674	27052
675	4405
676	27577
677	27569
678	27570
679	27571
