655	5969
656	15094
657	15284
658	15974
659	20735
660	21150
661	21169
662	21323
663	21324
664	21326
665	21327
666	21328
667	21329
668	21330
669	21331
670	21332
671	21333
672	21334
673	21335
674	21336
675	21337
676	21338
677	21339
678	21340
679	21341
680	21342
681	21345
682	21346
683	21347
684	21348
685	21350
686	21351
687	21352
688	21353
689	21354
690	21355
691	21357
692	21358
693	21359
694	21362
695	21363
696	21364
697	21365
698	21366
699	21367
700	21368
701	21370
702	21371
703	21372
704	21373
705	21374
706	21375
707	21376
708	21378
709	21379
710	21380
711	21383
712	21384
713	21385
714	21386
715	21387
716	21388
717	21389
718	21390
719	21391
720	21392
721	21393
722	21394
723	21395
724	21397
725	21398
726	21399
727	21400
728	21401
729	21402
730	21403
731	21404
732	21405
733	21406
734	21407
735	21408
736	21409
737	21410
738	21411
739	21412
740	21413
741	21414
742	21415
743	21416
744	21417
745	21420
746	21421
747	21424
748	21425
749	21427
750	21428
751	21429
752	21430
753	21431
754	21432
755	21433
756	21434
757	21435
758	21436
759	21437
760	21438
761	21439
762	21440
763	20736
