5969	15094
5969	15284
5969	15974
5969	20735
5969	21150
5969	21169
5969	21323
5969	21324
5969	21326
5969	21327
5969	21328
5969	21329
5969	21330
5969	21331
5969	21332
5969	21333
5969	21334
5969	21335
5969	21336
5969	21337
5969	21338
5969	21339
5969	21340
5969	21341
5969	21342
5969	21345
5969	21346
5969	21347
5969	21348
5969	21350
5969	21351
5969	21352
5969	21353
5969	21354
5969	21355
5969	21357
5969	21358
5969	21359
5969	21362
5969	21363
5969	21364
5969	21365
5969	21366
5969	21367
5969	21368
5969	21370
5969	21371
5969	21372
5969	21373
5969	21374
5969	21375
5969	21376
5969	21378
5969	21379
5969	21380
5969	21383
5969	21384
5969	21385
5969	21386
5969	21387
5969	21388
5969	21389
5969	21390
5969	21391
5969	21392
5969	21393
5969	21394
5969	21395
5969	21397
5969	21398
5969	21399
5969	21400
5969	21401
5969	21402
5969	21403
5969	21404
5969	21405
5969	21406
5969	21407
5969	21408
5969	21409
5969	21410
5969	21411
5969	21412
5969	21413
5969	21414
5969	21415
5969	21416
5969	21417
5969	21420
5969	21421
5969	21424
5969	21425
5969	21427
5969	21428
5969	21429
5969	21430
5969	21431
5969	21432
5969	21433
5969	21434
5969	21435
5969	21436
5969	21437
5969	21438
5969	21439
5969	21440
20735	20736
21150	21388
21397	21420
21397	21421
21420	21421
