655	3614
656	6677
657	6712
658	6713
659	6742
660	6752
661	6762
662	6804
663	6840
664	7592
665	10362
666	10392
667	10847
668	10913
669	12961
670	15410
671	23638
672	27070
673	27200
674	27201
675	27202
676	27203
677	27204
678	27205
679	27206
680	27207
681	27208
682	27209
683	27210
684	27211
685	27213
686	27214
687	27215
688	27216
689	27217
690	27218
691	27219
692	27220
693	27221
694	27222
695	27223
696	27224
697	27225
698	27226
699	27227
700	27229
701	27230
702	27231
703	27232
704	27233
705	27234
706	27235
707	27236
708	27237
709	27238
710	27239
711	27240
712	27241
713	27242
714	27243
715	27244
716	27245
717	27248
718	27250
719	27251
720	27253
721	27254
722	27255
723	27256
724	27257
725	27258
726	34113
727	34114
728	34115
729	34116
730	34117
731	34118
732	34119
733	6805
734	25434
735	34122
736	34123
737	34124
