3614	6677
3614	6712
3614	6713
3614	6742
3614	6752
3614	6762
3614	6804
3614	6840
3614	7592
3614	10362
3614	10392
3614	10847
3614	10913
3614	12961
3614	15410
3614	23638
3614	27070
3614	27200
3614	27201
3614	27202
3614	27203
3614	27204
3614	27205
3614	27206
3614	27207
3614	27208
3614	27209
3614	27210
3614	27211
3614	27213
3614	27214
3614	27215
3614	27216
3614	27217
3614	27218
3614	27219
3614	27220
3614	27221
3614	27222
3614	27223
3614	27224
3614	27225
3614	27226
3614	27227
3614	27229
3614	27230
3614	27231
3614	27232
3614	27233
3614	27234
3614	27235
3614	27236
3614	27237
3614	27238
3614	27239
3614	27240
3614	27241
3614	27242
3614	27243
3614	27244
3614	27245
3614	27248
3614	27250
3614	27251
3614	27253
3614	27254
3614	27255
3614	27256
3614	27257
3614	27258
6712	6713
6712	6752
6712	27214
6712	27218
6712	27245
6712	34113
6712	34114
6712	34115
6712	34116
6712	34117
6712	34118
6712	34119
6713	6752
6713	27214
6713	27218
6713	27245
6752	27214
6804	6805
6840	27216
7592	25434
27200	34122
27200	34123
27200	34124
27214	27218
27218	27245
27218	34118
27218	34119
27221	27222
34113	34114
34113	34115
34113	34116
34113	34117
34114	34115
34114	34116
34115	34116
34116	34117
34118	34119
34122	34123
34122	34124
34123	34124
