0	1139
1	14050
2	14063
3	14068
4	14072
5	14075
6	14078
7	14079
8	14087
9	14090
10	14096
11	14099
12	14100
13	14103
14	14104
15	14119
16	14120
17	14121
18	14123
19	14126
20	14127
21	14131
22	14132
23	14136
24	14145
25	14146
26	14147
27	14152
28	14174
29	14178
30	14184
31	14185
32	14195
33	14196
34	14197
35	14202
36	14203
37	14206
38	14207
39	14208
40	14214
41	14218
42	14229
43	14235
44	14236
45	14246
46	14250
47	14252
48	14254
49	14255
50	14257
51	14259
52	14260
53	14261
54	14262
55	14266
56	14268
57	14269
58	14273
59	14278
60	14283
61	14300
62	14301
63	14302
64	14311
65	14313
66	14319
67	14321
68	14323
69	14327
70	14331
71	14333
72	14337
73	14340
74	14343
75	14344
76	14345
77	14346
78	14347
79	14349
80	14350
81	14358
82	14359
83	14360
84	14361
85	14373
86	14374
87	14376
88	14377
89	14380
90	14381
91	14383
92	14387
93	14396
94	14397
95	14399
96	14413
97	14414
98	14415
99	14423
100	14424
101	14425
102	14428
103	14429
104	14430
105	14433
106	14434
107	14449
108	14452
109	14461
110	14465
111	14469
112	14472
113	14476
114	14477
115	14478
116	14479
117	14484
118	14500
119	14501
120	14503
121	32348
122	32349
123	32350
124	32356
125	32357
126	32358
127	32339
128	32340
129	32326
130	32327
131	32328
132	32329
133	32333
134	32334
135	32335
136	32368
137	32369
138	32370
139	32371
140	29007
141	32046
142	32359
143	32360
144	32361
145	32386
146	32396
147	32397
148	32398
149	29006
150	29014
151	32330
152	32331
153	32332
154	32385
0	1139
1	14050
2	14063
3	14068
4	14072
5	14075
6	14078
7	14079
8	14087
9	14090
10	14096
11	14099
12	14100
13	14103
14	14104
15	14119
16	14120
17	14121
18	14123
19	14126
20	14127
21	14131
22	14132
23	14136
24	14145
25	14146
26	14147
27	14152
28	14174
29	14178
30	14184
31	14185
32	14195
33	14196
34	14197
35	14202
36	14203
37	14206
38	14207
39	14208
40	14214
41	14218
42	14229
43	14235
44	14236
45	14246
46	14250
47	14252
48	14254
49	14255
50	14257
51	14259
52	14260
53	14261
54	14262
55	14266
56	14268
57	14269
58	14273
59	14278
60	14283
61	14300
62	14301
63	14302
64	14311
65	14313
66	14319
67	14321
68	14323
69	14327
70	14331
71	14333
72	14337
73	14340
74	14343
75	14344
76	14345
77	14346
78	14347
79	14349
80	14350
81	14358
82	14359
83	14360
84	14361
85	14373
86	14374
87	14376
88	14377
89	14380
90	14381
91	14383
92	14387
93	14396
94	14397
95	14399
96	14413
97	14414
98	14415
99	14423
100	14424
101	14425
102	14428
103	14429
104	14430
105	14433
106	14434
107	14449
108	14452
109	14461
110	14465
111	14469
112	14472
113	14476
114	14477
115	14478
116	14479
117	14484
118	14500
119	14501
120	14503
121	32348
122	32349
123	32350
124	32356
125	32357
126	32358
127	32339
128	32340
129	32326
130	32327
131	32328
132	32329
133	32333
134	32334
135	32335
136	32368
137	32369
138	32370
139	32371
140	29007
141	32046
142	32359
143	32360
144	32361
145	32386
146	32396
147	32397
148	32398
149	29006
150	29014
151	32330
152	32331
153	32332
154	32385
