1139	14050
1139	14063
1139	14068
1139	14072
1139	14075
1139	14078
1139	14079
1139	14087
1139	14090
1139	14096
1139	14099
1139	14100
1139	14103
1139	14104
1139	14119
1139	14120
1139	14121
1139	14123
1139	14126
1139	14127
1139	14131
1139	14132
1139	14136
1139	14145
1139	14146
1139	14147
1139	14152
1139	14174
1139	14178
1139	14184
1139	14185
1139	14195
1139	14196
1139	14197
1139	14202
1139	14203
1139	14206
1139	14207
1139	14208
1139	14214
1139	14218
1139	14229
1139	14235
1139	14236
1139	14246
1139	14250
1139	14252
1139	14254
1139	14255
1139	14257
1139	14259
1139	14260
1139	14261
1139	14262
1139	14266
1139	14268
1139	14269
1139	14273
1139	14278
1139	14283
1139	14300
1139	14301
1139	14302
1139	14311
1139	14313
1139	14319
1139	14321
1139	14323
1139	14327
1139	14331
1139	14333
1139	14337
1139	14340
1139	14343
1139	14344
1139	14345
1139	14346
1139	14347
1139	14349
1139	14350
1139	14358
1139	14359
1139	14360
1139	14361
1139	14373
1139	14374
1139	14376
1139	14377
1139	14380
1139	14381
1139	14383
1139	14387
1139	14396
1139	14397
1139	14399
1139	14413
1139	14414
1139	14415
1139	14423
1139	14424
1139	14425
1139	14428
1139	14429
1139	14430
1139	14433
1139	14434
1139	14449
1139	14452
1139	14461
1139	14465
1139	14469
1139	14472
1139	14476
1139	14477
1139	14478
1139	14479
1139	14484
1139	14500
1139	14501
1139	14503
14050	14075
14050	14359
14050	14360
14050	14381
14050	32348
14050	32349
14050	32350
14063	32356
14063	32357
14063	32358
14078	32339
14078	32340
14103	32326
14103	32327
14103	32328
14103	32329
14103	32333
14103	32334
14103	32335
14132	14196
14132	14349
14132	14350
14132	32368
14132	32369
14132	32370
14132	32371
14145	14146
14145	14147
14146	14147
14146	14252
14195	14196
14197	14207
14214	29007
14214	32046
14278	32359
14278	32360
14278	32361
14300	14301
14300	14302
14301	14302
14313	14383
14313	14433
14344	14345
14344	14346
14345	14346
14349	14350
14359	14360
14359	14381
14360	32386
14383	14433
14425	32396
14425	32397
14425	32398
14500	14501
29006	29007
29007	29014
29007	32046
32326	32327
32326	32328
32327	32328
32327	32329
32328	32330
32328	32331
32328	32332
32330	32331
32330	32332
32330	32385
32331	32332
32331	32385
32332	32385
32333	32334
32333	32335
32334	32335
32339	32340
32348	32349
32348	32350
32349	32350
32356	32357
32356	32358
32357	32358
32359	32360
32359	32361
32360	32361
32368	32369
32368	32370
32369	32370
32396	32397
32396	32398
32397	32398
1139	14050
1139	14063
1139	14068
1139	14072
1139	14075
1139	14078
1139	14079
1139	14087
1139	14090
1139	14096
1139	14099
1139	14100
1139	14103
1139	14104
1139	14119
1139	14120
1139	14121
1139	14123
1139	14126
1139	14127
1139	14131
1139	14132
1139	14136
1139	14145
1139	14146
1139	14147
1139	14152
1139	14174
1139	14178
1139	14184
1139	14185
1139	14195
1139	14196
1139	14197
1139	14202
1139	14203
1139	14206
1139	14207
1139	14208
1139	14214
1139	14218
1139	14229
1139	14235
1139	14236
1139	14246
1139	14250
1139	14252
1139	14254
1139	14255
1139	14257
1139	14259
1139	14260
1139	14261
1139	14262
1139	14266
1139	14268
1139	14269
1139	14273
1139	14278
1139	14283
1139	14300
1139	14301
1139	14302
1139	14311
1139	14313
1139	14319
1139	14321
1139	14323
1139	14327
1139	14331
1139	14333
1139	14337
1139	14340
1139	14343
1139	14344
1139	14345
1139	14346
1139	14347
1139	14349
1139	14350
1139	14358
1139	14359
1139	14360
1139	14361
1139	14373
1139	14374
1139	14376
1139	14377
1139	14380
1139	14381
1139	14383
1139	14387
1139	14396
1139	14397
1139	14399
1139	14413
1139	14414
1139	14415
1139	14423
1139	14424
1139	14425
1139	14428
1139	14429
1139	14430
1139	14433
1139	14434
1139	14449
1139	14452
1139	14461
1139	14465
1139	14469
1139	14472
1139	14476
1139	14477
1139	14478
1139	14479
1139	14484
1139	14500
1139	14501
1139	14503
14050	14075
14050	14359
14050	14360
14050	14381
14050	32348
14050	32349
14050	32350
14063	32356
14063	32357
14063	32358
14078	32339
14078	32340
14103	32326
14103	32327
14103	32328
14103	32329
14103	32333
14103	32334
14103	32335
14132	14196
14132	14349
14132	14350
14132	32368
14132	32369
14132	32370
14132	32371
14145	14146
14145	14147
14146	14147
14146	14252
14195	14196
14197	14207
14214	29007
14214	32046
14278	32359
14278	32360
14278	32361
14300	14301
14300	14302
14301	14302
14313	14383
14313	14433
14344	14345
14344	14346
14345	14346
14349	14350
14359	14360
14359	14381
14360	32386
14383	14433
14425	32396
14425	32397
14425	32398
14500	14501
29006	29007
29007	29014
29007	32046
32326	32327
32326	32328
32327	32328
32327	32329
32328	32330
32328	32331
32328	32332
32330	32331
32330	32332
32330	32385
32331	32332
32331	32385
32332	32385
32333	32334
32333	32335
32334	32335
32339	32340
32348	32349
32348	32350
32349	32350
32356	32357
32356	32358
32357	32358
32359	32360
32359	32361
32360	32361
32368	32369
32368	32370
32369	32370
32396	32397
32396	32398
32397	32398
