0	851
1	7301
2	10353
3	10361
4	10367
5	10368
6	10369
7	10381
8	10385
9	10388
10	10395
11	10397
12	10402
13	10403
14	10408
15	10413
16	10415
17	10423
18	10424
19	10426
20	10427
21	10429
22	10430
23	10434
24	10435
25	10439
26	10441
27	10442
28	10444
29	10445
30	10450
31	10457
32	10458
33	10459
34	10474
35	10478
36	10480
37	10481
38	10485
39	10489
40	10493
41	10494
42	10496
43	10497
44	10498
45	10505
46	10507
47	10513
48	10515
49	10522
50	10524
51	10530
52	10531
53	10532
54	10540
55	10541
56	10543
57	10544
58	10545
59	10546
60	10547
61	10548
62	10558
63	10559
64	10560
65	10564
66	10566
67	10567
68	10569
69	10573
70	10578
