851	7301
851	10353
851	10361
851	10367
851	10368
851	10369
851	10381
851	10385
851	10388
851	10395
851	10397
851	10402
851	10403
851	10408
851	10413
851	10415
851	10423
851	10424
851	10426
851	10427
851	10429
851	10430
851	10434
851	10435
851	10439
851	10441
851	10442
851	10444
851	10445
851	10450
851	10457
851	10458
851	10459
851	10474
851	10478
851	10480
851	10481
851	10485
851	10489
851	10493
851	10494
851	10496
851	10497
851	10498
851	10505
851	10507
851	10513
851	10515
851	10522
851	10524
851	10530
851	10531
851	10532
851	10540
851	10541
851	10543
851	10544
851	10545
851	10546
851	10547
851	10548
851	10558
851	10559
851	10560
851	10564
851	10566
851	10567
851	10569
851	10573
851	10578
10368	10369
10403	10548
10429	10445
10458	10459
10530	10531
10543	10544
10543	10545
10544	10545
