5703	6669
4881	4888
4881	5902
4881	4887
4883	5237
4883	5830
4884	6676
4884	4886
4885	6676
4885	4886
4880	7050
4889	5633
4889	5119
4889	6758
4890	4946
4890	6790
4890	6792
4890	6793
4890	4891
4890	5740
5633	6794
5633	6947
5633	7004
4892	5293
4892	5487
4892	4983
5293	5974
4894	5469
4894	6407
4895	5447
4895	5076
4889	5740
6736	6805
6736	6910
6736	6911
4891	4902
4891	5700
4891	5119
5924	6039
4891	7090
6737	6747
6737	6783
6737	6947
5668	6945
5668	5787
5402	6812
5402	6870
5354	5703
5354	5355
5354	5356
4897	6740
4897	6944
4897	5351
4891	6738
6738	6890
4898	6768
4898	6783
4898	6913
4898	5656
4898	5444
4898	5282
4898	5661
5251	6756
5251	5671
5251	6893
4899	5251
4899	6894
4905	5668
4905	5106
4905	4921
4905	6823
5117	5844
5117	6478
5117	6791
5117	6233
5117	5602
5220	6770
5768	5989
5768	6218
5768	5821
5768	6940
5260	5987
5260	5312
5260	5261
4906	6342
6739	6824
6739	6964
4891	6810
4891	4956
4908	6749
4908	4918
4908	7082
4908	7159
4908	6001
5503	6804
5503	6654
5503	6995
5423	5424
5108	5519
5108	6820
5108	5109
5108	6824
5108	5110
4891	5257
4910	5359
4910	6144
4889	5252
4889	6983
4891	5768
4891	5537
4891	5259
4891	6740
5259	6740
5259	5565
5259	6353
6740	6940
6740	6944
4891	6334
4911	6811
4913	6992
4913	6009
4914	5847
4891	6309
4891	6799
6585	6812
6585	6604
4891	6742
4891	6131
6741	6948
4977	4978
4977	6481
4915	5844
4915	6824
5447	5768
5447	5989
5447	5821
5447	6940
4916	6936
4916	6937
4916	6938
4909	5230
4909	6889
4909	6987
5120	5672
5120	5849
6742	6753
6743	6750
4891	6745
4891	4922
4891	6751
4891	6752
4891	5778
4891	6784
4891	7109
6744	6860
6744	6874
4930	5700
4930	4978
4930	5050
4930	7102
5336	6983
5336	5561
6745	6896
6745	6902
4891	6967
4891	7097
4891	6743
4891	7076
4891	7100
4922	6778
4922	6003
4891	4930
4891	5557
4891	4944
5081	5336
5081	6772
5081	5281
5081	6933
5081	5403
6746	6902
6746	7038
4901	6776
4901	5550
4901	4935
4901	5556
4901	5747
4901	5422
6747	6783
6747	7083
4891	6747
4891	5577
4891	5250
4891	5565
4891	5678
4891	7106
4891	7107
4891	7224
4918	4922
4918	6161
4918	6171
4918	7000
4918	5764
4918	6130
4920	7070
4920	6159
4919	4938
4919	5553
4919	4944
4919	7054
4919	7148
4919	6381
4919	5995
5147	6928
5147	5822
5147	5988
6748	6753
6748	6881
4900	6749
4900	5150
4900	4997
4900	6535
4900	5383
4891	5231
4924	6390
4924	6988
4924	7084
4924	7100
4924	7174
5677	6958
5677	7076
5677	7100
4925	5677
4925	6943
4925	5527
4925	5688
6750	6833
6750	6834
6750	7100
4926	6758
4926	6234
4926	6902
4926	7038
4891	5522
4927	5191
4927	6897
4891	7190
4891	6958
4891	4938
4928	6883
4891	5684
4891	5721
4891	6815
4891	7148
6346	6760
6346	7059
5499	6346
5499	6760
5499	5697
4931	6346
4931	5499
6751	6752
6751	6989
6751	7150
6752	6989
6752	7150
4891	7054
4891	7126
4932	5457
6753	6797
6753	6968
4891	6753
4933	7004
4933	5787
4934	5847
4935	6966
4935	5692
5920	6746
5920	6784
4891	5308
4936	6234
4936	5656
4936	5663
4891	5920
4891	5150
4891	5000
4891	6777
6754	7008
6754	7087
6754	7204
6754	7205
6754	7206
6754	7217
6754	7219
6754	7253
5368	6789
5368	5712
5368	5461
5368	5971
5514	5951
5514	7015
5514	5649
5514	7129
5514	7244
5514	7247
5514	6637
5514	6243
6755	7103
6755	7311
4939	6747
4939	5350
4939	5876
4939	6198
5000	5152
5000	5683
5000	5018
5000	5781
5000	7338
5000	6490
5152	6763
5152	6864
5152	5242
5152	5522
4891	5218
4891	7150
4912	7090
4912	6027
4912	6390
4912	5505
4912	6996
4912	7020
5683	5781
5683	5811
4940	6986
4940	5011
5490	6478
5490	6477
4941	6710
4941	7177
4942	5490
4942	6003
4942	6743
4942	6750
6756	6757
4891	6758
4889	6027
4889	6990
4883	4896
4896	5920
4896	6758
4896	4947
4896	5545
4896	5076
4945	5393
4945	6990
4902	4966
4902	6932
4902	6965
4902	5404
4891	5425
4946	5844
4946	5740
4946	6987
4946	7170
5989	6218
5989	6047
5989	7109
5989	5990
4906	5848
4906	5425
5848	5924
5848	6036
5848	5925
5848	5853
5848	6039
5844	6233
5844	6965
4891	4896
4947	6758
4948	6454
4948	7050
6454	6758
6454	6784
6454	6964
6454	6995
4915	6891
6132	6777
6132	6322
6132	7322
5509	6363
5509	6364
4949	5924
4949	5260
4949	5346
6306	6776
4893	5910
4950	6871
4950	6888
4950	6875
4950	6564
4952	6888
4952	7362
4953	6759
4950	6545
5157	5322
5157	5209
5157	6844
5157	6435
4954	5157
4954	6844
4954	6545
6164	6172
6164	6166
6164	6181
4955	5496
4955	5782
4955	6179
5286	5514
5286	6757
5286	6630
5286	5951
5286	6248
5286	7088
5286	6251
5286	5649
5286	7244
5286	6230
6170	6180
6170	6173
6194	6454
6194	6884
6194	6996
4959	5100
4959	6804
4959	7062
4989	5027
4989	5345
4989	6381
5780	6761
5780	5959
6128	6454
6128	6784
6128	6899
6128	7226
5249	6739
5249	6128
5249	5604
5249	7106
6760	6864
6760	6899
4891	5423
4891	6800
4891	6661
4891	6773
4891	6986
4891	5455
4961	6478
4961	5254
4961	6933
4961	6463
6478	6791
5496	5782
5496	6130
5335	5873
5335	6834
5335	5489
5335	5484
5360	6911
5360	6938
5360	6136
5360	7165
5360	5467
5360	5943
5360	5965
4891	5822
4891	6996
4891	7002
4891	4908
4891	6630
4891	6884
4891	5469
4891	5659
4891	6138
4891	6794
4891	5271
4891	5456
4907	5920
4907	4936
4907	5142
4907	5103
4907	6907
4907	5663
4907	5558
4907	7058
4907	6130
4891	7060
4891	5360
4891	5476
4891	6045
5632	6761
5632	6890
5632	5914
5700	6478
5464	6737
5464	5780
5464	6761
5464	5632
5464	7226
5464	6326
4891	4989
4891	5140
4891	6840
4963	5249
4963	5678
4891	6890
4891	5464
6762	6917
4891	5152
4891	6763
4891	5026
6763	6813
6763	6878
5285	6342
5285	5534
5285	6912
5285	6921
5285	6926
5285	5324
5285	5936
4891	7056
6764	6838
4965	6764
4891	5632
4891	6454
4891	6134
4891	4991
6765	6976
6765	7060
6765	7159
6765	7183
4894	6346
4894	5094
6766	6786
4891	6346
4891	6195
5257	5443
5257	7016
5257	5930
4966	6478
4966	6933
4966	6965
6767	6820
6767	6891
6767	6893
6768	6913
6768	7059
4965	6137
4967	5724
4967	7095
4967	5019
4967	5803
4967	5111
4891	6218
4968	5860
4968	5263
4969	5101
4969	6898
6626	6769
4894	6626
4894	5263
4894	5220
4894	6069
4894	5059
4891	6626
4891	6040
4891	6037
6040	6626
6040	6041
6040	6053
4891	5220
4891	5059
4891	5693
5010	6382
5010	6907
4970	5322
4970	6067
4970	6882
5860	6770
5860	6882
5860	6066
5860	6121
4891	6161
6769	6770
6769	6852
6769	6853
4971	5065
4971	6797
4972	6067
6067	6882
5693	5860
5693	6067
5693	6882
5693	7013
5693	6077
4891	5263
4973	6626
4973	6769
4973	6770
4973	5263
4891	5860
4891	5010
4974	4977
4974	6481
4891	4977
4975	4977
4975	5735
4976	4977
4976	6481
4891	6805
4891	6913
4978	5633
4978	5671
4978	7058
6481	6597
6481	7366
6771	6935
6771	7149
6771	7151
5519	6787
5519	6918
4891	5731
4891	5999
4979	6826
4979	5425
4980	6362
4891	5533
4981	5260
4981	6828
4981	5312
4981	5281
4981	5505
4981	6918
4981	5967
4891	5677
4891	5024
5545	6825
5545	5887
5545	6245
5150	6749
6664	6739
6664	7070
6664	7120
6664	7121
6664	7183
6772	6953
6772	7010
4891	6702
4891	5336
6234	7038
4912	6950
5479	6754
5479	6448
5479	7008
5479	5620
5479	7204
5479	7205
5479	7206
5479	7218
5479	7219
4891	6535
4891	6826
4891	5905
4891	7176
4985	6140
6774	6775
4986	6774
4986	6775
6775	7046
4891	7092
4891	7115
5731	7085
5731	5912
4891	7067
6405	6810
6405	6912
6405	7012
6405	7134
6012	6928
6012	6972
6776	6899
6776	6903
4999	5683
4999	6787
4999	6661
4999	6830
4999	5112
4991	5125
4993	7059
4993	7097
4994	5989
4994	5909
4994	5821
4891	6014
4995	6749
4995	5105
4995	5629
4995	6260
4995	7116
4995	5881
5833	6799
5833	6922
5833	6923
5833	7083
4997	6749
4891	6841
4891	5663
4891	6922
4891	6923
4891	6970
4891	5266
5576	5684
5576	6969
6779	7376
6779	7381
6779	7382
6779	7383
6779	7384
6779	7388
6780	7035
4941	6491
5445	6781
5445	6835
5445	5854
5445	5877
5445	5884
5445	6360
6781	7299
5626	6945
5003	6773
5004	7225
5004	5841
4906	5150
4891	6737
4891	6768
4891	6783
6783	7083
6783	7176
4990	6174
4990	7066
4918	7133
5005	5390
5587	7011
5587	6369
4891	4905
4891	5710
5008	6405
5008	6810
4962	5779
4962	6599
6785	7032
5487	6798
5487	6983
5487	5663
6535	6815
4891	5781
4891	7170
4891	6795
4891	6804
5909	5989
5909	6046
5909	6047
5909	7109
4946	6429
5013	6812
5013	5346
5013	6573
4891	7071
4891	6128
4891	5061
5049	6810
5049	5721
5049	6831
5049	5925
5049	6691
5049	5870
5049	5890
5014	7048
5015	6967
5016	5350
5016	6348
5016	7131
5016	6380
5016	6154
5993	6748
5993	7110
5993	7122
5993	6367
5018	6198
5026	6346
5026	5499
5026	6760
5026	5574
5026	5849
5026	5282
5026	6488
4891	5734
4891	6989
4891	5657
5020	6437
5493	5518
5493	5494
5493	6640
4889	6895
4889	5293
4889	5974
5021	5493
5021	5518
5021	5494
5022	6472
5022	6990
4882	6461
4882	5035
4882	5123
4882	6932
4882	6462
4882	5466
4882	5471
4882	7016
4998	5519
4998	5023
4998	5065
4998	6787
6253	6263
5025	6901
5025	5078
5065	6830
5065	5241
5065	6901
5065	5283
4891	5626
4891	6253
4891	5120
4891	6820
4891	5302
4891	5849
4978	6758
4978	5700
4891	6766
4891	6786
6786	6934
5023	6359
5023	5746
4891	6781
6787	6908
4891	5065
4891	6757
4891	6787
4891	6908
4891	5811
4891	5656
6788	6986
6788	7037
5032	6789
5032	5342
5032	6998
5032	5908
5032	7160
5252	5294
5252	5253
5028	5032
5028	6789
6789	7160
6254	7063
6254	7064
4891	6254
4891	5738
5119	6782
5119	6792
4891	6792
5029	5285
5029	6804
4906	5985
6461	6932
6461	6462
6461	6467
4889	6819
5330	5985
5330	7127
5030	6914
5030	5491
5030	5548
5030	5905
5030	5903
5030	6532
5031	6790
5031	6791
5031	6792
6790	6791
6790	6792
6790	6793
6791	6792
6792	6793
5033	5832
5033	5254
5033	7164
5034	6254
5034	6827
6027	6804
6027	6911
5985	6927
5985	6112
5035	6461
5321	7315
5321	6428
4889	5321
5391	6757
5391	6822
5391	6895
5391	6910
5391	6911
5391	5730
4889	5368
5036	6774
4889	6793
4891	7038
5037	5368
5037	6789
5039	5924
5039	6936
5039	6937
5040	6041
5040	5661
6390	6739
6390	6664
6390	6939
6390	6964
4924	6775
4924	5778
5294	6027
5294	6804
5294	6932
5294	7169
4891	6691
5042	6027
5042	5294
5043	5264
5043	5728
5043	6029
5043	6111
5118	6782
5118	5119
5118	6790
5118	6791
5118	6793
5118	6828
5118	5278
5338	6765
5338	7060
5338	7159
5338	6003
5338	7183
6794	6880
6794	6901
6794	7067
5044	5633
5044	6794
6233	6478
6233	6932
6233	6965
5577	6823
4891	6132
4891	5858
5045	6939
5100	5503
5100	5102
5100	5131
5100	7062
5100	7096
5047	5577
5047	6823
4903	6807
4903	5301
4903	5472
4903	5430
6795	7068
6796	6871
5027	6918
5050	5293
5052	5633
5053	6991
5053	5070
5055	5271
5055	6798
5003	7058
5055	6797
5056	5604
5056	7048
4997	6798
4997	6983
6797	7013
5057	5271
5271	6738
5271	5276
5058	5762
5054	6798
5054	7037
5003	6906
6798	6983
6798	7037
5266	6949
5266	7014
5266	5891
6309	6799
6309	6923
6309	7077
6309	7078
6309	6683
6309	6373
6309	6372
6309	6680
6799	7278
6799	7279
5060	5335
5434	5989
5434	5472
6800	6932
6800	6933
6800	6995
6800	7127
5062	6801
5062	5511
5062	5066
6801	6802
6801	6803
6801	6806
5511	6801
5511	6803
5511	6806
5062	5072
5062	6803
5062	6806
5063	6801
5063	5511
5063	5072
5072	6801
5072	5511
5072	6802
5066	5068
5066	5069
6802	6803
6802	6806
6803	6806
6805	6910
5064	6801
5064	5511
5064	6802
5064	6803
5064	6806
4891	6765
4891	6041
4891	6976
6217	6918
6217	7062
6217	7088
4891	4907
4891	6217
4891	6945
5068	6801
5068	5511
5068	6803
5068	6806
4891	6811
4891	6915
4891	6918
5069	5072
5069	6802
5069	6806
4891	5576
5071	6807
6807	6940
6807	6984
5073	5546
5073	7137
5074	6782
5074	5296
5074	5711
5074	6210
4891	6231
4891	5012
4904	6274
4904	7092
4904	7115
4891	6790
4891	6791
6342	6811
6342	6921
4906	6904
4906	5665
4891	6809
4891	7333
4891	6467
5075	6478
5075	5985
5075	6808
5075	6503
5075	5079
5075	6112
6472	6654
6472	7167
6472	7168
6472	7169
5077	6808
5077	6503
5077	7166
5077	7169
5077	5935
5077	6475
5077	6479
6808	6935
6808	7166
6503	6808
6503	7166
5254	5256
5254	5726
5254	7127
5254	7164
5254	6463
5933	6762
5933	6461
5933	6808
5933	6503
5933	5934
4891	6819
4891	6917
6809	7333
4956	6785
4956	5752
4956	5761
4956	5757
4891	7125
4891	7134
5721	5911
5080	5992
5080	6176
4891	5434
4891	6316
4891	5117
5083	5700
5083	5481
5084	5482
5084	6633
4891	6140
6811	6921
4983	5336
4983	5487
4983	5330
4983	5329
4891	5740
5086	5684
5086	5573
6055	7202
6055	7363
6055	6596
5159	6405
5159	6812
5159	5421
5159	6857
5209	5946
5209	6547
5209	6869
5209	5413
4891	5946
5776	6818
5776	5900
5776	5866
5776	6025
4891	5496
5087	5421
5087	6126
5094	5402
5094	5099
5094	6837
5094	6603
5094	5416
5094	6312
5089	5094
5089	6069
5089	5268
5089	5737
4891	6585
4891	5331
4891	6812
5060	5209
5091	5159
5091	5421
5088	5247
5088	6865
5088	5097
5088	6563
6813	6860
4891	6813
4891	6860
5092	5402
5092	6870
5247	6858
5247	6863
5247	6865
5247	6561
5247	6562
5247	6563
5219	6956
5219	5931
5093	5219
5093	7332
4891	5587
4891	6318
4891	6837
5421	6126
6815	7196
5590	6832
5590	6952
5208	5214
5208	6884
4891	5590
4891	6832
4891	6952
4891	5428
4891	5451
4891	5744
5097	6816
6816	7200
5096	5140
5096	5312
5583	7009
5221	7190
5221	6028
5098	6055
5098	5141
5099	5798
5140	5322
5140	6814
5238	6744
5238	6382
5238	6881
5238	7203
5238	6084
5238	7361
4891	5221
4950	6763
4950	6813
4891	6817
4891	7069
4891	7086
6817	6819
6817	6902
6817	7069
4894	6818
6818	6925
6818	6941
4891	5694
6819	6921
6819	6995
5102	7096
6820	6893
5142	6822
5142	6899
5142	5273
5142	7089
5103	5142
5103	6898
5103	6968
4891	6012
4891	5717
6821	6883
6821	6891
6821	7235
4891	5273
5104	6998
5104	6443
5105	6342
5105	5558
4891	5714
6822	6911
6822	7068
6822	7069
6822	7086
5456	6773
5456	5540
5456	5543
5456	6206
4891	5661
4891	6971
4891	5709
4891	5011
5106	5668
4921	7164
4921	7165
6823	7164
6823	7165
5107	5108
5107	5519
5109	6824
5110	5120
5110	6820
5110	5672
5302	5445
5302	6835
5302	5837
5302	5884
4891	6896
5804	7095
5114	7095
4891	5546
5740	6987
5740	7170
6825	7090
4891	7135
5115	5667
4889	5391
4891	4957
4891	6825
5057	6994
5057	7039
5125	5938
5125	5840
5125	5766
5125	5287
5125	5550
5125	5524
5125	7275
4891	5125
4891	5550
4891	5127
5921	6772
6827	7063
6827	7064
4891	5288
4891	5506
5123	6772
5123	6461
5123	5133
5123	6904
5123	6932
5123	6462
5123	5466
5123	5558
5122	6254
5122	5318
4891	5544
4891	6388
5544	6772
5544	6199
5544	7017
4891	7006
5034	5540
5034	7288
5127	6253
5127	5271
5127	5276
5127	5655
6828	7068
5126	5260
5126	7029
5126	5755
4891	4919
4891	6381
5129	6254
5129	7063
5129	7064
5130	5921
5130	5534
5534	6342
5534	6811
5534	5921
5534	6921
5534	5552
5546	6918
5546	6948
5546	7137
5714	5715
5101	6830
5101	6898
5101	5279
5101	5241
5101	7114
6630	6757
6630	6821
6630	6661
4891	7085
5694	5718
5694	5822
5694	7061
5694	6006
5131	5391
5131	6895
5132	6012
5132	6972
4918	6799
4918	7278
5133	5525
4891	6268
4891	6928
5134	5140
5134	6719
5136	5402
5136	5346
5136	5194
5136	5419
5136	5836
5137	6829
5137	6185
4891	5402
4891	6830
6830	6840
6830	6898
6830	6906
5139	5694
5139	5718
4891	5090
6831	7085
6831	7267
5097	5140
5718	5822
5718	7002
5718	7061
4891	5525
6832	6952
5023	6832
5143	7341
6833	6834
6833	7021
6833	7025
6833	7026
6834	7021
5144	6833
5144	6834
4891	5147
4891	7070
4891	6201
5146	5322
5146	5397
4891	6835
5331	6585
5331	5490
5331	6812
6836	6855
6836	6874
6836	6881
6836	7365
6837	7056
4891	5094
4891	7027
5145	5322
5145	5157
4891	6955
5938	6821
5938	7235
5938	7275
4891	5208
5218	7054
5161	6585
5161	6748
5161	5993
5161	5282
5161	6367
5148	6585
5148	5161
4951	7202
4951	7203
4951	6084
4951	7361
5149	5583
5151	6973
5151	7294
4891	6382
4891	6603
6839	6870
6839	7020
4891	6573
4891	5527
6840	6907
4891	5322
4891	5417
4891	5352
5339	7208
5339	7320
5339	7321
5339	7323
5840	6764
5840	5938
5840	7275
5154	5322
5154	5157
6841	6851
6841	6883
6841	7301
4935	6585
4935	6837
4935	6573
4938	6390
4938	5994
4938	5713
4938	7148
4938	5995
5158	5504
4891	6067
6588	6872
6588	6589
5160	5193
5160	6878
4891	6739
4891	7066
5346	5409
5346	5596
5346	5756
4891	5346
5131	6836
5131	6881
5131	6134
6092	6873
6092	6541
5162	6092
5162	6873
5162	7355
5163	5693
5163	6882
5169	6842
5169	6843
5169	6845
5169	6849
5169	5172
5169	6854
5169	6859
5169	5202
5169	5232
5169	6554
6842	6843
6842	6845
6842	6849
6842	6854
6842	6859
6843	6845
6843	6847
6843	6848
6843	6849
6843	6850
6843	6854
6843	6862
6843	6866
6843	6877
5164	5190
5190	6401
5190	6387
5165	6579
5165	5245
5207	6435
5207	6875
5207	6914
5207	6568
5207	6569
6553	6843
6553	6847
6553	6848
6553	6849
6553	6850
6553	6866
6553	6877
6845	6849
6845	6854
5166	6846
5166	6566
5167	6748
5167	6881
6382	6881
6846	6879
6552	6843
6552	6553
6552	6847
6552	6848
6552	6849
6552	6850
6552	6866
6552	6876
6552	6877
6552	6879
6847	6848
6847	6849
6847	6850
6847	6862
6847	6879
6848	6849
6848	6850
6848	6866
6848	6877
6848	7357
6849	6850
6849	6854
6850	6866
6850	6877
4950	6584
4950	6544
4950	6997
6851	6883
6851	6887
6851	7222
5155	6851
5155	5246
5155	5173
5155	6857
5155	6869
5155	5216
5246	6851
5246	6869
5246	5460
5246	6981
5171	6092
5171	5203
5172	6842
5172	6845
5172	6854
5173	6812
5173	6547
5174	6744
5174	6855
5174	5179
5174	5231
5174	6860
5174	6874
5174	6114
5174	5224
5174	6408
5175	5997
5175	5204
5997	6213
5997	6214
5997	7240
5997	7241
5997	7242
5176	7357
5177	5206
5177	6873
5177	6885
6852	6853
6852	7057
5178	6769
5178	6852
5178	6853
6096	6861
6096	7209
6545	6856
6545	6546
6545	6549
6855	7365
5179	6855
5179	5231
5181	6578
5181	6572
5182	5247
5182	6863
5182	6865
6566	6846
6566	6859
6566	7358
5183	6846
5183	6566
5231	6855
5231	6874
5231	6114
5231	6408
6857	6870
5184	6567
5184	7358
5185	5247
5185	6858
5185	6863
5185	6865
6858	6863
6858	6865
5182	6858
5234	6841
5234	6851
5234	6857
5234	6883
5234	6891
5234	6163
6859	7358
6860	6874
6435	6844
6435	6568
5191	5587
5191	5530
5191	6897
5191	5258
5191	7099
6581	7360
6581	6582
5192	6581
5192	7360
5193	6878
5193	5895
5194	5384
5417	5994
5417	6987
5417	5498
5417	5716
4950	6861
4950	7201
4891	5321
6861	6888
6861	7201
6014	7009
6014	7029
5197	6605
5146	5238
5146	6382
5146	7203
5146	6084
5229	6814
5229	6564
5198	5229
6547	6869
6603	6763
4972	6579
4972	5245
4891	6056
5199	6744
5199	6896
5097	6886
5097	6550
5097	7356
6863	6865
5186	6567
5186	6565
6864	6880
5200	6067
5200	5221
5200	6075
6866	6877
6866	7357
5201	6876
5201	7360
5202	6846
5203	6092
5203	5206
5203	6873
5203	5222
5203	6541
5749	7011
5749	7033
5749	5762
5749	5758
6605	6867
5176	6862
4950	6836
4950	6860
6867	6868
6868	7277
6868	7278
6868	7279
6868	7280
5198	6867
5198	6868
5205	5230
5205	6889
5206	6873
6567	7358
4909	6813
6448	6959
6448	6960
6448	7295
6870	6967
6871	6885
5210	6577
5210	5245
5210	6572
6872	7353
5211	6588
5211	6872
5211	7364
5212	6744
5212	5417
5164	5193
5164	6878
4950	6885
6584	6885
5041	5536
5213	6060
5213	7201
6114	6874
6114	6408
5146	6480
6579	6602
6579	7368
6579	7369
5171	7355
5215	6759
5215	5479
5216	6547
5216	6869
6875	6914
6875	6997
6876	6877
6876	6879
5202	6854
5530	5546
5530	6014
5530	7034
5530	7055
5530	7099
5530	7137
5173	6851
5173	5246
5214	6814
5214	5413
5192	6850
5192	6877
6877	6879
5201	6877
5201	6879
6880	6901
6880	7155
5051	5236
6544	6871
6544	6885
6544	6997
5180	5405
5180	5406
5180	6258
5180	7289
5180	7290
5222	6873
5223	6552
5223	6847
5223	6876
5160	6837
5224	6744
5224	6860
5224	6874
5244	6557
5166	6876
5225	6857
5225	5412
5225	6137
5225	7300
5225	7301
5226	6836
5226	6874
5166	6879
5166	6565
5245	6579
5245	6571
5245	6572
5245	7368
5245	7369
4891	5416
5172	6843
5172	6849
4935	6760
4935	5807
6883	6891
6883	7059
6883	7222
6884	6996
5230	6889
5230	5480
5230	7108
4891	6432
5223	6879
4891	6709
5232	6845
4891	5345
5994	6348
4891	6857
4891	7049
5236	6826
4950	6588
4950	6872
5197	6867
5197	6868
5187	7365
6886	7209
6886	7210
5241	6082
5242	6864
5242	5522
5243	7020
5243	7049
4891	4937
4891	6968
6887	7012
6887	7119
6887	7123
6887	7124
6573	6837
4972	7368
4972	7369
4891	6948
4891	5583
6888	7362
6889	6972
6889	7130
4891	6405
5248	6824
5248	5443
5469	6756
5469	6821
5469	6926
5469	5621
5469	5470
6891	7059
6891	7097
6892	6926
6892	7007
5767	7229
4891	5767
4929	5251
4929	6756
4929	6925
5671	6870
5671	6893
5671	6925
5671	5875
4891	5251
4891	5671
4891	6893
6893	6941
6893	7091
6894	7235
4899	7235
6895	6934
6895	6995
6895	7127
5253	6895
4906	6478
4906	5700
4906	5267
4906	7069
5256	5505
5256	5276
5256	5506
4891	6211
4891	7226
4891	6897
6897	7033
5258	5587
5258	7003
5258	5301
5258	5529
5258	5539
4891	5634
5987	6975
5987	6038
5987	6687
4891	5260
4891	6157
5312	5967
5261	5312
6898	6900
6898	6906
6898	6907
4894	5737
5273	6899
5766	6838
5262	6743
5264	7313
5264	6433
4891	6726
5265	6736
5265	6906
5265	6407
5265	6086
5267	6762
5267	6907
4891	7283
4891	5611
5269	6082
5269	6900
6082	6898
6082	6900
6082	6907
6082	7058
6082	6726
6900	6907
6900	7002
6900	7058
5821	6743
5241	6901
5281	6772
5281	5987
5281	6905
5281	6085
5781	6934
5781	6324
6902	7038
5059	6069
5059	6077
5274	6772
5274	6953
5274	7010
5274	7275
4891	5275
4918	5275
5505	6027
5505	6903
5505	6909
6903	7068
5277	6027
5277	5775
4891	5437
4891	6904
4891	5558
5262	5768
5262	5447
5278	6828
5278	5739
5835	6830
5835	6370
5835	6305
4891	4996
4891	5667
5280	6898
6407	6797
5416	5499
5416	6837
5416	6603
5416	6905
5416	7056
5279	6830
5279	6898
5279	6906
4891	5281
4891	6905
5282	5499
5283	6770
5283	6407
5342	6789
5342	6844
6907	7058
4894	6769
5284	6797
5268	6797
5268	5280
5268	5284
5268	5715
4904	5632
4891	6903
6908	7020
4891	6909
5288	7007
5288	5605
5287	5683
4891	6258
5243	6051
5007	6892
5007	7007
6910	6913
6910	7069
4891	7007
6911	7062
6911	7069
6911	7086
4891	6910
4891	7058
5739	6909
5739	6051
5276	6774
5276	5330
5276	6828
5276	5538
5276	5666
6912	6926
6912	7012
4891	6912
4891	5729
5289	5683
5289	5781
5289	6051
4889	6795
4889	5775
4891	6767
6913	7318
4891	6472
4891	6654
4891	6464
4891	5504
4891	6344
5291	6443
5291	5831
5292	5293
5974	6989
5897	6265
5897	5898
5897	6256
4891	7018
4891	7247
4891	5775
6916	6917
6916	6919
6916	6920
6916	7216
5741	5897
5741	6265
5741	6219
5741	6220
5741	6256
6917	6919
6917	6920
5295	5897
5295	6265
5295	5741
6918	7086
6919	6920
6919	7216
6920	7215
6920	7216
5296	6210
5297	6819
5297	6921
5298	7155
6922	6923
6922	6970
6922	7027
6923	6970
6923	7078
5299	7050
5299	5654
5299	5762
5299	5702
5299	5588
5299	7099
5300	6777
5300	5858
4891	5805
4891	6198
6037	6745
5522	6864
5443	6824
5301	6807
5308	5848
5308	5309
5308	6036
5308	5925
4935	6159
6043	6156
6924	6926
5303	5833
5303	6924
5303	6044
5304	6745
5304	5917
5304	5887
5105	6776
5105	5749
5105	5762
5105	6260
5573	6742
4894	6742
4894	7004
4894	7033
4891	6924
5305	5448
5305	6131
6044	6924
6044	7083
5872	6325
5872	6930
4894	5557
5306	6778
5306	5457
5306	5851
5303	6325
4891	7068
4891	5917
4891	5718
5195	6908
4891	5448
5309	6036
5309	5925
6036	6666
5925	6810
5925	6036
5925	6039
5925	6666
5054	6788
5483	5985
5483	6927
5310	6927
5310	5483
5054	5487
5054	6983
5311	6927
5311	5483
5311	6709
5311	5986
6928	7115
5090	5097
5090	5098
5090	5143
5090	7341
4914	6899
6126	6606
4891	5512
4891	6998
4891	6430
4891	6274
5822	7002
5822	7061
5822	6006
5454	5590
5454	6832
5454	6432
5454	7293
5454	6483
6929	7348
5313	6728
5313	5315
5313	5732
5314	6996
5314	5352
5550	5872
5550	5556
5550	5747
6325	6930
6325	7014
6086	6762
6086	6472
6086	7112
6086	7114
5811	5817
5811	6979
5811	7113
5811	5889
4891	5559
6654	6811
6654	6995
6654	7168
6930	7051
6930	7052
6930	7154
6930	7235
5697	5817
5697	7055
5697	5698
5506	5697
5316	6821
5316	6325
5316	6258
5316	7014
4891	6325
4891	7014
5559	6253
5559	6912
5559	6263
5112	5683
5112	5560
4891	6342
4891	6921
5317	6342
5317	6811
5317	5534
5317	6921
5079	5933
4891	5519
4891	5391
5318	6254
4992	6922
4992	6923
4992	6943
4992	5689
4992	6957
4992	6970
4992	5578
4992	5579
4992	6032
5319	6931
5319	7295
6931	6960
6931	7295
6302	6961
6302	6417
6302	7320
6302	7321
6302	6414
5320	6137
5384	5388
5384	6204
5384	7273
5384	7326
5141	6536
5141	5146
5141	5793
5141	5645
5141	6480
5323	6885
5323	6059
5323	6076
5323	6564
4891	6177
4891	5523
4891	6199
4891	7204
4891	6762
4891	6150
4891	7051
4891	6772
4891	5236
5737	6069
5737	5835
5737	6906
5737	6305
6932	6933
6932	7169
4906	5285
4891	5780
4891	5330
5042	5985
5034	5122
5324	6912
5324	6926
6933	6934
6933	7127
5325	5921
5325	6218
5327	6990
5327	6469
5328	5832
5328	5921
5329	5330
6934	6965
6462	6786
6462	6932
6462	6934
4891	7338
4891	7015
4891	6212
4891	5267
4891	5665
6935	6965
6935	7127
6935	7166
5034	7127
5034	7155
6936	6937
6936	6938
6937	6938
6938	6965
6938	7165
4891	5966
6041	6101
5332	6390
5332	6939
6939	7084
5334	5987
5334	7126
5560	5776
5560	5660
5660	5776
5337	5776
5337	5560
5337	5660
4891	6051
5040	5855
5340	6740
5340	6940
5900	7154
5341	6789
5341	5342
6941	7091
5951	6248
5951	7062
5951	7239
5951	6230
4894	5707
4891	6770
4937	6770
5343	5803
4884	6172
4884	5804
5048	5067
5006	6306
5006	6232
5326	6171
5237	5280
5237	5290
5237	6107
5237	6109
5344	5703
5481	5703
5481	7115
5012	5292
5012	7055
5012	5901
6172	6181
4891	5588
4891	6953
6942	7274
5348	6942
5348	6399
6399	6942
6399	7129
5349	5377
5349	5381
5349	7261
5349	5611
6943	6957
4935	6943
5350	6737
5350	6747
5350	5641
5350	6198
5350	7129
4891	5393
4891	5689
5061	5707
5061	6093
4891	5445
4891	5376
4891	5854
4891	7180
4891	7328
6944	7035
4891	4897
4891	6944
5351	5689
5351	6359
5351	6022
4891	6741
4891	6029
6946	6966
4891	6194
5156	6947
5156	5425
5156	7137
6947	7004
6947	7137
6947	7196
5425	6737
5425	6826
5425	6947
5425	6984
4891	7004
5636	6665
5636	7143
5636	7145
5636	7147
5353	5636
5353	6665
5353	7143
5353	7145
5353	7147
4891	6949
4891	7129
5355	7013
5356	6979
4891	5746
4891	5407
6950	6955
6950	7311
5357	6950
6951	6991
6952	6958
5358	6506
5358	7042
5358	7043
4891	7273
5689	6785
5689	6344
5689	6022
6953	7010
6529	7345
6529	7346
6529	7347
6529	7349
5361	6761
5361	6962
5361	6963
5361	5790
5362	5997
5362	7241
5362	7242
5363	6778
5363	6381
4891	5161
4891	6354
5364	6950
5364	6955
5365	6955
5366	7261
5365	6419
6359	6952
5367	6952
5367	6359
4891	5608
4891	7295
6956	7181
6956	7285
5023	6952
4891	6401
5369	5545
5369	5887
5345	6887
5345	7012
5112	6775
5337	6969
5388	5513
5388	6392
5388	6204
5388	7273
5388	7326
5189	6953
5189	5746
6958	6979
6958	7076
6958	7100
5370	6529
5370	7345
5370	7347
5370	7349
4891	5299
4891	7009
4891	7079
5359	6402
6354	6959
6354	7000
4891	4982
5371	6952
5371	6958
4909	5519
4909	4998
4909	6787
5372	7349
4891	7286
4891	6438
6426	7261
5156	6426
5156	7261
5292	5392
4891	5381
6177	6199
6177	6355
6177	6402
5459	6954
5373	6954
5373	5459
5347	6273
6960	7295
6961	7351
6961	7352
5375	7005
5375	6642
6506	6954
6506	7042
6506	7043
6506	7047
6506	7272
4891	5880
5378	5507
5378	7329
5379	5384
5379	7351
5379	7352
4891	6360
5380	6954
5380	5459
5156	6359
5382	6960
5382	6434
5156	5807
4891	7046
5376	5594
5376	6292
5376	6362
5376	7283
5376	7328
5383	6535
5359	5689
4891	5493
4891	6429
5380	6508
6508	6954
6508	7042
6508	7043
6508	7044
6429	7170
6429	7181
5357	6429
5357	7311
4891	7001
4891	6330
4891	6950
6962	6963
6962	7047
6962	7271
6962	7272
6963	7047
6963	7271
6963	7272
5270	6289
5270	7269
4891	5938
4891	5601
5385	6785
5385	5596
5385	7032
5385	5614
5387	6233
5387	5657
5389	5594
5389	6235
5389	6383
4985	5844
4985	6313
4985	7170
4891	6984
5396	6531
5396	6701
5396	5792
5396	6700
5395	6531
5395	5396
5395	6701
4985	5454
4985	6432
6531	6701
4889	6918
4893	5792
4889	7161
4891	7033
4891	7034
5398	6844
5398	6075
6075	6844
6316	6741
6316	6948
5400	6741
5400	6948
5400	6316
5239	5642
5239	7203
5239	7220
5239	7363
5401	7203
5401	6084
4891	6964
5962	6739
5962	7084
5513	6739
5513	6231
5513	6456
5513	7324
5513	6422
5513	6439
5403	5544
5403	7017
5105	6514
6965	7127
6965	7166
5404	6946
5656	6306
5656	6776
5404	6966
6966	7134
6966	7196
5405	7289
5405	7290
6967	6968
6967	7097
4891	6969
5406	6258
5406	7289
5406	7290
5412	5583
5412	6838
5412	6137
5412	5601
6137	6838
4891	7299
4891	6033
5194	5374
5149	6764
5149	5840
5408	6838
5409	5872
5410	5412
5410	5601
5601	5938
5601	7104
5411	6923
5411	6970
4891	6870
4891	6973
4891	6512
5233	6838
5233	5320
5233	5412
5233	6137
5233	5408
5233	6374
4891	7077
4891	5077
4935	6763
5414	7136
5414	7139
5414	7141
4951	5038
5038	6727
5038	5095
5038	6484
6971	7028
6971	7030
6971	7031
6971	7359
5596	6785
5596	7032
5596	5807
4985	5346
4985	5596
4891	7082
4891	5503
5418	6260
5418	5688
5419	7032
5419	7089
5374	5583
5374	5498
5374	6020
5420	6785
5420	5596
5420	5543
5420	5807
5420	5638
5420	5808
6972	7130
4891	6889
4891	6972
4891	7130
4891	5159
4942	5661
6973	7294
6512	6780
6512	6973
6512	6514
6512	6513
5415	6929
5415	7348
4891	4983
6056	7300
6056	7301
5424	6069
4891	5056
4891	4943
4891	7048
6266	6801
5728	6801
5728	6266
5728	7243
5728	6216
5728	6304
4891	5016
4891	5668
5005	5522
5431	6404
4891	6818
4891	5429
5390	5857
5390	5984
4891	6778
5458	6781
5458	6152
5458	5820
5455	5473
5455	5468
4932	6133
4932	6201
5476	6761
5457	6778
5457	6781
5457	7228
4891	6170
4891	5249
4891	6180
4891	7178
4891	7232
4891	7234
6348	6675
5435	6403
5436	6840
4891	4900
4891	7061
5429	6969
5429	5463
4891	6146
5440	5596
5440	7010
5428	5435
5428	6974
5428	5451
5441	5621
5441	5624
4891	7207
4891	6600
4891	5457
5051	6891
5051	7222
5442	6132
5442	5858
4891	5833
4891	4895
4891	5817
4964	6509
4964	5805
4964	6405
4964	6912
4964	7012
4964	5535
4891	6821
6328	7339
6328	6494
6328	6667
4891	7163
4891	6883
4891	6348
4891	6042
4891	6151
4891	6152
5444	6768
5444	6913
4891	5545
5067	7228
5538	6827
5538	6828
5538	5739
5225	6891
5005	5573
5106	6839
5659	6138
5659	5667
5659	7071
5659	7189
5659	6192
4891	5458
6046	6047
6046	6188
5005	5462
5446	6818
5446	6941
4891	4903
5449	6328
5449	6982
5449	6145
5451	6974
5451	6669
5451	5846
5451	6672
5858	6132
5858	6777
4891	7229
5450	6976
5450	6135
6138	6924
4891	5497
4891	7059
5817	6344
5817	7052
5817	7055
5817	6343
6977	6978
5452	6977
5452	6978
5452	6493
6493	6977
6493	6978
5241	5505
4928	7109
5453	6760
5453	6864
5453	7049
5453	5644
5453	6162
5173	6857
5173	6870
4964	6128
4964	7226
4891	6365
4891	7236
4891	7117
4891	7118
4891	5113
5460	6981
4891	5535
6980	7230
6980	7420
6980	7421
5015	6348
5015	6980
5015	7176
4891	6604
6981	7134
4985	7223
4935	6761
6133	6780
6133	7035
4932	6756
4935	5744
6982	7339
5067	7229
5466	6762
5468	5476
5468	5473
5235	6774
5235	5886
5235	5955
5470	6756
5471	7016
5462	6160
5462	6153
5462	6186
4932	6781
4932	5458
5474	6844
5474	5756
5474	6264
5357	6129
5475	6126
5475	6606
4997	5487
4997	6800
6984	7126
6984	7299
4889	5032
4891	7136
5175	6796
5489	5873
6985	7291
5484	5873
5484	5489
5485	6232
5485	6539
4891	6736
5488	6985
5488	7183
4889	6437
5491	7113
5497	7059
5497	7062
5497	6669
5497	6134
4909	6817
4909	7069
6987	7170
5492	5706
6988	7084
6988	7186
6988	7187
4891	6991
5087	6131
5087	5427
6989	7150
5494	5518
5494	6640
4891	6437
5465	6047
5465	5786
5465	6188
5465	6187
5021	7172
4891	6251
6992	7103
6009	6992
6009	6683
6009	6682
6009	6679
5164	5527
5164	6755
5527	5688
5011	6986
5011	5599
5272	5298
5272	7155
4891	6946
5498	6987
4891	5499
4891	5697
4891	6248
5052	6851
5052	6883
5052	7059
5052	7222
4891	5967
5967	7088
5967	6251
5967	6239
4891	6129
6129	7022
6129	7223
6129	7236
5500	6240
5500	7247
5500	6223
4891	7292
4891	6985
4891	6392
5337	5346
5501	6890
5501	6607
6274	7092
6274	7115
4891	6994
6994	7039
4891	7013
4891	5878
5878	6994
4997	5721
4997	5911
5502	6941
5502	7091
4891	6941
4891	7091
5057	5503
6995	7127
5131	5503
5131	7058
5512	6320
5107	6824
5504	6959
5504	7000
5504	7001
5504	6205
5504	6350
4891	6729
5495	5512
5495	7034
5495	5787
5495	5809
5507	7268
5507	6327
5507	7324
5507	7330
5507	6442
5507	6452
5315	6819
5315	5508
5315	6999
5315	7419
5315	5733
5508	6999
6392	6399
5508	7419
4891	5614
5510	6908
5510	7020
6347	6959
6347	7285
4891	5032
4891	5831
4891	6423
5508	5734
5515	5732
5734	6999
5734	6029
5734	6495
6999	7419
4891	6940
4891	5272
4891	6273
7000	7001
7000	7024
4891	6526
5517	7181
5300	5557
5300	5678
5709	5788
5709	5789
5520	6998
5520	7315
4950	7208
6388	6940
6388	6942
6388	6399
6388	6400
5521	6509
5521	7184
6231	6456
6231	7324
6231	6422
6231	6439
5523	6177
5523	5537
5523	6199
5523	5765
5523	5815
5524	5938
5524	5840
5524	7275
5537	5765
5537	5815
4891	7010
4891	7104
5133	5909
5133	5434
5133	6904
5133	6046
6031	7276
6031	7282
6031	6393
6031	7310
6031	6394
6031	6395
6031	6396
4891	6892
4891	6926
5778	6988
5778	5969
5778	7132
5778	5977
7003	7148
5301	7003
5301	5529
5301	7017
5301	7019
4891	6776
4935	6331
4891	6339
4891	7291
5409	7179
4894	5878
4894	5527
5665	6904
4891	5921
7004	7009
7004	7196
5526	6932
5526	7006
7005	7248
4891	5124
5124	6946
5124	6966
5124	5720
5540	5921
5540	7288
5528	6821
5528	6150
5525	5768
5525	5821
5084	7033
5529	7003
5529	6329
5278	5538
4891	6141
5531	7112
5531	5592
5531	7184
5532	5921
5532	5540
4912	6984
7008	7204
7008	7205
7008	7206
7008	7217
7008	7219
6318	6383
5557	6745
5557	6896
5557	5678
5557	7134
5359	7003
5359	5529
5536	7300
5536	7301
6141	6976
4891	4999
4987	5133
4987	5525
4987	5549
4987	7017
4987	7018
4987	5555
4987	7128
4987	6337
4891	5987
4891	6975
4891	6038
5014	7040
5014	5798
5133	6430
5678	7107
5007	5430
4891	7065
4891	6022
5541	5938
5541	5840
7011	7033
7011	7082
5542	5929
5543	6773
5543	5808
5543	5679
5543	6206
7013	7081
7013	7288
5430	6904
5430	5465
5430	5547
5430	5786
5430	6188
5430	6187
5547	6904
4891	7112
5477	5673
5477	5674
5477	7072
5549	7017
5549	6337
5551	7004
5551	5787
7015	7239
7015	7247
5552	5921
4891	7062
4926	5560
5887	6746
5887	6902
5887	5917
5887	7038
5887	7239
5887	6241
4891	6135
5805	6509
5805	6141
5553	7003
4891	6044
4891	5538
4891	6159
5554	6746
5554	5920
7017	7018
7017	7019
7017	7128
4912	7029
4891	4917
4917	5768
4917	5447
4917	6940
4917	5409
4917	7014
5448	6043
5448	6156
7018	7247
7019	7128
5555	7017
5555	7019
5555	7128
5555	6337
5001	7131
4891	5430
4891	7099
6045	6403
4891	5739
4891	6234
5847	6979
5847	7060
4914	7115
4914	7225
7021	7025
7021	7026
4934	5135
4934	5570
5565	5592
5561	7023
5561	6710
6174	7066
6174	6178
7023	7177
4891	5427
5562	7022
5562	5764
5478	5564
5478	5563
5478	5571
5564	5571
5563	5564
4891	7000
4891	7022
4891	7024
4891	6176
5764	6129
5764	7000
5764	7022
5764	6130
5764	6171
4891	5571
5566	7024
5566	6167
5571	6078
5571	6175
5571	6178
5567	6833
5567	7021
5567	7025
5567	7026
5885	7022
4891	6130
5568	6833
5568	7021
5568	7025
5568	7026
7025	7026
5569	6128
5569	5847
5569	7060
5566	5986
4891	6174
6710	7023
6710	7177
4891	6833
4891	6834
5110	5849
4891	5873
4891	4998
5572	5632
5572	6936
5574	6488
5575	5576
5575	7081
5575	7179
4944	4992
4944	5460
4944	5579
4944	7055
7027	7081
4891	5596
7028	7030
7028	7031
7028	7359
4891	5530
5578	6931
5578	6943
5578	7295
5579	6943
5095	6018
5095	7293
6033	6943
6033	6331
6033	7055
6033	7179
6331	6943
6331	6957
4891	5258
7030	7031
7030	7359
5582	6971
5582	7028
5582	7030
5582	7031
5582	7359
7031	7359
4912	6046
5685	6041
5685	7009
5156	6746
5156	6399
5486	5806
5486	5588
7032	7089
4894	5530
4891	5865
5584	6971
5584	7030
5584	7031
5585	6841
5586	7142
5151	5833
5151	5766
4891	6448
4880	5299
4880	7011
7035	7050
5589	6763
5589	7134
5855	6665
5855	7143
5855	5867
7036	7065
7036	7096
4891	6744
5539	6260
5591	5776
5591	7104
5591	6025
5593	6957
5482	6744
5482	6957
5482	5593
5807	6785
5594	6293
5594	6235
5553	7148
5595	6041
5595	5685
5553	6381
4912	6901
4891	7196
5597	6841
5597	6331
5054	6986
5598	6788
5598	7037
5663	6983
5034	6503
5599	6986
5071	6129
5017	5529
5017	7006
5602	6478
5602	6791
5602	6233
5602	6809
4891	7187
4891	7039
5603	7101
5603	7103
5300	6534
5605	7013
5605	7076
5605	7081
5605	7288
4891	5274
4891	7275
5128	5299
5128	7050
5128	5702
4891	7281
4891	7334
5607	5618
5607	5613
5607	7041
5613	5618
5613	7041
6292	7000
6292	6401
6292	6293
6292	6350
6292	6457
5610	7047
4924	5610
4891	5389
4891	5610
4891	6427
5112	6352
4891	7268
4891	7270
7041	7111
7042	7043
7042	7044
7042	7045
7043	7044
7044	7045
7044	7271
5609	6401
5609	6293
6289	7046
6289	7269
6289	7270
6289	6502
5521	7042
5521	7045
7045	7271
4891	6292
5612	5613
5612	6292
4891	6347
5615	6962
5615	6963
5615	7047
5615	7271
5615	7272
5616	6506
5616	6962
5616	6963
5616	7047
5616	7272
7047	7271
7047	7272
5617	6775
5617	7046
5617	6352
4891	5613
4943	5056
4943	5621
4943	7048
4891	5591
4891	5001
4891	7131
4912	6259
4912	7193
5619	6988
5619	7186
5619	7187
5620	7217
5606	5621
5558	6736
5558	6194
5558	6805
5558	6910
5623	5989
5623	5909
5623	6047
4891	6780
5625	6736
5625	6757
5625	5844
4891	7036
4891	5240
5624	6251
5627	5762
5627	7089
5627	7099
5627	6430
5627	6443
5548	6796
5548	5905
5548	5903
5548	6601
4891	6469
4957	5360
4957	4979
4957	6826
4957	5951
4957	5425
4957	6984
4957	5558
6469	6990
5628	5697
5628	5817
5628	7055
4891	5844
4891	5254
4891	6470
4891	6990
4891	5043
4996	6454
4996	6128
4996	6784
4996	5667
4988	5993
4988	5344
4988	7110
4988	5771
4988	7122
5629	7116
5630	7051
5630	6930
5630	7052
7051	7052
5307	6081
5631	7051
5631	7052
7052	7154
5034	7053
5034	6018
5034	7197
5359	6747
5359	6783
5359	7083
4918	6194
5121	5542
5121	5929
5121	5486
5635	6771
5635	7149
5635	7150
5635	7151
5635	7152
5637	6785
5637	5689
5638	6785
5638	5807
5608	6931
5608	5627
5608	7226
5608	5647
5639	6785
5639	7032
7054	7148
5640	6785
5640	7032
5641	7129
5641	7176
5642	6055
5642	7220
5642	7363
5643	6055
5643	7202
5643	5845
5645	6511
5646	6864
5646	5659
4891	6114
4891	6085
4894	6899
5648	7370
5648	7371
5648	6610
5648	7372
5160	5416
5649	5925
5650	5737
5480	7108
4891	5142
4891	7089
4891	5078
4886	4967
4886	5804
4886	6951
4886	5394
4886	5114
4886	5053
5076	6767
5651	5653
5020	6773
5020	5456
5020	5543
5020	6206
4891	6782
5653	7057
5653	6257
5653	7354
5653	6538
7057	7354
5652	6852
5652	7057
4891	5669
4891	7155
5651	7354
4891	5985
4891	5622
4891	7113
5655	6253
5510	5656
6136	6805
6136	6822
6136	6910
6136	6911
6136	6913
6136	7069
6136	7086
5622	7153
5657	6989
4891	6916
5105	6780
5105	6512
5105	5942
5105	6190
5105	6339
4891	4898
4891	7162
6135	7006
4891	5974
7059	7097
7060	7076
7060	7100
7060	7159
7060	7183
5662	6120
5662	6118
5662	6119
5662	5851
5662	6123
7061	7267
4928	5499
4928	6768
4928	6913
4928	7049
7062	7088
7062	7247
6146	6736
6146	6805
6146	6910
5105	6736
5105	6805
5105	6910
5105	6136
7063	7064
5664	6254
5664	7063
5664	7064
7065	7096
5666	6774
4891	5633
4891	5412
5667	7071
5115	5659
4891	6911
4891	6935
5670	5855
5670	6665
5670	7143
7067	7068
7067	7153
4912	6211
7069	7086
4891	6902
7070	7173
5673	5674
4891	5765
5674	7072
5263	6626
5263	6769
5263	6770
5675	5883
5675	6497
5337	6838
5337	5766
5676	6664
5676	7126
5762	7089
5762	7099
4921	6936
4891	6959
5679	5765
5765	5815
5680	6779
5680	7381
5680	7382
5680	7383
5680	7384
5681	6818
5681	6925
5014	7186
5363	6535
5363	6815
5433	7178
5433	7179
5806	7039
5806	7108
7073	7074
7073	7075
7073	7160
7074	7075
7074	7160
7075	7160
4888	6724
4887	5703
5484	6114
4891	7156
7076	7100
5775	6795
5775	6909
7077	7078
7077	7080
7077	7221
7078	7080
7078	7221
7079	7105
7079	7106
7079	7178
7079	7224
7079	7293
7080	7221
4891	5899
5686	5872
5687	6046
5687	6188
7081	7137
7081	7288
4978	5900
5690	7083
5690	7097
5690	7224
7083	7097
5691	5833
5691	7083
5899	7119
5899	7123
5899	7124
7084	7132
5635	6426
5635	6135
4927	5416
4894	4944
4894	7055
5999	6274
5999	7092
4891	6749
4891	5101
5695	6721
5696	6721
5695	5696
5695	7404
4891	6880
5699	5937
5699	6474
5195	6782
5033	6804
5701	7035
5701	7050
5702	7050
5682	5703
5682	5804
5228	5703
5228	5814
5392	5703
5392	6951
5392	5394
6669	6974
6669	6672
7087	7253
5705	7087
5705	5711
6240	6819
6240	6917
6240	6918
6240	6919
6240	6920
6240	6995
5711	7087
5250	5577
5250	5500
5250	6240
5250	6467
5082	6012
5082	5132
5082	5282
5082	6972
5082	5453
5082	5644
5708	7087
5708	5711
7088	7244
7088	7247
5096	5531
5096	7112
4891	4910
7089	7099
4891	7244
7090	7256
5051	5768
5051	5447
5712	6765
5070	6951
5070	5394
5070	5682
5713	5994
5715	5718
5715	7085
4891	6901
5716	5994
5433	5577
5719	6046
5719	6047
5720	6946
5720	6966
5715	6370
4948	5986
4891	6831
4891	7267
5717	6306
5717	6928
4891	6306
4891	6280
7092	7115
4891	7093
7093	7238
4891	6793
5326	6461
5934	6461
5934	6809
5934	6467
5934	7094
5934	7167
5934	6463
5722	5934
5722	7095
4891	5933
4891	5934
4891	6460
4891	7167
4889	7310
4891	5237
6467	6808
6467	6503
6460	7094
6460	7095
6460	7167
6460	6473
6460	6651
6460	6504
4980	5724
7094	7333
5722	6460
5326	5934
5326	6467
5725	6809
5725	5934
5138	6857
5138	5234
5138	6883
5138	6056
5138	5585
5138	5915
5138	6163
5138	7300
5138	7301
5726	6467
5726	7167
5726	6463
5726	7333
5079	6808
5079	6503
5079	7169
4891	6827
4891	7063
4891	7064
4891	7166
5727	6805
5727	6136
5730	6911
5516	6728
5516	5732
5733	7419
5736	7308
5736	6443
4894	5268
4894	7073
4894	7074
4894	7075
5280	6900
5738	7006
5738	6135
5738	5888
4909	6795
4909	5775
5729	6884
5729	6915
5729	7018
5729	7247
4891	6822
4891	5490
4906	6334
5034	6932
5034	6934
5053	6951
5359	6952
5359	6359
4891	6133
5104	5512
5370	6272
5131	5993
5588	5654
4912	6946
5748	6967
5748	7036
5170	7098
5170	6398
5170	6732
5688	6260
5480	5688
4891	6839
4891	7020
5750	7076
5750	6151
6151	6512
6151	7076
6151	7100
6151	6201
6151	6339
5058	6958
5058	7076
5819	7036
5819	7065
5819	7096
5819	6281
5422	7080
5422	5588
5751	7101
5751	7102
5751	5790
7101	7102
7101	7103
5752	5761
4891	6771
4891	6891
4891	7080
4891	7221
6201	7070
5337	5762
5475	7082
5761	7101
5761	7102
5761	5790
5761	6171
5078	5142
5078	7089
5753	6958
5753	7100
4985	5790
4985	7293
4891	7101
4891	7102
4891	5761
4891	7103
6180	6183
5754	6765
5754	6141
5754	5805
5757	5761
5757	7116
5758	6318
5627	7226
5759	6043
5282	6755
5282	7103
5422	5550
5760	6133
5760	6151
5760	7100
5790	6761
5790	7101
5790	7102
5790	7293
4891	5819
5337	7009
5763	5803
5067	5902
4891	7105
4939	6916
7105	7106
7105	7107
7105	7178
7106	7107
7106	7224
7107	7224
4894	5601
5769	6233
5769	5951
5769	5972
7110	7122
5770	6800
5770	7169
5770	6233
5770	6932
5770	6462
5937	7155
5937	6466
5937	6474
5937	6504
5771	7110
5771	7122
5772	6132
5772	6777
4891	5787
5773	6938
5773	6965
5774	6472
5774	6654
5774	7168
4891	7245
4891	7263
6211	7226
5649	7062
4891	7041
4891	7111
4891	6293
4891	6534
4891	6362
7111	7274
7111	7308
4891	7269
4891	6286
4985	6960
4985	7102
6293	7041
6293	7111
6134	7079
6134	7221
4891	6887
4891	7012
5034	7302
5034	7303
5034	6019
5876	6202
5707	7114
5707	6093
4891	5707
5777	6746
5777	7038
5779	6599
6198	6747
6198	7059
5057	5456
5672	5872
5672	5686
5672	7125
5672	5816
5672	5850
5715	6306
5715	5731
5715	6928
4891	5989
5664	6313
5664	7237
5787	6981
5787	7004
5787	7034
5787	5809
4960	5961
5381	6419
5381	6335
7117	7118
5783	7117
5783	7118
4894	5999
4894	7092
4894	7114
6370	6830
6370	6407
5715	5835
5715	6898
4891	6407
4891	6370
5784	6898
5784	6900
5784	7002
5784	7018
5784	7058
4891	6828
4891	5951
7119	7123
7119	7124
5786	7119
5786	6188
5786	6187
4894	7009
4894	6033
5785	6664
5785	7120
5785	5972
7120	7121
5972	6664
5972	7120
5972	7121
5972	5978
5461	6664
5461	7120
5461	5972
5461	7121
5771	5993
5788	5789
5630	7154
5337	5900
5791	5920
5791	7130
4911	5743
5034	5360
5793	6536
5795	7103
5795	5798
5798	7101
5798	7102
5796	7102
5796	5798
5282	6432
4891	4960
5645	6536
5797	6485
5794	5797
5794	6485
5794	6338
5794	7366
5799	6346
5799	7059
5800	7001
5800	7336
6727	7335
6727	7337
6727	7367
4985	5798
5146	6588
5146	6511
5802	6727
5802	7203
5802	6084
5802	6202
5802	7335
5802	6482
5802	7367
6161	6171
5034	5538
5658	6981
5658	5787
5645	6480
4891	5807
5418	5420
5002	6826
5002	5236
7123	7124
4891	7119
4891	7123
4891	7124
5809	7034
5810	5855
5810	5867
6152	6835
5871	6034
5871	6687
5812	5855
5812	5871
5812	6034
4891	7083
5813	6777
5813	5858
5814	6660
6251	6761
6251	7088
6251	7247
5051	7146
5816	5850
5357	5448
4891	6384
5818	7034
5818	6430
5818	6330
5818	7261
5854	7001
5854	6360
5854	6330
6384	6771
6384	7151
7129	7176
5820	6982
5820	6152
5585	6056
5585	7300
5585	7301
4894	7130
4894	7056
4891	5969
4891	5009
5969	6915
5969	6074
7132	7175
5047	5968
5823	6081
4891	5543
4891	6081
4891	7133
5825	7065
5240	7036
5240	7065
5240	7096
5240	5819
5240	5825
5240	6281
5158	5824
5826	6748
5826	6081
5827	7040
5827	7181
5827	6436
5827	6434
5827	6431
5827	6510
4891	6993
5829	6993
5829	5992
5566	7098
5992	6170
5992	6993
5992	6180
4891	5828
5566	5828
4891	5085
4891	6235
6081	7133
6131	6159
4891	5900
4891	7154
6206	6773
6206	6821
6206	7165
5836	5944
7134	7196
4891	5984
4891	7146
5838	7142
5838	7144
5838	6689
5024	6132
5024	5302
5024	5837
5024	5836
5024	5923
5024	7291
5839	5868
5839	5865
5836	6981
5836	7134
5836	7029
7135	7146
5849	6820
4891	5672
4891	5082
4891	5872
4891	5850
7136	7139
7136	7141
5842	7071
5842	6314
5843	6930
5843	7235
5463	6969
5463	7125
4891	5335
4891	6319
4985	7196
5846	6974
5846	7106
5846	5986
4891	6380
4891	6143
6042	6348
6042	6045
5085	7084
6117	6120
6117	7220
6117	6124
6117	6122
5435	6045
7138	7409
5600	6694
5669	7155
5669	7167
5669	7168
6343	6344
5282	6768
5282	5849
4891	5925
5850	5924
5850	5872
5850	7125
7139	7141
7139	7145
4891	5390
4891	6190
4891	4901
4891	7035
5586	7144
5586	6689
5852	7140
5853	6036
5200	5864
5200	7190
7141	7145
5852	7146
4891	5810
4891	7142
4891	6689
5868	7136
6665	7143
6665	7145
6665	7147
7143	7145
7143	7147
5856	6665
5856	7143
5816	5924
5857	5984
7145	7147
5409	5550
5857	7125
5861	6745
5861	5987
5862	6687
5863	7145
5863	7147
5816	5872
6689	7142
6689	7144
5866	6821
5866	5938
5866	7235
5869	6975
5869	6038
6038	6975
6038	6624
5870	6810
5874	6979
5592	7184
5248	6870
5248	5671
5875	6925
5105	5535
5877	6781
7149	7150
7149	7151
7149	7152
5156	6306
7151	7152
5879	6771
5879	6384
5879	7149
5879	7151
6381	6778
6381	7054
6381	6432
6381	7148
5881	6749
5862	5987
5882	5987
5882	6975
5884	6810
5884	6835
5649	6807
5649	6984
4918	6765
4918	6003
4891	7153
5886	6774
5886	6947
5886	7081
5886	7137
4921	6880
4921	6938
6130	6171
5888	6469
5889	6979
5661	6976
5661	6141
5890	6831
5891	7014
7155	7168
5892	7011
5892	7082
7156	7162
7156	7163
7157	7158
5894	7157
5894	6391
4891	6419
4891	7158
4891	6441
5895	6878
7159	7183
5896	7207
5896	6600
5896	6139
5898	6265
5763	5804
5019	5804
5743	5804
5114	5804
5303	7006
5303	6135
5303	5738
4891	6343
4978	5495
5901	7055
5905	5906
5906	5907
5903	5905
5904	5905
5904	5906
5904	6125
4948	5905
6125	6494
6125	6673
6125	6670
6125	6671
5904	6276
5904	6278
4948	5906
5801	5876
5801	5906
5801	5907
5801	6202
5467	5906
5461	5893
5908	6789
5908	7160
6313	7237
4891	7114
5803	6117
5803	6120
5803	7220
4891	7261
4891	6434
5911	6280
7161	7365
5105	6146
5912	6012
5912	7085
5255	7094
5255	7169
5913	6608
5913	5918
5913	5919
5914	5918
5914	6282
5914	6890
4891	5821
5918	6608
5918	5919
5918	6282
5919	6608
5919	6282
5915	6883
5915	7222
6029	6111
6029	6495
5916	6608
5916	5918
5916	5919
7162	7163
5913	6282
5914	6609
6150	6252
4891	5992
5922	6170
5922	6180
5923	6132
4921	5360
7164	7165
5926	7164
5926	7165
5927	6937
5927	6938
4891	6936
4891	6937
5928	6823
5928	7164
5930	7016
5931	6956
7166	7316
7167	7169
7167	7333
5932	7167
5932	7169
5034	5117
5034	5669
5034	7168
6463	7094
6463	7167
6463	7333
6463	6471
6463	6476
6463	6504
6463	6653
6464	6472
6464	6654
5255	6762
5255	5933
5932	5934
5935	6808
5936	6086
5936	7166
6159	6926
5939	6777
5939	6534
6534	6777
5305	5583
5305	6924
5305	7009
5940	6117
5940	7220
5940	6124
5941	6151
5941	6201
5942	6339
5942	7291
5943	6135
5945	6968
5945	7128
5949	5954
5949	5979
5947	7121
5947	7120
4891	5962
5948	7171
5948	5982
5968	6939
5968	7132
5968	7175
5968	5975
5968	5980
5966	6170
5966	6180
5966	6183
5045	6988
5957	7171
5957	5979
5957	5976
5957	5983
5950	5957
5950	7171
5950	5979
4891	5944
5960	6750
5960	6833
5960	6834
5960	6297
4924	5962
4924	7132
5952	6751
5952	6752
5973	5979
5973	5981
4924	5085
5953	6833
5953	6834
5953	5960
5954	5973
5955	7049
5021	5333
5021	7174
7172	7174
5956	7070
5956	7173
5948	5973
5800	7172
5958	5982
5959	6761
5979	7171
5979	5981
5979	5983
5979	5982
5958	7171
5958	5979
5427	5571
5427	6078
5427	6052
5961	6669
5961	5982
5963	7132
5963	5968
5963	7175
5964	7172
5964	7174
5964	6713
5965	7165
5956	6664
4924	5968
5021	7254
5021	7255
5021	7405
5970	6939
5970	7084
5971	5979
4891	5388
6235	7088
6235	7244
4891	7088
4891	6760
4891	6864
4891	5453
5975	7175
5976	7171
5977	7132
5978	6751
5978	6752
5978	7150
5980	7175
4891	7084
4891	7078
4891	7237
5053	7395
6550	6814
6550	6551
4950	6435
5988	6928
5990	7109
6694	7138
6694	7409
6694	6695
4891	6907
5991	6015
5991	7192
5991	7197
5359	6916
7178	7179
4923	6764
4923	6838
5995	7148
5996	6033
5996	7179
5111	5343
5111	5600
5111	7138
5111	6694
5111	7409
5111	6695
4891	5384
4891	7182
4891	7284
7180	7181
7180	7182
4891	7316
7181	7182
7181	7284
4891	7181
4891	7308
7182	7295
5998	7180
5998	7182
4891	6646
4891	6086
6011	6831
6011	7085
6011	6049
4891	6011
5874	6976
6003	6765
6003	7060
6003	7159
6003	7183
4891	6000
6001	7159
6002	6723
6002	6453
6002	7343
5015	5693
5015	7305
5015	7306
5015	7307
6004	7159
6004	7183
4891	7185
6006	7061
6007	7035
6007	6514
6514	6515
6339	6985
6339	7291
6008	6780
6008	6133
6008	7035
6008	6514
4891	6681
6010	6829
6010	6185
6185	6829
7186	7187
5562	6129
6013	7188
6013	7189
7188	7189
7188	7194
7188	7195
7189	7194
7189	7195
6013	7194
6013	7195
6015	7192
6015	7197
6015	7302
6015	7303
6020	7410
6020	7411
6020	6704
6020	7412
6020	7413
6020	7414
6020	7415
6020	7416
6020	6705
4891	5704
6016	7191
6016	6686
6016	6706
6016	6017
6016	7408
7191	7408
6686	7191
6686	6706
6686	6690
6686	7408
6706	7191
6706	7408
7192	7197
6380	7131
6380	6403
6018	7053
6018	7192
6018	6703
6017	7191
6017	6706
6017	7408
6017	6692
6017	6693
5034	6017
6019	7302
6019	7303
6021	7282
6021	6376
6023	6516
6023	6517
6023	7344
5034	6015
6024	7257
4891	7192
6259	7193
6259	7304
6259	7310
6259	6648
6259	7398
6259	6649
6259	7399
7193	7304
7193	7398
7194	7195
6026	7188
6026	7189
6026	7194
6026	7195
4894	6889
7197	7302
7197	7303
5347	5608
5581	5636
5581	5871
7198	7199
7198	7296
7198	7297
7198	7298
7198	7401
7198	7402
7198	7403
7199	7298
7199	7401
7199	7402
7199	7403
5862	5871
5053	5392
5307	6856
6035	7199
6035	7401
6035	7402
6035	7403
4982	7127
4982	6389
4982	6298
4982	7284
4982	5382
4982	6456
4891	7140
6039	6663
6419	6942
6419	6444
4909	6642
5306	6159
5305	6926
6403	7131
6048	6957
6048	6331
6049	6831
6050	6733
6726	6840
6726	6900
5290	7117
5290	7118
6052	7066
5720	7105
4891	7200
4891	7363
6054	7363
6053	6126
6060	6062
6060	7201
6062	6063
6062	6080
6057	6062
6057	6061
6057	6063
6058	6060
6058	6062
6059	6061
6059	6564
6061	6063
4891	6060
4891	6062
6064	7201
5399	6060
5399	7201
5399	6059
5399	6064
6065	6067
6065	6882
6066	6067
6066	6882
5097	6090
6068	6898
6068	6190
4958	6840
4958	6117
4958	6120
6120	6122
6120	7220
6120	6123
4891	5338
4891	5798
5280	6906
4950	5323
6071	6816
6071	7200
6073	6816
6073	7200
5413	5946
5097	6094
6638	6900
6638	6682
6074	6900
6074	6638
6074	6683
6074	6682
4950	6814
4950	5229
4950	6583
6076	6564
5097	5323
5097	6564
6077	6882
5168	5196
5168	5564
5168	5571
5168	5427
5168	6078
5168	6175
5715	6082
5715	6726
5431	6676
5431	5743
5436	6907
4935	5001
5352	6996
5352	6246
5352	6662
7202	7203
7202	7361
7203	7220
7203	7363
6084	7202
6084	7203
6084	7361
6084	6591
6511	6588
6511	6589
5153	5157
5153	5209
6085	6905
6085	7206
6085	7217
6085	6116
6314	7071
7204	7205
7204	7206
7204	7217
7204	7218
7204	7219
6087	6751
6087	6752
6087	6989
6087	7150
7205	7206
7205	7217
7205	7218
7205	7219
7206	7217
7206	7218
7206	7219
6088	6754
6088	7008
6088	7205
6088	7206
6088	7218
6088	7219
6090	6816
6090	6091
6090	6537
5206	6092
6094	6886
6094	7210
6094	6098
6094	6549
5175	6853
5097	6096
5097	7209
5097	7210
6095	6096
6095	6861
6095	6266
7208	7320
7208	7321
7208	7323
6097	7209
6097	7210
6097	7356
6097	6551
7209	7210
7209	7356
7210	7356
6098	6550
6099	6886
6099	7209
6099	7210
6100	7211
6100	7212
6100	7213
6100	7214
7211	7212
7211	7213
7211	7214
7211	7362
7212	7213
7212	7214
7212	7362
7213	7214
7213	7362
7214	7362
6101	6102
6079	6101
6079	6102
5217	6069
5217	5737
5217	5280
5217	6305
6103	7107
6103	7224
5759	6755
6104	6105
6105	6916
6105	6917
6105	6919
6105	6920
6105	6228
6105	6110
6105	7215
6105	7216
6105	6221
6105	6224
6104	6919
6104	7216
6106	6107
6106	6228
6106	6110
6106	7215
6106	6111
6106	6221
6107	6919
6107	6228
6108	7216
6109	6228
6109	7215
6228	7215
6110	6228
6110	7215
4891	7193
4891	7398
6113	6754
6113	7008
6113	7204
6113	7205
6113	7206
6113	7218
7218	7219
6115	7205
6115	7217
6116	7204
6116	7206
6116	7217
6116	7218
6118	7220
6600	7207
6121	6770
6195	6748
6195	6346
6195	6760
6195	6555
4891	5509
6122	7220
5046	5662
5046	6120
5046	6118
5046	6119
5046	5851
5046	6123
7220	7363
6124	7220
4984	5675
4984	5426
4891	6711
5449	6125
6127	6129
6127	7223
4891	7223
4985	5780
4985	6135
4891	6136
5004	5735
5841	7225
5105	7109
6675	7227
6675	7417
7227	7417
7228	7229
4891	7228
6139	7207
6139	6600
6139	6148
6436	7040
6436	7048
6436	6646
6599	7234
4993	6891
5015	7224
6144	6783
6144	7176
4891	6403
4891	5462
6147	7231
6147	7232
6147	7233
6147	7234
7230	7420
7230	7421
6148	7207
5439	6600
5439	6139
5439	6148
7231	7232
7231	7233
6149	7231
6149	7232
6149	7233
7232	7233
7232	7234
7233	7234
4891	7233
6142	6713
6142	7417
6713	7227
6713	7417
6713	6714
4964	6141
6153	6160
6154	7131
6154	6380
6155	6753
6155	6968
6148	6600
6158	6599
6158	7234
6360	6444
6360	6362
6093	7207
6093	6600
6093	6139
6167	7024
6167	6644
6179	6833
6162	7049
5986	6709
5986	6275
5986	7276
6163	6857
4891	5728
6165	6185
6166	6172
6168	6710
6168	7177
6169	6829
6169	6185
6165	6829
6010	6164
6173	6180
4993	5723
5723	7392
5723	6629
5723	7393
5723	7394
4894	6913
4894	7318
6182	7305
6182	7307
4891	5764
4891	6171
6184	6829
6184	6185
4985	6711
6186	6894
6070	6072
6189	7231
6189	7232
6189	7233
6192	7189
6193	6821
6193	6206
5175	6977
5175	6978
5175	7406
5175	7407
5851	6120
5851	6123
6196	7231
6196	7233
4891	7248
6365	6481
6365	7236
6365	6597
6365	7366
6628	7113
6200	7079
6200	7106
6200	7224
6202	6440
6203	6992
6203	7103
6204	6992
6204	7273
6204	7326
4891	6444
4891	7319
4891	6425
6205	6354
6205	6959
4986	6948
6412	7285
6412	7309
6412	7314
6412	7317
5664	5806
6191	7093
6191	7238
6207	7005
6207	7248
6208	7093
6208	7238
6641	6643
6209	7093
6209	7238
5164	7112
4891	5500
6212	6825
6212	7090
6212	6330
4891	7260
4891	7396
4891	7239
4891	6223
6213	7240
6213	7242
6214	7240
6214	7241
6214	6215
7240	7241
5156	7072
5156	7242
5156	7243
7241	7242
5156	5728
6214	7242
6215	7240
6215	7241
6215	7242
6215	7243
6216	7243
5241	6909
7245	7246
7245	7256
7245	7257
7245	7258
7245	7259
7245	7263
7246	7256
7246	7258
7246	7259
6219	6917
6108	6918
6108	6919
6108	6240
6220	6240
6221	6919
6221	7216
6220	6265
6220	6917
6222	6919
6222	6920
4891	6995
5328	7094
5328	6504
6224	6920
6224	7215
6225	7248
6642	7005
6642	7248
4891	6642
6225	7005
7249	7250
7249	7251
7249	7252
7249	7253
7250	7251
7250	7252
7250	7253
6226	7249
6226	7250
6226	7251
6226	7252
7251	7252
7251	7253
7252	7253
6227	7249
6227	7250
6227	7251
6227	7252
6227	7253
7254	7255
7254	7405
7255	7405
6230	6248
6232	6539
6223	7015
6223	6240
6223	7244
6223	7247
6223	6237
6223	6243
7256	7257
7256	7258
7256	7259
7257	7258
6236	7245
6236	7256
6236	7257
6236	7258
6236	7259
6236	6250
6236	6631
7258	7259
7258	7263
7259	7263
6024	7090
6024	7256
6024	6636
6024	7397
6237	7239
6237	7244
6637	6825
6637	7015
6637	7244
6637	7247
6238	6825
6238	7090
6238	6637
6239	7088
5535	6405
5535	6912
5535	7012
6241	7239
6242	6834
6242	7021
5366	6330
6330	7001
6330	7261
6330	7272
6330	6423
6024	6632
6243	7015
6243	7244
6243	7247
6243	6637
6244	6825
6244	7090
6245	6825
6246	6996
6247	7247
6247	6637
7260	7396
6249	7245
6249	7246
6249	7258
6250	7245
6250	7246
6250	7256
6250	7258
6250	7259
6636	7397
5823	6895
6252	6746
5431	5432
5431	5457
5292	6951
6255	6754
6255	7087
6255	7253
6256	6265
6257	7057
6261	6418
6261	6262
6261	7262
6418	7262
6262	6418
6262	7262
7262	7332
5034	6800
4891	6389
6389	7157
6389	7284
6389	6451
4894	7061
5706	6440
5706	6455
5116	6347
5116	6319
7264	7265
7264	7266
5745	7264
5745	7265
5745	6272
5745	6267
5745	7266
5745	6269
5745	6271
5745	6715
7265	7266
6272	6718
6267	7264
6267	7265
6267	7266
6267	6716
5370	6270
6270	6272
6270	6718
5370	7264
5370	6716
6716	7264
6716	7265
6716	7266
6716	6718
6269	6272
5370	6718
5370	7265
5370	7266
5467	6530
6271	6272
5370	5745
6718	7264
6718	7265
5426	6268
5370	6268
6276	6278
6276	6301
6276	6277
6276	6283
5742	5904
5742	6276
6275	6663
6279	6942
6279	6388
6281	7036
6281	7065
6281	7096
6277	6301
6282	6608
6283	6301
6089	7161
6089	6406
7268	7270
6284	6289
6284	7173
6284	7268
6284	6285
6285	7268
6285	6441
6285	7325
6285	7326
4891	6285
7269	7270
6287	7042
6287	7044
6287	7045
6287	6505
6288	6289
6288	7269
6288	7270
6290	7157
6290	7158
6290	6409
6291	6295
6291	7327
6391	6931
6391	7157
6391	7173
6391	6502
7273	7326
4891	5827
4891	7326
4891	7044
4891	7045
4891	7271
4891	6505
6441	7273
6294	6295
6295	7273
6295	7327
5521	6285
5521	7325
6286	6294
6296	7044
6296	7045
6297	6750
6444	6998
6444	7308
6444	7316
6400	7041
6400	7274
6400	7283
6298	6429
4891	6399
7274	7283
6362	7111
6362	6709
5520	6931
5520	6953
5520	7046
5520	7295
6299	7328
4891	7175
5095	5878
6300	7073
6300	7074
5115	7073
5115	7074
5115	7075
5036	7170
6440	6663
6440	6455
6303	6440
6303	6663
6095	6544
6304	7243
7276	7282
7276	7310
5650	6069
6311	6799
6311	6868
6311	7277
6311	7278
6311	7279
6311	7280
6311	6735
7277	7278
7277	7279
7277	7280
6307	6799
6307	7278
6307	7279
7278	7279
7278	7280
7279	7280
6308	6868
6308	6311
6308	7277
6308	7278
6308	7279
6308	7280
6030	6344
4891	6030
4935	6957
6310	6799
6310	6311
6312	6603
5160	6406
5692	6403
5692	6191
5692	6340
6315	6952
6315	6359
4891	7312
7281	7334
6273	6709
6273	6362
6273	6349
5187	5499
5113	7117
5113	7118
5113	6050
5113	5290
5113	6733
5113	6734
6352	7046
6202	6727
6202	7335
6202	7367
7282	7310
4891	6290
5578	6960
5578	5746
5578	6360
4891	6400
7283	7286
7283	7287
6320	6429
6320	7181
4891	6350
7285	7309
7285	7312
7285	7314
7285	7315
6321	6956
6321	7285
6322	6456
6322	7322
6456	7182
6456	7316
6323	7283
6323	7287
6319	6347
6319	6358
6324	6934
6326	6737
6327	7309
6327	6427
5606	6145
5449	7339
6329	7003
6028	7190
6332	6931
6332	6400
4891	6942
6333	6419
6333	7274
6335	6419
6336	6400
6336	7274
6336	7287
6336	6427
7287	7318
6337	7017
6337	7019
6337	7128
6337	6341
4891	6337
7289	7290
5824	7040
5824	6436
5824	6335
5824	6646
6340	6966
6340	7134
6340	7196
4891	7019
6341	7019
6341	7128
6345	7015
6345	7239
4894	7005
6349	6709
6349	6362
4891	6931
5093	6177
7296	7297
7296	7298
6350	7286
6350	6413
6350	7322
6350	6457
6351	6807
6351	6940
6353	7198
6353	7296
6353	7297
7297	7298
6355	7054
6355	6402
6356	7297
6356	7298
7298	7401
7298	7402
7298	7403
6357	7111
6357	7274
6358	6534
6361	7296
6361	7297
6361	7298
6299	6752
6335	6436
6363	6364
5647	6931
5255	6460
5112	6976
6366	6781
6366	7299
6683	7226
5435	6354
5435	5504
5435	7000
6367	6748
4891	7274
5349	6427
6373	6923
6373	6970
6373	7078
6373	7080
6373	7221
6368	7077
6368	7080
6368	7221
6369	7011
6485	7236
6480	6536
6480	6511
6371	7289
6371	7290
6372	6923
6372	7078
6372	6373
5880	6302
5880	6273
5880	6385
5880	6443
5014	7285
5014	7317
5014	7322
7300	7301
6374	6838
7302	7303
6375	7302
6375	7303
6376	7344
6376	6707
6377	7193
6377	6378
6377	7304
6377	6708
6378	7193
6378	7304
7304	7310
7304	7398
7304	7399
6379	6628
6379	7113
7305	7306
7305	7307
7306	7307
6182	7306
6383	7326
6383	7327
5627	6438
5732	6728
4891	6426
5349	7309
5349	7316
7308	7316
6443	6998
6443	7308
7309	7312
7309	7317
6386	6950
6386	7311
6646	7040
4891	6436
6387	6401
5517	7284
5517	6424
6434	6448
6434	6960
6434	7295
6402	7116
6393	7276
7310	7398
7310	7399
6394	7276
6394	7282
6394	7310
6395	7276
6395	7282
6396	7276
6396	7282
6397	6934
6397	6965
6355	7116
5357	6755
6406	7161
6406	7365
6406	6594
6408	6874
6409	7157
6409	7158
7312	7314
7312	7316
6410	7314
6410	7315
6410	7319
5664	7108
5664	7312
6411	6412
7313	7314
7313	7315
5264	7314
5264	7315
7314	7315
7315	7317
7315	7319
5014	7319
6413	7286
6414	6929
6414	7348
7317	7319
5014	6412
5014	7314
6385	6412
6385	6423
6424	7284
6415	7284
6415	7285
6415	7309
6415	7317
6415	6424
6427	7287
5831	6998
5831	6443
5831	7318
6416	6456
6416	7319
6336	6389
6410	7180
6410	7309
6410	7317
6410	6412
6410	7285
6433	7312
6433	7313
6433	7314
6433	7315
6417	7320
7320	7321
7320	7323
7320	7331
5349	7308
5349	7313
7321	7323
7321	7331
6411	6438
5520	5831
5520	7312
5520	6423
4891	7313
6420	7312
6420	7314
6420	6433
4891	6443
6421	7320
6421	7321
6421	7323
7323	7331
6422	7324
7324	7330
6423	7272
6423	6438
5347	6427
4894	7325
4894	7329
7325	7326
7325	7327
7326	7327
7326	7328
6428	7315
5611	6426
5611	5635
5611	7261
5611	7283
4891	7040
6431	6436
6431	6646
4894	5384
4891	7287
4891	7318
6383	7325
4891	6509
4891	6456
5834	6951
5347	7328
6439	7324
6422	7330
6442	7324
6442	7330
6445	7324
6445	7330
4891	7157
4891	6391
6398	6732
6398	6447
6398	6446
5170	6731
6447	6731
6449	7320
6449	7331
6450	7320
6450	7321
6450	7323
6450	7331
6451	7157
6452	7268
5386	5762
6466	7095
6466	6474
5264	5937
5264	6466
5264	6474
5227	6466
5227	6474
5227	6465
5093	6470
6458	6800
6458	6933
6458	6995
6458	7127
6470	7332
6465	7262
6465	7332
6468	7095
6471	6809
6471	7167
6473	7167
6475	6808
5326	7167
5326	6464
6476	7333
6477	6478
6479	7169
5792	5814
5792	6660
5792	6700
6338	7236
7335	7364
7335	7367
6482	7337
6483	7293
4891	6485
6484	6727
6486	7289
6486	7290
7337	7367
6487	6727
6487	7337
6489	7151
6489	7152
6490	7338
6491	6668
5015	7230
5015	7420
5015	7421
6492	6982
6492	7339
5449	6494
6494	7339
6494	6668
6494	6670
6496	6497
6496	7404
6498	7306
6498	7307
5859	7305
5859	7306
5112	5614
6499	6500
6499	7340
6500	7340
7340	7341
6005	7340
6005	7341
6501	7340
6317	7340
6317	6501
6005	6317
6000	6005
6502	7173
5616	7342
6505	7042
6505	7044
6505	7045
6505	7271
6526	7350
6507	7043
6510	7040
7342	7389
7342	7390
5370	7237
6723	7343
6453	6723
6453	7343
7343	7418
4891	6197
5982	7171
6513	6514
6007	6339
6515	7291
6516	6517
6516	7344
6517	7344
6528	6529
6528	7345
6528	7346
6528	7347
6528	7349
7345	7346
7345	7347
7345	7349
7345	7350
6518	6528
6518	7345
6518	7350
6518	6529
6518	7346
6518	7347
6519	6528
6519	7345
6519	7346
6519	7347
7346	7347
7346	7349
7347	7349
6520	6529
6520	6528
6520	7347
6521	6529
6522	7346
6522	7349
6459	7346
6459	7349
6459	6522
6523	6529
6523	7345
6523	7346
6523	7347
6523	7349
6524	6526
6524	7350
6525	6528
6525	7349
6527	6528
6527	7346
6527	7349
6521	7347
6532	6914
7351	7352
6533	6961
6533	7351
6533	7352
5196	5438
5580	6071
5580	6091
5845	6055
5845	6727
5845	7202
5845	7367
6537	6816
6538	7057
6538	7354
5006	5485
5200	6861
5200	7355
5211	6075
5211	6550
5211	6551
6540	6861
6540	7355
6551	7209
6551	7210
6551	7356
6542	6886
6542	7209
6542	7210
5474	6435
6543	6856
6543	6873
6546	6856
6264	6844
6264	6545
6264	6856
6264	6549
6548	6552
6548	6879
6548	7360
4950	6796
6549	6856
6554	6843
6554	6845
6554	6849
6554	6854
5184	6866
5184	7357
6555	6760
5184	6859
5184	6566
6556	6567
6556	7358
5210	6571
6559	6971
6559	7030
6559	7359
6560	7031
6560	7359
4891	5397
6561	6858
6561	6863
6562	6858
6562	6863
6562	6865
6563	6865
5166	7360
5188	6876
6565	6846
6565	6566
6565	6879
4950	5207
5181	6577
6557	6577
5188	5244
5184	6570
4950	6914
6569	6875
6569	6914
6570	6577
6570	6574
5184	5245
5184	6558
5210	6847
5210	6850
6571	6575
6572	6578
6572	6575
6572	6576
6577	6578
6574	6577
6032	6957
6032	6331
6576	6578
6580	6847
6580	6848
6580	6849
6582	7360
4953	6871
6586	6872
6586	7353
6587	6872
6587	7353
6590	7335
6590	7364
6591	7203
6592	6867
6592	6593
6593	6605
6593	6867
6592	6605
5187	6836
5187	6855
5187	7161
5187	6406
6594	7365
6595	7211
6595	7212
6595	7213
6595	7214
6595	7362
6072	7200
6596	7363
6597	7366
6598	7337
6598	7367
6601	6796
6602	7368
6602	7369
7368	7369
6312	6619
6312	7380
6507	6675
6507	7227
6507	7417
6607	6890
4911	6609
7370	7371
7370	7372
7370	7373
7370	7374
7371	7372
7371	7373
7371	7374
6610	7370
6610	7371
6610	7372
7372	7373
7372	7374
6611	7373
6611	7372
6611	7374
7373	7374
6612	7372
6612	7373
6612	7374
6613	7370
6613	7371
6613	7372
6613	7373
6613	7374
6614	7372
6614	7373
6614	7374
6611	7375
7375	7377
7375	7378
7375	7379
6611	7376
7376	7381
7376	7382
7376	7383
7376	7384
7376	7388
7377	7378
7377	7389
7377	7390
6659	7375
6659	7377
6659	7379
6659	7391
6615	7375
6615	6720
6720	7375
6720	7378
6720	7379
6616	7375
6616	6720
6617	7375
6617	6720
6617	7378
6617	7379
7378	7379
7378	7389
7378	7390
7378	7391
7379	7390
7379	7391
6618	6659
6621	7376
6621	7380
6621	7381
6621	6622
6621	7382
6621	7387
6621	6623
6621	7388
6618	7377
6619	6621
6619	7380
6619	6622
6619	7387
7380	7385
7380	7387
6620	7376
6620	6621
6620	7381
7381	7382
7381	7383
7381	7384
7381	7388
7382	7383
7382	7384
7382	7388
7383	7384
7383	7388
7384	7388
5680	6621
5680	7380
5680	7385
7385	7386
7385	7387
7385	7400
7386	7387
7386	7400
7387	7400
6623	7381
6623	7382
6623	7388
6624	6975
7389	7390
6625	7342
6625	7389
6625	7390
7390	7391
6627	6659
6627	7379
6627	7391
6625	7378
6625	7379
6625	7391
7392	7393
7392	7394
6629	7392
6629	7393
6629	7394
7393	7394
6631	7246
6631	7257
6229	7245
6229	6236
6229	7258
6229	7259
6229	7263
6229	6250
6229	6633
6250	7263
6632	6636
6632	7397
6632	6634
6632	6635
5084	6229
6634	7397
6635	6636
6635	7397
4921	6823
6639	7023
6639	6710
6639	7177
6643	6966
6143	6380
6143	6724
6644	7024
6645	7377
6645	7378
6645	7389
6645	7390
6312	7377
5146	7353
6647	7073
6647	7074
6647	7075
6647	7160
6648	7193
7398	7399
6649	7304
6649	7310
6649	7398
6649	7399
6650	6942
6650	7274
6651	7094
6504	7094
6504	7333
6504	6651
6504	6652
6504	6653
6504	6656
6652	7094
6653	7094
6656	7094
6656	7333
6468	6655
6465	6526
6657	7386
6657	7400
6658	7385
6658	7386
6658	7387
6658	7400
6662	6996
6054	6083
6667	6673
5449	6491
6671	6673
6672	6974
6070	7363
7401	7402
7401	7403
7402	7403
6035	7198
6035	7298
6674	7198
6674	7199
6674	7298
6674	7401
6674	7403
6681	6683
6678	6681
6682	6683
6679	6682
6677	6683
6677	6678
6677	6682
6680	6683
5372	7262
5006	5113
6684	7254
6684	7255
6684	7405
6685	7021
6685	7025
6685	7026
7406	7407
6688	7135
6688	7146
5839	7136
5865	7136
6690	6706
5584	7028
6692	7191
6692	6706
6692	7408
6693	7191
6693	6706
6695	7138
6695	7409
6696	7138
6696	7409
6697	7138
6697	7409
6698	7138
6698	7409
6699	7138
6699	7409
6703	7053
7410	7411
7410	7412
7410	7413
7410	7414
7410	7415
7410	7416
7411	7412
7411	7413
7411	7414
7411	7415
7411	7416
6704	7410
6704	7411
6704	7412
6704	7413
6704	7414
6704	7415
7412	7413
7412	7414
7412	7415
7412	7416
7413	7414
7413	7415
7413	7416
7414	7415
7414	7416
7415	7416
6705	7410
6705	7411
6705	7412
6705	7413
6705	7415
6705	7416
6707	7344
6708	7399
6712	7110
6712	7122
6714	7227
6714	7417
6715	7264
6715	7265
6717	7266
6717	6718
4891	7418
6722	7343
6722	7418
6725	7406
6725	7407
6338	7366
5733	5734
5733	6999
5515	6729
6730	6980
6730	7230
6730	7420
6730	7421
7420	7421
6734	7117
6734	7118
6735	7277
