1378	11440
1379	22721
1380	25383
1381	26146
1382	26151
1383	34852
1384	34853
1385	34854
1386	34855
1387	34856
1388	34857
1389	34858
1390	34859
1391	34860
1392	34861
1393	34862
1394	34864
1395	34865
1396	34866
1397	34867
1398	34868
1399	34869
1400	34870
1401	34871
1402	34872
1403	34873
1404	34874
1405	34875
1406	34876
1407	34877
1408	34878
1409	34879
1410	34880
1411	34881
1412	34882
1413	34883
1414	34884
1415	34885
1416	34886
1417	34887
1418	34888
1419	34889
1420	34890
1421	34891
1422	34892
1423	34893
1424	34894
1425	34895
1426	34896
1427	34897
1428	34898
1429	34899
1430	34900
1431	34901
1432	34902
1433	34903
1434	34904
1435	34905
