11440	22721
11440	25383
11440	26146
11440	26151
11440	34852
11440	34853
11440	34854
11440	34855
11440	34856
11440	34857
11440	34858
11440	34859
11440	34860
11440	34861
11440	34862
11440	34864
11440	34865
11440	34866
11440	34867
11440	34868
11440	34869
11440	34870
11440	34871
11440	34872
11440	34873
11440	34874
11440	34875
11440	34876
11440	34877
11440	34878
11440	34879
11440	34880
11440	34881
11440	34882
11440	34883
11440	34884
11440	34885
11440	34886
11440	34887
11440	34888
11440	34889
11440	34890
11440	34891
11440	34892
11440	34893
11440	34894
11440	34895
11440	34896
11440	34897
11440	34898
11440	34899
11440	34900
11440	34901
11440	34902
11440	34903
11440	34904
11440	34905
