1378	4276
1379	22980
1380	4287
1381	4293
1382	4366
1383	4372
1384	15269
1385	15317
1386	15340
1387	15341
1388	22124
1389	33973
1390	33976
1391	34043
1392	34052
1393	34086
1394	34087
1395	34088
1396	34090
1397	34091
1398	34092
1399	34093
1400	34094
1401	34095
1402	34096
1403	34097
1404	34098
1405	34099
1406	34100
1407	34101
1408	34102
1409	34103
1410	34104
1411	34105
1412	34106
1413	34107
1414	34108
1415	34109
1416	34110
1417	34111
1418	34112
1419	34113
1420	34114
1421	34115
1422	34116
1423	34118
1424	34119
1425	34120
1426	34121
1427	34122
1428	34123
1429	34124
1430	34125
1431	34126
1432	34127
1433	34128
1434	34129
1435	34130
1436	34131
1437	34132
1438	34133
1439	34134
1440	34135
1441	34136
