4276	22980
4287	22980
4293	22980
4366	22980
4372	22980
15269	22980
15317	22980
15340	22980
15341	22980
22124	22980
22980	33973
22980	33976
22980	34043
22980	34052
22980	34086
22980	34087
22980	34088
22980	34090
22980	34091
22980	34092
22980	34093
22980	34094
22980	34095
22980	34096
22980	34097
22980	34098
22980	34099
22980	34100
22980	34101
22980	34102
22980	34103
22980	34104
22980	34105
22980	34106
22980	34107
22980	34108
22980	34109
22980	34110
22980	34111
22980	34112
22980	34113
22980	34114
22980	34115
22980	34116
22980	34118
22980	34119
22980	34120
22980	34121
22980	34122
22980	34123
22980	34124
22980	34125
22980	34126
22980	34127
22980	34128
22980	34129
22980	34130
22980	34131
22980	34132
22980	34133
22980	34134
22980	34135
22980	34136
