420	11797
420	11832
420	18995
420	18996
420	18998
420	18999
420	19001
420	19006
420	19007
420	19010
420	19014
420	19015
420	19016
420	19017
420	19018
420	19021
420	19022
420	19023
420	19026
420	19029
420	19032
420	19033
420	19035
420	19036
420	19038
420	19039
420	19041
420	19042
420	19043
420	19044
420	19045
420	19046
420	19047
420	19048
420	19049
420	19053
420	19056
420	19057
420	19058
420	19061
420	19062
420	19063
420	19064
420	19065
420	19066
420	19067
420	19068
420	19069
420	19070
420	19071
420	19073
420	19074
420	19075
420	19076
420	19077
420	19080
420	19083
420	19086
420	19087
420	19089
420	19090
420	19091
420	19093
420	19094
420	19095
420	19097
420	19098
420	19099
420	19100
420	19101
420	19102
420	19104
420	19105
420	19108
420	19109
420	19110
420	19111
420	19112
420	19114
420	19115
420	19118
420	19119
420	19121
420	19122
420	19123
420	19125
420	19127
420	19132
420	19133
420	19134
420	19135
11797	11830
11797	19073
11797	19109
11797	20055
18996	19110
18998	19077
18999	19039
18999	33948
18999	33949
18999	33950
19026	33942
19026	33943
19026	33944
19026	33945
19026	33946
19026	33947
19038	19065
19041	19068
19041	19114
19041	19115
19042	19121
19042	19122
19042	33951
19042	33952
19042	33953
19042	33954
19042	33955
19042	33956
19042	33957
19042	33958
19043	19077
19044	19045
19044	19046
19044	19047
19044	19048
19045	19046
19045	19047
19045	19048
19046	19047
19046	19048
19047	19048
19053	33950
19053	33963
19053	33964
19056	19057
19056	19058
19057	19058
19063	19064
19068	19114
19068	19115
19068	33933
19068	33934
19068	33935
19068	33936
19068	33937
19076	19077
19077	19080
19077	19109
19093	19094
19114	19115
19121	19122
33933	33934
33935	33936
33935	33937
33935	33965
33935	33966
33935	33967
33935	33968
33936	33937
33942	33943
33942	33944
33943	33944
33945	33946
33945	33947
33946	33947
33946	33961
33946	33962
33948	33949
33948	33950
33949	33950
33950	33963
33950	33964
33951	33952
33951	33953
33952	33953
33953	33954
33953	33955
33954	33955
33956	33957
33956	33958
33957	33958
33961	33962
33963	33964
33965	33966
33965	33967
33965	33968
33966	33967
33966	33968
33967	33968
