594	1203
595	4410
596	6576
597	15462
598	15463
599	15465
600	15468
601	15469
602	15473
603	15474
604	15481
605	15482
606	15487
607	15488
608	15489
609	15490
610	15496
611	15500
612	15501
613	15502
614	15506
615	15507
616	15508
617	15510
618	15512
619	15514
620	15519
621	15521
622	15522
623	15525
624	15528
625	15529
626	15530
627	15534
628	15535
629	15537
630	15538
631	15539
632	15543
633	15544
634	15545
635	15546
636	15551
637	15553
638	15555
639	15556
640	15557
641	15560
642	15569
643	15572
644	15579
645	15583
646	15584
647	15585
648	15586
649	15587
650	15588
651	15590
652	15596
653	15597
654	15598
655	15604
656	15605
657	15607
658	15609
659	15610
660	15615
661	15616
662	15618
663	15619
664	15620
665	15621
666	15622
667	15623
668	15627
669	15628
670	15630
671	15632
672	15638
673	15640
674	15641
675	15642
676	15643
677	15644
678	15649
679	15650
680	15660
681	15662
682	15663
683	15664
684	15665
685	15669
686	15672
687	15674
688	15676
689	15678
690	15683
691	15686
692	15687
693	15692
694	15693
695	15696
696	15697
697	15701
698	15703
699	15705
700	15706
701	15707
702	15708
703	15715
704	15717
705	15718
706	15719
707	15720
708	15722
709	33337
710	33338
711	33390
712	33391
713	33392
714	33393
715	33376
716	33377
717	33378
718	33386
719	33387
720	31978
721	31979
