67	4129
68	17516
69	17546
70	17552
71	17604
72	17824
73	17826
74	17829
75	17831
76	17832
77	17834
78	17835
79	17836
80	17841
81	17843
82	17844
83	17845
84	17846
85	17847
86	17848
87	17850
88	17851
89	17852
90	17854
91	17858
92	17859
93	17860
94	17861
95	17862
96	17863
97	17864
98	17865
99	17868
100	17869
101	17870
102	17872
103	17873
104	17874
105	17876
106	17878
107	17879
108	17888
109	17889
110	17893
111	17894
112	17899
113	17900
114	17903
115	17904
116	17906
117	17907
118	17908
119	17909
120	17514
121	17515
122	17554
123	29176
