4129	17516
4129	17546
4129	17552
4129	17604
4129	17824
4129	17826
4129	17829
4129	17831
4129	17832
4129	17834
4129	17835
4129	17836
4129	17841
4129	17843
4129	17844
4129	17845
4129	17846
4129	17847
4129	17848
4129	17850
4129	17851
4129	17852
4129	17854
4129	17858
4129	17859
4129	17860
4129	17861
4129	17862
4129	17863
4129	17864
4129	17865
4129	17868
4129	17869
4129	17870
4129	17872
4129	17873
4129	17874
4129	17876
4129	17878
4129	17879
4129	17888
4129	17889
4129	17893
4129	17894
4129	17899
4129	17900
4129	17903
4129	17904
4129	17906
4129	17907
4129	17908
4129	17909
17514	17515
17514	17516
17515	17516
17515	17554
17516	17554
17824	17832
17824	17854
17824	17889
17824	17907
17824	17908
17824	29176
17832	29176
17850	17851
17850	17852
17851	17852
17860	17861
17860	17862
17860	17863
17861	17862
17861	17863
17862	17863
17870	17906
17907	17908
