2783	8758
2784	10019
2785	22328
2786	22329
2787	25445
2788	25895
2789	26221
2790	26222
2791	26223
2792	26224
2793	26225
2794	26226
2795	11346
2796	11521
2797	11522
2798	11523
2799	31970
2800	31983
2801	11384
2802	22150
2803	22870
2804	22871
2805	14418
2806	15498
2807	22163
2808	22166
2809	29569
2810	29570
2811	29571
2812	22248
2813	28781
2814	28782
2815	24831
2816	24858
2817	24859
2818	24946
2819	25444
2820	25446
2821	25447
2822	25448
2823	25449
2824	25450
2825	25451
2826	25452
2827	25453
2828	25454
2829	25455
2830	25456
2831	25457
2832	25458
2833	28740
2834	28748
2835	28758
2836	28792
2837	32894
2838	32895
2839	32896
2840	28743
2841	37191
2842	37192
2843	37193
2844	37194
2845	37195
2846	37196
2847	37197
2848	37198
2849	28742
