8758	10019
8758	22328
8758	22329
8758	25445
8758	25895
8758	26221
8758	26222
8758	26223
8758	26224
8758	26225
8758	26226
11346	11521
11346	11522
11346	11523
11346	31970
11346	31983
11384	11521
11384	22150
11384	22328
11384	22329
11384	22870
11384	22871
11521	11522
11521	11523
11521	22150
11521	22328
11521	22329
11521	26224
11521	26225
11522	11523
11522	22150
11522	22329
11522	26224
11522	26225
14418	15498
14418	26221
14418	26222
15498	26221
15498	26222
22150	22163
22150	22328
22150	22329
22150	26224
22150	26225
22163	22166
22163	29569
22163	29570
22163	29571
22248	26222
22248	28781
22248	28782
22328	22329
22328	26224
22328	26225
22328	26226
22329	26224
22329	26225
22329	26226
22870	22871
24831	24858
24831	24859
24831	24946
24831	25444
24831	25445
24831	25446
24831	25447
24831	25448
24831	25449
24831	25450
24831	25451
24831	25452
24831	25453
24831	25454
24831	25455
24831	25456
24831	25457
24831	25458
24858	24859
24859	24946
24859	25444
24946	25444
25444	25450
25444	25451
25445	25446
25445	25447
25445	25448
25445	25454
25445	25455
25445	25458
25445	25895
25446	25447
25446	25448
25446	25449
25447	25448
25448	25449
25449	25454
25449	25457
25450	25451
25452	25453
25452	25454
25453	25454
25454	25455
25454	25456
25454	25457
25455	25458
25456	25457
26221	26222
26221	26223
26222	26223
26222	28740
26222	28748
26222	28758
26222	28781
26222	28782
26222	28792
26222	32894
26222	32895
26222	32896
26224	26225
26224	26226
26225	26226
28740	28743
28740	37191
28740	37192
28740	37193
28740	37194
28740	37195
28740	37196
28740	37197
28740	37198
28742	28743
28743	37193
28743	37194
28781	28782
29569	29570
29569	29571
29570	29571
32894	32895
32894	32896
32895	32896
37191	37192
37191	37193
37192	37193
37192	37197
37192	37198
37193	37194
37194	37195
37194	37196
37195	37196
37197	37198
