227	3011
228	9840
229	15310
230	15323
231	21301
232	21302
233	21304
234	21305
235	21306
236	21307
237	21308
238	21309
239	21311
240	21312
241	21313
242	21314
243	21315
244	21320
245	21321
246	21323
247	21324
248	21326
249	21327
250	21328
251	21329
252	21330
253	21332
254	21333
255	21334
256	21335
257	21336
258	21337
259	21338
260	21339
261	21341
262	21343
263	21344
264	21345
265	21346
266	21348
267	21349
268	21350
269	21351
270	21353
271	21354
272	21355
273	21356
274	21357
275	21358
276	21359
277	21361
278	21362
279	21363
280	21364
281	21365
282	21366
283	21367
284	21368
285	21369
286	21370
287	21371
288	21372
289	21374
290	21375
291	21376
292	21377
293	21379
294	21380
295	21382
296	21383
297	21384
298	21385
299	21386
300	33161
301	33162
302	33823
303	33824
304	33825
305	33826
306	33822
307	33821
