3011	9840
3011	15310
3011	15323
3011	21301
3011	21302
3011	21304
3011	21305
3011	21306
3011	21307
3011	21308
3011	21309
3011	21311
3011	21312
3011	21313
3011	21314
3011	21315
3011	21320
3011	21321
3011	21323
3011	21324
3011	21326
3011	21327
3011	21328
3011	21329
3011	21330
3011	21332
3011	21333
3011	21334
3011	21335
3011	21336
3011	21337
3011	21338
3011	21339
3011	21341
3011	21343
3011	21344
3011	21345
3011	21346
3011	21348
3011	21349
3011	21350
3011	21351
3011	21353
3011	21354
3011	21355
3011	21356
3011	21357
3011	21358
3011	21359
3011	21361
3011	21362
3011	21363
3011	21364
3011	21365
3011	21366
3011	21367
3011	21368
3011	21369
3011	21370
3011	21371
3011	21372
3011	21374
3011	21375
3011	21376
3011	21377
3011	21379
3011	21380
3011	21382
3011	21383
3011	21384
3011	21385
3011	21386
21304	33161
21304	33162
21306	21339
21306	21356
21306	21357
21306	21362
21307	33823
21307	33824
21307	33825
21307	33826
21320	33822
21339	21356
21356	21357
21356	21362
21368	33821
33161	33162
33823	33824
33823	33825
33823	33826
33824	33825
33824	33826
33825	33826
