0	5981
1	5982
2	6389
3	7834
4	7986
5	13336
6	13337
7	13339
8	13340
9	13341
10	13342
11	13343
12	13346
13	13347
14	13348
15	13349
16	13355
17	13357
18	13358
19	13359
20	13360
21	13361
22	13363
23	13364
24	13367
25	13368
26	13369
27	13370
28	13371
29	13372
30	13373
31	13374
32	13375
33	13376
34	13377
35	13380
36	13382
37	13383
38	13384
39	13385
40	13386
41	13387
42	13388
43	13389
44	13390
45	13391
46	13392
47	13393
48	7835
49	18070
50	18071
51	18072
52	18073
53	18074
54	18075
55	18076
56	18077
57	18686
58	18687
59	18688
60	18689
61	19523
62	19524
63	19525
64	19526
65	19527
66	19528
67	19529
