0	1
1	2
1	3
1	4
1	5
1	6
1	7
1	8
1	9
1	10
1	11
1	12
1	13
1	14
1	15
1	16
1	17
1	18
1	19
1	20
1	21
1	22
1	23
1	24
1	25
1	26
1	27
1	28
1	29
1	30
1	31
1	32
1	33
1	34
1	35
1	36
1	37
1	38
1	39
1	40
1	41
1	42
1	43
1	44
1	45
1	46
1	47
3	48
48	49
48	50
48	51
48	52
48	53
48	54
48	55
48	56
10	57
10	58
10	59
10	60
17	18
18	61
18	62
18	63
18	64
18	65
18	66
18	67
50	51
50	52
51	52
51	54
52	54
61	62
61	63
61	64
61	65
61	66
61	67
62	63
62	64
62	65
62	66
62	67
63	64
63	65
63	66
63	67
64	65
64	66
64	67
65	66
65	67
66	67
