2783	8894
2784	14226
2785	13902
2786	14006
2787	14514
2788	17467
2789	14007
2790	16499
2791	16519
2792	16526
2793	18417
2794	18420
2795	37171
2796	37172
2797	37173
2798	37174
2799	37175
2800	37176
2801	37177
2802	37178
2803	37179
2804	37180
2805	37181
2806	37182
2807	18399
2808	38241
2809	38242
2810	38243
2811	38244
2812	38245
2813	38246
2814	38247
2815	38248
2816	38249
2817	38262
2818	38263
2819	38264
2820	38265
2821	38266
2822	38253
2823	38254
2824	38255
2825	38256
2826	38257
2827	38267
2828	38268
2829	38269
2830	38270
