8894	14226
13902	14006
13902	14514
13902	17467
14006	14007
14006	14226
14006	14514
14226	16499
14226	16519
14226	16526
14226	18417
14226	18420
14226	37171
14226	37172
14226	37173
14226	37174
14226	37175
14226	37176
14226	37177
14226	37178
14226	37179
14226	37180
14226	37181
14226	37182
16519	18399
16519	37171
16519	37172
16519	38241
16519	38242
16519	38243
16519	38244
16519	38245
16519	38246
16519	38247
16519	38248
16519	38249
18399	37171
18399	38246
18399	38247
18399	38248
18399	38249
18399	38262
18399	38263
37171	37172
37171	38241
37171	38245
37171	38246
37171	38247
37171	38248
37171	38249
37171	38262
37171	38263
37171	38264
37171	38265
37171	38266
37175	38253
37175	38254
37175	38255
37175	38256
37175	38257
38242	38243
38242	38244
38242	38245
38243	38244
38243	38245
38244	38245
38245	38246
38245	38264
38245	38265
38245	38266
38245	38267
38245	38268
38245	38269
38245	38270
38246	38247
38246	38248
38246	38249
38246	38262
38246	38263
38246	38264
38246	38265
38246	38266
38246	38267
38246	38268
38246	38269
38246	38270
38247	38248
38247	38249
38247	38262
38247	38263
38248	38249
38253	38254
38253	38255
38253	38256
38253	38257
38254	38255
38254	38256
38254	38257
38255	38256
38255	38257
38256	38257
38262	38263
38264	38265
38264	38266
38265	38266
38266	38267
38266	38268
38266	38269
38266	38270
38267	38268
38267	38269
38267	38270
38268	38269
38268	38270
38269	38270
