14868	14877
14868	19300
14868	21097
14868	32002
14877	17756
14877	18952
14877	19253
14877	19300
15291	17421
15291	17626
15291	32731
15291	32732
15712	15713
15712	17626
16839	17861
16839	20376
16839	20555
17421	20555
17626	17756
17626	18952
17626	21079
17756	18952
17756	21389
17756	28175
17861	20376
18952	21079
18952	31292
20555	30633
21097	32002
28175	28176
28176	29462
28176	29463
28176	29464
29462	29463
29462	29464
29462	29465
29463	29464
29463	29465
29464	29465
29464	29466
29464	29467
29465	29466
32731	32732
