95	12694
95	15393
95	15615
95	15619
95	15623
95	15626
95	15630
95	15632
95	15635
95	15638
95	15639
95	15640
95	15642
95	15643
95	15645
95	15649
95	15657
95	15659
95	15660
95	15662
95	15663
95	15668
95	15669
95	15670
95	15673
95	15674
95	15676
95	15677
95	15679
95	15683
95	15684
95	15686
95	15687
95	15690
95	15691
95	15696
95	15699
95	15701
95	15708
95	15709
95	15710
95	15714
95	15719
95	15721
95	15722
95	15723
95	15726
95	15729
95	15730
95	15731
95	15732
95	15733
95	15734
95	15735
95	15736
95	15737
95	15742
95	15743
95	15744
95	15749
95	15751
95	15752
95	15755
95	15756
95	15760
95	15763
95	15769
95	15770
95	15772
95	15773
95	15774
95	15775
95	15777
95	15778
95	15779
95	15780
95	15781
95	15785
95	15786
95	15787
95	15789
95	15790
95	15792
95	15793
95	15795
95	15796
95	15797
95	15798
95	15799
95	15800
95	15801
95	15802
95	15803
95	15804
95	15808
95	15809
95	15810
95	15811
95	15812
95	15814
95	15818
95	15819
95	15820
95	15821
95	15822
95	15824
95	15826
95	15827
95	15828
95	15833
95	15836
95	15837
95	15838
95	15839
15393	15394
15393	15395
15393	15396
15393	15397
15393	15559
15393	15742
15393	15743
15393	15744
15394	15395
15394	15396
15394	15397
15395	15396
15395	15397
15396	15397
15731	15732
15732	29749
15736	15737
15742	15743
15742	15744
15743	15744
15779	15780
15818	15819
15818	15820
15818	15821
15819	15820
15819	15821
15820	15821
