2634	8603
2635	17728
2636	17918
2637	18608
2638	23369
2639	23784
2640	23803
2641	23957
2642	23958
2643	23960
2644	23961
2645	23962
2646	23963
2647	23964
2648	23965
2649	23966
2650	23967
2651	23968
2652	23969
2653	23970
2654	23971
2655	23972
2656	23973
2657	23974
2658	23975
2659	23976
2660	23979
2661	23980
2662	23981
2663	23982
2664	23984
2665	23985
2666	23986
2667	23987
2668	23988
2669	23989
2670	23991
2671	23992
2672	23993
2673	23996
2674	23997
2675	23998
2676	23999
2677	24000
2678	24001
2679	24002
2680	24004
2681	24005
2682	24006
2683	24007
2684	24008
2685	24009
2686	24010
2687	24012
2688	24013
2689	24014
2690	24017
2691	24018
2692	24019
2693	24020
2694	24021
2695	24022
2696	24023
2697	24024
2698	24025
2699	24026
2700	24027
2701	24028
2702	24029
2703	24031
2704	24032
2705	24033
2706	24034
2707	24035
2708	24036
2709	24037
2710	24038
2711	24039
2712	24040
2713	24041
2714	24042
2715	24043
2716	24044
2717	24045
2718	24046
2719	24047
2720	24048
2721	24049
2722	24050
2723	24051
2724	24054
2725	24055
2726	24058
2727	24059
2728	24061
2729	24062
2730	24063
2731	24064
2732	24065
2733	24066
2734	24067
2735	24068
2736	24069
2737	24070
2738	24071
2739	24072
2740	24073
2741	24074
2742	23370
