8603	17728
8603	17918
8603	18608
8603	23369
8603	23784
8603	23803
8603	23957
8603	23958
8603	23960
8603	23961
8603	23962
8603	23963
8603	23964
8603	23965
8603	23966
8603	23967
8603	23968
8603	23969
8603	23970
8603	23971
8603	23972
8603	23973
8603	23974
8603	23975
8603	23976
8603	23979
8603	23980
8603	23981
8603	23982
8603	23984
8603	23985
8603	23986
8603	23987
8603	23988
8603	23989
8603	23991
8603	23992
8603	23993
8603	23996
8603	23997
8603	23998
8603	23999
8603	24000
8603	24001
8603	24002
8603	24004
8603	24005
8603	24006
8603	24007
8603	24008
8603	24009
8603	24010
8603	24012
8603	24013
8603	24014
8603	24017
8603	24018
8603	24019
8603	24020
8603	24021
8603	24022
8603	24023
8603	24024
8603	24025
8603	24026
8603	24027
8603	24028
8603	24029
8603	24031
8603	24032
8603	24033
8603	24034
8603	24035
8603	24036
8603	24037
8603	24038
8603	24039
8603	24040
8603	24041
8603	24042
8603	24043
8603	24044
8603	24045
8603	24046
8603	24047
8603	24048
8603	24049
8603	24050
8603	24051
8603	24054
8603	24055
8603	24058
8603	24059
8603	24061
8603	24062
8603	24063
8603	24064
8603	24065
8603	24066
8603	24067
8603	24068
8603	24069
8603	24070
8603	24071
8603	24072
8603	24073
8603	24074
23369	23370
23784	24022
24031	24054
24031	24055
24054	24055
