227	397
228	5813
229	5814
230	5815
231	5818
232	5820
233	5822
234	5823
235	5824
236	5825
237	5826
238	5827
239	5828
240	5829
241	5830
242	5832
243	5839
244	5840
245	5842
246	5844
247	5847
248	5848
249	5849
250	5851
251	5852
252	5854
253	5856
254	5858
255	5859
256	5860
257	5861
258	5862
259	5863
260	5866
261	5869
262	5870
263	5871
264	5872
265	5873
266	5875
267	5877
268	5878
269	5879
270	5880
271	5881
272	5882
273	5883
274	5884
275	5885
276	5886
277	5887
278	5889
279	5890
280	5891
281	5892
282	5893
283	5894
284	5896
285	5899
286	5900
287	5901
288	5903
289	5904
290	5907
291	5908
292	5909
293	31640
294	31641
295	31642
296	9142
