397	5813
397	5814
397	5815
397	5818
397	5820
397	5822
397	5823
397	5824
397	5825
397	5826
397	5827
397	5828
397	5829
397	5830
397	5832
397	5839
397	5840
397	5842
397	5844
397	5847
397	5848
397	5849
397	5851
397	5852
397	5854
397	5856
397	5858
397	5859
397	5860
397	5861
397	5862
397	5863
397	5866
397	5869
397	5870
397	5871
397	5872
397	5873
397	5875
397	5877
397	5878
397	5879
397	5880
397	5881
397	5882
397	5883
397	5884
397	5885
397	5886
397	5887
397	5889
397	5890
397	5891
397	5892
397	5893
397	5894
397	5896
397	5899
397	5900
397	5901
397	5903
397	5904
397	5907
397	5908
397	5909
5839	5840
5851	5852
5859	31640
5859	31641
5859	31642
5860	5861
5871	5872
5871	5873
5872	5873
5878	5879
5901	9142
31640	31641
31640	31642
31641	31642
