630	2464
631	14918
632	20407
633	20410
634	20411
635	20412
636	20413
637	20415
638	20418
639	20421
640	20430
641	20431
642	20435
643	20436
644	20437
645	20438
646	20442
647	20445
648	20447
649	20448
650	20449
651	20453
652	20454
653	20456
654	20458
655	20460
656	20461
657	20463
658	20464
659	20465
660	20466
661	20467
662	20468
663	20471
664	20473
665	20474
666	20475
667	20477
668	20479
669	20483
670	20484
671	20485
672	20489
673	20490
674	20491
675	20497
676	20498
677	20499
678	20500
679	20501
680	20502
681	20503
682	20504
683	20505
684	20506
685	20507
686	20508
687	20509
688	20510
689	20512
690	20513
691	20515
692	20516
693	20517
694	20520
695	20521
696	20522
697	20524
698	20525
699	20526
700	20527
701	20530
702	20532
703	20533
704	20534
705	20535
706	20536
707	20537
708	20538
709	20541
710	20542
711	20544
712	20545
713	20546
714	20547
715	20548
716	20549
717	20550
718	20553
719	20554
720	20556
721	20557
722	20558
723	20559
724	20560
725	20561
726	20562
727	20565
728	20566
729	20567
730	20568
731	20569
732	20570
733	20573
734	20574
735	20578
736	20579
737	20581
738	20582
739	20583
740	20584
741	20586
742	20587
743	20589
744	20591
745	20592
746	20593
747	20594
748	20598
749	20599
750	20602
751	20603
752	20607
753	20608
754	20610
755	20612
756	20613
757	21044
758	21045
759	21046
760	21047
761	20793
762	20794
763	20795
764	21382
765	21383
766	21384
767	21385
768	21386
769	21387
770	21388
771	21054
772	21055
773	21048
774	21049
775	21050
776	21051
777	21052
778	21053
779	21356
780	21357
781	21358
782	21359
783	21360
784	21361
