2464	14918
2464	20407
2464	20410
2464	20411
2464	20412
2464	20413
2464	20415
2464	20418
2464	20421
2464	20430
2464	20431
2464	20435
2464	20436
2464	20437
2464	20438
2464	20442
2464	20445
2464	20447
2464	20448
2464	20449
2464	20453
2464	20454
2464	20456
2464	20458
2464	20460
2464	20461
2464	20463
2464	20464
2464	20465
2464	20466
2464	20467
2464	20468
2464	20471
2464	20473
2464	20474
2464	20475
2464	20477
2464	20479
2464	20483
2464	20484
2464	20485
2464	20489
2464	20490
2464	20491
2464	20497
2464	20498
2464	20499
2464	20500
2464	20501
2464	20502
2464	20503
2464	20504
2464	20505
2464	20506
2464	20507
2464	20508
2464	20509
2464	20510
2464	20512
2464	20513
2464	20515
2464	20516
2464	20517
2464	20520
2464	20521
2464	20522
2464	20524
2464	20525
2464	20526
2464	20527
2464	20530
2464	20532
2464	20533
2464	20534
2464	20535
2464	20536
2464	20537
2464	20538
2464	20541
2464	20542
2464	20544
2464	20545
2464	20546
2464	20547
2464	20548
2464	20549
2464	20550
2464	20553
2464	20554
2464	20556
2464	20557
2464	20558
2464	20559
2464	20560
2464	20561
2464	20562
2464	20565
2464	20566
2464	20567
2464	20568
2464	20569
2464	20570
2464	20573
2464	20574
2464	20578
2464	20579
2464	20581
2464	20582
2464	20583
2464	20584
2464	20586
2464	20587
2464	20589
2464	20591
2464	20592
2464	20593
2464	20594
2464	20598
2464	20599
2464	20602
2464	20603
2464	20607
2464	20608
2464	20610
20431	20449
20431	20612
20431	20613
20431	21044
20431	21045
20431	21046
20431	21047
20447	20449
20447	20793
20447	20794
20447	20795
20449	20612
20449	20613
20463	20464
20463	20465
20464	20465
20465	21382
20465	21383
20465	21384
20465	21385
20465	21386
20465	21387
20465	21388
20466	20467
20466	20468
20466	20557
20466	20558
20467	20468
20468	20505
20468	21054
20468	21055
20474	20475
20505	20509
20505	20510
20505	21048
20505	21049
20505	21050
20505	21051
20505	21052
20505	21053
20505	21054
20505	21055
20509	20510
20520	20521
20537	20538
20548	20549
20548	20550
20549	20550
20557	20558
20602	21356
20612	20613
20793	20794
20793	20795
20794	20795
21044	21045
21044	21046
21044	21047
21045	21046
21045	21047
21048	21049
21048	21050
21049	21050
21051	21052
21051	21053
21052	21053
21054	21055
21356	21357
21356	21358
21356	21359
21356	21360
21356	21361
21359	21360
21359	21361
21360	21361
21382	21383
21382	21384
21382	21385
21383	21384
21383	21385
21384	21385
21386	21387
21386	21388
21387	21388
