13124	13125
13124	13126
13124	13127
13124	13128
13124	13129
13124	13130
13124	13131
13124	13132
13124	13133
13124	13134
13124	13135
13124	13136
13124	13137
13124	13138
13124	13139
13123	13125
13123	13127
13123	13133
13123	13134
13123	13136
13123	13137
13125	13126
13125	13127
13125	13128
13125	13129
13125	13130
13125	13131
13125	13132
13125	13133
13125	13134
13125	13135
13125	13136
13125	13137
13125	13138
13125	13139
13126	13127
13126	13128
13126	13129
13126	13130
13126	13131
13126	13132
13126	13133
13126	13134
13126	13135
13126	13136
13126	13137
13126	13138
13126	13139
13127	13128
13127	13129
13127	13130
13127	13131
13127	13132
13127	13133
13127	13134
13127	13135
13127	13136
13127	13137
13127	13138
13127	13139
13128	13129
13128	13130
13128	13131
13128	13132
13128	13133
13128	13134
13128	13135
13128	13136
13128	13137
13128	13138
13128	13139
13129	13130
13129	13131
13129	13132
13129	13133
13129	13134
13129	13135
13129	13136
13129	13137
13129	13138
13129	13139
13130	13131
13130	13132
13130	13133
13130	13134
13130	13135
13130	13136
13130	13137
13130	13138
13130	13139
13131	13132
13131	13133
13131	13134
13131	13135
13131	13136
13131	13137
13131	13138
13131	13139
13132	13133
13132	13134
13132	13135
13132	13136
13132	13137
13132	13138
13132	13139
13133	13134
13133	13135
13133	13136
13133	13137
13133	13138
13133	13139
13134	13135
13134	13136
13134	13137
13134	13138
13134	13139
13135	13136
13135	13137
13135	13138
13135	13139
13136	13137
13136	13138
13136	13139
13137	13138
13137	13139
13138	13139
