641	5444
642	20815
643	20816
644	20833
645	20834
646	20839
647	20840
648	20841
649	20847
650	20852
651	20858
652	20864
653	20867
654	20868
655	20869
656	20875
657	20876
658	20877
659	20878
660	20879
661	20886
662	20887
663	20888
664	20889
665	20890
666	20900
667	20902
668	20910
669	20914
670	20918
671	20919
672	20920
673	20923
674	20925
675	20926
676	20931
677	20932
678	20935
679	20937
680	20941
681	20943
682	20946
683	20953
684	20954
685	20956
686	20961
687	20964
688	20965
689	20969
690	20970
691	20973
692	20974
693	20975
694	20979
695	20981
696	20988
697	20989
698	20995
699	20996
700	20997
701	25524
702	25525
703	25526
704	25527
705	25382
706	25383
707	25384
708	25385
709	25386
710	25387
711	25428
712	25439
713	25440
714	25441
715	25442
716	25443
717	25444
718	25807
719	25808
720	25809
721	25519
722	25520
723	25521
724	25522
725	25445
726	25446
727	25447
728	25448
729	25449
730	25450
731	25451
732	25452
733	25453
734	25454
735	25455
736	25456
737	25457
738	25458
739	25459
740	25530
741	25531
742	25528
743	25529
744	25810
745	25811
