5444	20815
5444	20816
5444	20833
5444	20834
5444	20839
5444	20840
5444	20841
5444	20847
5444	20852
5444	20858
5444	20864
5444	20867
5444	20868
5444	20869
5444	20875
5444	20876
5444	20877
5444	20878
5444	20879
5444	20886
5444	20887
5444	20888
5444	20889
5444	20890
5444	20900
5444	20902
5444	20910
5444	20914
5444	20918
5444	20919
5444	20920
5444	20923
5444	20925
5444	20926
5444	20931
5444	20932
5444	20935
5444	20937
5444	20941
5444	20943
5444	20946
5444	20953
5444	20954
5444	20956
5444	20961
5444	20964
5444	20965
5444	20969
5444	20970
5444	20973
5444	20974
5444	20975
5444	20979
5444	20981
5444	20988
5444	20989
5444	20995
5444	20996
5444	20997
20833	25524
20833	25525
20833	25526
20833	25527
20868	20869
20868	20926
20877	20878
20877	20879
20878	20879
20886	25382
20886	25383
20886	25384
20886	25385
20886	25386
20886	25387
20887	20888
20887	20889
20887	20989
20887	25428
20888	20889
20889	20989
20889	25428
20923	25439
20923	25440
20923	25441
20923	25442
20923	25443
20923	25444
20953	20954
20956	25807
20956	25808
20956	25809
20988	25519
20988	25520
20988	25521
20988	25522
20989	25428
20996	20997
25382	25383
25385	25386
25385	25387
25386	25387
25439	25440
25439	25441
25439	25442
25439	25443
25439	25444
25440	25441
25440	25442
25440	25443
25440	25444
25441	25442
25441	25443
25441	25444
25442	25443
25442	25444
25442	25445
25442	25446
25442	25447
25442	25448
25442	25449
25442	25450
25442	25451
25442	25452
25442	25453
25442	25454
25442	25455
25442	25456
25442	25457
25442	25458
25442	25459
25445	25446
25445	25447
25445	25448
25445	25449
25445	25450
25446	25447
25446	25448
25446	25449
25446	25452
25446	25453
25446	25457
25446	25459
25446	25530
25446	25531
25447	25448
25447	25449
25447	25450
25447	25451
25447	25458
25447	25459
25448	25449
25448	25450
25448	25451
25448	25458
25448	25459
25448	25528
25448	25529
25449	25450
25449	25451
25449	25528
25449	25529
25450	25451
25450	25458
25450	25459
25452	25453
25452	25454
25452	25455
25452	25456
25452	25457
25452	25459
25452	25530
25452	25531
25452	25810
25452	25811
25453	25454
25453	25455
25453	25456
25453	25457
25453	25459
25453	25530
25453	25531
25453	25810
25453	25811
25454	25455
25454	25456
25454	25457
25455	25456
25455	25457
25455	25530
25455	25810
25455	25811
25456	25457
25457	25459
25457	25530
25457	25531
25457	25810
25457	25811
25458	25459
25459	25530
25459	25531
25519	25520
25519	25521
25519	25522
25520	25521
25520	25522
25521	25522
25524	25525
25524	25526
25524	25527
25525	25526
25525	25527
25526	25527
25528	25529
25530	25531
25530	25810
25530	25811
25807	25808
25807	25809
25808	25809
25810	25811
