0	4061
1	17448
2	17478
3	17484
4	17536
5	17756
6	17758
7	17761
8	17763
9	17764
10	17766
11	17767
12	17768
13	17773
14	17775
15	17776
16	17777
17	17778
18	17779
19	17780
20	17782
21	17783
22	17784
23	17786
24	17790
25	17791
26	17792
27	17793
28	17794
29	17795
30	17796
31	17797
32	17800
33	17801
34	17802
35	17804
36	17805
37	17806
38	17808
39	17810
40	17811
41	17820
42	17821
43	17825
44	17826
45	17831
46	17832
47	17835
48	17836
49	17838
50	17839
51	17840
52	17841
53	17446
54	17447
55	17486
56	29108
