609	830
610	9426
611	9427
612	9428
613	9432
614	9433
615	9435
616	9438
617	9439
618	9442
619	9443
620	9444
621	9447
622	9450
623	9451
624	9454
625	9455
626	9456
627	9458
628	9459
629	9460
630	9461
631	9462
632	9463
633	9464
634	9467
635	9470
636	9471
637	9472
638	9473
639	9474
640	9475
641	9476
642	9478
643	9479
644	9480
645	9481
646	9482
647	9483
648	9484
649	9485
650	9486
651	9487
652	9488
653	9490
654	9492
655	9493
656	9494
657	9495
658	9496
659	9498
660	9501
661	9502
662	9505
663	9506
664	9507
665	9510
666	9511
667	9512
668	9513
669	9516
670	9517
671	9521
672	9523
673	9525
674	9526
675	9530
676	9531
677	9538
678	9539
679	9544
680	9547
681	9548
682	9549
683	9551
684	9553
685	9555
686	9556
687	9557
688	9558
689	9559
690	9563
691	9564
692	9568
693	9573
694	9577
695	9578
696	9583
697	12399
698	12400
699	12401
700	12402
701	12403
702	14517
703	14518
704	14519
705	12254
