830	9426
830	9427
830	9428
830	9432
830	9433
830	9435
830	9438
830	9439
830	9442
830	9443
830	9444
830	9447
830	9450
830	9451
830	9454
830	9455
830	9456
830	9458
830	9459
830	9460
830	9461
830	9462
830	9463
830	9464
830	9467
830	9470
830	9471
830	9472
830	9473
830	9474
830	9475
830	9476
830	9478
830	9479
830	9480
830	9481
830	9482
830	9483
830	9484
830	9485
830	9486
830	9487
830	9488
830	9490
830	9492
830	9493
830	9494
830	9495
830	9496
830	9498
830	9501
830	9502
830	9505
830	9506
830	9507
830	9510
830	9511
830	9512
830	9513
830	9516
830	9517
830	9521
830	9523
830	9525
830	9526
830	9530
830	9531
830	9538
830	9539
830	9544
830	9547
830	9548
830	9549
830	9551
830	9553
830	9555
830	9556
830	9557
830	9558
830	9559
830	9563
830	9564
830	9568
830	9573
830	9577
830	9578
830	9583
9450	9553
9451	12399
9451	12400
9451	12401
9451	12402
9451	12403
9505	14517
9505	14518
9505	14519
9559	12254
12399	12400
12399	12401
12399	12402
12399	12403
12400	12401
12400	12402
12400	12403
12401	12402
12401	12403
12402	12403
14517	14518
14517	14519
14518	14519
