5209	5501
5228	5501
5253	5274
5253	5501
5253	34336
5253	34337
5253	34338
5501	6367
5501	6369
5501	6371
5501	6372
5501	6373
5501	6374
5501	6375
5501	6377
5501	6378
5501	6379
5501	6380
5501	6382
5501	6383
5501	6384
5501	6385
5501	6386
5501	6387
5501	6388
5501	6389
5501	6390
5501	6391
5501	6392
5501	6393
5501	6394
5501	6395
5501	6396
6380	6390
6380	34333
6380	34334
6380	34335
6390	34333
6390	34334
6390	34335
6392	6393
6392	6394
6393	6394
6393	34339
6393	34340
6393	34341
34333	34334
34333	34335
34334	34335
34336	34337
34336	34338
34337	34338
34339	34340
34339	34341
34340	34341
