227	409
228	2573
229	2574
230	2579
231	2582
232	2583
233	2584
234	2585
235	2586
236	2594
237	2595
238	2597
239	2598
240	2600
241	2604
242	2605
243	2610
244	2611
245	2612
246	2618
247	2620
248	2622
249	2627
250	2631
251	2632
252	2635
253	2636
254	2637
255	2638
256	2639
257	2640
258	2644
259	2645
260	2646
261	2649
262	2651
263	2654
264	2658
265	2659
266	2663
267	2667
268	2673
269	2677
270	2680
271	2683
272	2686
273	2688
274	2692
275	2696
276	2697
277	2702
278	2703
279	2704
280	2709
281	2710
282	2711
283	2714
284	2715
285	2716
286	2725
287	2727
288	2731
289	2733
290	2734
291	2736
292	2738
293	2739
294	2748
295	2749
296	2756
297	2757
298	2759
299	2760
300	31885
301	31886
302	31887
303	31888
