66	2694
67	3319
68	3320
69	3351
70	3405
71	3603
72	3722
73	3725
74	3727
75	3800
76	3801
77	3802
78	3803
79	3804
80	3805
81	3810
82	3811
83	3854
84	3872
85	3935
86	4118
87	25970
88	25971
89	25972
90	25973
91	25975
92	25976
93	25977
94	25978
95	25979
96	25980
97	25981
98	25982
99	25983
100	25984
101	25985
102	25986
103	25987
104	25988
105	25989
106	25991
107	25992
108	25993
109	25995
110	25996
111	25997
112	26001
113	26002
114	26007
115	26009
116	26011
117	26012
118	26015
119	26016
120	26017
121	26018
122	26019
123	26020
124	26022
125	26024
126	26028
127	26029
128	26030
129	26031
130	26032
131	26034
132	26039
133	26040
134	26041
135	26043
136	26045
137	26048
138	26049
139	26050
140	26052
141	26053
142	26054
143	26055
144	26056
145	26057
146	26058
147	26062
148	26063
149	26066
150	26067
151	26069
152	4070
153	3513
154	3540
155	3563
156	26306
157	26586
158	26468
159	26469
160	3822
161	26994
162	26986
163	26987
164	26988
