67	223
68	8819
69	8820
70	8821
71	8825
72	8826
73	8828
74	8831
75	8832
76	8835
77	8836
78	8837
79	8840
80	8843
81	8844
82	8847
83	8848
84	8849
85	8851
86	8852
87	8853
88	8854
89	8855
90	8856
91	8857
92	8860
93	8863
94	8864
95	8865
96	8866
97	8867
98	8868
99	8869
100	8871
101	8872
102	8873
103	8874
104	8875
105	8876
106	8877
107	8878
108	8879
109	8880
110	8881
111	8883
112	8885
113	8886
114	8887
115	8888
116	8889
117	8891
118	8894
119	8895
120	8898
121	8899
122	8900
123	8903
124	8904
125	8905
126	8906
127	8909
128	8910
129	8914
130	8916
131	8918
132	8919
133	8923
134	8924
135	8931
136	8932
137	8937
138	8940
139	8941
140	8942
141	8944
142	8946
143	8948
144	8949
145	8950
146	8951
147	8952
148	8956
149	8957
150	8961
151	8966
152	8970
153	8971
154	8976
155	11792
156	11793
157	11794
158	11795
159	11796
160	13910
161	13911
162	13912
163	11647
