223	8819
223	8820
223	8821
223	8825
223	8826
223	8828
223	8831
223	8832
223	8835
223	8836
223	8837
223	8840
223	8843
223	8844
223	8847
223	8848
223	8849
223	8851
223	8852
223	8853
223	8854
223	8855
223	8856
223	8857
223	8860
223	8863
223	8864
223	8865
223	8866
223	8867
223	8868
223	8869
223	8871
223	8872
223	8873
223	8874
223	8875
223	8876
223	8877
223	8878
223	8879
223	8880
223	8881
223	8883
223	8885
223	8886
223	8887
223	8888
223	8889
223	8891
223	8894
223	8895
223	8898
223	8899
223	8900
223	8903
223	8904
223	8905
223	8906
223	8909
223	8910
223	8914
223	8916
223	8918
223	8919
223	8923
223	8924
223	8931
223	8932
223	8937
223	8940
223	8941
223	8942
223	8944
223	8946
223	8948
223	8949
223	8950
223	8951
223	8952
223	8956
223	8957
223	8961
223	8966
223	8970
223	8971
223	8976
8843	8946
8844	11792
8844	11793
8844	11794
8844	11795
8844	11796
8898	13910
8898	13911
8898	13912
8952	11647
11792	11793
11792	11794
11792	11795
11792	11796
11793	11794
11793	11795
11793	11796
11794	11795
11794	11796
11795	11796
13910	13911
13910	13912
13911	13912
