10142	19930
10142	19936
10142	20015
10142	20088
10142	37790
10142	37795
10142	37796
10142	37826
19930	20015
19930	20051
19930	37790
19930	37791
19930	37794
19930	37795
19930	37796
20015	20050
20015	20051
20015	37790
20015	37791
20015	37792
20015	37793
20015	37794
20015	37795
20015	37796
20050	20051
20050	20052
20051	20052
20051	37790
20051	37791
20052	37790
20052	37836
37790	37791
37790	37836
37792	37793
37792	37794
37792	37796
37792	37857
37792	37858
37793	37794
37793	37857
37793	37858
37794	37796
37795	37796
37857	37858
