11396	12280
11396	22873
11396	30787
11396	30788
11396	38136
19854	29711
19854	29759
19854	30073
19854	30355
19854	30356
23821	27009
23821	30787
23821	30788
27009	29783
27009	29900
27009	30787
27009	30788
29711	30072
29711	30073
29711	30074
29759	29783
29759	29884
29759	29889
29759	30355
29759	30356
29759	30638
29783	29884
29783	29889
29783	30080
29783	30081
29783	30638
29889	30075
29889	30076
29889	30638
29900	29915
29900	29916
29900	29917
29915	29916
29915	29917
29916	29917
30072	30073
30072	30074
30073	30074
30075	30076
30355	30356
30787	30788
30787	38136
30788	38136
