1151	1646
1152	3564
1153	3568
1154	3571
1155	3573
1156	3574
1157	3575
1158	3576
1159	3577
1160	3581
1161	3583
1162	3584
1163	3587
1164	3590
1165	3591
1166	3594
1167	3595
1168	3597
1169	3598
1170	3599
1171	3600
1172	3603
1173	3606
1174	3607
1175	3608
1176	3610
1177	3612
1178	3613
1179	3614
1180	3615
1181	3616
1182	3617
1183	3618
1184	3623
1185	3624
1186	3625
1187	3626
1188	3627
1189	3630
1190	3631
1191	3635
1192	3641
1193	3642
1194	3645
1195	3646
1196	3647
1197	3648
1198	3649
1199	3650
1200	3652
1201	3653
1202	3656
1203	3664
1204	3665
1205	3669
1206	3670
1207	3671
1208	3674
1209	3675
1210	3676
1211	3677
1212	3679
1213	3680
1214	3682
1215	3683
1216	3684
1217	3685
1218	3686
1219	3688
1220	3689
1221	3690
1222	3691
1223	3693
1224	34081
1225	34079
1226	34080
1227	34043
1228	34044
1229	34045
1230	34047
1231	34052
1232	34062
1233	34071
1234	34073
1235	34074
1236	34048
1237	34049
1238	34050
1239	34051
1240	34053
1241	34054
1242	34055
1243	34056
1244	34057
1245	34058
1246	34059
1247	34060
1248	34061
1249	34063
1250	34064
1251	34065
1252	34066
1253	34067
1254	34068
1255	34069
1256	34070
1257	34072
1258	34075
1259	34076
1260	34077
1261	34078
1262	34042
1263	34046
