1646	3564
1646	3568
1646	3571
1646	3573
1646	3574
1646	3575
1646	3576
1646	3577
1646	3581
1646	3583
1646	3584
1646	3587
1646	3590
1646	3591
1646	3594
1646	3595
1646	3597
1646	3598
1646	3599
1646	3600
1646	3603
1646	3606
1646	3607
1646	3608
1646	3610
1646	3612
1646	3613
1646	3614
1646	3615
1646	3616
1646	3617
1646	3618
1646	3623
1646	3624
1646	3625
1646	3626
1646	3627
1646	3630
1646	3631
1646	3635
1646	3641
1646	3642
1646	3645
1646	3646
1646	3647
1646	3648
1646	3649
1646	3650
1646	3652
1646	3653
1646	3656
1646	3664
1646	3665
1646	3669
1646	3670
1646	3671
1646	3674
1646	3675
1646	3676
1646	3677
1646	3679
1646	3680
1646	3682
1646	3683
1646	3684
1646	3685
1646	3686
1646	3688
1646	3689
1646	3690
1646	3691
1646	3693
3574	34081
3575	34079
3575	34080
3584	3626
3612	3630
3612	34043
3612	34044
3612	34045
3612	34047
3612	34052
3612	34062
3612	34071
3612	34073
3612	34074
3613	3690
3613	3691
3623	3625
3630	34044
3630	34047
3630	34048
3630	34049
3630	34050
3630	34051
3630	34052
3630	34053
3630	34054
3630	34055
3630	34056
3630	34057
3630	34058
3630	34059
3630	34060
3630	34061
3630	34062
3630	34063
3630	34064
3630	34065
3630	34066
3630	34067
3630	34068
3630	34069
3630	34070
3630	34071
3630	34072
3630	34073
3631	34075
3631	34076
3631	34077
3635	3650
3669	3670
3669	3671
3670	3671
3670	34078
3690	3691
34042	34043
34042	34044
34043	34044
34043	34045
34043	34046
34043	34047
34044	34046
34044	34048
34047	34073
34049	34050
34049	34051
34053	34054
34055	34056
34056	34065
34056	34070
34058	34059
34058	34072
34060	34061
34063	34064
34066	34067
34066	34068
34067	34068
34075	34076
34075	34077
34076	34077
34079	34080
