66	4127
67	17514
68	17544
69	17550
70	17602
71	17822
72	17824
73	17827
74	17829
75	17830
76	17832
77	17833
78	17834
79	17839
80	17841
81	17842
82	17843
83	17844
84	17845
85	17846
86	17848
87	17849
88	17850
89	17852
90	17856
91	17857
92	17858
93	17859
94	17860
95	17861
96	17862
97	17863
98	17866
99	17867
100	17868
101	17870
102	17871
103	17872
104	17874
105	17876
106	17877
107	17886
108	17887
109	17891
110	17892
111	17897
112	17898
113	17901
114	17902
115	17904
116	17905
117	17906
118	17907
119	17512
120	17513
121	17552
122	29174
