2782	9145
2783	14174
2784	25664
2785	25670
2786	25677
2787	25685
2788	25688
2789	14173
2790	25187
2791	25687
2792	25640
2793	25647
2794	25691
2795	25712
2796	25644
2797	25645
2798	25663
2799	25697
2800	25648
2801	25650
2802	25656
2803	25684
2804	30242
2805	25651
2806	25660
2807	25689
2808	25654
2809	25657
2810	25671
2811	25727
2812	25728
2813	25732
2814	30233
2815	30234
2816	30240
2817	30241
2818	25665
2819	25666
2820	25733
2821	25675
2822	30266
2823	25683
2824	25711
2825	25721
2826	30267
2827	30268
2828	30269
2829	30270
2830	30271
