4881	10088
4882	10142
4883	10862
4884	10089
4885	10342
4886	10927
4887	12023
4888	16521
4889	16623
4890	11963
4891	11985
4892	11881
4893	11892
4894	12088
4895	11495
4896	22895
4897	11685
4898	16518
4899	16604
4900	11722
4901	11783
4902	11784
4903	11939
4904	19992
4905	19993
4906	11893
4907	41348
4908	41349
4909	41350
4910	11909
4911	11937
4912	14902
4913	15543
4914	11946
4915	12888
4916	14385
4917	16547
4918	12087
4919	16720
4920	29196
4921	15602
4922	29276
4923	14901
4924	14904
4925	14912
4926	14923
4927	15562
4928	29415
4929	23596
4930	16694
4931	16695
4932	16710
4933	19901
4934	19910
4935	19923
4936	42740
4937	42741
4938	42742
4939	42743
4940	42798
4941	42799
