10088	10142
10088	10862
10089	10342
10089	10927
10089	12023
10089	16521
10089	16623
10342	11963
10342	11985
10862	11881
10862	11892
10862	12088
11495	16521
11495	22895
11685	16518
11685	16521
11685	16604
11722	16518
11783	11784
11784	11985
11881	11939
11881	19992
11881	19993
11893	11963
11893	41348
11893	41349
11893	41350
11909	11937
11909	14902
11909	15543
11937	11939
11939	11946
11939	12888
11939	14385
11946	16547
11963	11985
11963	12087
11963	12088
12023	16623
12087	12088
12088	16720
12088	29196
14385	15602
14385	29276
14901	14902
14901	14904
14901	14912
14901	14923
14902	14904
14902	14912
14902	15562
15543	29415
15602	23596
16521	16604
16521	22895
16623	16694
16623	16695
16623	16710
16694	16695
19901	19910
19901	19923
19901	42740
19901	42741
19901	42742
19901	42743
19910	19923
19923	19993
19923	42798
19923	42799
19992	19993
19993	42798
19993	42799
41348	41349
41348	41350
41349	41350
42740	42741
42740	42742
42740	42743
42742	42743
42798	42799
