12594	12601
12594	12599
12601	12602
12602	12603
12596	12602
12596	12603
12603	12607
12603	12608
12603	12609
12604	12612
12597	12604
12597	12612
12595	12605
12595	12606
12595	12607
12595	12598
12605	12606
12605	12607
12606	12607
12607	12608
12607	12609
12598	12607
12608	12609
12599	12601
12599	12604
12599	12613
12599	12614
12599	12615
12600	12610
12600	12611
12610	12611
12610	12612
12610	12616
12610	12617
12611	12612
12611	12616
12611	12617
12612	12616
12612	12617
12613	12614
12613	12615
12614	12615
12616	12617
