7601	10109
7601	17440
7601	21558
7601	28724
7601	28725
7601	28726
7601	28727
7601	28729
7601	28730
7601	28731
7601	28732
7601	28733
7601	28735
7601	28736
7601	28738
7601	28739
7601	28742
7601	28743
7601	28744
7601	28745
7601	28746
7601	28747
7601	28748
7601	28749
7601	28750
7601	28751
7601	28753
7601	28754
7601	28755
7601	28756
7601	28757
7601	28758
7601	28759
7601	28760
7601	28761
7601	28762
7601	28763
7601	28765
7601	28766
7601	28767
7601	28768
7601	28769
7601	28770
7601	28771
7601	28772
7601	28773
7601	28774
7601	28775
7601	28778
7601	28779
7601	28780
7601	28781
7601	28782
21558	28801
21558	28802
21558	28803
21558	28804
21558	28805
28726	28745
28735	28736
28747	28748
28761	28799
28801	28802
28801	28803
28801	28805
28802	28805
