16109	27390
16109	30052
16109	30815
16109	30820
16109	39521
16109	39522
16109	39523
16109	39524
16109	39525
16109	39526
16109	39527
16109	39528
16109	39529
16109	39530
16109	39531
16109	39533
16109	39534
16109	39535
16109	39536
16109	39537
16109	39538
16109	39539
16109	39540
16109	39541
16109	39542
16109	39543
16109	39544
16109	39545
16109	39546
16109	39547
16109	39548
16109	39549
16109	39550
16109	39551
16109	39552
16109	39553
16109	39554
16109	39555
16109	39556
16109	39557
16109	39558
16109	39559
16109	39560
16109	39561
16109	39562
16109	39563
16109	39564
16109	39565
16109	39566
16109	39567
16109	39568
16109	39569
16109	39570
16109	39571
16109	39572
16109	39573
16109	39574
