193	6947
193	6956
193	6959
193	6962
193	6974
193	6977
193	6992
193	6995
193	6997
193	7007
193	7013
193	7015
193	7027
193	7036
193	7039
193	7042
193	7046
193	7054
193	7069
193	7071
193	7072
193	7073
193	7074
193	7076
193	7078
193	7079
193	7085
193	7086
193	7087
193	7089
193	7090
193	7092
193	7093
193	7094
193	7095
193	7096
193	7097
193	7098
193	7100
193	7106
193	7107
193	7108
193	7109
193	7113
193	7114
193	7115
193	7116
193	7120
193	7129
6947	33099
6959	6977
6959	7042
6977	7042
6992	7071
6992	7072
6992	7115
6992	7116
7054	7078
7071	7072
7085	7086
7092	7093
7092	7094
7092	7095
7092	7096
7092	7097
7093	7094
7093	7095
7093	7096
7093	7097
7094	7095
7094	7096
7094	7097
7095	7096
7095	7097
7096	7097
7097	33100
7097	33101
7097	33102
7107	7108
7115	7116
33100	33101
33100	33102
33101	33102
