765	15356
765	15362
765	15363
765	15364
765	15365
765	15370
765	15371
765	15377
765	15378
765	15381
765	15384
765	15385
765	15386
765	15390
765	15393
765	15396
765	15400
765	15404
765	15405
765	15410
765	15416
765	15417
765	15419
765	15421
765	15422
765	15423
765	15430
765	15432
765	15436
765	15437
765	15438
765	15439
765	15440
765	15442
765	15443
765	15444
765	15445
765	15452
765	15453
765	15455
765	15456
765	15461
765	15464
765	15466
765	15474
765	15475
765	15477
765	15478
765	15479
765	15480
765	15486
765	15494
765	15497
765	15498
765	15499
765	15500
765	15501
765	15503
765	15504
765	15505
765	15511
765	15512
765	15514
765	15515
765	15516
765	15518
765	15519
765	15520
765	15521
765	15524
765	15525
765	15527
765	15528
765	15529
765	15531
765	15534
765	15535
765	15539
765	15540
765	15541
765	15542
765	15545
765	15549
765	15550
765	15552
765	15553
765	15554
765	15555
765	15557
765	15558
765	15559
765	15561
765	15562
765	15563
765	15564
765	15567
765	15568
765	15570
765	15572
765	15573
765	15574
765	15575
765	15576
765	15577
765	15579
765	15581
765	15582
765	15585
765	15586
765	15587
765	15588
765	15597
765	15598
765	15599
765	15600
765	15602
765	15604
765	15608
765	15609
765	15610
765	15611
765	15612
765	15613
765	15617
765	15618
765	15621
765	15622
765	15626
765	15627
765	15628
765	15629
765	15630
765	15631
765	15632
765	15635
765	15636
765	15637
765	15638
765	15641
765	15643
765	15645
765	15646
765	15648
765	15656
765	15657
765	15664
765	15665
765	15666
765	15667
765	15668
765	15669
765	15670
765	15671
765	15672
765	15673
765	15674
765	15676
765	15678
765	15680
765	15681
765	15685
765	15687
765	15688
765	15689
765	15691
765	15696
765	15697
765	15698
765	15699
765	15701
765	15703
765	15705
765	15707
765	15709
765	15711
765	15712
765	15713
765	15714
765	15715
765	15716
765	15717
765	15719
765	15721
765	15722
765	15725
765	15726
765	15727
765	15729
765	15730
765	15733
765	15736
765	15737
765	15740
765	15741
765	15742
765	15743
765	15744
765	15745
765	15746
765	15749
765	15753
765	15755
765	15757
765	15759
765	15760
765	15762
765	15763
765	15765
765	15770
765	15771
765	15772
765	15774
765	15775
765	15776
765	15778
765	15779
765	15782
765	15783
765	15785
765	15786
765	15787
765	15788
765	15789
765	15791
765	15794
765	15796
765	15797
765	15798
765	15802
765	15803
765	15807
765	15808
15363	15364
15384	15385
15444	15445
15452	15453
15518	15519
15518	15520
15518	15521
15519	15520
15519	15521
15520	15521
15527	15528
15550	31760
15552	31728
15563	31711
15563	31712
15563	31713
15617	15618
15627	15628
15635	15636
15635	15637
15636	15637
15721	31759
31711	31712
31711	31713
31712	31713
31759	31761
31759	31762
