4688	4692
4688	4703
4692	4703
4692	4693
4692	4704
4692	4694
4692	4705
4703	4705
4689	4692
4689	4703
4690	4692
4690	4703
4691	4692
4691	4703
4693	4703
4693	4704
4693	4705
4704	4709
4704	4711
4694	4703
4705	4706
4705	4708
4705	4709
4705	4710
4695	4698
4695	4706
4698	4701
4706	4708
4706	4709
4706	4710
4696	4707
4696	4699
4696	4708
4707	4708
4707	4710
4699	4707
4699	4708
4699	4710
4699	4702
4708	4709
4708	4710
4697	4705
4697	4708
4697	4709
4697	4710
4697	4706
4709	4710
4709	4711
4700	4704
4700	4709
4700	4711
4701	4711
4702	4707
4702	4708
4702	4710
