1377	23756
1378	23758
1379	23759
1380	23801
1381	23817
1382	23855
1383	23898
1384	26775
1385	26776
1386	26777
1387	26778
1388	33814
1389	33819
1390	33827
1391	35544
1392	35545
1393	23815
1394	23899
1395	35520
1396	35530
1397	35531
1398	35532
1399	35533
1400	35534
1401	33829
1402	35510
1403	35517
1404	35518
1405	35519
1406	35521
1407	35612
1408	35613
1409	35614
1410	35623
1411	35504
1412	35505
1413	35506
1414	35507
1415	35508
1416	35509
1417	35525
1418	35526
1419	35535
1420	35536
1421	35511
1422	35512
1423	35513
1424	35514
1425	35515
1426	35516
1427	35538
1428	35539
1429	35527
1430	35528
1431	35529
1432	35537
1433	35615
1434	35616
1435	35617
1436	35661
1437	35662
