23756	23758
23756	23759
23758	23759
23758	23801
23758	23817
23758	23855
23758	23898
23758	26775
23758	26776
23758	26777
23758	26778
23758	33814
23758	33819
23758	33827
23758	35544
23758	35545
23759	23801
23759	23815
23759	23817
23759	23855
23759	26775
23759	33814
23759	33819
23759	33827
23801	23815
23898	23899
23898	26778
23898	35544
23898	35545
26775	26776
26775	26777
26775	33819
26775	33827
26776	26777
26776	35520
26776	35530
26776	35531
26776	35532
26776	35533
26776	35534
26778	33829
26778	35544
26778	35545
33819	33827
33827	35510
33827	35517
33827	35518
33827	35519
33827	35520
33827	35521
33829	35612
33829	35613
33829	35614
33829	35623
35504	35505
35504	35506
35505	35506
35505	35507
35505	35508
35505	35509
35505	35510
35506	35507
35506	35508
35506	35509
35506	35510
35507	35508
35507	35525
35507	35526
35507	35535
35507	35536
35508	35509
35508	35510
35509	35510
35510	35517
35510	35519
35510	35520
35510	35521
35511	35512
35511	35513
35511	35514
35511	35515
35511	35516
35511	35517
35512	35513
35512	35514
35512	35515
35512	35516
35513	35516
35513	35517
35514	35515
35514	35516
35514	35517
35514	35521
35514	35538
35514	35539
35515	35516
35516	35517
35516	35521
35516	35527
35516	35528
35516	35529
35516	35538
35516	35539
35517	35518
35517	35519
35517	35520
35517	35521
35517	35538
35517	35539
35518	35519
35518	35520
35518	35521
35519	35520
35519	35521
35520	35521
35520	35530
35520	35531
35520	35532
35520	35533
35520	35534
35521	35538
35521	35539
35525	35526
35527	35528
35527	35529
35528	35529
35530	35531
35530	35532
35530	35533
35530	35534
35530	35535
35530	35537
35531	35532
35531	35533
35531	35534
35532	35533
35532	35534
35533	35534
35535	35536
35535	35537
35538	35539
35544	35545
35612	35613
35612	35614
35612	35615
35612	35616
35612	35617
35613	35614
35615	35616
35615	35617
35616	35617
35623	35661
35623	35662
