645	1154
646	24016
647	24028
648	24032
649	24034
650	24035
651	24037
652	24038
653	24041
654	24042
655	24043
656	24044
657	24045
658	24047
659	24048
660	24054
661	24056
662	24057
663	24059
664	24060
665	24061
666	24062
667	24063
668	24064
669	24065
670	24067
671	24068
672	24070
673	24071
674	24073
675	24076
676	24077
677	24078
678	24083
679	24085
680	24086
681	24087
682	24088
683	24089
684	24094
685	24095
686	24097
687	24100
688	24101
689	24102
690	24103
691	24104
692	24105
693	24106
694	24110
695	24111
696	24112
697	24114
698	24116
699	24117
700	26279
701	26280
