1709	11575
1709	11576
1709	11577
1709	11581
1709	11582
1709	11584
1709	11585
1709	11586
1709	11587
1709	11588
1709	11589
1709	11592
1709	11595
1709	11596
1709	11597
1709	11598
1709	11599
1709	11600
1709	11602
1709	11603
1709	11608
1709	11610
1709	11611
1709	11612
1709	11614
1709	11615
1709	11616
1709	11617
1709	11618
1709	11622
1709	11623
1709	11625
1709	11626
1709	11627
1709	11628
1709	11629
1709	11631
1709	11632
1709	11633
1709	11635
1709	11637
1709	11638
1709	11639
1709	11640
1709	11641
1709	11642
1709	11643
1709	11645
11575	11626
11576	11577
11581	26733
11592	11622
11592	11623
11598	11599
11598	11600
11599	11600
11610	11611
11622	11623
11642	11643
