655	5101
656	7609
657	14940
658	19058
659	26224
660	26225
661	26226
662	26227
663	26229
664	26230
665	26231
666	26232
667	26233
668	26235
669	26236
670	26238
671	26239
672	26242
673	26243
674	26244
675	26245
676	26246
677	26247
678	26248
679	26249
680	26250
681	26251
682	26253
683	26254
684	26255
685	26256
686	26257
687	26258
688	26259
689	26260
690	26261
691	26262
692	26263
693	26265
694	26266
695	26267
696	26268
697	26269
698	26270
699	26271
700	26272
701	26273
702	26274
703	26275
704	26278
705	26279
706	26280
707	26281
708	26282
709	26301
710	26302
711	26303
712	26304
713	26305
714	26299
