5101	7609
5101	14940
5101	19058
5101	26224
5101	26225
5101	26226
5101	26227
5101	26229
5101	26230
5101	26231
5101	26232
5101	26233
5101	26235
5101	26236
5101	26238
5101	26239
5101	26242
5101	26243
5101	26244
5101	26245
5101	26246
5101	26247
5101	26248
5101	26249
5101	26250
5101	26251
5101	26253
5101	26254
5101	26255
5101	26256
5101	26257
5101	26258
5101	26259
5101	26260
5101	26261
5101	26262
5101	26263
5101	26265
5101	26266
5101	26267
5101	26268
5101	26269
5101	26270
5101	26271
5101	26272
5101	26273
5101	26274
5101	26275
5101	26278
5101	26279
5101	26280
5101	26281
5101	26282
19058	26301
19058	26302
19058	26303
19058	26304
19058	26305
26226	26245
26235	26236
26247	26248
26261	26299
26301	26302
26301	26303
26301	26305
26302	26305
