20388 164277
4 6
4 6
4 6
5 9
4 6
8 16
4 6
5 10
4 6
4 6
5 10
5 10
4 6
7 21
8 16
4 6
6 11
10 18
4 6
4 6
10 24
5 10
4 6
4 6
4 6
8 16
4 6
4 6
4 6
10 22
4 6
6 14
4 6
4 6
4 6
5 10
5 10
5 10
4 6
4 6
4 6
4 6
4 6
4 6
5 10
12 35
4 6
4 6
5 10
4 6
4 6
8 24
5 9
4 6
5 10
4 6
4 6
4 6
4 6
4 6
4 6
4 6
4 6
5 10
4 6
7 12
4 6
12 42
5 10
4 6
4 6
11 22
4 6
4 6
8 16
5 9
7 12
4 6
4 6
4 6
4 6
5 10
4 6
5 10
16 59
8 13
5 10
4 6
4 6
10 25
4 6
5 10
5 10
4 6
4 6
4 6
6 15
4 6
5 10
4 6
4 6
8 21
4 6
6 15
4 6
4 6
4 6
4 6
6 13
4 6
4 6
5 10
4 6
4 6
5 10
4 6
6 13
4 6
4 6
4 6
4 6
9 20
5 10
4 6
4 6
4 6
4 6
4 6
4 6
5 10
5 10
8 24
5 10
5 10
11 28
7 21
7 12
6 15
4 6
4 6
5 9
4 6
6 11
5 10
4 6
4 6
4 6
5 10
6 14
4 6
9 19
4 6
8 16
5 10
4 6
5 10
4 6
4 6
4 6
4 6
5 9
4 6
9 19
5 10
4 6
4 6
5 10
4 6
4 6
8 14
4 6
10 27
6 11
8 28
5 9
6 11
4 6
4 6
4 6
