801	7555
801	7564
801	7567
801	7570
801	7582
801	7585
801	7600
801	7603
801	7605
801	7615
801	7621
801	7623
801	7635
801	7644
801	7647
801	7650
801	7654
801	7662
801	7677
801	7679
801	7680
801	7681
801	7682
801	7684
801	7686
801	7687
801	7693
801	7694
801	7695
801	7697
801	7698
801	7700
801	7701
801	7702
801	7703
801	7704
801	7705
801	7706
801	7708
801	7714
801	7715
801	7716
801	7717
801	7721
801	7722
801	7723
801	7724
801	7728
801	7737
7555	33707
7567	7585
7567	7650
7585	7650
7600	7679
7600	7680
7600	7723
7600	7724
7662	7686
7679	7680
7693	7694
7700	7701
7700	7702
7700	7703
7700	7704
7700	7705
7701	7702
7701	7703
7701	7704
7701	7705
7702	7703
7702	7704
7702	7705
7703	7704
7703	7705
7704	7705
7705	33708
7705	33709
7705	33710
7715	7716
7723	7724
33708	33709
33708	33710
33709	33710
