809	21636
809	21637
809	21638
809	21639
809	21640
809	21641
809	21642
809	21643
809	21644
809	21645
809	21646
809	21647
809	21648
809	21649
809	21650
809	21651
809	21652
809	21653
809	21659
809	21660
809	21661
809	21662
809	21663
809	21664
809	21665
809	21667
809	21668
809	21669
809	21670
809	21672
809	21673
809	21674
809	21675
809	21676
809	21677
809	21678
809	21679
809	21682
809	21683
809	21685
809	21686
809	21687
809	21690
809	21691
809	21692
809	21693
809	21694
809	21696
809	21697
809	21698
809	21700
809	21703
809	21704
809	21705
809	21706
809	21709
809	21710
809	21712
809	21720
809	21723
809	21724
809	21726
809	21727
809	21728
809	21729
809	21731
809	21732
809	21735
809	21736
809	21739
809	21740
809	21742
809	21743
809	21744
809	21745
809	21746
809	21747
809	21748
809	21751
809	21752
809	21757
809	21758
809	21759
809	21760
809	21761
809	21762
809	21765
809	21766
809	21767
809	21769
809	21770
809	21771
809	21773
809	21777
809	21779
809	21782
809	21784
809	21785
809	21786
809	21787
809	21788
809	21789
809	21790
809	21791
809	21792
809	21793
809	21794
809	21798
809	21799
809	21800
809	21801
809	21802
809	21803
809	21804
809	21805
809	21806
809	21807
809	21808
809	21809
809	21812
809	21814
809	21815
809	21817
809	21818
809	21824
809	21825
809	21828
809	21829
809	21832
809	21833
809	21835
809	21837
809	21839
809	21841
809	21842
809	21843
809	21844
809	21846
809	21847
809	21848
809	21849
809	21850
809	21851
809	21852
809	21853
809	21856
809	21857
809	21859
809	21861
809	21863
809	21864
809	21865
809	21866
809	21867
809	21869
809	21870
809	21871
809	21872
809	21875
809	21877
809	21879
809	21880
809	21881
809	21882
809	21883
809	21884
809	21885
809	21887
809	21888
809	21889
809	21890
809	21891
809	21892
809	21893
809	21894
809	21895
809	21896
809	21897
809	21898
809	21899
809	21900
809	21901
809	21906
809	21909
809	21911
809	21913
809	21914
809	21915
809	21916
809	21917
809	21918
809	21919
809	21921
809	21922
809	21924
809	21925
809	21926
809	21927
809	21928
809	21931
809	21932
809	21933
809	21937
809	21938
809	21940
809	21941
809	21942
809	21943
809	21945
809	21946
809	21947
809	21948
809	21949
809	21950
809	21951
809	21952
809	21953
809	21955
809	21956
809	21957
809	21958
809	21959
809	21960
809	21961
809	21962
809	21963
809	21965
809	21966
809	21967
809	21968
809	21969
809	21970
809	21972
809	21973
809	21975
809	21976
809	21977
809	21978
809	21979
809	21981
809	21982
809	21983
809	21984
809	21986
809	21987
809	21989
809	21990
809	21991
809	21992
809	21993
809	21994
809	21995
809	21996
809	21998
809	21999
809	22000
809	22001
809	22002
809	22003
809	22004
809	22006
809	22007
809	22009
809	22010
809	22011
809	22012
809	22014
809	22015
809	22017
809	22018
809	22019
21667	21668
21667	21669
21668	21669
21673	21674
21673	21675
21673	21676
21674	21675
21674	21676
21675	21676
21712	29225
21712	29226
21726	21727
21766	21767
21785	21786
21801	33516
21802	21803
21807	21956
21839	33566
21839	33567
21846	21847
21861	33564
21861	33565
21969	21970
21993	33476
21993	33477
21993	33478
21995	21996
22015	33517
22015	33518
22015	33519
22015	33520
29226	31778
29226	31779
29226	31780
31778	31779
33476	33477
33476	33478
33477	33478
33517	33518
33517	33519
33517	33520
33518	33519
33518	33520
33519	33520
33564	33565
33566	33567
