3950	7157
3951	7222
3952	14387
3953	15043
3954	15055
3955	15153
3956	15165
3957	15172
3958	15687
3959	15715
3960	16520
3961	17727
3962	17728
3963	17731
3964	17732
3965	17733
3966	17734
3967	17735
3968	17736
3969	17737
3970	17739
3971	17740
3972	17741
3973	17742
3974	17743
3975	15138
3976	15155
3977	15177
3978	15178
3979	18275
3980	18276
3981	17828
3982	17856
3983	17944
3984	17945
3985	17946
3986	17947
3987	27416
3988	27417
3989	38309
3990	38307
3991	38308
3992	20128
3993	20129
3994	20155
3995	20156
3996	27448
3997	27449
3998	27450
