7157	7222
7157	14387
7157	15043
7157	15055
7157	15153
7157	15165
7157	15172
7157	15687
7157	15715
7157	16520
7157	17727
7157	17728
7157	17731
7157	17732
7157	17733
7157	17734
7157	17735
7157	17736
7157	17737
7157	17739
7157	17740
7157	17741
7157	17742
7157	17743
15043	15138
15043	15155
15043	15177
15043	15178
15043	18275
15043	18276
15055	17828
15055	17856
15055	17944
15055	17945
15055	17946
15055	17947
15177	15178
16520	27416
16520	27417
16520	38309
17736	38307
17736	38308
17739	17740
17945	17946
17946	20128
17946	20129
17946	20155
17946	20156
18275	18276
20128	20129
27416	27417
27416	27448
27416	27449
27416	27450
27416	38309
27448	27449
27448	27450
27449	27450
38307	38308
