1437	7488
1437	16013
1437	16014
1437	16016
1437	16017
1437	16018
1437	16021
1437	16022
1437	16024
1437	16025
1437	16026
1437	16027
1437	16031
1437	16032
1437	16033
1437	16036
1437	16037
1437	16042
1437	16043
1437	16044
1437	16045
1437	16047
1437	16048
1437	16050
1437	16052
1437	16053
1437	16054
1437	16056
1437	16057
1437	16058
1437	16059
1437	16062
1437	16063
1437	16064
1437	16067
1437	16069
1437	16070
1437	16071
1437	16073
16016	16017
16016	16018
16017	16018
16021	16022
16021	28203
16025	16026
16025	16027
16025	16044
16025	16056
16025	16057
16025	16058
16025	16059
16025	16062
16025	16063
16026	16027
16031	16032
16032	33665
16044	16062
16044	16063
16052	16053
16052	16054
16053	16054
16056	16057
16056	16058
16056	16059
16057	16058
16057	16059
16058	16059
16062	16063
16069	16070
16069	16071
16070	16071
28203	28204
