3043	7747
3043	10132
3043	21949
3043	24012
3043	24031
3043	25235
3043	25776
3043	25777
3043	25778
3043	25781
3043	25782
3043	25787
3043	25791
3043	25792
3043	25793
3043	25794
3043	25797
3043	25802
3043	25808
3043	25809
3043	25810
3043	25813
3043	25814
3043	25815
3043	25816
3043	25817
3043	25818
3043	25819
3043	25821
3043	25822
3043	25823
3043	25824
3043	25828
3043	25829
3043	25832
3043	25833
3043	25834
3043	25835
3043	25836
3043	25837
3043	25838
3043	25839
3043	25840
3043	25841
3043	25842
3043	25845
3043	25846
3043	25847
3043	25848
10132	10133
24012	24030
24012	24031
24030	24031
25235	25793
25235	25794
25777	25778
25793	25794
25815	25838
25819	25845
25839	25840
25839	25841
25840	25841
