4801	20172
4801	20173
4801	20190
4801	20191
4801	20196
4801	20197
4801	20198
4801	20204
4801	20209
4801	20215
4801	20221
4801	20224
4801	20225
4801	20226
4801	20232
4801	20233
4801	20234
4801	20235
4801	20236
4801	20243
4801	20244
4801	20245
4801	20246
4801	20247
4801	20257
4801	20259
4801	20267
4801	20271
4801	20275
4801	20276
4801	20277
4801	20280
4801	20282
4801	20283
4801	20288
4801	20289
4801	20292
4801	20294
4801	20298
4801	20300
4801	20303
4801	20310
4801	20311
4801	20313
4801	20318
4801	20321
4801	20322
4801	20326
4801	20327
4801	20330
4801	20331
4801	20332
4801	20336
4801	20338
4801	20345
4801	20346
4801	20352
4801	20353
4801	20354
20190	24881
20190	24882
20190	24883
20190	24884
20225	20226
20225	20283
20234	20235
20234	20236
20235	20236
20243	24739
20243	24740
20243	24741
20243	24742
20243	24743
20243	24744
20244	20245
20244	20246
20244	20346
20244	24785
20245	20246
20246	20346
20246	24785
20280	24796
20280	24797
20280	24798
20280	24799
20280	24800
20280	24801
20310	20311
20313	25164
20313	25165
20313	25166
20345	24876
20345	24877
20345	24878
20345	24879
20346	24785
20353	20354
24739	24740
24742	24743
24742	24744
24743	24744
24796	24797
24796	24798
24796	24799
24796	24800
24796	24801
24797	24798
24797	24799
24797	24800
24797	24801
24798	24799
24798	24800
24798	24801
24799	24800
24799	24801
24799	24802
24799	24803
24799	24804
24799	24805
24799	24806
24799	24807
24799	24808
24799	24809
24799	24810
24799	24811
24799	24812
24799	24813
24799	24814
24799	24815
24799	24816
24802	24803
24802	24804
24802	24805
24802	24806
24802	24807
24803	24804
24803	24805
24803	24806
24803	24809
24803	24810
24803	24814
24803	24816
24803	24887
24803	24888
24804	24805
24804	24806
24804	24807
24804	24808
24804	24815
24804	24816
24805	24806
24805	24807
24805	24808
24805	24815
24805	24816
24805	24885
24805	24886
24806	24807
24806	24808
24806	24885
24806	24886
24807	24808
24807	24815
24807	24816
24809	24810
24809	24811
24809	24812
24809	24813
24809	24814
24809	24816
24809	24887
24809	24888
24809	25167
24809	25168
24810	24811
24810	24812
24810	24813
24810	24814
24810	24816
24810	24887
24810	24888
24810	25167
24810	25168
24811	24812
24811	24813
24811	24814
24812	24813
24812	24814
24812	24887
24812	25167
24812	25168
24813	24814
24814	24816
24814	24887
24814	24888
24814	25167
24814	25168
24815	24816
24816	24887
24816	24888
24876	24877
24876	24878
24876	24879
24877	24878
24877	24879
24878	24879
24881	24882
24881	24883
24881	24884
24882	24883
24882	24884
24883	24884
24885	24886
24887	24888
24887	25167
24887	25168
25164	25165
25164	25166
25165	25166
25167	25168
