0	5024
1	29871
2	29872
3	29873
4	29874
5	29875
6	29876
7	29877
8	29878
9	29879
10	29880
11	29881
12	29882
13	29883
14	29884
15	29885
16	29886
17	29887
18	29888
19	29889
20	29890
21	29891
22	29892
23	29893
24	29894
25	29895
26	29896
27	29897
28	29900
29	29901
30	29902
31	29903
32	29904
33	29905
34	29906
35	29907
36	29908
37	29909
38	29910
39	29911
40	29916
41	29917
42	29918
43	29920
44	29921
45	29922
46	29923
47	29924
48	29925
49	29926
50	29927
51	29928
52	29932
53	29933
54	29934
55	29935
56	29936
57	29937
58	29938
59	29939
60	29940
61	29943
62	29944
63	29945
64	29946
65	29947
66	29948
67	29949
68	29950
69	29951
70	29952
71	29953
72	29954
73	29955
74	29956
75	29957
76	29958
77	29959
78	29960
79	29961
80	29962
81	29963
82	29964
83	29965
84	29966
85	29967
86	29968
87	29969
88	29970
89	29971
90	29972
91	29973
92	29974
93	29975
94	29977
95	29978
96	29979
97	29980
98	29981
99	29982
100	29983
101	29984
102	29985
103	29989
104	29990
105	29991
106	29992
107	29993
108	29994
109	29995
110	29996
111	29997
112	29998
113	29999
114	30000
115	30001
116	30002
117	30003
118	30004
119	30005
120	30006
121	30007
122	30009
123	30010
124	30011
125	30012
126	30013
127	30014
128	30015
129	30016
130	30017
131	30018
132	30019
133	30020
134	30021
135	30022
136	30023
137	30024
138	30026
139	30027
140	30028
141	30029
142	30030
143	30031
144	30032
145	30033
146	30034
147	30035
148	30036
149	30037
150	30038
151	30039
152	30040
153	30041
154	30042
155	30043
156	30046
157	30047
158	30048
159	30049
160	30050
161	30051
162	30052
163	30053
164	30054
165	30055
166	30056
167	30057
168	30058
169	30061
170	30062
171	30063
172	30064
173	30065
174	30066
175	30067
176	30068
177	30069
178	30070
179	30071
180	30072
181	30073
182	30074
183	30075
184	30076
185	30077
186	30078
187	30079
188	30080
189	30081
190	30082
191	30083
192	30084
193	30085
194	30086
195	30087
196	30088
197	30089
198	30090
199	30091
200	30092
201	30093
202	30094
203	30095
204	30096
205	30097
206	30098
207	30099
208	30100
209	30101
210	30102
211	30103
212	30104
213	30105
214	30106
215	30107
216	30108
217	30109
218	30110
219	30111
220	30112
221	30113
222	30114
223	30115
224	30116
225	30117
226	30118
227	30119
228	30120
229	30121
230	30122
231	30123
232	30124
233	30125
234	30126
235	30127
236	30128
237	30129
238	30130
239	30131
240	30132
241	30133
242	30134
243	30135
244	30136
245	30137
246	30138
247	30139
248	30140
249	30141
250	30142
251	30143
252	30144
253	30145
254	30146
255	30147
256	30148
257	30149
258	30150
259	30151
260	30152
261	30153
262	30154
263	30155
264	30157
265	30158
266	30159
267	30160
268	30162
269	30163
270	30164
271	30165
272	30166
273	30167
274	30168
275	30169
276	30170
277	30171
278	30172
279	30173
280	30174
281	30175
282	30176
283	30177
284	30178
285	30179
286	30181
287	30182
288	30183
289	30184
290	30185
291	30186
292	30187
293	30188
294	30189
295	30190
296	30191
297	30192
298	30194
299	30195
300	30196
301	30197
302	30201
303	30203
304	30204
305	30205
306	30206
307	30207
308	30208
309	30209
310	30210
311	30211
312	30212
313	30213
314	30214
315	30215
316	30216
317	30217
318	30218
319	30219
320	30220
321	30221
322	30222
323	30223
324	30224
325	30225
326	30226
327	30227
328	30228
329	30229
330	30230
331	30231
332	30232
333	30233
334	30234
335	30235
336	30236
337	30237
338	30238
339	30239
340	30240
341	30241
342	30242
343	30243
344	30244
345	30245
346	30246
347	30247
348	30248
349	30249
350	30250
351	30251
352	30252
353	30253
354	30254
355	30255
356	30256
357	30257
358	30258
359	30259
360	30260
361	30261
362	30262
363	30263
364	30266
365	30267
366	30268
367	30269
368	30271
369	30272
370	30273
371	30274
372	30275
373	30276
374	30277
375	30278
376	30279
377	30280
378	30281
379	30282
380	30283
381	30284
382	30285
383	30286
384	30287
385	30288
386	30289
387	30290
388	30291
389	30292
390	30293
391	30294
392	30295
393	30296
394	30297
395	30298
396	30299
397	30300
398	30301
399	30302
400	30303
401	30304
402	30305
403	30306
404	30307
405	30308
406	30309
407	30310
408	30311
409	30312
410	30313
411	30314
412	30315
413	30316
414	30317
415	30318
416	30319
417	30324
418	30325
419	30326
420	30327
421	30328
422	30329
423	30330
424	30331
425	30332
426	30333
427	30334
428	30335
429	30336
430	30338
431	30339
432	30340
433	30341
434	30342
435	30343
436	30344
437	30345
438	30346
439	30347
440	30348
441	30349
442	30350
443	30351
444	30352
445	30353
446	30354
447	30355
448	30357
449	30358
450	30359
451	30360
452	30361
453	30362
454	30363
455	30364
456	30365
457	30366
458	30367
459	30368
460	30369
461	30370
462	30371
463	30372
464	30373
465	30374
466	30375
467	30376
468	30377
469	30378
470	30379
471	30380
472	30381
473	30382
474	30386
475	30387
476	30388
477	30389
478	30390
479	30391
480	30392
481	30393
482	30394
483	30395
484	30396
485	30397
486	30398
487	30399
488	30400
489	30401
490	30402
491	30403
492	30404
493	30405
494	30406
495	30407
496	30408
497	30409
498	30410
499	30411
500	30412
501	30413
502	30414
503	30415
504	30416
505	30417
506	30418
507	30419
508	30420
509	30421
510	30422
511	30423
512	30424
513	30425
514	30426
515	30427
516	30428
517	30429
518	30430
519	30431
520	30432
521	30433
522	30434
523	30435
524	30436
525	30437
526	30438
527	30439
528	30440
529	30441
530	30442
531	30443
532	30444
533	30445
534	30446
535	30447
536	30448
537	30449
538	30450
539	30451
540	30452
541	30453
542	30454
543	30455
544	30456
545	30457
546	30458
547	30459
548	30460
549	30461
550	30462
551	30463
552	30464
553	30465
554	30466
555	30467
556	30468
557	30469
558	30470
559	30471
560	30472
561	30473
562	30474
563	30475
564	30476
565	30477
566	30478
567	30479
568	30480
569	30481
570	30482
571	30483
572	30484
573	30485
574	30486
575	30487
576	30488
577	30489
578	30492
579	30493
580	30494
581	30495
582	30496
583	30497
584	30498
585	30499
586	30500
587	30501
588	30502
589	30503
590	30504
591	30505
592	30506
593	30507
594	30508
595	30509
596	30510
597	30511
598	30512
599	30513
600	30514
601	30515
602	30516
603	30517
604	30518
605	30519
606	30520
607	30521
608	30522
609	30523
610	30524
611	30525
612	30526
613	30527
614	30528
615	30529
616	30530
617	30531
618	30532
619	30533
620	30534
621	30535
622	30536
623	30537
624	30538
625	30539
626	30540
627	30541
628	30542
629	30543
630	30544
631	30545
632	30546
633	30547
634	30548
635	30549
636	30550
637	30551
638	30552
639	30553
640	30554
641	30555
642	30556
643	30557
644	30558
645	30559
646	30560
647	30561
648	30562
649	30563
650	30564
651	30565
652	30566
653	30567
654	30568
655	30569
656	30570
657	30571
658	30572
659	30573
660	30574
661	30575
662	30576
663	30577
664	30578
665	30579
666	30580
667	30581
668	30582
669	30584
670	30585
671	30586
672	30587
673	30588
674	30589
675	30590
676	30594
677	30595
678	30596
679	30597
680	30598
681	30599
682	30600
683	30601
684	30602
685	30603
686	30604
687	30605
688	30606
689	30607
690	30608
691	30609
692	30610
693	30611
694	30612
695	30613
696	30614
697	30615
698	30616
699	30617
700	30618
701	30619
702	30620
703	30621
704	30622
705	30623
706	30624
707	30625
708	30626
709	30627
710	30628
711	30629
712	30630
713	30631
714	30632
715	30633
716	30634
717	30635
718	30636
719	30637
720	30638
721	30639
722	30640
723	30641
724	30642
725	30643
726	30644
727	30645
728	30646
729	30647
730	30648
731	30649
732	30650
733	30651
734	30652
735	30653
736	30654
737	30655
738	30656
739	30657
740	30658
741	30659
742	30660
743	30661
744	30662
745	30665
746	30666
747	30667
748	30669
749	30670
750	30671
751	30672
752	30673
753	30674
754	30675
755	30676
756	30677
757	30678
758	30679
759	30680
760	30681
761	30682
762	30683
763	30684
764	30685
765	30686
766	30687
767	30688
768	30689
769	30690
770	30691
771	30692
772	30693
773	30694
774	30695
775	30696
776	30697
777	30698
778	30699
779	30700
780	30701
781	30702
782	30703
783	30704
784	30705
785	30706
786	30707
787	30708
788	30709
789	30710
790	30711
791	30712
792	30713
793	30714
794	30715
795	30716
796	30717
797	30718
798	30719
799	30720
800	30721
801	30722
802	30723
803	30724
804	30725
805	30726
806	30727
807	30728
808	30729
809	30730
810	30731
811	30732
812	30733
813	30734
814	30735
815	30736
816	30737
817	30738
818	30739
819	30740
820	30741
821	30742
822	30743
823	30744
824	30745
825	30746
826	30747
827	30748
828	30749
829	30750
830	30751
831	30752
832	30753
833	30754
834	30755
835	30756
836	30757
837	30758
838	30759
839	30760
840	30761
841	30762
842	30763
843	30764
844	30765
845	30766
846	30767
847	30768
848	30769
849	30770
850	30771
851	30772
852	30773
853	30774
854	30775
855	30776
856	30777
857	30778
858	30779
859	30780
860	30781
861	30782
862	30783
863	30784
864	30785
865	30786
866	30788
867	30789
868	30790
869	30791
870	30792
871	30793
872	30794
873	30795
874	30796
875	30797
876	30798
877	30799
878	30800
879	30801
880	30802
881	30803
882	30804
883	30805
884	30806
885	30807
886	30808
887	30809
888	30810
889	30811
890	30812
891	30813
892	30814
893	30815
894	30816
895	30817
896	30818
897	30819
898	30820
899	30821
900	30822
901	30823
902	30824
903	30825
904	30826
905	30827
906	30828
907	30829
908	30830
909	30831
910	30832
911	30833
912	30834
913	30835
914	30836
915	30837
916	30838
917	30839
918	30840
919	30841
920	30842
921	30843
922	30844
923	30845
924	30846
925	30847
926	30848
927	30849
928	30850
929	30851
930	30852
931	30853
932	30854
933	30855
934	30856
935	30857
936	30858
937	30859
938	30860
939	30861
940	30862
941	30863
942	30864
943	30865
944	30866
945	30867
946	30868
947	30869
948	30870
949	30871
950	30872
951	30873
952	30874
953	30875
954	30876
955	30877
956	30878
957	30879
958	30880
959	30881
960	30882
961	30883
962	30884
963	30885
964	30886
965	30887
966	30888
967	30889
968	30890
969	30891
970	30892
971	30893
972	30894
973	30895
974	30896
975	30897
976	30898
977	30899
978	30900
979	30901
980	30902
981	30903
982	30904
983	30905
984	30906
985	30907
986	30908
987	30909
988	30910
989	30911
990	30912
991	30913
992	30914
993	30915
994	30916
995	30917
996	30918
997	30919
998	30920
999	30921
1000	30922
1001	30923
1002	30924
1003	30925
1004	30926
1005	30927
1006	30928
1007	30929
1008	30930
1009	30931
1010	30932
1011	30933
1012	30934
1013	30935
1014	30936
1015	30937
1016	30938
1017	30939
1018	30940
1019	30941
1020	30942
1021	30943
1022	30944
1023	30945
1024	30946
1025	30947
1026	30948
1027	30949
1028	30950
1029	30951
1030	30952
1031	30953
1032	30954
1033	30955
1034	30956
1035	30957
1036	30958
1037	30959
1038	30960
1039	30961
1040	30962
1041	30963
1042	30964
1043	30965
1044	30966
1045	30967
1046	30968
1047	30969
1048	30970
1049	30971
1050	30972
1051	30973
1052	30974
1053	30975
1054	30976
1055	30977
1056	30978
1057	30979
1058	30980
1059	30981
1060	30982
1061	30983
1062	30984
1063	30985
1064	30986
1065	30987
1066	30988
1067	30989
1068	30990
1069	30991
1070	30992
1071	30993
1072	30994
1073	30995
1074	30996
1075	30997
1076	30998
1077	30999
1078	31000
1079	31001
1080	31002
1081	31003
1082	31004
1083	31005
1084	31006
1085	31007
1086	31008
1087	31009
1088	31010
1089	31011
1090	31012
1091	31013
1092	31014
1093	31015
1094	31016
1095	31017
1096	31018
1097	31019
1098	31020
1099	31021
1100	31022
1101	31023
1102	31024
1103	31025
1104	31026
1105	31027
1106	31028
1107	31029
1108	31030
1109	31031
1110	31032
1111	31033
1112	31034
1113	31035
1114	31036
1115	31037
1116	31038
1117	31039
1118	31040
1119	31041
1120	31042
1121	31043
1122	31044
1123	31045
1124	31046
1125	31047
1126	31048
1127	31049
1128	31050
1129	31051
1130	31052
1131	31053
1132	31054
1133	31055
1134	31056
1135	31057
1136	31058
1137	31059
1138	31060
1139	31061
1140	31062
1141	31063
1142	31064
1143	31065
1144	31066
1145	31069
1146	31070
1147	31071
1148	31072
1149	31073
1150	31074
1151	31075
1152	31076
1153	31077
1154	31078
1155	31079
1156	31080
1157	31081
1158	31082
1159	31083
1160	31084
1161	31085
1162	31086
1163	31087
1164	31088
1165	31089
1166	31090
1167	31091
1168	31092
1169	31093
1170	31094
1171	31095
1172	31096
1173	31097
1174	31098
1175	31099
1176	31100
1177	31104
1178	31105
1179	31106
1180	31107
1181	31108
1182	31109
1183	31110
1184	31111
1185	31112
1186	31113
1187	31114
1188	31115
1189	31116
1190	31117
1191	31118
1192	31120
1193	31121
1194	31122
1195	31123
1196	31124
1197	31125
1198	31126
1199	31127
1200	31128
1201	31129
1202	31130
1203	31131
1204	31132
1205	31133
1206	31134
1207	31135
1208	31136
1209	31137
1210	31138
1211	31139
1212	31140
1213	31141
1214	31142
1215	31143
1216	31144
1217	31145
1218	31146
1219	31147
1220	31148
1221	31149
1222	31150
1223	31414
1224	31575
1225	31576
1226	31545
1227	31546
1228	31547
