4307	12795
4307	12828
4307	21477
4307	22369
4307	22549
4307	22689
4307	22690
4307	22691
4307	22692
4307	22693
4307	22694
4307	22695
4307	22696
4307	22697
4307	22698
4307	22699
4307	22700
4307	22701
4307	22702
4307	22703
4307	22704
4307	22705
4307	22706
4307	22707
4307	22708
4307	22709
4307	22713
4307	22714
4307	22716
4307	22717
4307	22718
4307	22719
4307	22720
4307	22721
4307	22723
4307	22724
4307	22726
4307	22727
4307	22728
4307	22729
4307	22730
4307	22731
4307	22732
4307	22733
4307	22734
4307	22735
4307	22736
4307	22737
4307	22738
4307	22739
4307	22741
21477	22369
22369	22690
22369	22693
22369	22713
22369	22721
22369	22738
22549	22550
22716	22734
22732	34997
22732	34998
22732	34999
22732	35000
34997	34998
34997	34999
34997	35000
34998	34999
34998	35000
34999	35000
