1377	4271
1378	22975
1379	4282
1380	4288
1381	4361
1382	4367
1383	15264
1384	15312
1385	15335
1386	15336
1387	22119
1388	33968
1389	33971
1390	34038
1391	34047
1392	34081
1393	34082
1394	34083
1395	34085
1396	34086
1397	34087
1398	34088
1399	34089
1400	34090
1401	34091
1402	34092
1403	34093
1404	34094
1405	34095
1406	34096
1407	34097
1408	34098
1409	34099
1410	34100
1411	34101
1412	34102
1413	34103
1414	34104
1415	34105
1416	34106
1417	34107
1418	34108
1419	34109
1420	34110
1421	34111
1422	34113
1423	34114
1424	34115
1425	34116
1426	34117
1427	34118
1428	34119
1429	34120
1430	34121
1431	34122
1432	34123
1433	34124
1434	34125
1435	34126
1436	34127
1437	34128
1438	34129
1439	34130
1440	34131
