4271	22975
4282	22975
4288	22975
4361	22975
4367	22975
15264	22975
15312	22975
15335	22975
15336	22975
22119	22975
22975	33968
22975	33971
22975	34038
22975	34047
22975	34081
22975	34082
22975	34083
22975	34085
22975	34086
22975	34087
22975	34088
22975	34089
22975	34090
22975	34091
22975	34092
22975	34093
22975	34094
22975	34095
22975	34096
22975	34097
22975	34098
22975	34099
22975	34100
22975	34101
22975	34102
22975	34103
22975	34104
22975	34105
22975	34106
22975	34107
22975	34108
22975	34109
22975	34110
22975	34111
22975	34113
22975	34114
22975	34115
22975	34116
22975	34117
22975	34118
22975	34119
22975	34120
22975	34121
22975	34122
22975	34123
22975	34124
22975	34125
22975	34126
22975	34127
22975	34128
22975	34129
22975	34130
22975	34131
