5774	9325
5774	11295
5774	11505
5774	13003
5774	22136
5774	22375
5774	22376
5774	22377
5774	22379
5774	22382
5774	22383
5774	22384
5774	22385
5774	22387
5774	22388
5774	22389
5774	22390
5774	22393
5774	22396
5774	22398
5774	22399
5774	22400
5774	22401
5774	22402
5774	22403
5774	22405
5774	22406
5774	22407
5774	22408
5774	22409
5774	22410
5774	22411
5774	22412
5774	22413
5774	22414
5774	22415
5774	22420
5774	22421
5774	22422
5774	22423
5774	22424
5774	22428
5774	22429
5774	22430
5774	22431
5774	22432
