20068	29715
20068	29736
20068	29737
20068	29738
20068	29739
20068	29740
20068	29741
20068	29747
20068	29792
20090	29715
20090	29792
20124	29715
20124	29792
20131	20132
20132	29715
20155	29729
20155	29730
20155	29731
26156	29715
29715	29731
29715	29744
29715	29756
29715	29758
29715	29759
29715	29760
29715	29762
29715	29765
29715	29766
29729	29730
29729	29731
29730	29731
29731	29760
29736	29737
29736	29738
29736	29739
29736	29740
29736	29741
29736	29747
29737	29738
29737	29739
29737	29740
29737	29741
29737	29747
29738	29739
29738	29740
29738	29741
29739	29740
29739	29741
29739	29747
29740	29741
29740	29747
29741	29747
29759	30223
29759	30224
29759	30225
29759	30226
29762	29765
29792	30222
30223	30224
30223	30225
30223	30226
30224	30225
30224	30226
30225	30226
