66	5082
67	12506
68	12528
69	12543
70	12575
71	12613
72	12637
73	12645
74	12775
75	12806
76	12848
77	12856
78	12872
79	12936
80	18274
81	18415
82	24182
83	29450
84	29451
85	29543
86	29544
87	29550
88	29551
89	29554
90	29556
91	29557
92	29558
93	29562
94	29565
95	29566
96	29568
97	29569
98	29571
99	29574
100	29576
101	29577
102	29578
103	29579
104	29580
105	29581
106	29585
107	29587
108	29590
109	29594
110	29595
111	29600
112	29602
113	29603
114	29604
115	29605
116	29606
117	29607
118	29608
119	29609
120	29610
121	29613
122	29614
123	29615
124	29621
125	29622
126	29623
127	29624
128	29625
129	29629
130	29630
131	29632
132	29633
133	29634
134	29636
135	29637
136	29638
137	29639
138	29640
139	29641
140	29642
141	29643
142	29644
143	29645
144	29646
145	29647
146	29648
147	29649
148	29650
149	29651
150	29652
151	29653
152	29654
153	29655
154	29657
155	29659
156	29660
157	29663
158	29664
159	29665
160	29666
161	29667
162	29668
163	29669
164	29672
165	29673
166	29678
167	29685
168	29686
169	29687
170	29691
171	29692
172	29693
173	29695
174	29696
175	29697
176	29698
177	29699
