5082	12506
5082	12528
5082	12543
5082	12575
5082	12613
5082	12637
5082	12645
5082	12775
5082	12806
5082	12848
5082	12856
5082	12872
5082	12936
5082	18274
5082	18415
5082	24182
5082	29450
5082	29451
5082	29543
5082	29544
5082	29550
5082	29551
5082	29554
5082	29556
5082	29557
5082	29558
5082	29562
5082	29565
5082	29566
5082	29568
5082	29569
5082	29571
5082	29574
5082	29576
5082	29577
5082	29578
5082	29579
5082	29580
5082	29581
5082	29585
5082	29587
5082	29590
5082	29594
5082	29595
5082	29600
5082	29602
5082	29603
5082	29604
5082	29605
5082	29606
5082	29607
5082	29608
5082	29609
5082	29610
5082	29613
5082	29614
5082	29615
5082	29621
5082	29622
5082	29623
5082	29624
5082	29625
5082	29629
5082	29630
5082	29632
5082	29633
5082	29634
5082	29636
5082	29637
5082	29638
5082	29639
5082	29640
5082	29641
5082	29642
5082	29643
5082	29644
5082	29645
5082	29646
5082	29647
5082	29648
5082	29649
5082	29650
5082	29651
5082	29652
5082	29653
5082	29654
5082	29655
5082	29657
5082	29659
5082	29660
5082	29663
5082	29664
5082	29665
5082	29666
5082	29667
5082	29668
5082	29669
5082	29672
5082	29673
5082	29678
5082	29685
5082	29686
5082	29687
5082	29691
5082	29692
5082	29693
5082	29695
5082	29696
5082	29697
5082	29698
5082	29699
12856	29636
18274	18415
18274	29450
18274	29451
18415	29450
18415	29451
29450	29451
29565	29566
29578	29579
29578	29580
29579	29580
29622	29623
29622	29624
29623	29624
29651	29652
