159	6186
159	10742
159	10744
159	10745
159	10746
159	10747
159	10748
159	10749
159	10750
159	10755
159	10756
159	10757
159	10758
159	10759
159	10761
159	10762
159	10767
159	10769
159	10770
159	10772
159	10774
159	10775
159	10776
159	10780
159	10781
159	10782
159	10783
159	10784
159	10785
159	10787
159	10788
159	10789
159	10790
159	10793
159	10794
159	10795
159	10797
159	10798
159	10803
159	10805
159	10806
159	10808
159	10811
159	10814
10744	32360
10744	32361
10744	32362
10744	32363
10774	10775
10774	10787
10774	32358
10775	10787
10775	32358
10788	10789
10805	32353
10805	32354
10805	32355
10805	32356
10805	32357
32353	32354
32353	32355
32353	32356
32353	32357
32353	32364
32353	32365
32353	32366
32353	32367
32354	32355
32354	32357
32354	32364
32354	32365
32354	32366
32354	32367
32355	32357
32355	32364
32355	32365
32355	32366
32355	32367
32356	32357
32357	32365
32357	32366
32357	32367
32359	32360
32359	32361
32360	32361
32360	32362
32360	32363
32362	32363
32364	32365
32364	32366
32365	32366
32366	32367
