0	1
0	2
0	3
0	4
0	5
0	6
0	7
0	8
0	9
0	10
0	11
0	12
0	13
0	14
0	15
0	16
0	17
0	18
0	19
0	20
0	21
0	22
0	23
0	24
0	25
0	26
0	27
0	28
0	29
0	30
0	31
0	32
0	33
0	34
0	35
0	36
0	37
0	38
0	39
0	40
0	41
0	42
0	43
0	44
0	45
0	46
0	47
0	48
0	49
0	50
0	51
0	52
0	53
0	54
0	55
0	56
0	57
0	58
0	59
0	60
0	61
0	62
0	63
0	64
0	65
0	66
0	67
0	68
0	69
0	70
0	71
0	72
1	73
1	74
6	75
11	36
26	38
26	76
26	77
26	78
26	79
26	80
26	81
26	82
26	83
26	84
27	70
27	71
33	35
38	77
38	79
38	80
38	81
38	82
38	83
38	85
38	86
38	87
38	88
38	89
38	90
38	91
38	92
38	93
38	94
38	95
38	96
38	97
38	98
38	99
38	100
38	101
38	102
38	103
38	104
38	105
38	106
39	107
39	108
39	109
40	48
54	55
54	56
55	56
55	110
70	71
73	74
76	77
76	78
76	79
76	111
76	112
77	85
77	111
77	112
79	83
86	87
86	88
89	90
91	92
92	100
92	105
94	95
94	106
96	97
98	99
101	102
101	103
102	103
107	108
107	109
108	109
