3867	23575
3867	23579
3867	23580
3867	23581
3867	23582
3867	23583
3867	23588
3867	23589
3867	23592
3867	23594
3867	23595
3867	23598
3867	23603
3867	23604
3867	23605
3867	23607
3867	23608
3867	23609
3867	23610
3867	23617
3867	23620
3867	23621
3867	23622
3867	23623
3867	23627
3867	23628
3867	23629
3867	23634
23580	23617
23581	23582
23581	23583
23581	23608
23581	23610
23581	23623
23581	23634
23582	23583
23582	23634
23583	23634
23594	23595
23603	23604
23608	23609
23608	23610
23608	23623
23609	23610
23610	23623
23620	23621
23627	23628
23627	23629
23628	23629
