4312	8802
801	17602
1590	17607
2668	8806
2996	8809
4979	8810
5317	26287
4487	35218
221	8819
236	8818
0	18
5260	8821
2771	8820
6	23
5165	26295
2200	8822
4673	8827
748	35224
5270	8831
4420	8830
5	30
29	8769
164	38
2825	8774
2162	8779
2845	8777
793	26253
317	26258
2421	8786
2332	8785
4629	8791
4628	8790
27	59
3656	8794
5106	26264
5061	8799
5534	17663
2653	8798
3428	8797
2885	8796
3253	8740
180	69
2621	8741
4167	8742
194	70
3305	35268
3233	8743
195	71
4813	8736
4152	8737
2928	8738
4980	8739
3489	8748
3312	26349
2110	35277
4049	8751
1851	17550
5447	26344
2152	8745
4411	8746
2146	8747
5713	35286
3267	35287
3421	8759
3422	8758
4392	8753
4050	8752
3798	35283
1335	8754
241	95
1764	8767
1402	35293
5263	8763
4514	35301
4526	26310
4338	26308
2556	8706
3821	17569
244	96
2902	8718
4948	26317
4734	8713
4462	26312
1732	8727
2790	8726
2801	8725
259	115
3996	8735
2170	8732
1733	8728
4325	8939
5273	8938
4326	8940
5201	8942
4219	8928
274	131
273	130
3512	8932
4355	8935
4354	8934
4905	8952
4906	8953
4046	35100
1966	17502
2342	17491
2525	35093
2868	8906
5033	8905
5121	8904
5118	26127
2750	8908
4686	8899
93	35107
5509	17510
312	167
4901	8902
4900	8901
4649	26116
4904	8900
4912	8922
5272	8921
3041	8926
983	35132
3042	8927
5088	8877
740	17420
4021	8876
357	204
4939	8878
288	8873
5156	8872
327	26217
4018	8875
2900	17418
4019	8874
333	202
331	197
5083	8871
2265	26208
2697	8864
4627	8867
5483	17411
4319	8892
3096	35167
1287	26237
365	220
4320	8893
4321	8894
4064	8895
4394	8890
359	218
3442	8891
2486	8885
4421	8886
2634	8887
3838	8880
1910	17425
1117	35153
5338	35182
738	17452
1913	17450
3981	35177
552	8842
1914	17451
454	233
451	230
3207	8837
3209	8836
400	226
5269	8833
381	225
370	224
181	8832
531	254
474	8860
4133	35193
1868	8859
3029	8856
5271	8857
3027	8854
2389	35188
3028	8855
526	244
4399	8853
2839	8850
2840	8851
5505	17874
4825	26544
539	273
4854	9072
90	278
5545	17877
2442	26549
4732	9082
557	282
4731	9081
4690	9080
3835	26558
3361	17859
2756	26531
5230	9059
2568	17858
2108	17863
686	17867
410	34952
2097	17866
3390	9071
2532	9068
4117	9069
631	305
4334	9040
647	307
636	306
502	9045
501	9044
641	308
344	311
479	34996
504	9047
503	9046
639	310
1437	9049
4867	9048
640	312
682	315
4920	17916
4614	26525
671	316
2581	17919
1726	9024
562	289
569	290
2866	34977
5091	17890
570	291
4792	9028
430	9030
431	9031
4566	9032
3146	34987
608	9033
622	298
1606	9011
2553	35026
743	17809
1750	9023
1749	9022
3438	9019
3381	9018
707	346
885	9017
2956	35034
4220	17798
4261	8996
3767	26597
4582	8997
3404	8994
5068	26605
5275	9003
2454	35016
702	328
1742	9000
847	373
267	369
142	17840
5601	17842
833	371
582	381
1738	8989
581	380
1743	8988
2550	17853
891	383
145	17854
871	382
2312	8990
4059	8985
814	377
5035	8984
867	376
1736	8987
1735	8986
2464	17851
5540	17829
734	356
2881	8964
3380	8965
728	357
1027	17831
632	352
2251	8960
633	353
3313	8962
146	26563
4004	26573
788	367
4274	8968
3540	26571
1841	9211
918	408
2666	9208
1842	9212
2368	17757
4836	34846
921	413
3850	34832
4069	34835
690	17745
691	17744
4962	9206
914	406
917	407
1838	9204
4689	9205
3937	9195
4416	34825
3936	9194
872	394
3664	9193
2098	9192
688	17743
4205	9197
1926	26412
3938	9196
2415	9187
4464	9185
4463	9184
2895	17734
892	390
791	388
1361	26393
944	9176
143	442
304	443
4353	9180
119	17779
118	17778
4745	9172
3589	9175
3437	9161
157	425
5370	34856
3439	9162
1844	17772
2420	9167
1758	9153
1741	9152
3601	17763
3887	9157
2952	17766
627	422
5476	17695
972	479
3426	9149
1299	34906
1811	17686
1210	9136
969	464
961	462
960	461
957	459
2183	9131
2213	9129
4993	9128
953	456
5115	9127
4048	9126
3721	9125
2035	17664
2631	26465
1006	508
1670	26461
2983	9116
5233	9117
4430	9118
1504	17727
4788	9119
730	511
2410	9112
5402	17720
1205	9113
1003	505
2816	34937
1591	26453
999	501
3382	9104
443	9105
2722	17712
1605	26451
1312	9100
894	492
3599	17711
989	494
2961	26441
3914	34921
3538	34918
1880	26438
5024	9094
4165	9089
3281	34914
4162	9088
295	8262
3506	8260
3307	35750
2330	8261
3931	8258
3505	8259
2794	8256
3985	8269
1426	8264
32	8265
1092	567
884	8278
3394	8275
3208	25746
3673	8285
819	25757
1556	8284
2608	35775
2774	8283
4172	8282
4171	8281
5438	35718
4323	8294
3854	35717
4794	8288
2795	8289
5435	35713
2351	18125
4568	8301
34	525
5469	18127
1036	526
923	527
1011	523
1873	25770
57	535
2422	8305
890	8306
3964	8317
1618	8316
4407	8313
5204	8312
1391	8315
4494	8314
2285	8195
2481	18082
5425	35810
2769	18087
2286	8196
2469	35817
1341	18090
670	619
1167	35819
328	623
412	8204
5202	35824
589	18098
2897	8209
329	624
2904	8208
3631	18101
995	35831
4141	8219
5094	25819
4958	8218
1734	8217
4508	8216
1461	18105
5198	8223
5197	8222
5474	18108
5196	8221
3930	8224
3416	8226
1177	18050
544	8227
54	18052
5200	8231
985	35780
1096	584
1098	585
2919	8233
1697	18058
2958	25834
1100	588
1702	8239
1433	8240
4787	8243
1315	18067
1126	594
4790	8245
4143	8244
354	25845
3304	25846
452	8247
4791	8246
3660	25847
2706	8249
4672	8248
684	18074
4747	35801
2643	35805
706	8398
5215	8397
5014	35630
4291	35624
4282	8394
1009	35626
776	18024
594	8393
5212	8392
5211	8391
775	18023
1073	8388
3592	8386
2884	35617
1828	8385
5220	8414
2999	8415
5218	8412
2047	8413
4191	8410
782	18043
5190	8411
76	8408
5217	8409
5216	8407
13	25621
69	688
5604	17996
1252	17998
1405	8425
1404	8424
1406	8426
3	17995
668	644
2921	35591
3534	8446
913	8447
3861	8440
130	664
3862	8441
3859	8442
62	660
2115	25653
128	661
2959	8437
3860	8438
61	659
1339	8330
2293	8329
1375	8328
4164	8335
4163	8334
759	17967
3834	25676
756	17964
4341	8323
902	17955
1	25667
2624	8322
2623	8321
5430	25669
280	8324
4317	8348
816	764
4313	8349
1125	35710
817	765
948	8338
4482	8336
3403	8337
760	17968
5603	17975
1915	17974
2841	8341
2969	8361
5614	25705
2215	8363
3885	8362
4915	17932
2998	8365
1600	8364
5138	35660
1677	25698
4648	17924
5208	8358
4935	8377
1232	729
635	17950
1195	720
170	35667
2238	8368
4662	8369
2077	25712
3443	35665
1460	8370
2341	8371
5054	8372
1911	17941
2348	8373
2349	8374
1886	8533
4452	8532
830	18421
5089	8535
5232	8534
5535	18416
4876	8529
4451	8531
822	18419
1885	8530
1355	8543
5043	18424
809	8537
1292	8536
952	18425
2417	18426
986	8538
4988	35494
5612	18407
1157	18402
364	18413
3407	8525
2416	18412
4688	8526
1980	25998
4214	8523
2335	8567
2334	8566
1491	18388
2228	26036
2317	8565
2393	8564
3934	8563
1133	8562
1128	8561
4660	8560
1054	8575
5059	26047
3107	8574
874	18399
4271	18396
3106	8573
3105	8572
4776	18394
3104	8571
3252	26043
3103	8570
172	35461
3165	8548
3166	8549
3648	18370
3164	8547
3667	8544
1242	782
805	18383
804	18381
1239	781
1909	18380
3091	35465
719	778
5569	35466
1313	885
625	8471
2324	8470
2142	18360
2641	26072
5590	18364
5150	18366
4928	26078
85	895
3654	18367
5210	35555
1792	8448
4719	8449
3587	8450
1316	866
5681	26050
4324	35558
1192	872
812	873
2510	8458
5224	8459
1328	875
1200	8460
1201	8461
528	18351
5314	18322
3947	8499
807	850
2147	8498
689	848
1442	18326
1301	855
4623	8502
1294	854
2487	18324
5600	18325
1255	852
2562	8507
1366	8506
5378	18328
5045	8504
951	856
2190	8510
1274	861
102	8508
137	18333
2687	35551
2463	8482
3788	8483
5145	8481
252	8486
592	838
4149	26086
3979	8484
2193	8485
4509	26090
657	843
4038	8494
1253	846
1259	847
4223	8492
4224	8493
687	845
2955	35534
5256	8670
5257	8671
1489	952
1097	25883
2949	35384
4647	8661
1485	949
1574	950
1486	951
1058	944
3032	8656
1565	945
3582	25875
5254	8653
1510	941
5323	25869
4618	8652
898	940
1483	943
1532	942
2903	25871
141	937
3927	25865
904	939
681	18282
903	938
677	18283
1889	35367
1720	8647
2327	8641
4811	8643
2320	8642
3579	8700
3580	8701
3578	8699
4847	8696
3498	8697
4045	8694
1209	35348
852	35347
269	910
4757	35342
605	909
1183	908
1843	8682
5189	25896
4837	8681
4812	35338
1131	905
933	8680
679	904
277	903
845	8678
108	18247
667	902
2942	35333
4272	8677
666	901
737	900
2232	8676
3968	25890
1197	899
3441	8674
1196	898
1466	8673
3801	25889
1465	8672
685	18235
5237	8606
1049	25951
2560	35453
4009	8592
4173	8593
514	8598
515	8599
4432	8585
4424	8584
3910	8587
5236	8589
5235	8588
513	8590
3102	8576
5205	8579
5419	25924
4335	8581
4423	8583
1603	999
5294	18203
3840	8634
4663	8635
3984	8632
3839	8633
1382	979
4239	8625
5188	8630
530	982
4895	8631
1519	8619
1302	25960
4807	8623
5422	35405
1520	8620
2818	18176
1826	8608
1425	8615
4202	8614
3552	8613
1614	16525
3532	16524
2064	9774
769	16526
859	16521
656	36296
2725	16517
4737	16516
2242	16519
1637	1095
1661	1117
5491	16541
1639	1116
1659	1115
1077	1114
1731	16532
336	16533
458	9780
337	16534
37	1111
3955	16535
178	1110
1443	9779
1995	36304
3476	36333
2979	25295
2705	16558
4134	16557
322	25293
1769	36335
5403	16555
342	16553
341	16552
340	16551
3434	16550
1471	16549
5620	25284
2230	36326
1069	16547
3906	25282
3628	16546
2730	16545
4751	16574
1241	16575
3425	16573
5611	36344
1089	1147
2275	16570
1786	25304
1747	16569
1072	16567
1675	1142
5518	16565
3856	16562
5310	16563
3618	16560
4773	9744
4147	16585
1561	16584
3120	9834
2302	16588
573	16576
5553	16578
5278	25253
1541	36231
3058	16580
3459	9831
5285	16600
4687	16602
3377	16607
2539	16595
4898	16596
71	25270
3829	16599
3447	16619
1609	1066
4885	16618
1611	1067
4243	16616
1577	1065
964	1070
1624	1071
2163	16621
3465	16620
1149	1069
2459	16608
3644	16614
1763	16613
1748	16633
4721	16639
4911	16636
1522	1084
1626	1075
5160	16624
5252	16625
4902	16631
3978	16629
2260	25237
1373	16388
1374	16389
2036	16390
2524	16391
1182	16384
1154	16387
5676	25199
3707	9898
842	1245
2993	36190
4741	9918
498	1246
3051	16415
596	1247
4630	25209
5684	36184
2558	25156
1795	1251
597	1248
1704	16417
1996	36195
1806	1263
1800	1257
2155	16438
343	16437
1824	1268
1797	16436
1839	1269
3493	16434
5662	36221
3573	25183
1846	1278
192	16446
491	1279
3393	16445
2797	25181
591	16444
3973	16443
171	16442
4975	25176
345	16440
3227	16448
1711	1153
53	1152
2935	9952
2328	16450
2937	9955
848	36097
1712	1154
2936	9954
5117	9957
2970	36103
4266	16454
5048	16455
2216	9958
1008	16456
564	1161
356	16457
4586	9963
347	16458
4477	16459
583	1162
2289	16460
4311	9964
990	9967
1666	16463
1668	16465
1667	16464
1279	9971
1669	16466
4538	16469
1063	9972
4540	16468
1053	9973
1887	16471
5002	16470
5657	25144
4071	16472
1653	16477
3019	9980
4767	36125
4595	16479
4968	36124
351	16478
5562	16482
2187	9923
5223	16483
4873	36129
2122	16481
2435	9920
2084	9931
802	9929
2617	9928
98	36141
5324	9932
4661	36145
1383	9939
1770	16498
5325	9937
2932	9943
353	16500
3975	16507
699	16505
1776	1208
5281	16504
2933	9945
3544	25119
72	1214
2292	16509
1090	16508
1584	16796
3563	36056
2099	25595
1942	1364
5548	16786
1290	36044
5332	10027
3499	25576
139	1350
1445	1351
3286	36038
2246	36032
511	1406
3143	25560
3242	36086
5176	25557
1689	36087
1623	1399
1040	10001
1039	10000
5328	10003
5171	10002
5683	36077
1038	9998
978	1390
932	9999
152	25550
1779	16804
163	25539
4550	25538
700	1305
3420	35997
1976	10110
1908	1309
1737	1308
5449	35984
5460	16849
450	25514
4828	16840
1452	1289
1416	16846
1899	1295
205	1293
3383	25506
4706	16838
3431	10071
798	1334
4428	16879
5641	25473
1285	16865
3071	16869
5677	25476
258	16871
4455	16663
4089	16662
2674	16661
5308	16660
5307	16659
5306	16658
2028	1491
3397	16656
339	16671
3062	16670
5010	16669
2985	16668
2032	1499
4406	10168
5239	35930
2729	16664
4982	10151
5012	25447
2008	1478
3413	16644
5333	10148
5490	16641
938	16655
1333	10156
4265	10155
5277	16651
1396	10153
148	1480
965	16693
100	16692
3863	35957
1156	16695
5661	35956
1155	16694
2104	1527
3490	16689
2100	1520
3932	25424
695	1521
2814	35954
2101	1522
2102	1523
2195	16690
2403	16701
5573	16700
1222	1533
832	1534
103	16702
1263	10136
1446	25432
2313	16696
4390	10138
1950	1530
101	16698
1684	10139
4997	16676
4910	16677
3113	25408
2040	16672
3734	16673
5309	16684
159	1517
1143	1516
2923	16685
4947	16686
2069	1519
3703	16687
160	1518
2034	1513
48	35945
2048	1514
713	10226
3642	25394
2512	16721
3787	25399
1576	1429
2001	1434
2006	1435
1930	1437
1969	1410
1807	1408
2692	10215
703	10214
2665	16711
2325	16708
2691	10213
2690	10212
2057	10219
4285	16712
1974	1421
2014	1457
1203	25364
1615	1461
2007	1468
5229	25372
2024	1470
4118	10207
296	10176
795	25348
261	10181
3475	10182
2116	10184
3650	35880
2011	1450
3769	16749
905	1452
150	10188
2605	35887
1849	1455
1918	1642
2977	24779
1448	1643
811	1640
44	1646
1226	1647
4971	24781
1160	1644
773	1632
40	1638
810	1639
50	1659
1371	1658
2479	1657
3880	17081
2477	1656
5288	9247
52	1663
4704	9246
2080	1662
5136	9245
2117	1660
2545	17075
1449	1648
1389	1655
2630	9239
4694	24791
1379	1654
47	1653
529	17076
5373	24809
930	1608
4579	24808
2861	9257
3435	9258
4708	9259
5290	9262
233	17039
2139	1614
928	1601
2287	9249
855	9250
697	1602
31	1603
2304	9251
4996	9253
3238	36806
943	1606
628	1607
1451	24824
2392	1625
747	17049
2290	1627
2078	1626
1078	1629
3320	17053
2391	24829
772	1631
771	1630
558	1617
2924	9265
35	1616
4413	9266
931	1618
784	17043
4169	9269
222	9268
1803	1620
1818	1623
4871	36821
1336	1622
1530	17135
2844	9294
2204	9295
5266	9292
5267	9293
3014	24716
5578	17130
4267	9291
4245	24713
2188	1577
1311	1574
5007	9284
856	1572
860	9285
2158	1570
1076	1571
215	1568
1740	1569
4711	9311
4710	9310
124	1598
3285	24732
927	1593
5255	9301
1647	1589
2482	17140
4230	24722
2167	9299
585	1585
2678	24720
926	1584
5161	24749
4720	9324
4327	9320
3679	24745
5025	9321
1939	17099
1767	9323
4074	9316
4075	9317
468	9318
3949	9319
4991	9312
4992	9313
563	1538
626	1564
2174	9343
5071	36762
2781	9337
2138	1560
5539	24762
598	1563
2140	1562
2382	24758
4730	9328
4078	9331
1539	9346
2682	1762
2161	9345
1050	1760
2168	9344
2632	9351
575	24645
2537	36713
875	1769
4896	9359
1949	1775
1506	9358
579	1773
1791	1772
489	1778
846	1779
414	9361
4659	24662
3414	9364
600	1781
781	36728
2712	1790
1658	1791
911	1788
4328	36734
1235	1789
4789	9376
1579	24675
1979	1730
3541	16900
1650	1733
2597	1735
2596	1734
2068	1741
3148	16912
1271	1745
485	1746
404	1747
4957	9397
4269	36692
1273	1751
2439	24694
2654	1752
5199	16920
1228	24696
2833	16923
1047	1755
1048	1756
2296	9404
1878	9405
2661	1757
616	1758
1189	1759
5060	9415
320	1703
2299	9414
2418	24579
3487	24576
2824	9408
3842	24591
5655	36648
2988	36660
3800	24595
3519	17009
841	9424
4025	9425
1475	17023
5352	17022
1444	1724
5651	24603
4793	9434
1392	17019
1701	1723
5021	9432
5020	9433
4899	9445
1198	1669
1378	1668
2307	9444
2125	1670
3000	9441
718	1664
1920	1667
2306	9443
736	1666
888	1677
1377	1676
1162	9452
742	1679
741	1678
2243	1673
2081	1672
3495	9451
1376	1675
3272	16980
242	1680
693	1681
60	1682
473	1683
3291	36635
65	1691
2522	24634
2950	16986
5295	9497
3733	9499
4275	9498
2483	17339
1794	9501
2484	17340
5299	9500
5298	9495
5549	25047
4336	9494
4212	9480
4213	9481
4671	9485
3946	9486
3366	36589
4295	9472
326	36579
4994	9473
2776	1890
4985	9475
1706	1891
1558	1893
3036	9477
5063	9478
2843	1894
5062	9479
3317	9530
3074	25083
981	1882
4738	36570
1221	1881
2804	9529
5095	25074
2820	1873
3514	25073
5155	9527
111	1879
3330	9526
946	9514
577	1866
4396	9515
4866	9516
4517	36559
2817	1869
532	1858
649	9506
1423	1859
2662	9507
5372	25057
4682	9504
1295	1857
234	25056
2177	9505
2876	9511
358	9508
1257	1852
4621	17406
1870	24991
1744	17401
1438	9563
571	1845
2784	1844
425	1843
4333	9549
588	9544
3389	17384
1997	1833
5301	9542
2455	1830
5302	9543
5131	36508
796	1823
4590	25020
283	1817
282	1816
916	1813
1275	1808
1780	9584
821	25006
1977	9583
878	1802
4883	36488
1022	1800
1418	9574
4756	9572
4572	36487
2718	1796
224	17204
4916	17209
1998	36473
5626	24922
2043	17210
5525	36454
94	17188
3715	36455
1898	17196
5356	36433
5246	36432
4287	24944
2023	17168
5174	24949
2888	2005
302	2010
1234	2009
1553	2014
1557	2015
2713	36416
4314	9634
417	36417
2887	1986
5564	24934
1931	9639
1220	17166
1534	1974
2311	9687
5586	17265
4963	9680
1251	17264
266	9683
5380	24863
2137	9695
1408	24856
1291	9689
2135	9691
5502	24839
1882	36389
2880	1952
2021	1965
5585	17261
5587	17262
5588	17263
3875	36397
5584	17256
5572	24842
5241	24887
3311	36372
4300	36375
2873	1940
1163	36374
2399	1939
2858	1936
996	17243
3235	36352
4294	9698
4293	9697
352	9696
2883	24879
4924	9708
3116	24877
2642	36367
2849	1932
1537	17226
2847	1931
168	24875
1535	17225
5282	19544
3053	19547
213	33054
1964	28220
4893	41843
2703	2192
2704	2193
550	2194
3610	10995
4700	28213
2356	10996
3710	10997
5554	28200
470	2185
1175	41832
2720	28203
1963	10990
3012	2190
3149	28192
3002	2177
3001	2176
665	33024
1260	2178
3712	33030
1281	28196
2836	2181
5558	28199
3322	28187
1062	10970
2488	19579
2129	10971
1555	10968
3528	10969
1370	19576
2279	10974
1385	10972
4460	33086
629	10973
3037	33073
4739	19569
4573	28177
5479	41813
3264	28183
1369	19575
1368	19572
3087	2218
1805	33065
3085	2217
3049	28173
186	2210
3046	2209
1296	41795
3044	2208
2822	2214
5689	41799
1582	28165
1717	2268
2350	10940
4106	33114
3098	2266
1213	41781
2433	41779
1905	41774
5382	19467
2027	10916
1630	10919
5053	10913
1476	2240
4073	28259
1511	19459
144	10911
2132	41756
2087	2296
3061	2297
3749	19507
2561	10899
4251	28241
3108	2287
4759	19500
4426	41743
3101	2277
1641	33168
1652	19668
5355	10868
1929	33178
1025	2079
162	41980
3751	41954
1030	19651
3521	33158
1627	2056
3658	28328
5437	41967
3189	10835
879	2099
2153	2098
533	2102
5488	33209
4748	41946
5697	28313
5099	28291
3533	28290
5078	41922
4533	41927
2783	28292
3180	28299
5550	19688
5283	33197
74	41933
4356	19694
2893	2095
3003	28300
3517	41911
1834	2128
3983	41904
25	10802
2339	41905
3687	41919
4800	41916
3714	33244
66	19615
1884	28408
770	2136
929	2117
19	10791
1359	19585
2430	10785
2978	33230
3879	10798
3527	41899
1018	2122
330	41897
1848	2123
3620	33271
1099	28369
5092	28378
1598	2170
652	19623
651	19620
2645	2149
650	19619
3693	19617
5552	19630
1208	19629
5531	28364
1837	2154
4252	41864
1840	2153
109	19790
4664	11244
3152	2435
5640	41570
4347	11233
3150	2433
5376	32771
5183	41571
988	11238
3483	28452
1104	2456
5363	19806
202	41599
3065	2450
1645	28466
4874	28471
5698	32788
3011	11253
419	28428
678	19821
3153	2479
5018	32800
2009	32801
2828	32806
3662	19835
5522	32824
1420	19838
4744	41552
3765	28434
4268	28436
1214	2487
1690	32844
5567	32842
2518	41514
634	2502
1107	41504
3367	11170
2755	41506
2470	28540
5374	28533
1938	41526
3156	2537
432	28489
4110	11140
698	41476
5556	28509
228	19773
3094	41502
227	19772
229	19775
2211	11166
1608	28506
2357	2310
3629	11108
2731	28580
3117	2312
1932	28585
2358	2318
2374	28589
3121	2317
4286	32912
3129	2323
5364	11124
3130	2324
4015	32922
2528	2328
3999	41726
1958	11076
106	11077
3977	32939
1001	32937
3561	32943
1904	11084
5387	28564
5245	32951
5357	11094
1634	11096
1350	2363
2270	11042
5361	11043
3770	41634
3524	19840
5642	41641
4746	11048
3869	41654
5541	41648
184	19856
2085	32979
1957	11068
4345	28667
2419	32987
2941	28665
2271	41603
5360	28611
1604	28610
1693	32992
5579	33006
4913	11022
472	41612
5624	33003
2212	19880
3144	2419
380	33009
126	2429
127	2430
643	28639
3998	41627
4259	41624
1799	2750
2173	10460
1020	10461
5508	27675
3205	2747
1417	41306
3706	33589
1394	27670
2965	2743
3683	27668
4814	20080
3212	2737
2507	10449
2056	10447
3204	2733
3925	10444
4617	10443
527	2730
5692	27656
2934	33573
2663	2725
286	33568
1988	10432
3206	2716
5654	41339
5344	10488
4644	41338
1993	10490
3174	2715
1388	41334
2728	2709
2369	41332
3194	2705
5617	27699
3239	41329
1094	2706
1265	2703
5214	27695
4085	10475
245	2693
993	27685
556	10468
5341	10465
735	2689
4832	41312
3225	2810
2468	2811
3193	2808
3243	2809
1759	41242
4405	10398
3255	2815
5337	10397
2508	10386
3807	33655
3244	2804
5042	41225
3232	2794
2764	2793
3301	20014
3247	2798
3245	2797
5073	10371
486	2787
5580	41221
3678	27716
1021	2789
4702	41275
2966	2776
2967	2777
5219	41273
1573	27770
1142	2770
3226	2771
2042	10419
2946	19986
2759	10420
281	19991
3059	2775
5350	10410
1298	33609
536	41262
1415	2764
5351	10415
3378	27745
5280	41248
4936	33600
3090	19970
3750	33605
1655	27751
555	10326
426	33718
4646	33719
4984	10323
1924	20208
1106	27805
909	10331
3219	10329
3218	10328
4571	27782
2062	27780
4086	20207
5234	10315
3746	33707
5574	33706
2352	20180
2241	10356
1999	41469
962	20166
4584	27808
2980	10348
2574	33678
4235	33776
3170	2675
5503	41361
3068	33778
4229	10256
3177	2679
2061	41365
2268	2677
4840	10267
5321	41370
3870	20152
3548	27864
1229	2681
3178	2680
428	20153
1681	10264
2696	10271
251	10269
4449	41349
3173	2662
1144	33765
3172	2660
1277	2665
292	20142
2144	2671
3725	41359
2340	10288
3288	27895
3161	2651
4337	41404
3169	2654
4842	10275
4843	10276
1267	10277
2235	2632
1754	2633
1952	20104
2236	2635
2237	2638
4809	20110
3606	33740
4093	20332
2326	2989
290	2988
413	27917
5638	20334
319	2991
553	27919
190	10696
5710	33321
5682	27908
4977	33319
4937	10694
2559	41029
3276	10691
5354	10716
3446	3006
520	3007
1045	3000
199	10714
722	2996
2319	2998
723	2999
5005	33328
3369	2956
2189	2952
2217	27945
3375	2951
4072	41061
754	27943
1640	2950
2280	10726
1820	41062
1440	2948
275	2945
3529	33308
5663	33311
3372	2972
2968	2971
3402	2969
624	2966
2191	2967
5085	41079
2831	2964
899	2965
1174	33386
2943	40970
3009	3048
4105	40969
4713	33388
1601	33389
2689	3042
2821	20259
3607	20260
1386	3044
1567	3047
1596	33380
3139	10630
4949	27993
3125	27995
2323	3066
401	3067
2182	3068
5276	10653
645	3069
630	3057
1330	3058
5193	10646
2738	40981
149	3063
4602	41001
4318	33353
2423	20235
2256	3017
2096	3016
2405	3021
2408	3020
4637	33344
1327	10659
2492	3011
2015	3008
3864	28004
3222	40999
2113	20251
3872	33371
3167	41019
4360	20254
2111	20253
2109	20252
268	3027
335	20241
5680	33362
2546	3025
2259	3030
5362	33445
4923	33443
3279	2849
3182	2851
3137	2860
3151	2861
2475	2862
1353	10575
925	2863
3546	41162
5401	28042
5465	28053
99	2868
5597	20471
3319	2870
3250	2867
2070	20466
3183	2878
2019	10585
5144	41179
2071	20473
1599	20475
1319	2823
2740	10599
3181	2820
3123	33414
5177	20417
2088	2816
4288	20416
1012	2830
3294	28078
1013	2831
1019	2829
1231	28074
1320	2824
2517	2839
4950	41207
1017	2836
2585	20437
1016	2835
1015	2834
379	2833
3223	28081
1014	2832
751	2847
4397	20442
3111	20440
2429	2841
2427	2840
3300	33505
617	2914
4981	10499
3344	2915
3345	2916
1120	33511
5498	20390
2660	2920
5678	33514
2523	2921
5524	28106
5303	10507
4587	33512
3357	2924
1513	20397
2570	2925
4516	28111
2571	2926
837	2927
2699	28113
3006	2928
1972	2933
120	2932
1178	2935
3359	2934
1345	10518
3069	20408
5335	10520
1804	2939
2598	28122
1304	20411
3814	20412
5388	41121
2044	2882
4761	28129
230	2880
2466	2886
1414	2884
166	20357
1381	20360
3325	2895
3188	2892
5238	20371
2869	2903
3190	2901
4781	33496
3191	2906
1153	28155
4927	20377
507	2910
3327	2909
1247	10557
5385	11958
2367	34132
2838	18448
4076	27250
2760	3283
3619	11965
3454	34141
418	18457
2447	34119
1900	34116
3251	18432
1435	3265
5397	27244
2411	18445
5074	18440
5075	18443
5187	27222
5359	18483
1962	11920
1810	11921
654	27202
5443	27203
4701	27214
1083	3308
4740	27209
4973	27187
566	3218
5521	34070
4941	18518
3604	3223
2688	27195
3497	3229
5649	34077
2072	34048
3596	3204
1141	18502
731	27175
1065	3212
3494	18547
3217	11986
4492	11987
2520	27154
3362	11985
1560	18550
5394	11988
4806	18549
5393	11989
5228	18548
2201	18552
1888	3261
2103	11972
67	3243
3605	3242
2347	3247
2819	34092
5022	18588
5592	18591
3584	3166
5613	18586
3386	34264
5637	27387
3581	3162
4826	11825
5515	34259
4497	18577
3574	3149
151	34253
2514	18575
661	27374
1093	3147
2540	27366
2452	3138
1363	3139
1166	18562
2283	3198
3593	3197
2224	18620
2636	18621
1123	34296
440	27354
5371	18610
3867	34289
191	18611
3591	3185
3963	34281
3195	3177
3585	3174
3115	34277
3496	3175
2735	34279
3423	34273
4722	11776
2749	18592
2462	3099
1056	3100
3392	3103
2516	3090
2859	3092
3360	3095
1256	27318
278	3082
1421	3083
3099	3084
2150	3085
2944	3086
3136	18638
2945	3087
3388	3078
1060	3131
1665	34233
5041	27288
3559	3128
4651	34238
1823	18685
3558	3127
5159	18679
3779	27275
5391	11851
712	3119
2016	3116
5570	18668
5286	11853
3468	3117
1757	3106
4870	18657
3387	3104
1808	27264
78	18660
5227	12199
4703	27492
2683	33856
4537	33858
729	27500
2708	3533
3808	18707
3647	3539
3609	3536
3646	3537
1578	33874
2395	18715
4585	33880
727	33882
1387	3557
1384	3556
270	3558
5687	27468
4875	12173
2262	3565
4879	12172
3663	3567
5191	27464
1971	3561
4878	12171
4077	33911
3789	27473
3666	3570
5389	27484
2156	18748
3877	27481
421	27483
1478	3457
5533	33800
3760	12267
3753	12266
299	18760
5599	18761
2709	12264
2566	3475
5565	27441
3630	3473
970	12279
131	3476
1679	33817
2846	33816
3128	33823
5209	12285
5504	27393
5386	12227
5318	33824
3600	27394
3901	12226
4483	12228
3641	3495
915	12230
614	27406
1070	3502
2131	27409
2578	3504
2837	12240
2457	18800
744	27410
5207	18805
1186	12250
768	12252
4715	27631
1347	12079
5153	34012
733	27646
1581	12092
5013	27642
3571	18842
1595	12091
3572	18843
2694	18840
1454	18841
110	3414
2762	18839
1346	12080
3626	3439
1134	18862
732	3433
829	3435
2591	18853
2438	3425
1249	34045
1185	18874
1906	3451
1233	3445
4823	12054
3782	27600
1176	3443
5222	18891
1458	27563
3273	3337
1934	18894
4638	33934
147	18886
3737	18906
154	18907
3611	3353
4170	27582
2229	18910
5259	18908
3786	12156
10	3346
5175	33938
1007	27568
3989	27529
1612	33960
5140	27532
5670	27535
4967	18927
5694	33959
3277	27544
161	18936
2588	18937
2607	33976
5711	33980
4459	27550
3364	18942
2742	18929
134	27543
1587	18995
3522	18994
1549	18997
2031	18996
5484	26715
4249	26714
5679	34685
4778	18978
5619	18979
5497	42241
4882	42244
5622	18980
2743	18981
1543	18988
5543	18960
4667	11445
3119	18966
2677	18975
4938	26724
3680	18952
3410	18959
672	11478
3865	11477
1559	19060
5537	26642
3292	34608
1547	19058
5712	34611
1441	26641
1533	19056
1343	26655
2073	19070
3481	26648
49	19064
673	11481
1527	19040
3685	34595
316	26639
3967	26636
2029	19050
2079	19048
593	11464
4257	19028
1610	26676
1592	19030
2480	34580
1516	34589
5659	34567
5421	26661
4658	26670
2329	3723
5015	19019
5407	19133
2151	11283
5166	26833
1309	11287
2004	26826
3055	19112
5408	19119
1883	26831
5566	26822
5623	34778
2186	3674
2886	34782
4801	34783
806	34768
5104	11317
1602	19094
1122	26871
1970	3656
3503	11307
3314	19084
708	3650
3624	3651
2343	19076
5064	26854
5365	26770
2519	3634
4400	34739
655	11339
1150	34731
1847	34721
3677	3616
2603	34723
2867	19168
2128	3613
1293	3605
1067	3607
2580	19152
1147	11378
565	3597
3632	3598
5034	19150
4657	26798
5036	26787
3957	19233
91	26949
5416	19238
3713	4071
5686	26952
3716	4073
2829	19240
5009	41995
2252	19241
5487	19242
3298	26955
4547	19244
4546	19245
3731	34418
4656	19250
4868	42005
1002	42010
2494	11674
1538	11679
4384	42016
360	11682
2834	26982
973	11686
1250	26980
4735	19210
1662	42024
5103	11690
4692	34379
2321	4047
2095	11698
4359	19222
2675	19226
293	11705
3772	19231
1170	11711
2765	4060
3778	27004
3523	42046
3082	19300
4200	26885
5375	26880
3966	19311
1463	42058
3747	34357
5621	19318
4556	42067
5501	26898
974	11741
5418	19326
4594	34362
3030	26904
4589	19271
1190	11750
5164	19268
2377	34310
3565	42082
3080	19278
1903	11755
4518	42101
5423	19285
5032	34327
3674	11764
2398	34320
4726	11775
3962	19292
3708	3997
5412	42104
5475	26937
873	11528
783	42123
3224	34537
5169	34543
5630	19361
5629	19360
1395	19363
3384	19364
1575	42117
5571	42139
4447	19389
2045	27090
5568	42132
1935	27115
4109	34506
3486	27107
2385	27110
4302	42151
2526	19332
642	19354
5384	19355
5107	27129
4498	19353
1424	19358
1696	27134
5631	19359
4969	42173
4176	42174
644	19356
5203	27133
1892	34515
1288	27126
5675	27124
1829	42166
3705	3887
4489	27018
5634	27014
2318	27010
2485	3901
1607	34495
4539	42200
726	11604
599	11630
720	3854
2882	19405
3764	34440
774	11620
4959	19423
3784	42237
5247	19421
4946	34457
5090	27065
2667	19414
3210	19413
4934	27056
500	13136
2363	4406
3762	4407
1815	4409
5472	13146
3833	22011
5390	22010
3781	39103
138	30623
3257	39100
3278	39072
2361	4389
204	30597
2223	39082
2401	39081
3453	4397
1289	13134
1821	4370
3275	4369
122	13174
2538	13175
3777	21979
2338	4382
2067	21955
2590	30627
935	4353
3192	13159
3045	21959
372	4357
4670	39049
2092	13162
5105	39055
778	13164
4524	30677
5523	21940
3820	13078
1193	39154
1358	21939
369	4476
1029	13085
311	4477
367	4478
1169	13081
368	4475
5708	30661
2	21926
3771	4449
2397	4451
4931	21923
1109	21932
3092	13068
2440	21933
3773	4459
5313	39126
1812	21906
3539	30704
1817	4423
3768	4422
5100	21892
4666	39110
3759	39111
2179	4418
5172	21889
5057	13102
1809	30701
2810	13272
4469	13274
3266	4540
4574	30494
1492	13278
2889	38973
2896	38962
1621	13269
3234	30486
1664	38965
1028	4520
991	21865
1115	13259
408	30465
5157	38946
4240	13251
5147	13254
4597	30471
115	21862
4154	38937
1500	13306
4236	13305
749	4505
2051	13310
5658	30524
2227	4509
3097	13308
506	21853
133	4502
5707	30516
132	4501
5343	13300
2500	13288
5192	13294
5485	30509
1836	13280
2366	21825
2365	21824
2962	38917
850	38919
2386	21820
4541	30558
5462	13214
2364	21823
4631	13209
2456	21817
4238	13211
449	39032
2380	21819
982	4596
4864	13207
3969	30550
4258	39029
3295	21808
5643	21809
3625	30542
1936	4591
3577	4585
5618	21803
1429	4586
5429	30533
4531	21796
2739	39013
1352	30529
5141	21795
5128	13247
1188	4574
4529	21789
3260	39000
3171	4571
4743	30587
3590	39003
823	13240
3303	38997
1933	13238
1703	13236
1709	38999
2258	4562
5319	13233
4783	38994
1307	4561
2698	13230
5446	38991
3134	38990
561	13229
3299	38980
1944	4549
3793	4544
2002	21760
4877	12866
129	12865
2611	21734
4000	30346
1118	12879
5213	12878
5093	21741
83	30355
710	12883
5461	12886
3688	12885
1973	12890
3719	4152
692	39355
5023	21757
4609	12893
3689	12898
2473	30371
4903	12901
4833	39302
3717	4101
3690	12902
3615	39306
5594	21705
5595	21706
1278	12909
5001	39311
2940	12911
4972	21712
3659	12916
831	12918
2541	30393
5463	12921
3815	12922
3718	4125
5184	39398
2854	21668
3682	12803
3655	30401
1240	21665
947	12800
2291	4204
3004	30413
2579	12810
3478	21672
4990	39413
2557	12822
2428	12820
1796	12821
2577	12816
1342	21680
2734	21694
3516	12826
4951	39419
301	30425
2736	4216
87	30424
2745	4217
5084	30437
3555	12839
4307	12833
3874	39362
2610	30433
5415	30435
5468	21644
587	12845
2234	12846
1619	12840
3720	4171
1620	12842
26	12852
5575	39380
2853	12855
5450	12851
2878	12861
5500	30463
966	12856
5690	39386
4816	30458
701	12859
2090	13001
1521	4270
45	21615
5158	13005
5636	21602
5445	39206
3738	4283
3735	4280
3696	4285
889	4272
3727	4235
5454	30241
3336	39168
1338	4228
173	39173
2130	39172
5129	39194
1917	21593
3728	4251
3732	4252
5481	30260
4869	12942
2373	4335
3649	12940
4179	12941
5477	30282
5628	30281
2033	39274
2543	12935
1317	21538
509	39267
3005	12929
4805	12959
2951	30302
2555	12958
3684	12950
5451	12949
5431	30292
2066	21556
3671	12948
714	12947
1985	21554
1580	12946
2065	21555
4995	30288
1822	4337
3145	12944
2355	4336
1723	30317
5516	30319
2010	39242
455	21514
4499	12964
1432	21511
940	21510
5467	12963
5646	30332
5065	39262
5330	39260
5297	21534
4917	12985
5127	12984
1991	39256
5300	12986
456	21524
5608	30326
3200	21526
2244	12976
5583	22485
89	4885
934	12656
3995	30143
2360	4894
2600	22495
125	12668
5284	30138
4104	22488
2091	12647
5322	22471
1514	4868
3873	4864
3745	22478
2850	22476
2766	4876
1698	4875
835	4873
3306	12628
1814	4916
2434	22516
5644	30103
1798	12624
4925	30099
761	4914
762	4915
2278	12636
2489	22525
3033	30111
3293	12615
2362	4902
105	12611
1901	12620
5432	22510
2981	39596
3990	12622
1303	12616
3079	12619
4	30195
5424	12595
3415	39635
2788	12592
5340	39634
1484	12596
1877	12597
2533	22420
169	12602
346	12603
1760	4955
2253	12601
739	22431
1649	12607
1351	12604
5082	22428
4040	12605
3724	12576
1237	12583
4277	12582
2133	12580
3078	12587
4431	12585
3417	12584
1680	22414
2785	12591
5329	12590
3240	4942
2184	12589
497	12588
3554	39667
2751	12561
3888	4980
3704	12567
1264	12569
1515	12570
1550	12571
5231	12573
3761	4991
1725	12544
3602	4963
313	12548
5240	22438
2175	12551
849	12550
1037	12552
4592	12555
207	12559
206	12558
1367	22367
2530	30015
4808	12796
3890	5019
1593	12793
237	12791
3928	30004
2465	12788
5026	12785
3124	22351
694	12783
1984	29997
4366	29995
3583	29994
1023	5003
4068	39435
3147	29992
676	12774
2595	29991
675	12772
5377	12773
1861	39430
2431	29988
5512	39486
2587	12765
355	22397
2013	5052
2586	12764
2134	5054
4620	22392
1124	29976
5163	39480
3900	5050
523	12762
5440	12757
4403	22388
232	12759
1324	12753
896	5041
2394	39474
5442	39475
2552	5040
1246	12754
5044	29965
2754	5036
1813	39470
2584	12749
4484	12750
5154	12745
3021	39466
2105	12746
2563	22379
5367	29962
1503	5035
3634	12742
886	5030
3893	5031
3216	12736
4676	29952
3138	30074
519	12731
5459	39518
208	22288
709	5078
576	12725
4872	22275
1356	30050
1546	12707
901	12704
908	5057
4103	22279
924	12710
4443	22278
724	39495
3616	12699
4121	30043
900	12703
815	5119
669	12702
3639	39530
2681	12682
922	12683
3365	22318
3657	39522
467	39520
4305	39526
3368	30020
2094	12677
5517	39525
5400	12389
12	4615
1566	4614
2247	22215
3246	22210
2757	12386
757	29871
2954	29877
179	12405
2273	4629
1151	29879
2274	4630
4824	12407
1184	4625
546	22227
2989	29884
1071	4638
5544	22238
3575	4639
3809	4632
3254	4633
2973	39833
16	4635
2957	12411
857	4647
1032	4643
1678	4642
2461	4655
4933	29839
23	4654
22	4653
5473	22253
3711	4651
5304	22251
5606	39850
2282	4649
5398	12374
3826	4660
3653	22260
3567	29844
1057	4656
121	4670
2478	29848
3553	4675
3816	4677
3154	4676
3470	4679
5439	29930
1881	4682
1110	12333
33	4684
613	39887
3822	39884
2535	4687
971	4686
457	12334
5433	39891
5705	29936
4520	29939
5693	39888
5381	39893
1845	12343
324	39899
595	4702
3791	4707
3133	22182
3899	12293
3853	4709
1948	4715
2376	39912
158	39913
1947	4714
662	39920
1594	39923
1967	12304
3270	4730
2798	4729
3093	12316
363	12524
3162	12525
58	4749
1084	12527
2345	4751
777	12521
1496	12522
3084	12523
3614	39684
4815	29729
5409	12513
3132	12514
2714	12515
3836	4761
2210	12537
5716	39707
2930	12536
2370	4756
2309	12534
2233	12529
3832	12528
1340	4752
1130	4754
3795	4782
4884	12495
2149	12493
5123	12490
3617	4779
3310	12491
4525	12486
5305	12482
5251	39715
2297	12480
653	39740
5142	39741
176	39736
2991	12505
5688	29721
3187	22134
1986	39732
2305	12503
4944	29719
3825	4788
2920	29717
3824	4787
349	12499
3823	4786
3943	12497
1657	22128
3923	22129
3595	4784
3329	39731
3638	12458
3819	4813
2453	12461
1793	12462
1111	12463
5119	22018
5582	22020
5249	29799
3794	22040
3866	4827
2148	12474
2086	4828
601	12479
1031	4817
906	12465
1127	4816
175	12464
1398	12467
3215	12469
3847	4820
1399	12468
1597	39764
2877	22057
4820	12425
3802	22056
3739	12419
1132	29765
4729	39782
217	22052
3112	12443
2747	4859
3549	29787
1215	22073
3757	29790
1181	4862
1180	4861
1179	4860
3525	39793
1035	4853
5076	14109
4709	14110
4779	14111
2593	20921
4565	14105
405	5499
4987	14100
4784	14101
4953	14102
2671	5494
2192	5495
2767	14103
433	29649
4088	14098
5206	14099
4496	14093
4942	14092
3315	14094
4340	14089
660	5481
4054	5480
3430	5483
3429	5482
659	5476
4306	5479
4281	14087
4461	40165
844	5478
5262	29632
1493	5473
3849	14080
508	5472
4304	5475
3196	14083
3790	5474
3034	5471
114	5468
2106	20893
2114	20892
2573	29690
5577	29688
3831	20888
863	5465
5066	29687
4818	20887
4120	5458
2074	5456
4289	5455
2827	5454
2796	5453
2721	5452
3543	20874
4137	5450
3598	5449
3597	5448
4983	14117
4727	14116
499	5443
4530	14113
4276	5441
1994	29664
4849	14112
5633	29585
3878	5424
4263	5425
1238	5426
3723	29586
3837	5429
4278	5431
1431	5417
5274	29577
96	5416
797	5419
1719	5418
1544	5421
1459	40111
189	5420
3374	5423
1785	5422
4246	5409
3785	40099
4254	5411
2178	5410
1481	5413
1101	29573
3672	5414
2974	29626
5428	40090
543	5406
3451	5407
954	5404
4880	29628
939	5405
542	5392
3448	5393
3427	20944
4244	5396
4178	40086
2359	5397
1852	5387
2107	20938
1479	5386
5291	40075
2426	5391
2890	5378
2491	5377
4222	5376
623	40068
1337	14181
3141	29605
3520	5623
388	5622
5704	29523
3894	5618
3347	5631
3796	20772
2649	5606
4129	5607
4008	5601
4422	5612
235	5613
1891	40046
3736	14216
1082	5608
444	5609
445	5610
446	5611
4378	5591
4377	5590
4376	5588
1505	29557
5514	40016
4375	5587
3449	14259
4374	5586
3988	14258
4373	5585
5665	40019
3088	5597
764	14269
1332	5596
1331	5595
2992	5594
4351	5592
4343	5574
332	5575
2639	5573
1831	5571
574	14240
5452	14254
4372	5583
3924	5578
196	5576
950	14289
779	20848
4113	29457
1928	20849
3280	5555
220	5554
4381	5557
1114	39990
225	5556
153	14292
4039	5559
590	5560
5529	14299
155	14300
2926	39997
2655	5538
4775	14275
4364	5539
3709	5542
2799	5543
4367	5544
5342	39978
1616	5545
3612	5546
963	5547
1676	14283
3613	5548
824	14287
1687	5551
209	5523
2628	5522
262	5521
5170	29489
1262	5520
453	20822
2400	5527
5453	14326
4348	5526
1354	20821
4339	5531
5243	29499
5346	29496
4357	5529
5133	29497
4349	5528
1628	5535
4026	5532
4247	5506
284	5511
979	5508
2626	5509
2627	5514
3118	39944
2901	5515
2898	5512
2899	5513
541	5516
3911	5517
3692	29484
1121	5231
4017	5230
4014	5229
1168	13835
4012	5225
1960	5224
3846	5223
39	5222
1946	5221
1494	5219
231	29378
3586	5218
5137	29376
987	5217
2832	5245
3135	13848
88	29400
2789	5241
2534	20661
2572	5236
5109	13845
3176	5237
3175	5234
5513	13843
2145	5235
5561	40398
2432	13869
3643	40396
862	5199
1462	5193
3458	5194
877	29412
2963	5189
462	5188
5345	20615
3992	5190
1752	5185
1524	5184
4749	29410
3986	5187
30	5186
1470	29437
4001	5214
156	40413
2025	13887
4675	20633
2990	5208
3939	5210
3308	5211
3509	5204
3944	5205
3126	40406
1632	5206
3341	40404
1633	5207
3507	5202
5616	20626
3508	5203
3504	5163
3159	13899
607	5161
1631	40362
1052	5160
1540	40363
3695	5167
3951	5166
3282	20719
3418	5165
3160	13900
838	5155
287	5154
4123	29312
2331	5153
2984	5152
2848	5159
839	5156
5456	29339
3780	5178
3817	5179
84	20730
366	5177
2975	5182
1523	5183
3818	5180
3155	5181
1268	5170
82	20723
1269	5171
3960	5168
3883	20727
3562	40373
2166	5174
4956	40375
1270	5172
2864	13908
1646	5173
1778	5129
1173	13928
2445	5130
2239	13935
3916	5134
790	5121
3651	29345
789	5120
3997	29348
3645	5125
1318	5124
3909	5127
41	13927
3904	5126
3926	5148
2165	5149
3919	5139
239	5141
5383	40340
4209	5350
4210	5351
378	5348
1407	29251
1276	5346
4199	5347
5563	29249
4112	5358
1248	20527
3089	29262
1716	5356
4215	5354
5069	20522
4961	40296
2549	20534
123	40311
200	5362
4174	5361
4217	5360
638	20543
1357	20541
1714	5372
967	40314
753	29272
4221	5368
4208	40315
1034	13988
2018	20484
1206	13985
1026	13987
5591	20493
5186	13997
2640	5325
2060	20490
300	5332
4195	5335
547	5334
4177	5329
813	29296
3557	5330
2716	5341
1585	20509
1586	20510
646	20511
2599	5342
5436	29305
439	5336
2169	5282
2619	5283
4111	5280
4976	40229
188	5286
1961	20583
1802	14023
1953	5287
3076	5284
218	5285
95	40230
4616	14026
1775	29195
1745	5291
2301	14027
478	5288
1954	5289
2300	14025
4153	5295
254	5292
4151	5293
4155	5298
2493	5303
2717	14037
4156	5300
5427	14043
4158	5307
5173	14040
4157	5304
5102	29214
4160	5311
3830	14047
4145	5310
4159	5308
382	5248
2269	5249
4395	40193
1671	14050
1951	5250
3729	14051
2089	40199
2676	14053
4855	14054
3122	40197
55	5254
3060	14055
80	14056
680	20553
4067	5257
2780	14057
2387	14058
4409	14060
5292	20556
1858	14062
4225	14063
1422	5263
448	14064
3669	5267
3640	14067
4569	14066
2448	20563
63	5269
4419	14068
3064	5268
876	14070
3852	14073
210	5273
4114	5275
3340	14075
4680	14074
1258	40222
185	5277
4115	5276
4011	14076
226	5279
1033	40221
396	5978
1683	21402
1434	13624
394	5976
395	5977
1217	13630
398	5982
4505	13631
1300	40668
399	5983
198	5980
397	5981
5132	29171
389	5970
403	5971
4642	5968
1362	13616
4189	5969
3445	29168
1211	13617
5702	29175
392	5974
393	5975
4500	29173
391	5973
941	13611
1688	5963
2038	21386
1140	5962
2726	21384
1548	13615
1043	13614
376	5966
1692	5965
3331	5964
4634	5955
2569	29154
3109	5954
1297	40641
4633	5953
4632	5952
1925	13607
1482	13605
298	5956
3231	6008
2807	13592
2700	6009
4094	6010
249	13594
3945	6011
211	13596
4653	6014
4408	6015
3895	13584
1502	13585
752	21424
5609	40688
2659	13587
3971	6004
5538	21428
5315	40694
1975	13589
2664	6005
3903	13590
3229	6006
3230	6007
3396	5992
4848	13578
887	13581
535	5997
1480	13580
3603	5998
1528	5985
868	13569
3897	13571
3845	40673
2254	5986
4760	29124
1564	13573
4611	5991
4610	5990
959	5918
2912	5916
5077	29116
4612	5917
2375	29115
2910	5914
3379	13691
2911	5915
2908	5912
2909	5913
1507	5910
415	5908
416	5909
1041	5906
5602	40592
4608	5905
2053	40581
492	5892
834	5891
4964	29091
4607	5890
4552	5889
4606	5888
4742	40639
4227	5949
4228	5950
4626	5946
4622	5940
4624	5941
4625	5942
1569	5937
2633	5938
2231	5933
4060	5932
1245	5935
1850	21486
2436	29070
3269	21487
1728	5934
4330	40617
5499	13639
5506	13634
4803	40609
1691	5922
3623	29042
5470	40530
1087	6103
3342	6102
1148	6101
3933	6100
4691	6111
1589	13759
3070	6109
1413	13756
5139	29027
4677	6082
2409	21251
4970	40512
5067	13728
5225	21252
1927	29028
4678	6090
5455	29034
1863	6091
3675	6089
750	13743
2606	21297
3072	6131
5674	29011
524	6130
5457	29013
3858	21301
3073	6132
2336	6137
3510	29017
1902	6136
3140	13723
787	21307
4303	29020
3857	13724
525	6140
4192	6112
3699	6114
3700	6115
3701	6116
3566	40550
2322	6117
2383	13701
3702	6118
1832	28999
3405	28998
1672	6120
43	40557
1042	6039
3284	40471
1635	6035
2264	21330
2180	6034
4466	6033
307	13808
3564	21342
3186	28990
3067	6047
1409	6046
567	6045
4728	28989
3452	6044
4445	6043
1968	13819
4768	28987
384	6042
4096	6041
2390	13817
512	6022
3542	40448
3576	13793
1225	13806
3326	6028
3444	13805
2531	6027
5334	21364
2971	40502
4342	40503
1876	6068
2770	6065
4674	6066
4528	28956
1230	21372
28	40510
4650	6076
883	6073
4380	6072
572	6074
4665	6053
2315	21351
5261	28929
4417	6048
216	6049
1545	6050
4754	21357
4057	6060
314	28941
4753	21356
4061	6061
4668	6063
3333	21353
3526	40490
5510	28904
4908	21128
2075	13353
2972	5705
5691	28905
2257	40907
2495	13355
5331	13354
3636	5706
3485	40910
3363	13357
5471	28909
4480	5711
3891	5710
4404	5697
4478	5696
4180	5699
1010	28899
2583	13346
4485	5720
465	5721
864	5722
865	5723
2112	28925
2620	5724
5696	40925
4532	28913
1864	21137
4481	5713
390	5715
2154	13363
1272	5716
3440	5717
2613	5718
1495	40936
1656	40937
4495	13321
3043	5736
2727	13327
2202	13324
4042	5731
256	28867
2554	13314
4511	5729
2551	13313
2052	13312
5486	13319
4044	5734
1654	5733
2118	13317
4043	5732
2471	13316
201	5752
5336	13337
4515	5753
1455	13342
1695	5758
3917	40956
1410	13343
1024	28894
2701	5759
5489	13341
1091	5757
3398	13331
1629	5744
2058	5750
853	13335
3399	13332
4186	5645
469	13421
3095	21197
2126	13420
5368	40844
808	5646
4385	5641
5320	28841
4383	5640
4386	5643
4448	5642
1512	5637
2672	5636
2803	5639
2673	5638
5406	13409
3335	5632
1284	13411
3691	5634
2511	13410
4013	5660
820	5661
1739	40862
2333	28863
2905	5656
4862	28856
248	5657
2913	5658
4458	5659
4454	5652
5070	13429
1474	13424
851	5648
3952	5649
3953	5650
3954	5651
4436	40876
4136	5678
21	5676
2198	13387
20	5674
4476	5673
4475	5672
4474	5671
5349	21223
4473	5670
4472	5669
4471	5668
4470	5667
4034	5666
2353	21219
568	5664
4007	5694
3018	28831
2205	13404
4041	5690
257	13403
907	5689
1112	5686
3547	40887
5405	21236
2121	13394
3758	40880
858	5681
2773	5824
409	5825
193	5827
4444	5828
4442	5829
4047	5830
1472	13478
4581	5831
2707	5832
554	5835
2303	5837
4693	28783
3358	28782
484	5841
2041	13489
483	5840
1921	13488
4352	5843
1673	5842
3408	5847
2050	28790
5493	13494
826	5846
3409	5848
271	13499
3627	5853
377	5854
2124	13443
5495	13447
4599	5866
1216	13450
4241	5867
3855	40811
1529	5865
580	5870
4234	5871
246	13452
488	5868
4233	5869
247	13453
4468	5875
1919	21042
1360	13458
3023	5874
1497	5873
977	13457
2650	40818
5448	13456
4005	5872
3726	21041
998	5879
1588	21046
2127	13463
5008	21047
3681	40824
1699	13467
2542	21050
4603	21049
1859	5887
5559	40829
490	5886
1158	13541
2680	5765
4512	5766
4315	5767
2460	13543
2693	5760
7	5761
3500	5763
1286	13545
5040	40713
1467	13546
4506	5771
2450	13547
371	5777
4527	5779
3385	28722
2894	5778
2157	5789
2261	40734
602	13564
3896	13566
4831	28728
4542	5785
2412	13561
4301	5787
870	13563
5478	13510
5226	13508
3110	21093
3203	5797
1871	5794
3228	5795
92	40738
1940	13518
1219	13519
5152	13517
4283	28683
1207	40746
4063	5815
4978	21111
4450	5814
2209	5813
3296	5812
70	5811
3283	28691
3633	5809
1572	13521
5492	13520
4564	5823
2772	5822
2614	5821
1987	5820
4563	5819
1113	40762
140	6568
4817	32520
861	15305
1705	15306
4724	6571
2922	6572
4725	6573
1411	6574
1412	6575
1266	6560
5120	15297
4549	23904
517	6562
373	6563
2255	6566
2544	6567
5000	32536
1638	36920
5366	36927
285	32543
2775	15326
4561	6577
3741	32528
3324	15315
4562	6578
4316	6580
792	6538
3892	23882
4371	23884
3035	6530
5703	32544
4551	6529
1707	15335
1086	6555
212	6554
3670	6553
3898	6552
3373	6559
4860	6558
5417	15357
2711	6547
3024	6546
4412	6545
4856	6551
5627	32567
5528	23895
2723	6548
447	6636
4907	6638
3740	23854
2054	15240
2994	6633
1833	6634
4851	6628
2648	6630
1941	6631
1243	6624
2914	32577
2811	6626
5426	23842
3163	6649
2744	6648
1694	6651
2746	6650
3876	15255
1708	6647
4926	32599
3241	6641
1439	6643
4292	6606
2214	6607
1380	36936
3040	6600
2805	6599
1488	6596
611	6594
1753	6595
4502	32609
800	6592
1761	6593
303	6623
2879	6622
2414	6621
2413	6620
243	6619
197	6618
4198	6617
5673	36948
615	6615
3513	6609
843	6608
3756	24036
968	32645
945	24038
1982	37028
958	6442
2496	6445
2372	32654
2986	6447
2497	6446
2987	6448
2875	6451
5466	37047
4835	6453
1074	6455
4144	6458
3980	6460
4894	37054
325	15199
2196	24000
2502	15201
5667	24007
5610	24005
4491	6404
818	6410
4513	6409
5672	32684
383	6413
758	37006
4507	6412
4418	32685
5327	15218
2982	6419
997	6416
5650	37010
2272	24022
4467	6420
1283	6421
696	15226
5668	24025
3054	6425
5632	32702
5396	37023
5248	37094
3569	32711
4733	32704
1079	6497
3810	6496
2141	15104
4846	6509
1254	23980
4845	6508
174	23977
510	6507
976	15114
5581	23988
4139	6518
3940	23990
4270	32721
3915	6513
5480	15122
4919	32733
4850	6524
1095	6525
1674	37118
407	6527
2646	23995
2777	6523
2504	6471
2657	6470
2656	6469
658	15138
1768	6465
1751	6464
1075	6479
2826	37068
4798	6478
5546	32748
323	6477
4797	6476
4796	6475
1046	6474
5244	37066
2506	6473
2505	6472
3993	6487
5167	37079
3391	6484
745	23955
385	6495
5195	32765
5168	37087
3201	6492
5287	32764
505	6490
2017	32763
4100	32761
1310	23672
2172	6329
4819	6328
1854	6335
2026	15071
361	15070
3406	6332
1135	6323
1896	6322
4810	6321
1874	6320
3843	32276
3056	6325
5635	32267
3851	6312
4570	6313
3290	6318
4081	15055
374	6319
5399	37167
1261	6317
919	6306
4714	6307
1853	6304
1827	6305
422	6310
4361	6308
3469	15044
3462	6309
755	23644
3491	15100
4187	6303
5414	15089
3256	32305
2221	6288
5006	15091
2808	6291
4125	6290
1782	6293
1059	15092
1344	15095
780	15094
64	6294
4101	6280
2344	6281
1064	6282
4786	6283
836	6284
4795	6287
5413	15072
674	15073
1306	37121
910	15074
897	6275
1080	15076
4414	6277
2266	15077
2402	23623
4122	37244
3211	6398
2250	6397
2490	37246
5551	15004
3214	6396
3950	6395
980	15003
466	32346
1305	15002
551	6394
3550	6393
3477	37243
2295	15000
338	14999
1066	14994
4763	14990
3535	14991
5709	32333
1145	6380
1146	6381
2779	6378
803	32330
1199	14985
548	6375
79	6373
4544	6370
3287	6371
3081	6368
2753	14977
5666	23580
3047	6365
1326	15039
4830	37210
4065	6361
5058	37206
4344	6358
3259	37202
2248	6353
1989	6352
4457	23571
3022	6348
1651	37198
3016	6350
3752	32361
3635	6345
2298	6340
4490	6341
4402	32356
4486	6342
1855	6336
1856	6337
1857	6338
429	6339
4535	6194
4536	6195
4521	6192
1875	6193
4184	23799
4016	6199
2276	23797
4070	6202
1487	6200
4185	23800
994	6206
799	6207
4446	32412
984	6205
1517	6179
2874	6178
1061	14912
420	6176
18	6182
1784	6181
1783	6180
4435	6187
3661	23786
912	6186
4504	6185
3908	23784
263	32393
609	6191
2615	6190
4716	6161
1393	6163
4717	6164
1981	37271
3941	6165
5410	37269
4718	6166
3913	32438
14	6167
1730	6168
15	6169
2203	6175
4705	6145
2284	6146
1477	6149
11	6148
1801	14951
4712	6150
3048	6155
2164	6154
4619	6158
1105	14870
46	6260
4881	37366
4780	6261
5116	14866
309	6259
1227	37363
1005	6270
1774	6268
1051	6269
2737	32476
866	6266
4782	6265
3197	6247
4774	6246
3261	37349
2039	14862
3318	6253
705	14859
1171	32459
3262	37354
637	6249
3965	14856
3198	6248
2830	32503
2046	6231
4762	6224
36	6225
5547	14898
3991	6226
1700	23699
4766	6227
4772	6232
2005	32504
2449	6234
463	6213
516	6212
1636	6215
3142	37317
464	6214
459	6209
2185	6208
5593	37312
461	6211
2263	14883
460	6210
4567	6223
2891	6222
5714	37321
5507	24398
2964	14819
5699	32062
2791	37407
785	37400
3956	7066
5347	14841
4605	24406
881	7063
3066	7061
3328	37399
2049	14833
2604	7084
3348	7087
2136	37419
3994	7082
2063	7083
4097	7076
3742	37414
606	7077
4519	7078
116	24423
4764	37411
276	32003
1397	14813
1244	7101
4886	32030
3263	24446
1403	14814
518	7096
2498	7099
4389	7095
3349	7088
4107	37424
537	7091
2835	14762
2378	24328
5027	7119
5108	14764
3961	7106
4555	7107
4604	7108
1473	7109
4918	7130
2960	24344
2761	32121
1992	37468
2003	14782
610	14781
5031	7123
5030	7122
5029	7121
3799	37458
5080	24337
5028	7120
1436	7125
2601	32116
1427	7124
5039	7144
411	7148
3354	7149
3355	7150
3518	32078
3356	7151
683	14720
2059	14721
5358	32067
1202	14722
3775	7139
2226	14724
5037	7141
2679	14725
5038	7142
2509	14727
2622	7143
4231	7161
4237	7162
5046	7165
5379	32094
1790	7167
5542	14737
1348	24368
2407	7154
5110	32086
4148	7159
4750	14695
4332	6919
1055	6918
219	37509
2467	6917
4999	6914
203	6913
4998	6912
4456	37516
59	37519
2037	37512
2741	14699
5671	24520
3987	6921
3274	37514
4553	6930
4379	6928
4930	6929
763	24542
321	24540
4697	24539
4543	6938
4465	6937
5536	14660
4126	6951
1457	6950
2616	14662
5003	6944
3401	14669
291	6957
4954	6956
4437	24557
1172	32141
2199	14668
3694	37548
949	6959
560	14671
3665	6958
3755	37546
840	6955
1755	14667
4696	14666
253	6954
1978	32139
2083	37545
3686	6964
3297	6965
5265	37557
4827	6966
3271	6967
825	14674
1490	14675
538	6972
3334	24575
4090	6968
4393	6970
272	6971
2715	24570
3884	6976
3902	14630
107	6982
4181	6981
214	24453
3020	6980
2724	32235
496	14633
3258	37579
1325	32233
1000	24465
4943	6998
2702	6997
4092	7000
1428	7006
3168	32254
1787	7004
4142	37598
77	37603
3424	7011
4645	24483
4161	7010
1400	32195
3881	37606
3464	7015
4755	14601
2354	37613
1563	7024
402	7025
308	7026
4298	7028
1308	14613
3594	24502
1771	7033
1772	7034
1773	7035
2806	7037
2093	7038
4410	7039
4087	14589
4056	14588
4955	6815
4839	6814
4863	6809
4253	14585
5695	37659
4857	6808
717	24153
4859	6811
4858	6810
5715	37654
4852	6805
4368	6804
3350	14583
2907	6807
869	14582
2906	6806
3502	14576
2222	6802
3868	31791
3560	37640
4758	37638
167	6790
4932	6791
1236	31779
5645	37692
1139	6843
3551	24187
1138	6842
3484	37690
1137	6841
1136	6840
3545	6839
3455	6837
2245	6836
4003	6835
3479	6834
4002	6833
3184	37683
2171	6832
68	6830
942	6831
4752	6828
4434	14540
3588	6829
1644	6826
3501	31754
2684	24170
1643	6824
4080	14537
1518	6825
477	6820
475	6818
476	6819
5242	37667
5221	37666
5268	37720
5087	14523
4296	37726
3461	6877
4453	31869
3460	6876
4557	6878
3568	37725
4175	37715
5162	14514
3017	24084
4974	6871
746	24086
1835	6870
4188	14504
480	6856
5181	24077
2404	6862
1867	24078
4887	6848
4888	6849
4698	24064
4889	6850
612	6851
4890	6852
2592	37703
4707	31847
5653	31846
4965	6855
1894	6906
427	24120
1893	6905
2310	6910
3025	6909
2451	6908
4723	14481
3480	6903
4669	37750
2020	6901
3213	6900
306	6890
4769	6891
4596	24106
1625	6888
305	6889
4119	6894
1068	6895
4960	6892
4425	14477
1129	14466
3871	24098
1456	24096
1907	6884
2857	14452
2997	6676
2856	14449
5250	14461
4591	37789
4036	6686
2865	14462
4102	6687
2872	14457
1660	6683
5482	14437
3774	6661
4914	6660
4601	6663
2871	14432
4654	6659
3537	14434
3100	6669
604	6668
315	6670
1108	31912
9	6665
8	6664
880	6666
223	6710
2567	6707
956	6719
4929	6716
4363	6717
294	6714
3697	6712
4479	14425
2925	6713
2763	37796
4804	37797
3083	6694
3343	24292
4322	14404
3828	24290
1525	6691
4575	6690
4331	14402
1923	24291
4127	6688
5004	37807
1116	14412
264	14410
2792	6697
434	6738
5151	24210
435	6739
436	6740
437	6741
438	6742
3841	6744
38	6745
5530	31995
3974	6746
2609	6748
2206	6750
1788	6751
2120	6723
1715	6722
5669	24196
5296	37831
1713	6724
5598	37832
549	31978
2022	6733
1756	6732
3972	6734
3806	37873
4802	6774
4736	14358
4940	6775
4861	24245
3433	6772
920	6779
2782	6780
406	6781
3804	6755
3621	37856
5369	24227
4204	6754
2220	6752
4297	24230
3511	37860
1161	6759
1159	6758
441	6757
4166	6756
5647	37864
2800	6762
2918	24232
3812	14344
1766	6760
2594	6767
177	31951
4560	6765
348	31558
2669	7655
495	22817
2860	22816
3323	22819
882	7650
1890	7661
2670	7656
5312	31560
664	7657
534	7658
578	7659
2685	31572
619	7665
618	7664
621	7667
620	7666
3158	7676
1349	38012
1531	7678
4545	7673
3748	16294
2947	22791
4099	7623
86	22789
5706	37952
2629	7619
2802	37954
2842	22799
5113	37964
521	7629
5289	22792
3220	7639
5444	22804
3248	22805
2710	31602
2929	7632
3013	16304
5652	22814
5143	16318
3467	7646
5496	37982
827	7645
4203	7644
2371	31613
3321	22810
4643	7641
3805	7640
4922	22882
187	7588
4183	7589
4182	7590
2527	31495
3530	31494
5589	31497
4989	7592
3339	16329
2194	7594
1686	7595
4577	16332
2181	7598
4554	7599
375	7600
5560	31507
4398	22902
3766	37940
3783	16342
2862	7612
2635	16351
2644	16350
4329	7555
5656	37891
1191	16359
4559	16356
936	7556
937	7557
2565	16357
2547	16362
2548	16363
1224	16361
2384	16366
2564	16364
4037	7565
4583	7571
1430	16370
1865	7570
2441	7569
2444	7568
4299	7572
2476	16372
4777	37912
1390	16378
1187	22875
1372	16383
1218	16382
1509	7581
1194	16381
136	7580
1777	16380
4023	7535
4834	38125
3776	7534
4503	7529
3346	7531
4909	22948
4600	31684
2938	7525
4248	7524
5411	38117
2939	7526
4558	7523
4576	7550
2748	38141
2995	7540
5125	16145
3302	31696
522	31698
5648	31722
4891	7499
5519	22921
1879	38085
3907	7492
4309	38080
297	7491
2638	7490
2637	7489
4116	7488
4523	7517
5114	7512
2314	7513
1554	7511
4821	7508
3948	7506
3268	23017
3038	7469
493	7468
4062	7470
5111	7457
104	16193
2176	7456
3236	31621
5458	23033
1164	7480
1165	7481
1819	16222
4635	38066
255	7473
3436	7474
240	16210
3249	31634
2225	7479
3179	22986
1501	7439
1937	31662
4197	7438
4196	7437
113	38031
5339	38016
1727	7427
3797	31649
603	7431
2625	7429
1718	7428
2695	7450
2768	7449
3075	7455
4284	7452
1314	7446
4201	7444
3536	31669
494	7445
4892	38260
3411	7415
3371	22583
3370	22580
5420	16020
4865	16017
1469	7409
1468	7408
3309	16030
2758	16028
5441	22587
1280	7418
4488	31320
3412	7416
3918	38245
81	22567
2308	7399
112	7396
2472	16005
2809	7394
766	31297
4427	7406
2425	16014
4216	7404
3202	7405
2388	38254
4771	7402
265	31307
1568	7403
5130	16009
4770	7401
2160	7381
2159	7380
4190	7382
4655	7376
3730	16048
4207	7379
1721	7389
5097	7388
648	22557
3050	22558
1722	7390
3376	7386
4346	7364
3763	7365
3803	38213
4211	38212
3316	7367
3792	7362
4091	38208
2976	7363
786	16047
2197	7368
1746	7369
4433	38216
5253	31250
3419	7346
2123	22640
3473	16087
2575	7350
3472	16085
2143	16088
2863	7359
4024	7358
5660	22652
51	22653
2917	7334
5086	7335
362	22630
4639	22635
586	7339
4010	7336
5520	31247
2931	31246
1617	7340
2732	7341
2652	7315
2815	16115
2651	7314
716	7319
715	7318
4140	7322
1965	22620
3337	16124
250	7324
2030	22621
5055	7296
5051	7297
5052	7298
182	7299
4382	7300
1816	22597
828	16102
4124	7303
1334	38148
4440	7304
5607	38154
56	7305
4260	16106
471	7306
4699	7307
2812	16107
3010	22602
1862	7308
2813	16108
1119	38158
2786	7309
4135	7310
1724	16111
5050	7294
4853	7295
4029	7292
2752	22717
5049	7293
4027	7290
4028	7291
2870	31450
238	7289
2892	7287
2686	7284
2793	7285
1498	7282
1499	7283
2536	15888
4132	7278
4131	7277
895	38382
4652	7276
992	15884
3015	7275
5185	31435
42	7272
4130	7271
1983	22694
5072	7270
5016	15878
5179	31426
2082	22690
2396	31487
3622	31486
2346	22676
893	22673
2474	15921
1212	15922
4695	15917
2012	7244
5011	7241
3531	22664
1762	31464
2288	15913
3492	15912
721	15915
711	7242
1562	15914
3474	7236
4128	7239
559	15911
4548	7238
3827	38341
3395	7233
387	7232
767	7235
1648	7226
4242	7227
5264	15960
3039	7224
4020	7225
2719	22776
3400	22783
386	7231
3929	7229
545	7219
1450	22769
24	7216
5685	38322
3570	7217
4308	38325
1955	7222
1956	7223
4401	7220
1685	38312
4279	7208
5081	38316
1204	22766
2733	7215
5511	22765
2424	31373
1860	7203
1329	7201
5056	7200
3077	7207
4066	7206
1282	38310
2916	7205
5464	31365
2915	7204
5557	15994
5596	22749
3698	15997
3754	15985
4055	7187
3482	38295
2218	7188
75	7189
2437	22743
2852	7190
183	7180
3199	7183
3221	7182
1781	7168
5700	38273
1922	22723
4391	38279
5047	7175
4966	38277
1990	31075
2927	8128
1830	8129
4218	8132
5194	8150
4358	31043
2379	23331
4108	23335
4053	38501
442	8166
1959	8167
5096	8168
5098	8169
5494	38505
5353	31051
4952	8173
2240	38513
2658	8184
5527	23355
765	23358
1943	15775
5316	23365
4226	8066
4051	23363
3450	8065
1401	23375
1613	8077
4588	8074
1825	38411
4362	8073
1152	31016
3185	31028
4095	8084
4058	8083
3237	8093
4897	8091
4052	23386
135	8090
1508	8088
1912	38439
3722	30988
117	23407
3556	8115
4822	8125
4636	38463
1365	15833
1364	15832
3471	31209
5555	31214
2602	23436
2618	8013
955	8012
2589	23427
3127	15649
5112	8000
3086	15648
3008	8004
3052	8027
3935	23449
1464	8025
1622	31217
5017	23447
2778	8041
4232	8040
2458	23465
4194	8043
5639	31180
2316	8045
2281	8044
4683	8047
4679	8046
2443	31183
2529	23456
3031	8033
2521	38627
3332	8035
4138	8034
3131	38630
4098	23461
1447	38631
2647	8036
1081	8039
4838	8056
5178	8057
3265	15642
310	8058
5182	8059
1710	8062
4684	8048
5126	15635
3432	8051
3007	15636
5079	8054
334	7949
165	7948
260	7947
4945	7946
3912	31147
2515	7945
1102	7944
3488	38532
540	7940
5701	38529
1869	7964
5279	23515
1682	7963
3882	7960
5664	38548
4370	7956
3970	7957
3744	31155
4369	7955
4262	7983
4193	7982
97	7977
3652	7978
1872	7973
2000	23523
4921	23549
4522	7997
4150	7998
4146	7999
3063	7992
5148	23547
4264	7988
1583	31120
4534	7986
1663	7987
5576	30832
1765	23057
4206	30835
1526	7893
4429	23069
1571	38751
4510	7903
1223	30816
2381	7873
3456	7874
3844	7876
73	7877
975	7878
704	7879
3676	7881
1542	23048
481	7882
3457	7883
482	7887
1916	30802
5404	23091
5326	38770
4256	23089
1085	7920
5526	38772
4365	7931
5625	30808
2249	7929
2277	23096
4022	30809
1088	7928
5615	30815
2076	30813
2503	7906
5392	23074
3463	7904
4083	7910
4084	7911
487	7908
4082	7909
1323	7912
1321	7913
279	15501
1570	7828
1453	7831
350	23126
3982	7830
4685	7825
1866	7827
2948	30770
2294	7826
3353	7836
4799	7839
4501	23128
4006	7833
3352	7835
3351	7834
318	38659
4031	7820
5101	30764
4350	38670
4032	7821
4033	7822
4415	7823
4030	7818
3114	7819
4273	7862
5532	23156
3886	7861
5146	7860
1044	7859
4388	38705
5149	7869
3057	7868
4765	7865
4681	7864
3958	7847
2207	7842
2208	7843
1895	7840
854	7841
5019	38701
2787	7854
4168	7855
1322	30734
1897	7850
289	7851
5180	30729
4844	38698
3959	7849
4578	38873
3743	15408
3466	7761
1945	7762
2501	30963
3637	7764
3905	15413
2406	7765
4280	7766
5348	23190
5311	23177
3338	23179
3289	30956
794	30957
5395	30958
4310	38860
4829	23183
1004	7745
5135	7744
3848	7748
5258	23174
4598	7802
1419	7800
3515	7801
4079	23231
5293	30941
2513	38897
4641	7792
4580	38899
663	7793
4615	23223
1642	15382
4986	23221
3942	7797
3811	7787
4441	7786
725	30920
4640	7791
1103	15374
2267	7790
5434	23212
4250	7779
2953	23202
2446	30915
4785	7783
4290	23206
1552	30918
2337	15367
3668	15366
1789	7781
1551	23205
2612	38887
4613	7708
4841	7710
2582	7711
5124	7706
4387	38808
584	7707
4035	7700
2851	7698
1729	7693
3813	15470
5605	38793
17	7686
5122	7681
3157	23232
3608	30881
2855	15456
4255	15454
5134	7743
2119	7740
2499	7741
2219	7739
1536	23288
2576	38842
2823	7733
3026	7730
3922	7728
2055	30865
4593	7729
4493	30863
3889	7726
424	7725
3921	7724
3920	7723
423	7722
4439	7718
4438	7717
3976	30850
