0	87
1	10513
2	10521
3	10544
4	10546
5	10547
6	10548
7	10550
8	10553
9	10554
10	10555
11	10556
12	10557
13	10559
14	10561
15	10564
16	10565
17	10566
18	10567
19	10568
20	10572
21	10574
22	10575
23	10576
24	10580
25	10581
26	10582
27	10583
28	10591
29	10592
30	10593
31	10597
32	10598
33	10599
34	10602
35	10603
36	10604
37	10607
38	10608
39	10609
40	10612
41	10613
42	10614
43	10616
44	10618
45	10620
46	10621
47	10623
48	10624
49	10627
50	10628
51	10629
52	10630
53	10631
54	10632
55	10633
56	10634
57	10635
58	10639
59	10640
60	10641
61	10642
62	27076
63	27077
64	27078
65	27079
