3202	3267
3202	10432
3202	11088
3202	11100
3202	11198
3202	11210
3202	11217
3202	11732
3202	11760
3202	12565
3202	13772
3202	13773
3202	13776
3202	13777
3202	13778
3202	13779
3202	13780
3202	13781
3202	13782
3202	13784
3202	13785
3202	13786
3202	13787
3202	13788
11088	11183
11088	11200
11088	11222
11088	11223
11088	14320
11088	14321
11100	13873
11100	13901
11100	13989
11100	13990
11100	13991
11100	13992
11222	11223
12565	23461
12565	23462
12565	34354
13781	34352
13781	34353
13784	13785
13990	13991
13991	16173
13991	16174
13991	16200
13991	16201
14320	14321
16173	16174
23461	23462
23461	23493
23461	23494
23461	23495
23461	34354
23493	23494
23493	23495
23494	23495
34352	34353
