308	3778
308	8043
308	8045
308	8049
308	8054
308	8061
308	8064
308	8065
308	8068
308	8072
308	8073
308	8074
308	8076
308	8081
308	8084
308	8086
308	8087
308	8088
308	8098
308	8101
308	8102
308	8108
308	8111
308	8112
308	8113
308	8114
308	8115
308	8117
308	8118
308	8119
308	8123
308	8124
308	8131
308	8135
308	8136
308	8139
308	8140
308	8141
308	8142
308	8145
308	8150
308	8156
308	8159
308	8166
308	8170
308	8177
308	8181
308	8182
308	8189
308	8193
308	8194
308	8195
8049	8135
8064	8065
8073	8074
8081	8159
8111	8112
8111	8113
8112	8113
8113	8123
8114	8135
8117	8118
8117	8119
8118	8119
8181	8182
8189	33695
8193	8194
8193	8195
8194	8195
