1152	1558
1153	3722
1154	3723
1155	3728
1156	3731
1157	3732
1158	3733
1159	3734
1160	3735
1161	3743
1162	3744
1163	3746
1164	3747
1165	3749
1166	3753
1167	3754
1168	3759
1169	3760
1170	3761
1171	3767
1172	3769
1173	3771
1174	3776
1175	3780
1176	3781
1177	3784
1178	3785
1179	3786
1180	3787
1181	3788
1182	3789
1183	3793
1184	3794
1185	3795
1186	3798
1187	3800
1188	3803
1189	3807
1190	3808
1191	3812
1192	3816
1193	3822
1194	3826
1195	3829
1196	3832
1197	3835
1198	3837
1199	3841
1200	3845
1201	3846
1202	3851
1203	3852
1204	3853
1205	3858
1206	3859
1207	3860
1208	3863
1209	3864
1210	3865
1211	3874
1212	3876
1213	3880
1214	3882
1215	3883
1216	3885
1217	3887
1218	3888
1219	3897
1220	3898
1221	3905
1222	3906
1223	3908
1224	3909
1225	33034
1226	33035
1227	33036
1228	33037
