1558	3722
1558	3723
1558	3728
1558	3731
1558	3732
1558	3733
1558	3734
1558	3735
1558	3743
1558	3744
1558	3746
1558	3747
1558	3749
1558	3753
1558	3754
1558	3759
1558	3760
1558	3761
1558	3767
1558	3769
1558	3771
1558	3776
1558	3780
1558	3781
1558	3784
1558	3785
1558	3786
1558	3787
1558	3788
1558	3789
1558	3793
1558	3794
1558	3795
1558	3798
1558	3800
1558	3803
1558	3807
1558	3808
1558	3812
1558	3816
1558	3822
1558	3826
1558	3829
1558	3832
1558	3835
1558	3837
1558	3841
1558	3845
1558	3846
1558	3851
1558	3852
1558	3853
1558	3858
1558	3859
1558	3860
1558	3863
1558	3864
1558	3865
1558	3874
1558	3876
1558	3880
1558	3882
1558	3883
1558	3885
1558	3887
1558	3888
1558	3897
1558	3898
1558	3905
1558	3906
1558	3908
1558	3909
3723	3822
3732	3733
3732	3734
3732	3747
3732	3852
3732	3853
3732	3880
3732	33034
3732	33035
3732	33036
3732	33037
3733	3734
3733	3747
3733	3845
3733	3880
3733	33034
3734	3747
3734	3845
3734	3852
3734	3853
3734	33034
3747	3807
3747	3880
3793	3794
3852	3853
3859	3860
33035	33036
33035	33037
33036	33037
