10322	16644
10322	16645
10428	11727
10428	13537
10428	16648
12381	12686
12381	13122
12381	13154
12381	13155
12409	16645
12409	32237
12686	13122
12686	13215
12686	13554
12686	15788
12686	17705
12686	24022
13122	13154
13122	13155
13122	13713
13122	13932
13154	13155
13155	13713
13155	13932
13200	13201
13200	13202
13200	13215
13200	24029
13201	13202
13537	13538
13538	13571
13538	13862
13538	13932
13571	13862
13571	13932
13571	14003
13571	25846
13713	13932
13862	13932
14180	17705
14301	25848
15321	22015
15321	22172
15321	25847
15788	15789
16645	20159
22015	32237
23050	25846
25846	25847
25846	25848
25847	25848
32237	32238
