13181	33486
13198	33486
13198	33488
13198	33494
13198	35551
13198	35554
13198	35555
13198	35556
13198	35557
13198	35558
24151	24152
24151	24153
24151	24154
24151	24155
24151	33488
24151	33820
24151	35559
24152	24153
24152	24154
24152	24155
24152	33488
24152	33820
24152	35559
24153	24154
24153	24155
24154	24155
24154	33488
24154	33820
24154	35559
33486	33487
33486	33488
33486	33489
33486	33490
33486	33491
33486	33492
33486	33493
33486	33494
33488	33494
33488	33820
33488	35551
33488	35559
33490	33495
33491	33492
33491	33493
33492	33493
33494	35551
33494	35552
33494	35553
33820	35559
35552	35553
35554	35555
35554	35556
35555	35556
