5025	29872
5025	29873
5025	29874
5025	29875
5025	29876
5025	29877
5025	29878
5025	29879
5025	29880
5025	29881
5025	29882
5025	29883
5025	29884
5025	29885
5025	29886
5025	29887
5025	29888
5025	29889
5025	29890
5025	29891
5025	29892
5025	29893
5025	29894
5025	29895
5025	29896
5025	29897
5025	29898
5025	29901
5025	29902
5025	29903
5025	29904
5025	29905
5025	29906
5025	29907
5025	29908
5025	29909
5025	29910
5025	29911
5025	29912
5025	29917
5025	29918
5025	29919
5025	29921
5025	29922
5025	29923
5025	29924
5025	29925
5025	29926
5025	29927
5025	29928
5025	29929
5025	29933
5025	29934
5025	29935
5025	29936
5025	29937
5025	29938
5025	29939
5025	29940
5025	29941
5025	29944
5025	29945
5025	29946
5025	29947
5025	29948
5025	29949
5025	29950
5025	29951
5025	29952
5025	29953
5025	29954
5025	29955
5025	29956
5025	29957
5025	29958
5025	29959
5025	29960
5025	29961
5025	29962
5025	29963
5025	29964
5025	29965
5025	29966
5025	29967
5025	29968
5025	29969
5025	29970
5025	29971
5025	29972
5025	29973
5025	29974
5025	29975
5025	29976
5025	29978
5025	29979
5025	29980
5025	29981
5025	29982
5025	29983
5025	29984
5025	29985
5025	29986
5025	29990
5025	29991
5025	29992
5025	29993
5025	29994
5025	29995
5025	29996
5025	29997
5025	29998
5025	29999
5025	30000
5025	30001
5025	30002
5025	30003
5025	30004
5025	30005
5025	30006
5025	30007
5025	30008
5025	30010
5025	30011
5025	30012
5025	30013
5025	30014
5025	30015
5025	30016
5025	30017
5025	30018
5025	30019
5025	30020
5025	30021
5025	30022
5025	30023
5025	30024
5025	30025
5025	30027
5025	30028
5025	30029
5025	30030
5025	30031
5025	30032
5025	30033
5025	30034
5025	30035
5025	30036
5025	30037
5025	30038
5025	30039
5025	30040
5025	30041
5025	30042
5025	30043
5025	30044
5025	30047
5025	30048
5025	30049
5025	30050
5025	30051
5025	30052
5025	30053
5025	30054
5025	30055
5025	30056
5025	30057
5025	30058
5025	30059
5025	30062
5025	30063
5025	30064
5025	30065
5025	30066
5025	30067
5025	30068
5025	30069
5025	30070
5025	30071
5025	30072
5025	30073
5025	30074
5025	30075
5025	30076
5025	30077
5025	30078
5025	30079
5025	30080
5025	30081
5025	30082
5025	30083
5025	30084
5025	30085
5025	30086
5025	30087
5025	30088
5025	30089
5025	30090
5025	30091
5025	30092
5025	30093
5025	30094
5025	30095
5025	30096
5025	30097
5025	30098
5025	30099
5025	30100
5025	30101
5025	30102
5025	30103
5025	30104
5025	30105
5025	30106
5025	30107
5025	30108
5025	30109
5025	30110
5025	30111
5025	30112
5025	30113
5025	30114
5025	30115
5025	30116
5025	30117
5025	30118
5025	30119
5025	30120
5025	30121
5025	30122
5025	30123
5025	30124
5025	30125
5025	30126
5025	30127
5025	30128
5025	30129
5025	30130
5025	30131
5025	30132
5025	30133
5025	30134
5025	30135
5025	30136
5025	30137
5025	30138
5025	30139
5025	30140
5025	30141
5025	30142
5025	30143
5025	30144
5025	30145
5025	30146
5025	30147
5025	30148
5025	30149
5025	30150
5025	30151
5025	30152
5025	30153
5025	30154
5025	30155
5025	30156
5025	30158
5025	30159
5025	30160
5025	30161
5025	30163
5025	30164
5025	30165
5025	30166
5025	30167
5025	30168
5025	30169
5025	30170
5025	30171
5025	30172
5025	30173
5025	30174
5025	30175
5025	30176
5025	30177
5025	30178
5025	30179
5025	30180
5025	30182
5025	30183
5025	30184
5025	30185
5025	30186
5025	30187
5025	30188
5025	30189
5025	30190
5025	30191
5025	30192
5025	30193
5025	30195
5025	30196
5025	30197
5025	30198
5025	30202
5025	30204
5025	30205
5025	30206
5025	30207
5025	30208
5025	30209
5025	30210
5025	30211
5025	30212
5025	30213
5025	30214
5025	30215
5025	30216
5025	30217
5025	30218
5025	30219
5025	30220
5025	30221
5025	30222
5025	30223
5025	30224
5025	30225
5025	30226
5025	30227
5025	30228
5025	30229
5025	30230
5025	30231
5025	30232
5025	30233
5025	30234
5025	30235
5025	30236
5025	30237
5025	30238
5025	30239
5025	30240
5025	30241
5025	30242
5025	30243
5025	30244
5025	30245
5025	30246
5025	30247
5025	30248
5025	30249
5025	30250
5025	30251
5025	30252
5025	30253
5025	30254
5025	30255
5025	30256
5025	30257
5025	30258
5025	30259
5025	30260
5025	30261
5025	30262
5025	30263
5025	30264
5025	30267
5025	30268
5025	30269
5025	30270
5025	30272
5025	30273
5025	30274
5025	30275
5025	30276
5025	30277
5025	30278
5025	30279
5025	30280
5025	30281
5025	30282
5025	30283
5025	30284
5025	30285
5025	30286
5025	30287
5025	30288
5025	30289
5025	30290
5025	30291
5025	30292
5025	30293
5025	30294
5025	30295
5025	30296
5025	30297
5025	30298
5025	30299
5025	30300
5025	30301
5025	30302
5025	30303
5025	30304
5025	30305
5025	30306
5025	30307
5025	30308
5025	30309
5025	30310
5025	30311
5025	30312
5025	30313
5025	30314
5025	30315
5025	30316
5025	30317
5025	30318
5025	30319
5025	30320
5025	30325
5025	30326
5025	30327
5025	30328
5025	30329
5025	30330
5025	30331
5025	30332
5025	30333
5025	30334
5025	30335
5025	30336
5025	30337
5025	30339
5025	30340
5025	30341
5025	30342
5025	30343
5025	30344
5025	30345
5025	30346
5025	30347
5025	30348
5025	30349
5025	30350
5025	30351
5025	30352
5025	30353
5025	30354
5025	30355
5025	30356
5025	30358
5025	30359
5025	30360
5025	30361
5025	30362
5025	30363
5025	30364
5025	30365
5025	30366
5025	30367
5025	30368
5025	30369
5025	30370
5025	30371
5025	30372
5025	30373
5025	30374
5025	30375
5025	30376
5025	30377
5025	30378
5025	30379
5025	30380
5025	30381
5025	30382
5025	30383
5025	30387
5025	30388
5025	30389
5025	30390
5025	30391
5025	30392
5025	30393
5025	30394
5025	30395
5025	30396
5025	30397
5025	30398
5025	30399
5025	30400
5025	30401
5025	30402
5025	30403
5025	30404
5025	30405
5025	30406
5025	30407
5025	30408
5025	30409
5025	30410
5025	30411
5025	30412
5025	30413
5025	30414
5025	30415
5025	30416
5025	30417
5025	30418
5025	30419
5025	30420
5025	30421
5025	30422
5025	30423
5025	30424
5025	30425
5025	30426
5025	30427
5025	30428
5025	30429
5025	30430
5025	30431
5025	30432
5025	30433
5025	30434
5025	30435
5025	30436
5025	30437
5025	30438
5025	30439
5025	30440
5025	30441
5025	30442
5025	30443
5025	30444
5025	30445
5025	30446
5025	30447
5025	30448
5025	30449
5025	30450
5025	30451
5025	30452
5025	30453
5025	30454
5025	30455
5025	30456
5025	30457
5025	30458
5025	30459
5025	30460
5025	30461
5025	30462
5025	30463
5025	30464
5025	30465
5025	30466
5025	30467
5025	30468
5025	30469
5025	30470
5025	30471
5025	30472
5025	30473
5025	30474
5025	30475
5025	30476
5025	30477
5025	30478
5025	30479
5025	30480
5025	30481
5025	30482
5025	30483
5025	30484
5025	30485
5025	30486
5025	30487
5025	30488
5025	30489
5025	30490
5025	30493
5025	30494
5025	30495
5025	30496
5025	30497
5025	30498
5025	30499
5025	30500
5025	30501
5025	30502
5025	30503
5025	30504
5025	30505
5025	30506
5025	30507
5025	30508
5025	30509
5025	30510
5025	30511
5025	30512
5025	30513
5025	30514
5025	30515
5025	30516
5025	30517
5025	30518
5025	30519
5025	30520
5025	30521
5025	30522
5025	30523
5025	30524
5025	30525
5025	30526
5025	30527
5025	30528
5025	30529
5025	30530
5025	30531
5025	30532
5025	30533
5025	30534
5025	30535
5025	30536
5025	30537
5025	30538
5025	30539
5025	30540
5025	30541
5025	30542
5025	30543
5025	30544
5025	30545
5025	30546
5025	30547
5025	30548
5025	30549
5025	30550
5025	30551
5025	30552
5025	30553
5025	30554
5025	30555
5025	30556
5025	30557
5025	30558
5025	30559
5025	30560
5025	30561
5025	30562
5025	30563
5025	30564
5025	30565
5025	30566
5025	30567
5025	30568
5025	30569
5025	30570
5025	30571
5025	30572
5025	30573
5025	30574
5025	30575
5025	30576
5025	30577
5025	30578
5025	30579
5025	30580
5025	30581
5025	30582
5025	30583
5025	30585
5025	30586
5025	30587
5025	30588
5025	30589
5025	30590
5025	30591
5025	30595
5025	30596
5025	30597
5025	30598
5025	30599
5025	30600
5025	30601
5025	30602
5025	30603
5025	30604
5025	30605
5025	30606
5025	30607
5025	30608
5025	30609
5025	30610
5025	30611
5025	30612
5025	30613
5025	30614
5025	30615
5025	30616
5025	30617
5025	30618
5025	30619
5025	30620
5025	30621
5025	30622
5025	30623
5025	30624
5025	30625
5025	30626
5025	30627
5025	30628
5025	30629
5025	30630
5025	30631
5025	30632
5025	30633
5025	30634
5025	30635
5025	30636
5025	30637
5025	30638
5025	30639
5025	30640
5025	30641
5025	30642
5025	30643
5025	30644
5025	30645
5025	30646
5025	30647
5025	30648
5025	30649
5025	30650
5025	30651
5025	30652
5025	30653
5025	30654
5025	30655
5025	30656
5025	30657
5025	30658
5025	30659
5025	30660
5025	30661
5025	30662
5025	30663
5025	30666
5025	30667
5025	30668
5025	30670
5025	30671
5025	30672
5025	30673
5025	30674
5025	30675
5025	30676
5025	30677
5025	30678
5025	30679
5025	30680
5025	30681
5025	30682
5025	30683
5025	30684
5025	30685
5025	30686
5025	30687
5025	30688
5025	30689
5025	30690
5025	30691
5025	30692
5025	30693
5025	30694
5025	30695
5025	30696
5025	30697
5025	30698
5025	30699
5025	30700
5025	30701
5025	30702
5025	30703
5025	30704
5025	30705
5025	30706
5025	30707
5025	30708
5025	30709
5025	30710
5025	30711
5025	30712
5025	30713
5025	30714
5025	30715
5025	30716
5025	30717
5025	30718
5025	30719
5025	30720
5025	30721
5025	30722
5025	30723
5025	30724
5025	30725
5025	30726
5025	30727
5025	30728
5025	30729
5025	30730
5025	30731
5025	30732
5025	30733
5025	30734
5025	30735
5025	30736
5025	30737
5025	30738
5025	30739
5025	30740
5025	30741
5025	30742
5025	30743
5025	30744
5025	30745
5025	30746
5025	30747
5025	30748
5025	30749
5025	30750
5025	30751
5025	30752
5025	30753
5025	30754
5025	30755
5025	30756
5025	30757
5025	30758
5025	30759
5025	30760
5025	30761
5025	30762
5025	30763
5025	30764
5025	30765
5025	30766
5025	30767
5025	30768
5025	30769
5025	30770
5025	30771
5025	30772
5025	30773
5025	30774
5025	30775
5025	30776
5025	30777
5025	30778
5025	30779
5025	30780
5025	30781
5025	30782
5025	30783
5025	30784
5025	30785
5025	30786
5025	30787
5025	30789
5025	30790
5025	30791
5025	30792
5025	30793
5025	30794
5025	30795
5025	30796
5025	30797
5025	30798
5025	30799
5025	30800
5025	30801
5025	30802
5025	30803
5025	30804
5025	30805
5025	30806
5025	30807
5025	30808
5025	30809
5025	30810
5025	30811
5025	30812
5025	30813
5025	30814
5025	30815
5025	30816
5025	30817
5025	30818
5025	30819
5025	30820
5025	30821
5025	30822
5025	30823
5025	30824
5025	30825
5025	30826
5025	30827
5025	30828
5025	30829
5025	30830
5025	30831
5025	30832
5025	30833
5025	30834
5025	30835
5025	30836
5025	30837
5025	30838
5025	30839
5025	30840
5025	30841
5025	30842
5025	30843
5025	30844
5025	30845
5025	30846
5025	30847
5025	30848
5025	30849
5025	30850
5025	30851
5025	30852
5025	30853
5025	30854
5025	30855
5025	30856
5025	30857
5025	30858
5025	30859
5025	30860
5025	30861
5025	30862
5025	30863
5025	30864
5025	30865
5025	30866
5025	30867
5025	30868
5025	30869
5025	30870
5025	30871
5025	30872
5025	30873
5025	30874
5025	30875
5025	30876
5025	30877
5025	30878
5025	30879
5025	30880
5025	30881
5025	30882
5025	30883
5025	30884
5025	30885
5025	30886
5025	30887
5025	30888
5025	30889
5025	30890
5025	30891
5025	30892
5025	30893
5025	30894
5025	30895
5025	30896
5025	30897
5025	30898
5025	30899
5025	30900
5025	30901
5025	30902
5025	30903
5025	30904
5025	30905
5025	30906
5025	30907
5025	30908
5025	30909
5025	30910
5025	30911
5025	30912
5025	30913
5025	30914
5025	30915
5025	30916
5025	30917
5025	30918
5025	30919
5025	30920
5025	30921
5025	30922
5025	30923
5025	30924
5025	30925
5025	30926
5025	30927
5025	30928
5025	30929
5025	30930
5025	30931
5025	30932
5025	30933
5025	30934
5025	30935
5025	30936
5025	30937
5025	30938
5025	30939
5025	30940
5025	30941
5025	30942
5025	30943
5025	30944
5025	30945
5025	30946
5025	30947
5025	30948
5025	30949
5025	30950
5025	30951
5025	30952
5025	30953
5025	30954
5025	30955
5025	30956
5025	30957
5025	30958
5025	30959
5025	30960
5025	30961
5025	30962
5025	30963
5025	30964
5025	30965
5025	30966
5025	30967
5025	30968
5025	30969
5025	30970
5025	30971
5025	30972
5025	30973
5025	30974
5025	30975
5025	30976
5025	30977
5025	30978
5025	30979
5025	30980
5025	30981
5025	30982
5025	30983
5025	30984
5025	30985
5025	30986
5025	30987
5025	30988
5025	30989
5025	30990
5025	30991
5025	30992
5025	30993
5025	30994
5025	30995
5025	30996
5025	30997
5025	30998
5025	30999
5025	31000
5025	31001
5025	31002
5025	31003
5025	31004
5025	31005
5025	31006
5025	31007
5025	31008
5025	31009
5025	31010
5025	31011
5025	31012
5025	31013
5025	31014
5025	31015
5025	31016
5025	31017
5025	31018
5025	31019
5025	31020
5025	31021
5025	31022
5025	31023
5025	31024
5025	31025
5025	31026
5025	31027
5025	31028
5025	31029
5025	31030
5025	31031
5025	31032
5025	31033
5025	31034
5025	31035
5025	31036
5025	31037
5025	31038
5025	31039
5025	31040
5025	31041
5025	31042
5025	31043
5025	31044
5025	31045
5025	31046
5025	31047
5025	31048
5025	31049
5025	31050
5025	31051
5025	31052
5025	31053
5025	31054
5025	31055
5025	31056
5025	31057
5025	31058
5025	31059
5025	31060
5025	31061
5025	31062
5025	31063
5025	31064
5025	31065
5025	31066
5025	31067
5025	31070
5025	31071
5025	31072
5025	31073
5025	31074
5025	31075
5025	31076
5025	31077
5025	31078
5025	31079
5025	31080
5025	31081
5025	31082
5025	31083
5025	31084
5025	31085
5025	31086
5025	31087
5025	31088
5025	31089
5025	31090
5025	31091
5025	31092
5025	31093
5025	31094
5025	31095
5025	31096
5025	31097
5025	31098
5025	31099
5025	31100
5025	31101
5025	31105
5025	31106
5025	31107
5025	31108
5025	31109
5025	31110
5025	31111
5025	31112
5025	31113
5025	31114
5025	31115
5025	31116
5025	31117
5025	31118
5025	31119
5025	31121
5025	31122
5025	31123
5025	31124
5025	31125
5025	31126
5025	31127
5025	31128
5025	31129
5025	31130
5025	31131
5025	31132
5025	31133
5025	31134
5025	31135
5025	31136
5025	31137
5025	31138
5025	31139
5025	31140
5025	31141
5025	31142
5025	31143
5025	31144
5025	31145
5025	31146
5025	31147
5025	31148
5025	31149
5025	31150
5025	31151
29878	29879
29878	30034
30088	30089
30088	30090
30088	30091
30089	30090
30089	30091
30090	30091
30115	30116
30123	30124
30160	30161
30160	31415
30388	30389
30433	30434
30444	30445
30444	30446
30444	30447
30445	30446
30445	30447
30446	30447
30493	30494
30643	30644
30643	30645
30644	30645
30650	31576
30650	31577
30840	30841
30840	31546
30840	31547
30840	31548
30844	30845
31030	31031
31047	31048
31546	31547
31546	31548
31547	31548
31576	31577
