5617	5618
5617	5619
5617	5620
5617	18982
5617	28169
5617	28170
5617	28171
5617	28172
5617	28173
5618	5619
5618	5620
5618	18981
5618	18982
5618	18983
5618	18984
5618	18991
5618	28169
5618	28170
5618	28171
5618	28172
5618	28173
5618	29075
5618	29076
5618	29077
5618	29078
5618	29079
5618	29080
5619	5620
5619	18991
18981	18982
18981	18983
18981	18984
18982	18983
18982	18984
18982	28169
18982	28170
18982	28171
18982	28172
18982	28173
18983	18984
18984	28169
18984	28170
18984	28171
18984	28172
18984	28173
18984	28990
18984	28993
18984	28994
18984	28995
18984	28996
18984	28997
28169	28170
28169	28171
28169	28172
28169	28173
28169	29080
28170	28171
28170	28172
28170	28173
28170	29080
28171	28172
28171	28173
28171	29080
28172	28173
28172	29080
28172	29170
28172	29171
28173	29170
28173	29171
28990	28991
28990	28992
28990	28993
28990	28994
28990	28995
28990	28996
28990	28997
28991	28992
28991	28993
28992	28993
28993	28994
28993	28995
28993	28996
28993	28997
28994	28995
28994	28996
28994	28997
28995	28996
28995	28997
28996	28997
29075	29076
29075	29077
29075	29078
29075	29079
29076	29077
29076	29078
29076	29079
29077	29078
29077	29079
29078	29079
29170	29171
