287	23973
287	23974
287	23978
287	23979
287	23984
287	23986
287	23987
287	23991
287	23996
287	23997
287	24000
287	24001
287	24003
287	24005
287	24008
287	24011
287	24012
287	24014
287	24016
287	24017
287	24018
287	24022
287	24023
287	24024
287	24025
287	24026
287	24031
287	24033
287	24036
287	24039
287	24040
287	24041
287	24043
287	24044
287	24049
287	24050
287	24053
287	24054
287	24056
287	24061
287	24063
287	24064
287	24065
287	24067
287	24068
287	24069
287	24071
287	24072
287	24073
287	24074
287	24075
287	24077
287	24082
287	24083
287	24085
287	24090
287	24091
287	24094
287	24095
287	24096
287	24097
287	24098
287	24100
287	24102
287	24108
287	24110
287	24111
287	24113
287	24114
287	24118
287	24119
287	24120
287	24123
287	24124
287	24129
287	24130
287	24131
287	24138
287	24139
287	24141
287	24142
287	24143
287	24144
287	24145
287	24146
287	24148
287	24149
287	24151
287	24153
287	24156
287	24157
287	24158
287	24159
287	24160
287	24163
23973	23974
23974	28564
23974	28565
24011	28528
24011	28529
24011	28530
24023	24036
24063	24064
24067	24068
24067	24069
24068	24069
24073	24074
24090	28566
24090	28567
24090	28568
24090	28569
24090	28570
24110	24111
24144	28541
28528	28529
28528	28530
28529	28530
28564	28565
28566	28567
28566	28568
28566	28569
28566	28570
28566	29221
28566	29222
28567	28568
28567	28569
28567	28570
28568	28569
28568	28570
28569	28570
28569	29221
28569	29222
29221	29222
