66	959
67	14304
68	14305
69	24050
70	27570
71	27571
72	27572
73	27573
74	27574
75	27575
76	27576
77	27577
78	27578
79	27580
80	27581
81	27582
82	27583
83	27585
84	27586
85	27587
86	27588
87	27589
88	27590
89	27592
90	27593
91	27594
92	27595
93	27596
94	27597
95	27598
96	27599
97	27600
98	27601
99	27603
100	27604
101	27605
102	27606
103	27607
104	27608
105	27609
106	27610
107	27611
108	27612
109	27613
110	27614
111	27615
112	27616
113	27617
114	27618
115	27619
116	27620
117	27621
118	27622
119	27623
120	27624
121	27625
122	27626
123	27627
124	27628
125	27629
126	27630
127	27631
128	27632
129	27633
130	27634
131	27635
132	27637
133	27638
134	27639
135	27640
136	27642
137	27643
138	27644
139	27645
140	27646
141	27647
142	27648
143	27649
144	27650
145	27651
146	27652
147	27653
148	27654
149	27655
150	27656
151	27657
152	27658
153	27659
154	27660
155	27661
156	27662
157	27663
158	27664
159	27665
160	27667
161	27668
162	27669
163	27670
164	27671
165	27673
166	27674
167	27675
168	27676
169	27677
170	27678
171	27679
172	27680
173	27681
174	27682
175	27683
176	27684
177	27685
178	27686
179	27687
180	27688
181	27689
182	27690
183	27691
184	27692
185	27693
186	27694
187	27695
188	27696
189	27697
190	27698
191	27699
192	27700
193	27701
194	27702
195	27703
196	27704
197	27705
198	27706
199	27707
200	27708
201	27709
202	27710
203	27711
204	27712
205	27713
206	27714
207	27715
208	27716
209	27717
210	27718
211	27719
212	27720
213	27721
214	27722
215	27723
216	27724
217	27725
218	27726
219	27727
220	27728
221	27729
222	27730
223	27732
224	27733
225	27734
226	27735
227	27736
228	27737
229	27738
230	27739
231	27740
232	27741
233	27742
234	27743
235	27744
236	27746
237	27747
238	27748
239	27749
240	27750
241	27751
242	27752
243	27753
244	27754
245	27755
246	27756
247	27757
248	27758
249	27759
250	27760
251	27761
252	27762
253	27763
254	27764
255	27765
256	27766
257	27767
258	27768
259	27769
260	27770
261	27771
262	27772
263	27773
264	27774
265	27775
266	27776
267	27777
268	27778
269	27779
270	27780
271	27781
272	27782
273	27783
274	27784
275	27785
276	27786
277	27787
278	27788
279	27789
280	27790
281	27791
282	27792
283	27793
284	27794
285	27795
286	27796
287	27797
288	27798
289	27799
290	27801
291	27802
292	27803
293	27804
294	27805
295	27806
296	27807
297	27809
298	27811
299	27812
300	27814
301	27816
302	27817
303	27818
304	27819
305	27820
306	27821
307	27822
308	27823
309	27824
310	27825
311	27826
312	27827
313	27828
314	27831
315	27832
