7972	18876
7972	35704
7972	35705
18876	26700
18876	35704
18876	35705
18876	35707
18876	35709
18876	35710
18876	35711
18876	35712
18876	35713
18876	35714
18876	35715
18876	35716
18876	35717
18876	35718
18876	35719
18876	35720
18876	35721
18876	35722
18876	35723
18876	35724
18876	35725
18876	35726
18876	35727
18876	35728
18876	35729
18876	35730
18876	35731
18876	35732
18876	35733
18876	35734
18876	35735
18876	35736
18876	35737
18876	35738
18876	35739
18876	35740
18876	35741
18876	35742
18876	35743
18876	35744
35704	35705
35705	35745
35705	35746
35705	35747
35706	35707
35706	35708
35707	35708
35745	35746
35745	35747
35746	35747
