227	1802
228	13971
229	13975
230	13976
231	13980
232	13986
233	13988
234	13991
235	13992
236	13994
237	13996
238	13999
239	14002
240	14004
241	14008
242	14014
243	14017
244	14018
245	14019
246	14020
247	14023
248	14025
249	14026
250	14027
251	14030
252	14035
253	14038
254	14039
255	14040
256	14044
257	14045
258	14046
259	14048
260	14050
261	14053
262	14054
263	14055
264	14056
265	14063
266	14064
267	14065
268	14066
269	14067
270	14070
271	14071
272	14072
273	14075
274	14076
275	27386
276	27387
277	27388
278	27389
279	27390
280	27391
