1802	13971
1802	13975
1802	13976
1802	13980
1802	13986
1802	13988
1802	13991
1802	13992
1802	13994
1802	13996
1802	13999
1802	14002
1802	14004
1802	14008
1802	14014
1802	14017
1802	14018
1802	14019
1802	14020
1802	14023
1802	14025
1802	14026
1802	14027
1802	14030
1802	14035
1802	14038
1802	14039
1802	14040
1802	14044
1802	14045
1802	14046
1802	14048
1802	14050
1802	14053
1802	14054
1802	14055
1802	14056
1802	14063
1802	14064
1802	14065
1802	14066
1802	14067
1802	14070
1802	14071
1802	14072
1802	14075
1802	14076
13980	14026
13980	14027
13980	14071
14017	27386
14017	27387
14017	27388
14026	14066
14027	14075
14038	14039
14039	27389
14039	27390
14039	27391
14045	14046
14048	14067
14055	14056
14063	14064
27386	27387
27386	27388
27387	27388
27389	27390
27389	27391
27390	27391
