5147	14944
5170	14944
5170	15452
11680	14944
11680	25128
14918	14944
14944	17999
14944	19737
14944	19740
14944	19742
14944	19743
14944	19744
14944	24513
14944	29046
14944	36379
14944	36894
14944	37640
14944	38540
14944	38541
14944	38542
14944	38543
14944	38544
14944	38545
14944	38546
14944	38547
14944	38548
14944	38549
14944	38550
14944	38551
19737	19742
19740	19742
19742	19743
19744	19745
19744	19772
19744	19773
19744	19774
19744	38542
19744	38543
19744	38544
19772	19773
19772	19774
19773	19774
36373	36374
36374	36375
36374	36376
36374	36377
36374	36378
36374	36379
36375	36376
36375	36377
36375	36378
36376	36377
36376	36378
36376	36380
36376	36381
36376	36382
36376	36383
36377	36378
36380	36381
36380	36382
36380	36383
36381	36382
36381	36383
36382	36383
38540	38541
38542	38543
38542	38544
38543	38544
