3921	11849
3921	11852
3921	11853
3921	11872
3921	11873
3921	11874
3921	11875
3921	11885
3921	11887
3921	11888
3921	11889
3921	11890
3921	11898
3921	11900
3921	11908
3921	11918
3921	11927
3921	11928
3921	11929
3921	11930
3921	11932
3921	11933
3921	11938
3921	11939
3921	11941
3921	11944
3921	11951
3921	11956
3921	11958
3921	11959
3921	11960
3921	11966
3921	11975
3921	11977
3921	11978
3921	11980
3921	11981
3921	11984
3921	11985
3921	11986
3921	11992
3921	11997
3921	12007
11849	33605
11849	33606
11849	33607
11888	11889
11888	11890
11889	11890
11927	11928
11927	11929
11927	11930
11928	11929
11928	11930
11929	11930
11984	11985
11984	11986
11985	11986
33605	33606
33605	33607
33606	33607
