200	767
201	15358
202	15364
203	15365
204	15366
205	15367
206	15372
207	15373
208	15379
209	15380
210	15383
211	15386
212	15387
213	15388
214	15392
215	15395
216	15398
217	15402
218	15406
219	15407
220	15412
221	15418
222	15419
223	15421
224	15423
225	15424
226	15425
227	15432
228	15434
229	15438
230	15439
231	15440
232	15441
233	15442
234	15444
235	15445
236	15446
237	15447
238	15454
239	15455
240	15457
241	15458
242	15463
243	15466
244	15468
245	15476
246	15477
247	15479
248	15480
249	15481
250	15482
251	15488
252	15496
253	15499
254	15500
255	15501
256	15502
257	15503
258	15505
259	15506
260	15507
261	15513
262	15514
263	15516
264	15517
265	15518
266	15520
267	15521
268	15522
269	15523
270	15526
271	15527
272	15529
273	15530
274	15531
275	15533
276	15536
277	15537
278	15541
279	15542
280	15543
281	15544
282	15547
283	15551
284	15552
285	15554
286	15555
287	15556
288	15557
289	15559
290	15560
291	15561
292	15563
293	15564
294	15565
295	15566
296	15569
297	15570
298	15572
299	15574
300	15575
301	15576
302	15577
303	15578
304	15579
305	15581
306	15583
307	15584
308	15587
309	15588
310	15589
311	15590
312	15599
313	15600
314	15601
315	15602
316	15604
317	15606
318	15610
319	15611
320	15612
321	15613
322	15614
323	15615
324	15619
325	15620
326	15623
327	15624
328	15628
329	15629
330	15630
331	15631
332	15632
333	15633
334	15634
335	15637
336	15638
337	15639
338	15640
339	15643
340	15645
341	15647
342	15648
343	15650
344	15658
345	15659
346	15666
347	15667
348	15668
349	15669
350	15670
351	15671
352	15672
353	15673
354	15674
355	15675
356	15676
357	15678
358	15680
359	15682
360	15683
361	15687
362	15689
363	15690
364	15691
365	15693
366	15698
367	15699
368	15700
369	15701
370	15703
371	15705
372	15707
373	15709
374	15711
375	15713
376	15714
377	15715
378	15716
379	15717
380	15718
381	15719
382	15721
383	15723
384	15724
385	15727
386	15728
387	15729
388	15731
389	15732
390	15735
391	15738
392	15739
393	15742
394	15743
395	15744
396	15745
397	15746
398	15747
399	15748
400	15751
401	15755
402	15757
403	15759
404	15761
405	15762
406	15764
407	15765
408	15767
409	15772
410	15773
411	15774
412	15776
413	15777
414	15778
415	15780
416	15781
417	15784
418	15785
419	15787
420	15788
421	15789
422	15790
423	15791
424	15793
425	15796
426	15798
427	15799
428	15800
429	15804
430	15805
431	15809
432	15810
433	31762
434	31730
435	31713
436	31714
437	31715
438	31761
439	31763
440	31764
