767	15358
767	15364
767	15365
767	15366
767	15367
767	15372
767	15373
767	15379
767	15380
767	15383
767	15386
767	15387
767	15388
767	15392
767	15395
767	15398
767	15402
767	15406
767	15407
767	15412
767	15418
767	15419
767	15421
767	15423
767	15424
767	15425
767	15432
767	15434
767	15438
767	15439
767	15440
767	15441
767	15442
767	15444
767	15445
767	15446
767	15447
767	15454
767	15455
767	15457
767	15458
767	15463
767	15466
767	15468
767	15476
767	15477
767	15479
767	15480
767	15481
767	15482
767	15488
767	15496
767	15499
767	15500
767	15501
767	15502
767	15503
767	15505
767	15506
767	15507
767	15513
767	15514
767	15516
767	15517
767	15518
767	15520
767	15521
767	15522
767	15523
767	15526
767	15527
767	15529
767	15530
767	15531
767	15533
767	15536
767	15537
767	15541
767	15542
767	15543
767	15544
767	15547
767	15551
767	15552
767	15554
767	15555
767	15556
767	15557
767	15559
767	15560
767	15561
767	15563
767	15564
767	15565
767	15566
767	15569
767	15570
767	15572
767	15574
767	15575
767	15576
767	15577
767	15578
767	15579
767	15581
767	15583
767	15584
767	15587
767	15588
767	15589
767	15590
767	15599
767	15600
767	15601
767	15602
767	15604
767	15606
767	15610
767	15611
767	15612
767	15613
767	15614
767	15615
767	15619
767	15620
767	15623
767	15624
767	15628
767	15629
767	15630
767	15631
767	15632
767	15633
767	15634
767	15637
767	15638
767	15639
767	15640
767	15643
767	15645
767	15647
767	15648
767	15650
767	15658
767	15659
767	15666
767	15667
767	15668
767	15669
767	15670
767	15671
767	15672
767	15673
767	15674
767	15675
767	15676
767	15678
767	15680
767	15682
767	15683
767	15687
767	15689
767	15690
767	15691
767	15693
767	15698
767	15699
767	15700
767	15701
767	15703
767	15705
767	15707
767	15709
767	15711
767	15713
767	15714
767	15715
767	15716
767	15717
767	15718
767	15719
767	15721
767	15723
767	15724
767	15727
767	15728
767	15729
767	15731
767	15732
767	15735
767	15738
767	15739
767	15742
767	15743
767	15744
767	15745
767	15746
767	15747
767	15748
767	15751
767	15755
767	15757
767	15759
767	15761
767	15762
767	15764
767	15765
767	15767
767	15772
767	15773
767	15774
767	15776
767	15777
767	15778
767	15780
767	15781
767	15784
767	15785
767	15787
767	15788
767	15789
767	15790
767	15791
767	15793
767	15796
767	15798
767	15799
767	15800
767	15804
767	15805
767	15809
767	15810
15365	15366
15386	15387
15446	15447
15454	15455
15520	15521
15520	15522
15520	15523
15521	15522
15521	15523
15522	15523
15529	15530
15552	31762
15554	31730
15565	31713
15565	31714
15565	31715
15619	15620
15629	15630
15637	15638
15637	15639
15638	15639
15723	31761
31713	31714
31713	31715
31714	31715
31761	31763
31761	31764
