67	1740
68	6032
69	6036
70	6054
71	6075
72	6096
73	6104
74	6160
75	6255
76	6269
77	6272
78	6291
79	6391
80	6442
81	15650
82	18384
83	18478
84	21611
85	23100
86	23101
87	23103
88	23104
89	23105
90	23108
91	23111
92	23112
93	23113
94	23114
95	23115
96	23116
97	23117
98	23118
99	23119
100	23120
101	23122
102	23124
103	23125
104	23126
105	23127
106	23128
107	23129
108	23130
109	23131
110	23132
111	23135
112	23136
113	23137
114	23139
115	23140
116	23141
117	23144
118	23145
119	23146
120	23148
121	23149
122	23150
123	23151
124	23152
125	23153
126	23154
127	23157
128	23158
129	23159
130	23160
131	23162
132	23163
133	23164
134	23165
135	23167
136	23169
137	23170
138	23171
139	23172
140	23173
141	23174
142	23175
143	6081
144	6143
145	33573
146	33574
147	33575
