226	2111
227	12692
228	12723
229	12726
230	12729
231	12751
232	12755
233	12768
234	12772
235	12799
236	12812
237	12816
238	12817
239	12836
240	12849
241	12877
242	12890
243	12896
244	12903
245	12905
246	12926
247	12929
248	12934
249	12940
250	12945
251	12954
252	12973
253	12981
254	12985
255	12997
256	13010
257	13022
258	13089
259	27654
260	27663
261	29715
262	29716
263	29718
264	29720
265	29725
266	29726
267	29727
268	29732
269	29733
270	29738
271	29748
272	29749
273	29751
274	29752
275	29753
276	29754
277	29755
278	29757
279	29761
280	29762
281	29764
282	29765
283	29767
284	12952
