2111	12692
2111	12723
2111	12726
2111	12729
2111	12751
2111	12755
2111	12768
2111	12772
2111	12799
2111	12812
2111	12816
2111	12817
2111	12836
2111	12849
2111	12877
2111	12890
2111	12896
2111	12903
2111	12905
2111	12926
2111	12929
2111	12934
2111	12940
2111	12945
2111	12954
2111	12973
2111	12981
2111	12985
2111	12997
2111	13010
2111	13022
2111	13089
2111	27654
2111	27663
2111	29715
2111	29716
2111	29718
2111	29720
2111	29725
2111	29726
2111	29727
2111	29732
2111	29733
2111	29738
2111	29748
2111	29749
2111	29751
2111	29752
2111	29753
2111	29754
2111	29755
2111	29757
2111	29761
2111	29762
2111	29764
2111	29765
2111	29767
12723	29764
12723	29765
12755	29720
12768	27663
12816	12817
12816	12952
12816	13022
12817	12952
12817	13022
12945	29716
12973	29749
29764	29765
