1175	3683
1176	5377
1177	5478
1178	18273
1179	18274
1180	18275
1181	18276
1182	18277
1183	18278
1184	18279
1185	18283
1186	18290
1187	18292
1188	18294
1189	18298
1190	18300
1191	18302
1192	18303
1193	18306
1194	18307
1195	18309
1196	18310
1197	18311
1198	18312
1199	18313
1200	18314
1201	18315
1202	18317
1203	18320
1204	18321
1205	18322
1206	18328
1207	18329
1208	18330
1209	18331
1210	18332
1211	18337
1212	18339
1213	18342
1214	18343
1215	18345
1216	18346
1217	18347
1218	18352
1219	18354
1220	18355
1221	18356
