3683	5377
3683	5478
3683	18273
3683	18274
3683	18275
3683	18276
3683	18277
3683	18278
3683	18279
3683	18283
3683	18290
3683	18292
3683	18294
3683	18298
3683	18300
3683	18302
3683	18303
3683	18306
3683	18307
3683	18309
3683	18310
3683	18311
3683	18312
3683	18313
3683	18314
3683	18315
3683	18317
3683	18320
3683	18321
3683	18322
3683	18328
3683	18329
3683	18330
3683	18331
3683	18332
3683	18337
3683	18339
3683	18342
3683	18343
3683	18345
3683	18346
3683	18347
3683	18352
3683	18354
3683	18355
3683	18356
5478	18274
5478	18275
5478	18276
5478	18277
18274	18275
18274	18276
18274	18277
18275	18276
18275	18277
18276	18277
18310	18311
18346	18347
