226	1880
227	6295
228	20828
229	20829
230	20830
231	20833
232	20839
233	20840
234	20842
235	20845
236	20846
237	20848
238	20849
239	20854
240	20855
241	20859
242	20860
243	20861
244	20863
245	20865
246	20866
247	20867
248	20868
249	20869
250	20873
251	20877
252	20879
253	20880
254	20881
255	20882
256	20883
257	20885
258	20886
259	20887
260	20888
261	20889
262	20890
263	20891
264	20894
265	20895
266	20896
267	20897
268	20900
269	20901
270	20904
271	20905
272	20906
273	20907
274	20909
275	20910
276	20911
277	20912
278	20916
279	20918
280	20921
281	20922
282	20923
283	20924
284	25465
285	25464
286	25460
287	25461
288	25462
289	25466
