1240	2588
1241	9635
1242	11427
1243	11429
1244	11435
1245	11436
1246	11437
1247	11439
1248	11441
1249	11442
1250	11443
1251	11445
1252	11446
1253	11448
1254	11449
1255	11451
1256	11452
1257	11454
1258	11456
1259	11458
1260	11459
1261	11460
1262	11461
1263	11462
1264	11463
1265	11464
1266	11467
1267	11468
1268	11469
1269	11470
1270	11475
1271	11477
1272	11478
1273	11479
1274	11483
1275	11484
1276	11486
1277	11488
1278	11490
1279	11492
1280	11493
1281	11495
1282	11496
1283	11499
1284	11500
1285	11502
1286	11503
1287	11504
1288	11505
1289	11506
1290	11509
1291	11511
1292	11512
1293	11513
1294	11514
1295	11515
1296	11516
1297	11517
1298	11518
1299	11519
1300	11520
1301	11524
1302	34339
1303	34340
1304	34311
1305	34313
1306	34314
1307	34315
1308	34343
1309	34344
1310	34307
1311	34308
1312	34309
1313	34310
1314	34312
1315	34316
1316	34317
1317	34318
1318	34287
1319	34288
1320	34289
1321	34290
1322	34336
1323	34337
1324	34338
1325	34319
1326	34320
1327	34321
1328	34322
1329	34323
1330	34324
1331	34325
1332	34304
1333	34305
1334	34306
1335	34345
1336	34346
1337	34347
1338	34327
1339	34328
