2588	9635
2588	11427
2588	11429
2588	11435
2588	11436
2588	11437
2588	11439
2588	11441
2588	11442
2588	11443
2588	11445
2588	11446
2588	11448
2588	11449
2588	11451
2588	11452
2588	11454
2588	11456
2588	11458
2588	11459
2588	11460
2588	11461
2588	11462
2588	11463
2588	11464
2588	11467
2588	11468
2588	11469
2588	11470
2588	11475
2588	11477
2588	11478
2588	11479
2588	11483
2588	11484
2588	11486
2588	11488
2588	11490
2588	11492
2588	11493
2588	11495
2588	11496
2588	11499
2588	11500
2588	11502
2588	11503
2588	11504
2588	11505
2588	11506
2588	11509
2588	11511
2588	11512
2588	11513
2588	11514
2588	11515
2588	11516
2588	11517
2588	11518
2588	11519
2588	11520
2588	11524
11435	34339
11435	34340
11445	11524
11445	34311
11445	34313
11445	34314
11445	34315
11445	34343
11445	34344
11446	34307
11446	34308
11446	34309
11446	34310
11446	34311
11446	34312
11446	34313
11446	34314
11446	34315
11446	34316
11446	34317
11446	34318
11454	34287
11454	34288
11454	34289
11454	34290
11460	34336
11460	34337
11460	34338
11461	11516
11461	11517
11464	34319
11464	34320
11464	34321
11464	34322
11464	34323
11464	34324
11464	34325
11467	11475
11467	34304
11467	34305
11467	34306
11470	34345
11470	34346
11470	34347
11477	11478
11514	11515
11516	11517
34287	34288
34287	34289
34287	34290
34288	34289
34288	34290
34304	34305
34304	34306
34304	34315
34304	34327
34304	34328
34305	34306
34307	34308
34307	34309
34308	34309
34310	34311
34310	34312
34310	34313
34310	34314
34310	34315
34311	34312
34311	34313
34311	34314
34311	34315
34311	34343
34311	34344
34312	34313
34312	34314
34312	34315
34313	34314
34313	34315
34314	34315
34315	34327
34315	34328
34316	34317
34316	34318
34317	34318
34319	34320
34319	34321
34319	34322
34319	34323
34319	34324
34319	34325
34320	34321
34320	34322
34323	34324
34323	34325
34324	34325
34327	34328
34336	34337
34336	34338
34337	34338
34343	34344
34345	34346
34345	34347
34346	34347
