23802	35589
23802	35590
23802	35591
23802	35592
23802	35593
23802	35594
23802	35595
23802	35596
23802	35597
23828	24011
23828	35586
23828	35587
23828	35588
23828	35589
23983	35588
23983	35595
23983	35601
23983	35604
23983	35605
23983	35606
23983	35607
23983	35612
23983	35613
23983	35614
24148	35590
24148	35599
24148	35602
24148	35603
33820	35590
33820	35599
33820	35601
35586	35587
35586	35588
35586	35589
35586	35608
35587	35588
35587	35589
35587	35608
35588	35589
35588	35590
35588	35599
35588	35600
35588	35606
35588	35607
35588	35608
35588	35609
35588	35610
35588	35611
35589	35590
35589	35591
35589	35596
35590	35591
35590	35592
35590	35593
35590	35595
35590	35596
35590	35597
35590	35598
35590	35599
35590	35600
35590	35601
35590	35602
35590	35603
35591	35592
35591	35593
35591	35596
35591	35597
35591	35598
35592	35593
35592	35595
35592	35598
35594	35598
35594	35615
35594	35616
35595	35604
35595	35605
35599	35600
35599	35601
35599	35602
35599	35603
35601	35612
35601	35613
35602	35603
35604	35605
35606	35607
35609	35610
35609	35611
35610	35611
35612	35613
35614	35640
35614	35642
35614	35653
35640	35642
35640	35653
35642	35653
