2534	22763
2534	22770
2534	22771
2534	22772
2534	22778
2534	22785
2534	22794
2534	22796
2534	22805
2534	22806
2534	22811
2534	22816
2534	22817
2534	22820
2534	22821
2534	22826
2534	22827
2534	22830
2534	22834
2534	22835
2534	22836
2534	22837
2534	22838
2534	22839
2534	22845
2534	22850
2534	22853
2534	22854
2534	22855
2534	22856
2534	22857
2534	22862
2534	22863
2534	22864
2534	22865
2534	22867
2534	22868
2534	22869
2534	22870
22771	22772
22806	22862
22806	29797
22806	29798
22806	29799
22806	29800
22834	22835
22834	22836
22834	22837
22834	29801
22835	22836
22835	22837
22835	29801
22836	22837
22836	29801
22837	29801
22850	22854
22850	22855
22854	22855
22868	22869
29797	29798
29797	29799
29797	29800
29798	29799
29798	29800
29799	29800
