1377	3202
1378	3267
1379	10432
1380	11088
1381	11100
1382	11198
1383	11210
1384	11217
1385	11732
1386	11760
1387	12565
1388	13772
1389	13773
1390	13776
1391	13777
1392	13778
1393	13779
1394	13780
1395	13781
1396	13782
1397	13784
1398	13785
1399	13786
1400	13787
1401	13788
1402	11183
1403	11200
1404	11222
1405	11223
1406	14320
1407	14321
1408	13873
1409	13901
1410	13989
1411	13990
1412	13991
1413	13992
1414	23461
1415	23462
1416	34354
1417	34352
1418	34353
1419	16173
1420	16174
1421	16200
1422	16201
1423	23493
1424	23494
1425	23495
