13078	13079
13078	13083
13078	13090
13078	13091
13077	13081
13077	13092
13077	13093
13068	13071
13068	13072
13068	13069
13079	13090
13079	13091
13070	13084
13070	13074
13080	13081
13080	13082
13080	13088
13080	13089
13081	13092
13081	13093
13082	13084
13082	13088
13082	13089
13072	13082
13083	13085
13083	13086
13073	13084
13073	13087
13069	13071
13085	13086
13085	13087
13086	13087
13074	13084
13067	13080
13067	13088
13067	13076
13075	13082
13075	13084
13088	13089
13090	13091
13076	13080
13092	13093
