2376	5352
2377	8361
2378	10459
2379	16987
2380	18983
2381	24215
2382	24217
2383	24218
2384	24219
2385	24220
2386	24221
2387	24222
2388	24223
2389	24226
2390	24227
2391	24228
2392	24229
2393	24230
2394	24231
2395	24232
2396	24233
2397	24234
2398	24236
2399	24237
2400	24239
2401	24240
2402	24241
2403	24242
2404	24243
2405	24244
2406	24245
2407	24246
2408	24247
2409	24248
2410	24249
2411	24250
2412	24251
2413	24252
2414	24253
2415	25248
2416	25249
2417	30423
2418	30424
2419	30425
2420	30507
2421	30508
2422	30509
