5352	8361
8361	10459
8361	16987
8361	18983
8361	24215
8361	24217
8361	24218
8361	24219
8361	24220
8361	24221
8361	24222
8361	24223
8361	24226
8361	24227
8361	24228
8361	24229
8361	24230
8361	24231
8361	24232
8361	24233
8361	24234
8361	24236
8361	24237
8361	24239
8361	24240
8361	24241
8361	24242
8361	24243
8361	24244
8361	24245
8361	24246
8361	24247
8361	24248
8361	24249
8361	24250
8361	24251
8361	24252
8361	24253
10459	25248
10459	25249
24215	24217
24215	24218
24215	24221
24215	24232
24215	24244
24217	24218
24217	24232
24218	24221
24226	30423
24226	30424
24226	30425
24231	24232
24231	24233
24232	24233
24239	30507
24239	30508
24239	30509
24248	24252
24248	24253
24249	25248
30423	30424
30423	30425
30424	30425
30507	30508
30507	30509
30508	30509
