7272	9511
7272	9857
7272	9882
7272	9894
7272	9909
7272	13739
7272	13873
7272	17542
7272	17857
7272	20639
7272	24785
7272	27886
7272	30279
7272	30280
7272	30281
7272	30282
7272	30283
7272	30284
7272	30285
7272	30286
7272	30287
7272	30290
7272	30291
7272	30292
7272	30293
7272	30294
7272	30297
7272	30298
7272	30301
7272	30304
7272	30309
7272	30311
9882	30290
9882	30291
9882	30292
9882	32391
9882	32392
13739	24785
20639	30301
30281	30282
30281	30283
30281	30284
30281	30285
30281	30286
30282	30283
30282	30284
30282	30285
30282	30286
30282	30304
30282	30311
30283	30284
30283	30285
30283	30286
30283	30304
30283	32438
30283	32439
30284	30285
30284	30286
30285	30286
30285	30304
30285	30311
30285	32438
30285	32439
30290	30291
30290	30292
30290	32391
30290	32392
30291	30292
30304	32438
30304	32439
32391	32392
32438	32439
