530	15591
530	15605
530	21542
530	22601
530	22602
530	22603
530	22606
530	22607
530	22608
530	22609
530	22615
530	22616
530	22617
530	22618
530	22619
530	22620
530	22621
530	22626
530	22627
530	22629
530	22630
530	22633
530	22634
530	22635
530	22636
530	22638
530	22641
530	22642
530	22644
530	22645
530	22646
530	22647
530	22648
530	22649
530	22653
530	22658
530	22659
530	22660
530	22661
530	22663
530	22664
530	22667
530	22670
530	22673
530	22675
530	22676
530	22677
530	22678
530	22679
530	22680
530	22681
530	22682
530	22684
530	22687
530	22689
530	22690
530	22691
530	22695
530	22697
530	22698
530	22699
530	22700
530	22701
530	22705
530	22706
530	22707
530	22708
530	22709
530	22710
530	22712
530	22713
530	22714
530	22715
530	22716
530	22717
530	22718
530	22720
530	22721
530	22722
530	22723
530	22724
530	22725
530	22728
530	22729
530	22730
22601	22602
22608	22609
22609	22634
22620	22621
22620	27449
22626	22627
22658	22659
22658	22660
22658	22716
22658	22717
22659	22660
22659	22716
22659	22717
22660	22716
22660	22717
22676	22677
22676	22678
22677	22678
22679	22680
22679	22681
22680	22681
22691	22724
22698	22699
22698	22700
22698	22701
22699	22700
22699	22701
22700	22701
22705	27456
22705	27457
22705	27458
22705	27459
22705	27460
22705	27461
22705	27462
22716	22717
22725	27477
27449	27450
27449	27451
27449	27452
27449	27453
27449	27454
27456	27457
27456	27458
27456	27459
27456	27460
27456	27461
27456	27462
27457	27458
27457	27459
27457	27460
27457	27461
27457	27462
27458	27459
27458	27460
27458	27461
27458	27462
27459	27460
27459	27461
27459	27462
27460	27461
27460	27462
27461	27462
