0	1
0	2
0	3
0	4
0	5
0	6
0	7
1	2
8	9
8	10
8	11
8	12
8	13
8	14
8	15
8	16
8	17
9	10
9	11
9	12
9	18
9	19
10	11
10	19
11	12
11	14
11	15
11	16
11	17
11	18
11	19
11	20
11	21
12	17
12	18
12	20
12	21
12	22
13	23
13	24
13	25
13	26
13	27
13	28
13	29
13	30
13	31
13	32
14	15
15	18
15	33
15	34
16	17
16	18
16	33
17	18
17	21
17	33
17	35
17	36
18	20
18	22
18	33
18	34
18	35
18	36
20	37
20	38
20	39
20	40
37	38
37	39
37	40
38	39
38	40
39	40
3	17
3	18
3	4
3	33
3	35
3	36
3	41
3	42
3	43
3	44
5	6
5	7
6	7
33	35
33	36
35	36
41	42
41	43
41	44
42	43
42	44
43	44
