544	5924
544	7499
544	12985
544	12988
544	12989
544	12990
544	12992
544	12995
544	12996
544	12997
544	12998
544	12999
544	13001
544	13005
544	13008
544	13010
544	13011
544	13012
544	13014
544	13018
544	13020
544	13021
544	13022
544	13026
544	13027
544	13028
544	13029
544	13038
544	13039
544	13040
544	13045
544	13048
544	13049
544	13052
544	13053
544	13054
544	13057
544	13058
544	13059
544	13062
544	13063
544	13066
544	13068
544	13071
544	13073
544	13074
544	13076
544	13077
544	13082
544	13083
544	13084
544	13085
544	13086
544	13087
544	13088
544	13089
544	13090
544	13095
544	13096
544	13097
544	13098
12996	24485
12996	24486
12996	24487
12996	24488
13010	13011
13021	13022
24485	24486
24485	24487
24485	24488
24486	24487
24486	24488
24487	24488
