1221	6337
1221	9137
1221	12291
1221	12292
1221	12293
1221	12295
1221	12296
1221	12297
1221	12298
1221	12299
1221	12300
1221	12301
1221	12304
1221	12306
1221	12309
1221	12310
1221	12311
1221	12313
1221	12314
1221	12317
1221	12318
1221	12320
1221	12321
1221	12323
1221	12325
1221	12327
1221	12328
1221	12330
1221	12334
1221	12337
1221	12338
1221	12339
1221	12340
12309	32407
12309	32408
12309	32409
12309	32410
12309	32411
12314	12323
32407	32408
32408	32409
32408	32410
32408	32411
32409	32410
32409	32411
32410	32411
