2976	5985
5985	8083
5985	14611
5985	16607
5985	21839
5985	21841
5985	21842
5985	21843
5985	21844
5985	21845
5985	21846
5985	21847
5985	21850
5985	21851
5985	21852
5985	21853
5985	21854
5985	21855
5985	21856
5985	21857
5985	21858
5985	21860
5985	21861
5985	21863
5985	21864
5985	21865
5985	21866
5985	21867
5985	21868
5985	21869
5985	21870
5985	21871
5985	21872
5985	21873
5985	21874
5985	21875
5985	21876
5985	21877
8083	22872
8083	22873
21839	21841
21839	21842
21839	21845
21839	21856
21839	21868
21841	21842
21841	21856
21842	21845
21850	28047
21850	28048
21850	28049
21855	21856
21855	21857
21856	21857
21863	28131
21863	28132
21863	28133
21872	21876
21872	21877
21873	22872
28047	28048
28047	28049
28048	28049
28131	28132
28131	28133
28132	28133
