0	395
1	10740
2	10743
3	10745
4	10747
5	10749
6	10750
7	10751
8	10752
9	10755
10	10756
11	10757
12	10759
13	10760
14	10761
15	10763
16	10764
17	10766
18	10767
19	10768
20	10769
21	10771
22	10773
23	10774
24	10775
25	10776
26	10778
27	10779
28	10780
29	10781
30	10782
31	10783
32	10784
33	10787
34	10788
35	10789
36	10790
37	10791
38	10793
39	10794
40	10796
41	10802
42	10803
43	10805
44	10806
45	10807
46	10808
47	10809
48	10810
49	10811
50	10812
51	10814
52	10817
53	10818
54	10821
55	10822
56	10823
57	10824
58	10825
59	10826
60	10827
61	10828
62	10829
63	10831
64	10832
65	10833
66	10834
67	10835
68	10837
69	10838
70	10839
71	10840
72	10842
73	20129
74	20130
75	20573
76	20574
77	20575
78	20576
79	20577
80	20578
81	20579
82	20580
83	20581
84	20582
85	20583
86	20584
87	20585
88	20586
89	20587
90	20588
91	20589
92	20590
93	20591
94	20592
95	20593
96	20594
97	20595
98	20596
99	20597
100	20598
101	20599
102	20600
103	20601
104	20602
105	20603
106	20604
107	20605
108	20606
109	20607
110	20608
111	25357
112	25358
