1211	2393
1212	8111
1213	14895
1214	14896
1215	14898
1216	14899
1217	14900
1218	14901
1219	14902
1220	14904
1221	14907
1222	14908
1223	14912
1224	14914
1225	14915
1226	14916
1227	14917
1228	14918
1229	14919
1230	14920
1231	14924
1232	14929
1233	14932
1234	14933
1235	14934
1236	14938
1237	14943
1238	14944
1239	14946
1240	14947
1241	14950
1242	14951
1243	14952
1244	14953
1245	14956
1246	14959
1247	14960
1248	14961
1249	14962
1250	14964
1251	14965
1252	14966
1253	14967
1254	14969
1255	14970
1256	14972
1257	14973
1258	14974
1259	14975
1260	14976
1261	14978
1262	14979
1263	14980
1264	14981
1265	14982
1266	14983
1267	14984
1268	14985
1269	14987
1270	14988
1271	14989
1272	14990
1273	14991
1274	14993
1275	14995
1276	15000
1277	15001
1278	15002
1279	15003
1280	15004
1281	15005
1282	15007
1283	15009
1284	15010
1285	15012
1286	15013
1287	15015
1288	15016
1289	15018
1290	15019
1291	15020
1292	15026
1293	15028
1294	15029
1295	35058
1296	35059
1297	35060
