2393	8111
2393	14895
2393	14896
2393	14898
2393	14899
2393	14900
2393	14901
2393	14902
2393	14904
2393	14907
2393	14908
2393	14912
2393	14914
2393	14915
2393	14916
2393	14917
2393	14918
2393	14919
2393	14920
2393	14924
2393	14929
2393	14932
2393	14933
2393	14934
2393	14938
2393	14943
2393	14944
2393	14946
2393	14947
2393	14950
2393	14951
2393	14952
2393	14953
2393	14956
2393	14959
2393	14960
2393	14961
2393	14962
2393	14964
2393	14965
2393	14966
2393	14967
2393	14969
2393	14970
2393	14972
2393	14973
2393	14974
2393	14975
2393	14976
2393	14978
2393	14979
2393	14980
2393	14981
2393	14982
2393	14983
2393	14984
2393	14985
2393	14987
2393	14988
2393	14989
2393	14990
2393	14991
2393	14993
2393	14995
2393	15000
2393	15001
2393	15002
2393	15003
2393	15004
2393	15005
2393	15007
2393	15009
2393	15010
2393	15012
2393	15013
2393	15015
2393	15016
2393	15018
2393	15019
2393	15020
2393	15026
2393	15028
2393	15029
14924	15019
14924	15020
14938	14951
14938	14972
14951	14972
14974	15001
14974	15002
14995	35058
14995	35059
14995	35060
15001	15002
15019	15020
35058	35059
35058	35060
35059	35060
