0	83
1	1774
2	1776
3	1803
4	1804
5	1806
6	1807
7	1809
8	1813
9	1814
10	1818
11	1821
12	1822
13	1823
14	1824
15	1825
16	1831
17	1832
18	1833
19	1835
20	1836
21	1837
22	1838
23	1839
24	1840
25	1841
26	1842
27	1843
28	1844
29	1845
30	1846
31	1847
32	1849
33	1850
34	1851
35	1853
36	1854
37	1856
38	1858
39	1859
40	1861
41	1862
42	1864
43	1865
44	1866
45	1868
46	1869
47	1870
48	1871
49	1872
50	1874
51	1876
52	1877
53	1878
54	1879
55	1880
56	1881
57	1882
58	1883
59	1886
60	1887
61	1888
62	1889
63	1890
64	24668
65	24669
66	24670
67	24671
68	24672
69	24673
70	24674
71	24675
72	24676
