0	1
0	2
0	3
0	4
0	5
0	6
0	7
0	8
0	9
0	10
0	11
0	12
0	13
0	14
0	15
0	16
0	17
0	18
0	19
0	20
0	21
0	22
0	23
0	24
0	25
0	26
0	27
0	28
0	29
0	30
0	31
0	32
0	33
0	34
0	35
0	36
0	37
0	38
0	39
0	40
0	41
0	42
0	43
0	44
0	45
0	46
0	47
0	48
0	49
0	50
0	51
0	52
0	53
0	54
0	55
0	56
0	57
0	58
0	59
0	60
0	61
0	62
0	63
11	12
11	13
12	13
16	17
25	26
27	28
27	29
27	30
27	31
28	29
28	30
28	31
28	48
28	64
28	65
28	66
28	67
28	68
28	69
29	30
29	31
30	31
30	48
30	64
30	65
30	66
30	67
30	68
30	69
30	70
30	71
30	72
31	48
31	64
31	65
31	66
31	67
31	68
31	69
32	33
42	43
48	64
48	66
48	67
48	68
48	70
48	71
48	72
57	58
64	65
64	66
64	67
64	68
64	70
64	71
64	72
66	67
67	68
67	70
67	71
67	72
70	71
70	72
71	72
