0	893
1	14238
2	14239
3	23984
4	27504
5	27505
6	27506
7	27507
8	27508
9	27509
10	27510
11	27511
12	27512
13	27514
14	27515
15	27516
16	27517
17	27519
18	27520
19	27521
20	27522
21	27523
22	27524
23	27526
24	27527
25	27528
26	27529
27	27530
28	27531
29	27532
30	27533
31	27534
32	27535
33	27537
34	27538
35	27539
36	27540
37	27541
38	27542
39	27543
40	27544
41	27545
42	27546
43	27547
44	27548
45	27549
46	27550
47	27551
48	27552
49	27553
50	27554
51	27555
52	27556
53	27557
54	27558
55	27559
56	27560
57	27561
58	27562
59	27563
60	27564
61	27565
62	27566
63	27567
64	27568
65	27569
66	27571
67	27572
68	27573
69	27574
70	27576
71	27577
72	27578
73	27579
74	27580
75	27581
76	27582
77	27583
78	27584
79	27585
80	27586
81	27587
82	27588
83	27589
84	27590
85	27591
86	27592
87	27593
88	27594
89	27595
90	27596
91	27597
92	27598
93	27599
94	27601
95	27602
96	27603
97	27604
98	27605
99	27607
100	27608
101	27609
102	27610
103	27611
104	27612
105	27613
106	27614
107	27615
108	27616
109	27617
110	27618
111	27619
112	27620
113	27621
114	27622
115	27623
116	27624
117	27625
118	27626
119	27627
120	27628
121	27629
122	27630
123	27631
124	27632
125	27633
126	27634
127	27635
128	27636
129	27637
130	27638
131	27639
132	27640
133	27641
134	27642
135	27643
136	27644
137	27645
138	27646
139	27647
140	27648
141	27649
142	27650
143	27651
144	27652
145	27653
146	27654
147	27655
148	27656
149	27657
150	27658
151	27659
152	27660
153	27661
154	27662
155	27663
156	27664
157	27666
158	27667
159	27668
160	27669
161	27670
162	27671
163	27672
164	27673
165	27674
166	27675
167	27676
168	27677
169	27678
170	27680
171	27681
172	27682
173	27683
174	27684
175	27685
176	27686
177	27687
178	27688
179	27689
180	27690
181	27691
182	27692
183	27693
184	27694
185	27695
186	27696
187	27697
188	27698
189	27699
190	27700
191	27701
192	27702
193	27703
194	27704
195	27705
196	27706
197	27707
198	27708
199	27709
200	27710
201	27711
202	27712
203	27713
204	27714
205	27715
206	27716
207	27717
208	27718
209	27719
210	27720
211	27721
212	27722
213	27723
214	27724
215	27725
216	27726
217	27727
218	27728
219	27729
220	27730
221	27731
222	27732
223	27733
224	27735
225	27736
226	27737
227	27738
228	27739
229	27740
230	27741
231	27743
232	27745
233	27746
234	27748
235	27750
236	27751
237	27752
238	27753
239	27754
240	27755
241	27756
242	27757
243	27758
244	27759
245	27760
246	27761
247	27762
248	27765
249	27766
