893	14238
893	14239
893	23984
893	27504
893	27505
893	27506
893	27507
893	27508
893	27509
893	27510
893	27511
893	27512
893	27514
893	27515
893	27516
893	27517
893	27519
893	27520
893	27521
893	27522
893	27523
893	27524
893	27526
893	27527
893	27528
893	27529
893	27530
893	27531
893	27532
893	27533
893	27534
893	27535
893	27537
893	27538
893	27539
893	27540
893	27541
893	27542
893	27543
893	27544
893	27545
893	27546
893	27547
893	27548
893	27549
893	27550
893	27551
893	27552
893	27553
893	27554
893	27555
893	27556
893	27557
893	27558
893	27559
893	27560
893	27561
893	27562
893	27563
893	27564
893	27565
893	27566
893	27567
893	27568
893	27569
893	27571
893	27572
893	27573
893	27574
893	27576
893	27577
893	27578
893	27579
893	27580
893	27581
893	27582
893	27583
893	27584
893	27585
893	27586
893	27587
893	27588
893	27589
893	27590
893	27591
893	27592
893	27593
893	27594
893	27595
893	27596
893	27597
893	27598
893	27599
893	27601
893	27602
893	27603
893	27604
893	27605
893	27607
893	27608
893	27609
893	27610
893	27611
893	27612
893	27613
893	27614
893	27615
893	27616
893	27617
893	27618
893	27619
893	27620
893	27621
893	27622
893	27623
893	27624
893	27625
893	27626
893	27627
893	27628
893	27629
893	27630
893	27631
893	27632
893	27633
893	27634
893	27635
893	27636
893	27637
893	27638
893	27639
893	27640
893	27641
893	27642
893	27643
893	27644
893	27645
893	27646
893	27647
893	27648
893	27649
893	27650
893	27651
893	27652
893	27653
893	27654
893	27655
893	27656
893	27657
893	27658
893	27659
893	27660
893	27661
893	27662
893	27663
893	27664
893	27666
893	27667
893	27668
893	27669
893	27670
893	27671
893	27672
893	27673
893	27674
893	27675
893	27676
893	27677
893	27678
893	27680
893	27681
893	27682
893	27683
893	27684
893	27685
893	27686
893	27687
893	27688
893	27689
893	27690
893	27691
893	27692
893	27693
893	27694
893	27695
893	27696
893	27697
893	27698
893	27699
893	27700
893	27701
893	27702
893	27703
893	27704
893	27705
893	27706
893	27707
893	27708
893	27709
893	27710
893	27711
893	27712
893	27713
893	27714
893	27715
893	27716
893	27717
893	27718
893	27719
893	27720
893	27721
893	27722
893	27723
893	27724
893	27725
893	27726
893	27727
893	27728
893	27729
893	27730
893	27731
893	27732
893	27733
893	27735
893	27736
893	27737
893	27738
893	27739
893	27740
893	27741
893	27743
893	27745
893	27746
893	27748
893	27750
893	27751
893	27752
893	27753
893	27754
893	27755
893	27756
893	27757
893	27758
893	27759
893	27760
893	27761
893	27762
893	27765
893	27766
14238	14239
27505	27506
27505	27507
27506	27507
27522	27706
27592	27593
27627	27644
27642	27664
27649	27712
27668	27669
27690	27720
27690	27721
27720	27721
