1338	4985
1339	19151
1340	24624
1341	25501
1342	25503
1343	25504
1344	25505
1345	25510
1346	25515
1347	25516
1348	25517
1349	30073
1350	30074
1351	30075
1352	33489
1353	33518
1354	33490
1355	33491
1356	33492
1357	33493
1358	33494
1359	33495
1360	33496
1361	33497
1362	33498
1363	33499
1364	33500
1365	33501
1366	33502
1367	33503
1368	33504
1369	33505
1370	33506
1371	33507
1372	33508
1373	33509
1374	33510
1375	33511
1376	33512
1377	33513
1378	33514
1379	33515
1380	33516
1381	33517
1382	33519
1383	33520
1384	33521
1385	33522
1386	33523
1387	33524
1388	33525
1389	33526
1390	33527
1391	33528
1392	33529
1393	33530
1394	33531
1395	33532
1396	33533
1397	33534
1398	33535
1399	33536
1400	33551
