4985	19151
4985	24624
4985	25501
4985	25503
4985	25504
4985	25505
4985	25510
4985	25515
4985	25516
4985	25517
24624	30073
24624	30074
24624	30075
25504	25505
25504	33489
25504	33518
25505	33489
25515	25516
25515	25517
25516	25517
25516	33489
30073	30074
30073	30075
30074	30075
33489	33490
33489	33491
33489	33492
33489	33493
33489	33494
33489	33495
33489	33496
33489	33497
33489	33498
33489	33499
33489	33500
33489	33501
33489	33502
33489	33503
33489	33504
33489	33505
33489	33506
33489	33507
33489	33508
33489	33509
33489	33510
33489	33511
33489	33512
33489	33513
33489	33514
33489	33515
33489	33516
33489	33517
33489	33518
33489	33519
33489	33520
33489	33521
33489	33522
33489	33523
33489	33524
33489	33525
33489	33526
33489	33527
33489	33528
33489	33529
33489	33530
33489	33531
33489	33532
33489	33533
33489	33534
33489	33535
33489	33536
33494	33514
33495	33509
33495	33522
33497	33498
33515	33551
33530	33535
