509	24195
509	24196
509	24200
509	24201
509	24206
509	24208
509	24209
509	24213
509	24218
509	24219
509	24222
509	24223
509	24225
509	24227
509	24230
509	24233
509	24234
509	24236
509	24238
509	24239
509	24240
509	24244
509	24245
509	24246
509	24247
509	24248
509	24253
509	24255
509	24258
509	24261
509	24262
509	24263
509	24265
509	24266
509	24271
509	24272
509	24275
509	24276
509	24278
509	24283
509	24285
509	24286
509	24287
509	24289
509	24290
509	24291
509	24293
509	24294
509	24295
509	24296
509	24297
509	24299
509	24304
509	24305
509	24307
509	24312
509	24313
509	24316
509	24317
509	24318
509	24319
509	24320
509	24322
509	24324
509	24330
509	24332
509	24333
509	24335
509	24336
509	24340
509	24341
509	24342
509	24345
509	24346
509	24351
509	24352
509	24353
509	24360
509	24361
509	24363
509	24364
509	24365
509	24366
509	24367
509	24368
509	24370
509	24371
509	24373
509	24375
509	24378
509	24379
509	24380
509	24381
509	24382
509	24385
24195	24196
24196	28786
24196	28787
24233	28750
24233	28751
24233	28752
24245	24258
24285	24286
24289	24290
24289	24291
24290	24291
24295	24296
24312	28788
24312	28789
24312	28790
24312	28791
24312	28792
24332	24333
24366	28763
28750	28751
28750	28752
28751	28752
28786	28787
28788	28789
28788	28790
28788	28791
28788	28792
28788	29443
28788	29444
28789	28790
28789	28791
28789	28792
28790	28791
28790	28792
28791	28792
28791	29443
28791	29444
29443	29444
