13079	13080
13079	13084
13079	13091
13079	13092
13078	13082
13078	13093
13078	13094
13069	13072
13069	13073
13069	13070
13080	13091
13080	13092
13071	13085
13071	13075
13081	13082
13081	13083
13081	13089
13081	13090
13082	13093
13082	13094
13083	13085
13083	13089
13083	13090
13073	13083
13084	13086
13084	13087
13074	13085
13074	13088
13070	13072
13086	13087
13086	13088
13087	13088
13075	13085
13068	13081
13068	13089
13068	13077
13076	13083
13076	13085
13089	13090
13091	13092
13077	13081
13093	13094
