16221	38911
16398	27286
16398	38858
16398	38938
16398	38939
22555	34501
22555	38943
22555	38944
22555	39557
27029	31364
27029	34546
27029	36850
27029	38857
27029	38864
27029	38865
27286	38938
27286	38939
31356	36850
31400	38875
34493	34494
34493	38851
34493	38861
34493	38886
34500	34501
34500	34549
34500	38911
34500	38923
34500	38924
34500	38941
34501	38943
34501	38944
34546	38864
34549	38857
34549	38861
34549	38922
34549	38923
34549	38924
38852	38859
38852	38864
38855	38857
38858	38881
38858	38882
38859	38864
38860	38861
38860	38883
38861	38886
38861	38922
38864	38875
38881	38882
38881	38883
38882	38883
38911	38923
38911	38941
38923	38924
38938	38939
38943	38944
