13653	13654
13653	13655
13653	13656
13653	13657
13653	13658
13653	13659
13653	13660
13653	13661
13653	13662
13653	13663
13654	13655
13654	13656
13654	13657
13654	13658
13654	13659
13654	13660
13654	13661
13654	13662
13654	13663
13655	13656
13655	13657
13655	13658
13655	13659
13655	13660
13655	13661
13655	13662
13655	13663
13656	13657
13656	13658
13656	13659
13656	13660
13656	13661
13656	13662
13656	13663
13657	13658
13657	13659
13657	13660
13657	13661
13657	13662
13657	13663
13658	13659
13658	13660
13658	13661
13658	13662
13658	13663
13659	13660
13659	13661
13659	13662
13659	13663
13660	13661
13660	13662
13660	13663
13661	13662
13661	13663
13662	13663
13652	13655
13652	13657
13652	13663
