981	1982
981	10382
981	10385
981	10386
981	10387
981	10388
981	10389
981	10390
981	10391
981	10392
981	10393
981	10395
981	10396
981	10399
981	10400
981	10401
981	10402
981	10403
981	10404
981	10405
981	10407
981	10408
981	10409
981	10410
981	10411
981	10414
981	10415
981	10416
981	10417
981	10419
981	10420
981	10421
981	10423
981	10424
981	10426
981	10427
981	10429
981	10430
981	10431
981	10435
981	10436
981	10437
981	10441
981	10442
981	10443
981	10445
981	10446
10385	10386
10385	10387
10385	10393
10385	10442
10385	10443
10385	32890
10386	10387
10386	32890
10387	32890
10388	10389
10390	10391
10414	10415
10414	10416
10414	10417
10415	10416
10415	10417
10416	10417
10442	10443
