0	29
0	32
0	2
0	17
0	113
0	24
0	116
0	97
0	36
0	37
0	26
0	81
0	108
0	61
0	114
0	107
0	69
0	13
0	8
0	1
0	72
0	63
0	10
0	23
0	31
0	78
0	111
0	4
0	47
0	12
0	34
0	42
0	67
0	5
0	3
1	72
1	5
1	2
1	17
1	11
1	113
1	24
1	48
1	6
1	83
1	9
1	10
1	97
1	23
1	36
1	78
1	108
1	61
1	25
1	39
1	40
0	48
0	6
0	7
0	11
0	83
0	68
0	27
0	82
0	106
0	120
0	100
47	72
47	106
47	66
29	47
29	32
29	67
29	42
29	63
29	97
29	82
29	106
29	100
29	78
29	61
29	50
29	57
29	59
72	83
72	78
72	114
72	79
72	84
72	85
72	86
72	87
72	88
72	89
72	90
72	91
72	92
72	93
72	94
72	95
72	96
32	34
32	67
32	42
32	82
32	106
32	100
32	61
32	33
0	28
34	42
34	113
34	116
34	81
34	108
34	109
34	111
34	110
34	35
67	120
67	116
67	97
67	81
67	109
67	105
0	110
42	47
42	72
42	67
42	63
42	68
42	48
42	120
42	78
42	43
42	44
42	45
42	46
0	105
5	29
5	72
5	32
5	67
5	42
5	63
5	7
5	11
5	27
5	24
5	6
5	83
5	120
5	10
5	97
5	23
5	37
5	8
5	61
0	109
2	29
2	32
2	42
2	5
2	63
2	7
2	68
2	11
2	3
2	27
2	24
2	48
2	6
2	83
2	12
2	9
2	120
2	116
2	10
2	97
2	23
2	36
17	72
17	63
17	113
17	24
17	48
17	83
17	116
17	108
17	109
17	114
17	111
17	110
17	18
17	19
17	20
17	21
63	68
63	120
63	64
63	65
0	9
7	32
7	34
7	67
7	17
7	13
7	11
7	113
7	27
7	24
7	9
7	120
7	97
7	81
7	8
7	109
7	61
13	47
13	29
13	72
13	67
13	42
13	17
13	63
13	27
13	24
13	48
13	120
13	23
13	36
13	78
13	26
13	38
4	29
4	34
4	68
4	106
4	31
68	72
68	120
68	114
68	69
68	70
68	71
68	73
68	74
68	84
68	85
68	86
68	88
68	89
68	90
68	93
68	95
68	118
68	119
11	32
11	120
11	97
11	28
11	109
11	61
11	14
11	16
3	47
3	29
3	32
3	67
3	42
3	5
3	7
3	4
3	11
3	27
3	120
3	97
3	36
3	82
3	106
3	28
3	100
113	116
113	114
27	67
27	63
27	68
27	48
27	83
27	120
27	97
27	36
27	106
27	28
27	109
27	30
27	62
27	80
24	72
24	42
24	63
24	68
24	27
24	48
24	83
24	97
24	37
24	78
24	108
24	105
24	50
24	75
24	76
24	77
48	72
48	67
48	63
48	120
48	78
48	61
48	114
48	49
48	50
48	51
48	52
6	29
6	72
6	67
6	42
6	17
6	63
6	7
6	13
6	68
6	11
6	27
6	24
6	48
6	83
6	9
6	120
6	10
6	23
6	36
6	37
6	78
6	109
6	20
6	38
6	56
6	57
6	58
83	120
83	97
83	109
12	47
12	17
12	81
12	25
12	35
12	74
9	17
9	113
9	24
9	48
9	83
9	26
9	39
116	117
10	29
10	32
10	34
10	67
10	11
10	113
10	97
10	23
10	26
10	81
10	61
10	14
10	15
10	16
10	41
97	120
97	106
97	100
97	109
97	105
97	98
97	99
23	29
23	72
23	34
23	67
23	42
23	24
23	120
23	97
23	37
23	81
23	108
23	33
36	72
36	63
36	48
36	83
36	120
36	97
36	78
36	61
36	52
36	53
36	54
36	55
82	106
82	100
82	105
82	98
82	117
106	120
31	47
31	67
31	116
31	106
28	67
28	120
28	97
28	82
28	106
28	100
28	105
28	99
28	101
28	102
28	103
28	104
100	120
100	105
100	101
100	102
100	103
100	104
37	67
37	97
37	81
78	120
78	79
26	72
26	32
26	67
26	42
26	83
26	120
26	97
26	36
26	82
26	100
26	61
26	105
26	76
81	97
81	107
81	92
108	113
108	116
108	109
108	114
108	111
108	110
8	34
8	11
8	10
8	15
109	113
109	120
109	116
109	114
109	111
109	110
61	83
61	120
61	97
61	78
61	109
61	62
114	116
114	115
105	120
107	116
107	108
107	109
107	114
111	113
111	116
111	114
111	112
69	72
69	70
69	71
69	77
69	87
69	91
69	94
69	118
69	119
110	113
110	116
110	114
110	111
18	83
19	108
20	83
21	108
22	47
22	42
22	69
30	36
40	113
41	113
43	63
44	47
45	47
46	78
49	63
50	78
50	61
51	63
53	120
54	97
55	114
56	72
58	72
58	68
59	100
60	83
60	61
64	78
65	78
66	78
70	72
73	100
75	83
80	97
96	114
112	113
115	116
