2572	11852
2573	13152
2574	13153
2575	13154
2576	13155
2577	13156
2578	13157
2579	13158
2580	13159
2581	13160
2582	13161
2583	13162
2584	13163
2585	13164
2586	13165
2587	13166
2588	13167
2589	13168
2590	13169
2591	13170
2592	13171
2593	13172
2594	13173
2595	13174
2596	13175
2597	13176
2598	13177
2599	13178
2600	13179
2601	13180
2602	13181
2603	13182
2604	13183
2605	13184
2606	13185
2607	13186
2608	13187
2609	13188
2610	13189
2611	13190
2612	13191
2613	13192
2614	13193
2615	13194
2616	13195
2617	13196
2618	13197
2619	13198
2620	13199
2621	13200
2622	13201
2623	13202
2624	13203
2625	13204
2626	13205
2627	13206
2628	13207
2629	13208
2630	13209
2631	13210
2632	13211
2633	13212
2634	13213
2635	13214
2636	13215
2637	13216
2638	13217
2639	13218
2640	13219
2641	13220
2642	13221
2643	13222
2644	13223
2645	13224
2646	13225
2647	13226
2648	13227
2649	13228
2650	13229
2651	13230
2652	13231
2653	13232
2654	13233
2655	13234
2656	13235
2657	13236
2658	13237
2659	13238
2660	13239
2661	13240
2662	13241
2663	13242
2664	13243
2665	13244
2666	13245
2667	13246
2668	13247
2669	13248
2670	13249
2671	13250
2672	36952
2673	36953
2674	36954
2675	32587
2676	32588
2677	32589
