11852	13152
11852	13153
11852	13154
11852	13155
11852	13156
11852	13157
11852	13158
11852	13159
11852	13160
11852	13161
11852	13162
11852	13163
11852	13164
11852	13165
11852	13166
11852	13167
11852	13168
11852	13169
11852	13170
11852	13171
11852	13172
11852	13173
11852	13174
11852	13175
11852	13176
11852	13177
11852	13178
11852	13179
11852	13180
11852	13181
11852	13182
11852	13183
11852	13184
11852	13185
11852	13186
11852	13187
11852	13188
11852	13189
11852	13190
11852	13191
11852	13192
11852	13193
11852	13194
11852	13195
11852	13196
11852	13197
11852	13198
11852	13199
11852	13200
11852	13201
11852	13202
11852	13203
11852	13204
11852	13205
11852	13206
11852	13207
11852	13208
11852	13209
11852	13210
11852	13211
11852	13212
11852	13213
11852	13214
11852	13215
11852	13216
11852	13217
11852	13218
11852	13219
11852	13220
11852	13221
11852	13222
11852	13223
11852	13224
11852	13225
11852	13226
11852	13227
11852	13228
11852	13229
11852	13230
11852	13231
11852	13232
11852	13233
11852	13234
11852	13235
11852	13236
11852	13237
11852	13238
11852	13239
11852	13240
11852	13241
11852	13242
11852	13243
11852	13244
11852	13245
11852	13246
11852	13247
11852	13248
11852	13249
11852	13250
13192	36952
13192	36953
13192	36954
13221	32587
13221	32588
32588	32589
36952	36953
36952	36954
36953	36954
