1433	17591
1433	17592
1433	17593
1433	17594
1433	17595
1433	17598
1433	17600
1433	17610
1433	17611
1433	17612
1433	17613
1433	17614
1433	17615
1433	17616
1433	17617
1433	17618
1433	17619
1433	17620
1433	17621
1433	17622
1433	17623
1433	17624
1433	17625
1433	17626
1433	17627
1433	17631
1433	17632
1433	17633
1433	17635
1433	17636
1433	17638
1433	17639
1433	17640
1433	17644
1433	17646
1433	17649
1433	17650
1433	17654
1433	17655
1433	17656
1433	17657
1433	17658
1433	17659
1433	17664
1433	17667
1433	17670
1433	17677
1433	17680
1433	17681
1433	17688
1433	17689
1433	17699
1433	17700
1433	17701
1433	17703
1433	17704
1433	17706
1433	17710
1433	17712
1433	17714
1433	17716
1433	17717
1433	17718
1433	17726
1433	17727
1433	17729
1433	17731
17594	17621
17594	17625
17594	17636
17594	17650
17594	33521
17595	17670
17595	17706
17595	33525
17595	33526
17595	33527
17595	33528
17595	33529
17600	17616
17610	33538
17610	33539
17610	33540
17610	33541
17610	33542
17610	33543
17610	33544
17610	33545
17610	33546
17610	33547
17610	33548
17618	17638
17621	17625
17621	17632
17621	17636
17621	17650
17621	33521
17621	33522
17621	33523
17626	33549
17632	33522
17632	33523
17636	33521
17655	17688
17658	17659
17670	33525
17670	33526
17717	33562
17717	33563
17717	33564
17726	17727
17726	33559
17727	33559
33522	33523
33525	33526
33527	33528
33527	33529
33528	33529
33538	33539
33540	33541
33540	33542
33541	33542
33543	33544
33543	33545
33544	33545
33546	33547
33546	33548
33547	33548
33562	33563
33562	33564
33563	33564
