627	790
628	13389
629	16088
630	16310
631	16314
632	16318
633	16321
634	16325
635	16327
636	16330
637	16333
638	16334
639	16335
640	16337
641	16338
642	16340
643	16344
644	16352
645	16354
646	16355
647	16357
648	16358
649	16363
650	16364
651	16365
652	16368
653	16369
654	16371
655	16372
656	16374
657	16378
658	16379
659	16381
660	16382
661	16385
662	16386
663	16391
664	16394
665	16396
666	16403
667	16404
668	16405
669	16409
670	16414
671	16416
672	16417
673	16418
674	16421
675	16424
676	16425
677	16426
678	16427
679	16428
680	16429
681	16430
682	16431
683	16432
684	16437
685	16438
686	16439
687	16444
688	16446
689	16447
690	16450
691	16451
692	16455
693	16458
694	16464
695	16465
696	16467
697	16468
698	16469
699	16470
700	16472
701	16473
702	16474
703	16475
704	16476
705	16480
706	16481
707	16482
708	16484
709	16485
710	16487
711	16488
712	16490
713	16491
714	16492
715	16493
716	16494
717	16495
718	16496
719	16497
720	16498
721	16499
722	16503
723	16504
724	16505
725	16506
726	16507
727	16509
728	16513
729	16514
730	16515
731	16516
732	16517
733	16519
734	16521
735	16522
736	16523
737	16528
738	16531
739	16532
740	16533
741	16534
742	16089
743	16090
744	16091
745	16092
746	16254
747	30444
