3229	25953
3229	25954
3229	25955
3229	25957
3229	25958
3229	25959
3229	25960
3229	25963
3229	25964
3229	25965
3229	25966
3229	25967
3229	25968
3229	25969
3229	25970
3229	25971
3229	25972
3229	25973
3229	25975
3229	25976
3229	25978
3229	25979
3229	25980
3229	25981
3229	25982
3229	25983
3229	25984
3229	25987
3229	25988
3229	25989
3229	25990
3229	25992
3229	25994
3229	25995
3229	25996
3229	25997
3229	25998
3229	25999
3229	26000
3229	26001
25953	25954
25957	25958
25965	25978
25965	25979
25969	25970
25969	25971
25970	25971
25978	25979
25982	25983
25982	33372
25996	25997
33371	33372
33372	33373
