2980	5989
5989	8087
5989	14615
5989	16611
5989	21843
5989	21845
5989	21846
5989	21847
5989	21848
5989	21849
5989	21850
5989	21851
5989	21854
5989	21855
5989	21856
5989	21857
5989	21858
5989	21859
5989	21860
5989	21861
5989	21862
5989	21864
5989	21865
5989	21867
5989	21868
5989	21869
5989	21870
5989	21871
5989	21872
5989	21873
5989	21874
5989	21875
5989	21876
5989	21877
5989	21878
5989	21879
5989	21880
5989	21881
8087	22876
8087	22877
21843	21845
21843	21846
21843	21849
21843	21860
21843	21872
21845	21846
21845	21860
21846	21849
21854	28051
21854	28052
21854	28053
21859	21860
21859	21861
21860	21861
21867	28135
21867	28136
21867	28137
21876	21880
21876	21881
21877	22876
28051	28052
28051	28053
28052	28053
28135	28136
28135	28137
28136	28137
