17287	20212
17287	20744
17287	20748
17287	20751
20212	20213
20212	20214
20212	20215
20212	20216
20212	20217
20213	20748
20213	20749
20213	20751
20214	20219
20214	20220
20215	20751
20215	23605
20215	23606
20215	23607
20216	20742
20216	20745
20217	20741
20217	20748
20217	20752
20217	20759
20219	20220
20741	20742
20744	20745
20745	29349
20748	28162
20748	28163
20748	28164
20759	25062
23607	35367
23607	35368
23607	35369
26785	26786
26785	26787
26785	26788
26786	26787
26786	26788
26786	29349
26788	29349
35367	35369
35368	35553
35552	35553
35552	35554
35553	35554
