10516	10575
10516	10589
10516	10590
10516	10755
10516	11631
10516	22253
10575	27939
10575	27940
10575	27941
10589	10590
10589	18323
10590	17560
10723	23084
10723	24961
10723	37433
10755	12535
10755	12536
11631	13010
11631	21847
12535	12536
13010	30818
14259	21847
14259	32184
17560	17561
17560	27893
17561	27893
17561	27894
18323	23083
18323	23084
18323	23086
18323	23087
21847	26473
23083	23084
23083	23086
23083	42720
23084	23086
23084	23087
27893	27894
27939	27940
27939	27941
27940	27941
32184	41836
32184	41837
32184	41838
