603	764
604	6791
605	11347
606	11349
607	11350
608	11351
609	11352
610	11353
611	11354
612	11355
613	11360
614	11361
615	11362
616	11363
617	11364
618	11366
619	11367
620	11372
621	11374
622	11375
623	11377
624	11379
625	11380
626	11381
627	11385
628	11386
629	11387
630	11388
631	11389
632	11390
633	11392
634	11393
635	11394
636	11395
637	11398
638	11399
639	11400
640	11402
641	11403
642	11408
643	11410
644	11411
645	11413
646	11416
647	11419
648	32965
649	32966
650	32967
651	32968
652	32963
653	32958
654	32959
655	32960
656	32961
657	32962
658	32969
659	32970
660	32971
661	32972
662	32964
