227	1625
228	3789
229	3803
230	3945
231	4047
232	6046
233	7926
234	7933
235	7993
236	8132
237	8133
238	8134
239	13261
240	15545
241	15628
242	22923
243	26398
244	26399
245	26400
246	26402
247	26403
248	26404
249	26405
250	26406
251	26407
252	26408
253	26409
254	26410
255	26411
256	26412
257	26413
258	26414
259	26416
260	26417
261	26418
262	26420
263	26421
264	26424
265	26426
266	26427
267	26429
268	26430
269	26432
270	26433
271	26434
272	26436
273	26437
274	26438
275	26439
276	26440
277	26442
278	26444
279	26445
280	26446
281	26447
282	26448
283	26449
284	26450
285	26451
286	26454
287	26455
288	26456
289	26457
290	26458
291	30116
292	30117
293	30118
294	30119
295	30123
296	30124
297	30120
298	30121
299	30122
