1625	3789
1625	3803
1625	3945
1625	4047
1625	6046
1625	7926
1625	7933
1625	7993
1625	8132
1625	8133
1625	8134
1625	13261
1625	15545
1625	15628
1625	22923
1625	26398
1625	26399
1625	26400
1625	26402
1625	26403
1625	26404
1625	26405
1625	26406
1625	26407
1625	26408
1625	26409
1625	26410
1625	26411
1625	26412
1625	26413
1625	26414
1625	26416
1625	26417
1625	26418
1625	26420
1625	26421
1625	26424
1625	26426
1625	26427
1625	26429
1625	26430
1625	26432
1625	26433
1625	26434
1625	26436
1625	26437
1625	26438
1625	26439
1625	26440
1625	26442
1625	26444
1625	26445
1625	26446
1625	26447
1625	26448
1625	26449
1625	26450
1625	26451
1625	26454
1625	26455
1625	26456
1625	26457
1625	26458
8132	8133
8132	8134
8133	8134
26398	26399
26408	26409
26410	26411
26410	26412
26410	26413
26410	26414
26411	26412
26411	26413
26411	26414
26411	26439
26411	30116
26411	30117
26411	30118
26411	30119
26411	30123
26411	30124
26412	26413
26412	26414
26413	26414
26413	26439
26413	30116
26413	30117
26413	30118
26413	30119
26413	30120
26413	30121
26413	30122
26413	30123
26413	30124
26414	26439
26414	30116
26414	30117
26414	30118
26414	30119
26414	30123
26414	30124
26416	26417
26432	26433
26439	30116
26439	30118
26439	30119
26439	30120
26439	30121
26439	30122
26439	30123
26450	26451
30116	30117
30116	30118
30116	30119
30116	30120
30116	30121
30116	30122
30116	30123
30118	30119
30119	30120
30119	30121
30119	30122
30119	30123
30120	30121
30120	30122
30121	30122
