1	1029
2	18196
3	18200
4	18201
5	18202
6	18204
7	18205
8	18214
9	18223
10	18226
11	18227
12	18228
13	18229
14	18230
15	18231
16	18232
17	18237
18	18240
19	18241
20	18242
21	18243
22	18244
23	18245
24	18247
25	18250
26	18251
27	18253
28	18254
29	18256
30	18257
31	18261
32	18262
33	18267
34	18268
35	18269
36	18271
37	18272
38	18282
39	18283
40	18284
41	18285
42	18286
43	18287
44	18288
45	18290
46	18293
47	18294
48	18295
49	18298
50	18299
51	18302
52	18304
53	18307
54	18310
55	18311
56	18314
57	18315
58	18319
59	18323
60	18330
61	18333
62	18334
63	18336
64	18343
65	18346
66	18347
67	18351
68	18352
69	18357
70	18359
71	18361
72	18363
73	18367
74	18369
75	18370
76	18371
77	18372
78	18374
79	18376
80	18377
81	18380
82	18385
83	18394
84	18396
85	18397
86	18398
87	18399
88	18405
89	18406
90	18413
91	18414
92	18416
93	18417
94	18420
95	18421
96	18422
97	18423
98	18425
99	18426
100	18427
101	18428
102	18429
103	18431
104	18433
105	18438
106	18439
107	18440
108	18443
109	18444
110	18445
111	18447
112	18449
113	18450
114	18451
115	18453
116	18461
117	18463
118	18468
119	18469
120	18471
121	18476
122	18477
123	18481
124	18482
125	18484
126	18487
127	18488
128	18489
129	18493
130	18497
131	18500
132	18501
133	18502
134	18507
135	18510
136	18512
137	18513
138	29405
139	29406
140	29413
141	29414
142	29415
143	29416
144	29391
145	29392
146	29393
147	29394
148	29395
