1029	18196
1029	18200
1029	18201
1029	18202
1029	18204
1029	18205
1029	18214
1029	18223
1029	18226
1029	18227
1029	18228
1029	18229
1029	18230
1029	18231
1029	18232
1029	18237
1029	18240
1029	18241
1029	18242
1029	18243
1029	18244
1029	18245
1029	18247
1029	18250
1029	18251
1029	18253
1029	18254
1029	18256
1029	18257
1029	18261
1029	18262
1029	18267
1029	18268
1029	18269
1029	18271
1029	18272
1029	18282
1029	18283
1029	18284
1029	18285
1029	18286
1029	18287
1029	18288
1029	18290
1029	18293
1029	18294
1029	18295
1029	18298
1029	18299
1029	18302
1029	18304
1029	18307
1029	18310
1029	18311
1029	18314
1029	18315
1029	18319
1029	18323
1029	18330
1029	18333
1029	18334
1029	18336
1029	18343
1029	18346
1029	18347
1029	18351
1029	18352
1029	18357
1029	18359
1029	18361
1029	18363
1029	18367
1029	18369
1029	18370
1029	18371
1029	18372
1029	18374
1029	18376
1029	18377
1029	18380
1029	18385
1029	18394
1029	18396
1029	18397
1029	18398
1029	18399
1029	18405
1029	18406
1029	18413
1029	18414
1029	18416
1029	18417
1029	18420
1029	18421
1029	18422
1029	18423
1029	18425
1029	18426
1029	18427
1029	18428
1029	18429
1029	18431
1029	18433
1029	18438
1029	18439
1029	18440
1029	18443
1029	18444
1029	18445
1029	18447
1029	18449
1029	18450
1029	18451
1029	18453
1029	18461
1029	18463
1029	18468
1029	18469
1029	18471
1029	18476
1029	18477
1029	18481
1029	18482
1029	18484
1029	18487
1029	18488
1029	18489
1029	18493
1029	18497
1029	18500
1029	18501
1029	18502
1029	18507
1029	18510
1029	18512
1029	18513
18201	18488
18201	18489
18204	18423
18204	18425
18204	18426
18204	18427
18204	18447
18204	18468
18204	18469
18228	18229
18243	18287
18243	18288
18282	18283
18282	18284
18282	18285
18283	18284
18283	18285
18284	18285
18287	18288
18298	18299
18298	18399
18298	18451
18298	29405
18298	29406
18299	18399
18302	29413
18302	29414
18302	29415
18302	29416
18307	18376
18307	18377
18370	18416
18376	18377
18396	18397
18396	18398
18396	18399
18397	18398
18397	18399
18397	29391
18397	29392
18397	29393
18398	18399
18398	29394
18398	29395
18405	18406
18423	18427
18425	18426
18425	18447
18451	29405
18451	29406
18468	18469
18488	18489
29391	29392
29391	29393
29392	29393
29394	29395
29405	29406
29413	29414
29413	29415
29413	29416
29414	29415
29414	29416
29415	29416
