375	6913
375	20229
375	20232
375	20233
375	20234
375	20237
375	20239
375	20240
375	20241
375	20242
375	20245
375	20246
375	20247
375	20250
375	20251
375	20252
375	20253
375	20255
375	20256
375	20257
375	20258
375	20260
375	20261
375	20262
375	20263
375	20264
375	20265
375	20266
375	20267
375	20268
375	20269
375	20270
375	20271
375	20272
375	20273
375	20274
375	20275
375	20276
375	20277
375	20278
375	20279
375	20280
375	20281
375	20282
375	20283
375	20284
375	20285
375	20286
375	20287
375	20288
375	20289
375	20290
375	20291
375	20292
375	20293
375	20296
375	20298
375	20299
375	20302
375	20303
375	20304
375	20305
375	20306
375	20307
375	20308
375	20309
375	20310
375	20311
375	20312
375	20313
375	20315
375	20316
375	20317
375	20319
375	20320
375	20323
375	20324
375	20326
375	20327
375	20329
375	20330
375	20332
375	20333
375	20334
375	20335
375	20336
20255	20288
20273	20287
20287	28125
