67	163
68	12762
69	15461
70	15683
71	15687
72	15691
73	15694
74	15698
75	15700
76	15703
77	15706
78	15707
79	15708
80	15710
81	15711
82	15713
83	15717
84	15725
85	15727
86	15728
87	15730
88	15731
89	15736
90	15737
91	15738
92	15741
93	15742
94	15744
95	15745
96	15747
97	15751
98	15752
99	15754
100	15755
101	15758
102	15759
103	15764
104	15767
105	15769
106	15776
107	15777
108	15778
109	15782
110	15787
111	15789
112	15790
113	15791
114	15794
115	15797
116	15798
117	15799
118	15800
119	15801
120	15802
121	15803
122	15804
123	15805
124	15810
125	15811
126	15812
127	15817
128	15819
129	15820
130	15823
131	15824
132	15828
133	15831
134	15837
135	15838
136	15840
137	15841
138	15842
139	15843
140	15845
141	15846
142	15847
143	15848
144	15849
145	15853
146	15854
147	15855
148	15857
149	15858
150	15860
151	15861
152	15863
153	15864
154	15865
155	15866
156	15867
157	15868
158	15869
159	15870
160	15871
161	15872
162	15876
163	15877
164	15878
165	15879
166	15880
167	15882
168	15886
169	15887
170	15888
171	15889
172	15890
173	15892
174	15894
175	15895
176	15896
177	15901
178	15904
179	15905
180	15906
181	15907
182	15462
183	15463
184	15464
185	15465
186	15627
187	29817
