163	12762
163	15461
163	15683
163	15687
163	15691
163	15694
163	15698
163	15700
163	15703
163	15706
163	15707
163	15708
163	15710
163	15711
163	15713
163	15717
163	15725
163	15727
163	15728
163	15730
163	15731
163	15736
163	15737
163	15738
163	15741
163	15742
163	15744
163	15745
163	15747
163	15751
163	15752
163	15754
163	15755
163	15758
163	15759
163	15764
163	15767
163	15769
163	15776
163	15777
163	15778
163	15782
163	15787
163	15789
163	15790
163	15791
163	15794
163	15797
163	15798
163	15799
163	15800
163	15801
163	15802
163	15803
163	15804
163	15805
163	15810
163	15811
163	15812
163	15817
163	15819
163	15820
163	15823
163	15824
163	15828
163	15831
163	15837
163	15838
163	15840
163	15841
163	15842
163	15843
163	15845
163	15846
163	15847
163	15848
163	15849
163	15853
163	15854
163	15855
163	15857
163	15858
163	15860
163	15861
163	15863
163	15864
163	15865
163	15866
163	15867
163	15868
163	15869
163	15870
163	15871
163	15872
163	15876
163	15877
163	15878
163	15879
163	15880
163	15882
163	15886
163	15887
163	15888
163	15889
163	15890
163	15892
163	15894
163	15895
163	15896
163	15901
163	15904
163	15905
163	15906
163	15907
15461	15462
15461	15463
15461	15464
15461	15465
15461	15627
15461	15810
15461	15811
15461	15812
15462	15463
15462	15464
15462	15465
15463	15464
15463	15465
15464	15465
15799	15800
15800	29817
15804	15805
15810	15811
15810	15812
15811	15812
15847	15848
15886	15887
15886	15888
15886	15889
15887	15888
15887	15889
15888	15889
