8390	8486
8390	8571
8390	8705
8390	8823
8390	9091
8486	8625
8486	8705
8486	31498
8486	31499
8486	31500
8486	31501
8486	31502
8486	31503
8486	31504
8486	31505
8486	31506
8486	31507
8486	31508
8571	31720
8571	31721
8571	31722
8625	8705
8625	31185
8625	31186
8672	8705
8672	9091
8705	9091
8705	31509
8705	31510
8705	31511
31185	31186
31498	31499
31498	31500
31498	31501
31499	31500
31499	31501
31500	31501
31501	31502
31501	31504
31501	31505
31501	31506
31501	31507
31501	31508
31502	31503
31502	31504
31502	31505
31502	31506
31502	31507
31502	31508
31503	31504
31504	31505
31504	31506
31504	31507
31504	31508
31505	31506
31505	31507
31505	31508
31506	31507
31506	31508
31507	31508
31509	31510
31509	31511
31510	31511
31720	31721
31720	31722
31721	31722
