3303	11231
3303	11234
3303	11235
3303	11254
3303	11255
3303	11256
3303	11257
3303	11267
3303	11269
3303	11270
3303	11271
3303	11272
3303	11280
3303	11282
3303	11290
3303	11300
3303	11309
3303	11310
3303	11311
3303	11312
3303	11314
3303	11315
3303	11320
3303	11321
3303	11323
3303	11326
3303	11333
3303	11338
3303	11340
3303	11341
3303	11342
3303	11348
3303	11357
3303	11359
3303	11360
3303	11362
3303	11363
3303	11366
3303	11367
3303	11368
3303	11374
3303	11379
3303	11389
11231	32987
11231	32988
11231	32989
11270	11271
11270	11272
11271	11272
11309	11310
11309	11311
11309	11312
11310	11311
11310	11312
11311	11312
11366	11367
11366	11368
11367	11368
32987	32988
32987	32989
32988	32989
