199	1339
200	14250
201	14263
202	14268
203	14272
204	14275
205	14278
206	14279
207	14287
208	14290
209	14296
210	14299
211	14300
212	14303
213	14304
214	14319
215	14320
216	14321
217	14323
218	14326
219	14327
220	14331
221	14332
222	14336
223	14345
224	14346
225	14347
226	14352
227	14374
228	14378
229	14384
230	14385
231	14395
232	14396
233	14397
234	14402
235	14403
236	14406
237	14407
238	14408
239	14414
240	14418
241	14429
242	14435
243	14436
244	14446
245	14450
246	14452
247	14454
248	14455
249	14457
250	14459
251	14460
252	14461
253	14462
254	14466
255	14468
256	14469
257	14473
258	14478
259	14483
260	14500
261	14501
262	14502
263	14511
264	14513
265	14519
266	14521
267	14523
268	14527
269	14531
270	14533
271	14537
272	14540
273	14543
274	14544
275	14545
276	14546
277	14547
278	14549
279	14550
280	14558
281	14559
282	14560
283	14561
284	14573
285	14574
286	14576
287	14577
288	14580
289	14581
290	14583
291	14587
292	14596
293	14597
294	14599
295	14613
296	14614
297	14615
298	14623
299	14624
300	14625
301	14628
302	14629
303	14630
304	14633
305	14634
306	14649
307	14652
308	14661
309	14665
310	14669
311	14672
312	14676
313	14677
314	14678
315	14679
316	14684
317	14700
318	14701
319	14703
320	32548
321	32549
322	32550
323	32556
324	32557
325	32558
326	32539
327	32540
328	32526
329	32527
330	32528
331	32529
332	32533
333	32534
334	32535
335	32568
336	32569
337	32570
338	32571
339	29207
340	32246
341	32559
342	32560
343	32561
344	32586
345	32596
346	32597
347	32598
348	29206
349	29214
350	32530
351	32531
352	32532
353	32585
