1339	14250
1339	14263
1339	14268
1339	14272
1339	14275
1339	14278
1339	14279
1339	14287
1339	14290
1339	14296
1339	14299
1339	14300
1339	14303
1339	14304
1339	14319
1339	14320
1339	14321
1339	14323
1339	14326
1339	14327
1339	14331
1339	14332
1339	14336
1339	14345
1339	14346
1339	14347
1339	14352
1339	14374
1339	14378
1339	14384
1339	14385
1339	14395
1339	14396
1339	14397
1339	14402
1339	14403
1339	14406
1339	14407
1339	14408
1339	14414
1339	14418
1339	14429
1339	14435
1339	14436
1339	14446
1339	14450
1339	14452
1339	14454
1339	14455
1339	14457
1339	14459
1339	14460
1339	14461
1339	14462
1339	14466
1339	14468
1339	14469
1339	14473
1339	14478
1339	14483
1339	14500
1339	14501
1339	14502
1339	14511
1339	14513
1339	14519
1339	14521
1339	14523
1339	14527
1339	14531
1339	14533
1339	14537
1339	14540
1339	14543
1339	14544
1339	14545
1339	14546
1339	14547
1339	14549
1339	14550
1339	14558
1339	14559
1339	14560
1339	14561
1339	14573
1339	14574
1339	14576
1339	14577
1339	14580
1339	14581
1339	14583
1339	14587
1339	14596
1339	14597
1339	14599
1339	14613
1339	14614
1339	14615
1339	14623
1339	14624
1339	14625
1339	14628
1339	14629
1339	14630
1339	14633
1339	14634
1339	14649
1339	14652
1339	14661
1339	14665
1339	14669
1339	14672
1339	14676
1339	14677
1339	14678
1339	14679
1339	14684
1339	14700
1339	14701
1339	14703
14250	14275
14250	14559
14250	14560
14250	14581
14250	32548
14250	32549
14250	32550
14263	32556
14263	32557
14263	32558
14278	32539
14278	32540
14303	32526
14303	32527
14303	32528
14303	32529
14303	32533
14303	32534
14303	32535
14332	14396
14332	14549
14332	14550
14332	32568
14332	32569
14332	32570
14332	32571
14345	14346
14345	14347
14346	14347
14346	14452
14395	14396
14397	14407
14414	29207
14414	32246
14478	32559
14478	32560
14478	32561
14500	14501
14500	14502
14501	14502
14513	14583
14513	14633
14544	14545
14544	14546
14545	14546
14549	14550
14559	14560
14559	14581
14560	32586
14583	14633
14625	32596
14625	32597
14625	32598
14700	14701
29206	29207
29207	29214
29207	32246
32526	32527
32526	32528
32527	32528
32527	32529
32528	32530
32528	32531
32528	32532
32530	32531
32530	32532
32530	32585
32531	32532
32531	32585
32532	32585
32533	32534
32533	32535
32534	32535
32539	32540
32548	32549
32548	32550
32549	32550
32556	32557
32556	32558
32557	32558
32559	32560
32559	32561
32560	32561
32568	32569
32568	32570
32569	32570
32596	32597
32596	32598
32597	32598
