22383	30367
22383	35445
22383	35446
22383	35447
30113	35133
30113	35438
30113	38407
30113	38408
30113	38409
30367	30368
30367	34960
30367	35438
30367	35439
30367	35445
30367	35446
30367	35447
30367	35808
30367	35837
30367	35891
30367	35892
30367	38358
30367	38359
30367	38360
30367	38373
30367	38374
30367	38375
30367	38376
30367	38377
30367	38378
30367	39295
30368	38358
30368	38359
34960	35438
34960	35439
35133	35438
35133	38407
35133	38408
35133	38409
35438	35439
35438	38407
35438	38408
35438	38409
35445	35446
35445	35447
35446	35447
35891	35892
38358	38359
38358	38360
38358	38373
38358	38374
38358	38375
38358	38376
38358	38377
38358	38378
38359	38360
38359	38373
38359	38374
38359	38375
38359	38376
38359	38378
38360	38373
38360	38375
38360	38376
38360	38377
38360	38378
38360	39295
38373	38374
38373	38375
38373	38376
38373	38378
38374	38375
38374	38376
38375	38376
38375	38377
38375	38378
38375	39295
38376	38377
38376	38378
38376	39295
38407	38408
38407	38409
38408	38409
