616	1200
617	9841
618	9842
619	9843
620	9848
621	9853
622	9854
623	9855
624	9856
625	9857
626	9860
627	9862
628	9863
629	9865
630	9866
631	9868
632	9874
633	9876
634	9877
635	9881
636	9883
637	9884
638	9885
639	9886
640	9887
641	9891
642	9893
643	9898
644	9900
645	9901
646	9904
647	9905
648	9907
649	9908
650	9909
651	9910
652	9913
653	9914
654	9923
655	9926
656	9928
657	9934
658	9935
659	9937
660	9941
661	9944
662	9946
663	9947
664	9950
665	9951
666	9954
667	9958
668	9963
669	9965
670	9984
671	9988
672	9990
673	9993
674	9997
675	9999
676	32741
677	32742
678	32743
679	22297
