1200	9841
1200	9842
1200	9843
1200	9848
1200	9853
1200	9854
1200	9855
1200	9856
1200	9857
1200	9860
1200	9862
1200	9863
1200	9865
1200	9866
1200	9868
1200	9874
1200	9876
1200	9877
1200	9881
1200	9883
1200	9884
1200	9885
1200	9886
1200	9887
1200	9891
1200	9893
1200	9898
1200	9900
1200	9901
1200	9904
1200	9905
1200	9907
1200	9908
1200	9909
1200	9910
1200	9913
1200	9914
1200	9923
1200	9926
1200	9928
1200	9934
1200	9935
1200	9937
1200	9941
1200	9944
1200	9946
1200	9947
1200	9950
1200	9951
1200	9954
1200	9958
1200	9963
1200	9965
1200	9984
1200	9988
1200	9990
1200	9993
1200	9997
1200	9999
9848	9857
9857	9865
9857	9984
9865	9990
9913	9914
9951	32741
9951	32742
9951	32743
9958	22297
32741	32742
32741	32743
32742	32743
