33736	34282
33736	34283
33736	38820
33736	38821
33736	38822
33736	38823
33736	38824
33736	38825
33736	38826
33736	38827
33736	38828
33736	38829
33736	38830
33736	38831
33736	38832
33736	38833
33736	38834
33736	38835
33736	38836
33736	38837
33736	38838
33736	38839
33736	38840
33736	38841
33736	38842
34282	34283
34282	38840
34283	38823
34283	38839
34283	38840
38820	38821
38820	38822
38821	38822
38822	38823
38822	38824
38822	38825
38822	38826
38822	38827
38822	38836
38822	38837
38823	38824
38823	38825
38823	38826
38823	38834
38823	38839
38824	38825
38824	38826
38825	38826
38825	38827
38825	38834
38825	38839
38828	38829
38828	38830
38829	38830
38831	38832
38831	38833
38831	38838
38832	38833
38833	38838
38834	38835
38836	38837
38836	38841
38836	38842
38841	38842
