1211	1583
1212	8121
1213	21437
1214	21440
1215	21441
1216	21442
1217	21445
1218	21447
1219	21448
1220	21449
1221	21450
1222	21453
1223	21454
1224	21455
1225	21458
1226	21459
1227	21460
1228	21461
1229	21463
1230	21464
1231	21465
1232	21466
1233	21468
1234	21469
1235	21470
1236	21471
1237	21472
1238	21473
1239	21474
1240	21475
1241	21476
1242	21477
1243	21478
1244	21479
1245	21480
1246	21481
1247	21482
1248	21483
1249	21484
1250	21485
1251	21486
1252	21487
1253	21488
1254	21489
1255	21490
1256	21491
1257	21492
1258	21493
1259	21494
1260	21495
1261	21496
1262	21497
1263	21498
1264	21499
1265	21500
1266	21501
1267	21504
1268	21506
1269	21507
1270	21510
1271	21511
1272	21512
1273	21513
1274	21514
1275	21515
1276	21516
1277	21517
1278	21518
1279	21519
1280	21520
1281	21521
1282	21523
1283	21524
1284	21525
1285	21527
1286	21528
1287	21531
1288	21532
1289	21534
1290	21535
1291	21537
1292	21538
1293	21540
1294	21541
1295	21542
1296	21543
1297	21544
1298	29333
