3404	13985
3404	14016
3404	14019
3404	14022
3404	14044
3404	14048
3404	14061
3404	14065
3404	14092
3404	14105
3404	14109
3404	14110
3404	14129
3404	14142
3404	14170
3404	14183
3404	14189
3404	14196
3404	14198
3404	14219
3404	14222
3404	14227
3404	14233
3404	14238
3404	14247
3404	14266
3404	14274
3404	14278
3404	14290
3404	14303
3404	14315
3404	14382
3404	28947
3404	28956
3404	31008
3404	31009
3404	31011
3404	31013
3404	31018
3404	31019
3404	31020
3404	31025
3404	31026
3404	31031
3404	31041
3404	31042
3404	31044
3404	31045
3404	31046
3404	31047
3404	31048
3404	31050
3404	31054
3404	31055
3404	31057
3404	31058
3404	31060
14016	31057
14016	31058
14048	31013
14061	28956
14109	14110
14109	14245
14109	14315
14110	14245
14110	14315
14238	31009
14266	31042
31057	31058
