634	1436
635	17594
636	17595
637	17596
638	17597
639	17598
640	17601
641	17603
642	17613
643	17614
644	17615
645	17616
646	17617
647	17618
648	17619
649	17620
650	17621
651	17622
652	17623
653	17624
654	17625
655	17626
656	17627
657	17628
658	17629
659	17630
660	17634
661	17635
662	17636
663	17638
664	17639
665	17641
666	17642
667	17643
668	17647
669	17649
670	17652
671	17653
672	17657
673	17658
674	17659
675	17660
676	17661
677	17662
678	17667
679	17670
680	17673
681	17680
682	17683
683	17684
684	17691
685	17692
686	17702
687	17703
688	17704
689	17706
690	17707
691	17709
692	17713
693	17715
694	17717
695	17719
696	17720
697	17721
698	17729
699	17730
700	17732
701	17734
702	33524
703	33528
704	33529
705	33530
706	33531
707	33532
708	33541
709	33542
710	33543
711	33544
712	33545
713	33546
714	33547
715	33548
716	33549
717	33550
718	33551
719	33525
720	33526
721	33552
722	33565
723	33566
724	33567
725	33562
