1436	17594
1436	17595
1436	17596
1436	17597
1436	17598
1436	17601
1436	17603
1436	17613
1436	17614
1436	17615
1436	17616
1436	17617
1436	17618
1436	17619
1436	17620
1436	17621
1436	17622
1436	17623
1436	17624
1436	17625
1436	17626
1436	17627
1436	17628
1436	17629
1436	17630
1436	17634
1436	17635
1436	17636
1436	17638
1436	17639
1436	17641
1436	17642
1436	17643
1436	17647
1436	17649
1436	17652
1436	17653
1436	17657
1436	17658
1436	17659
1436	17660
1436	17661
1436	17662
1436	17667
1436	17670
1436	17673
1436	17680
1436	17683
1436	17684
1436	17691
1436	17692
1436	17702
1436	17703
1436	17704
1436	17706
1436	17707
1436	17709
1436	17713
1436	17715
1436	17717
1436	17719
1436	17720
1436	17721
1436	17729
1436	17730
1436	17732
1436	17734
17597	17624
17597	17628
17597	17639
17597	17653
17597	33524
17598	17673
17598	17709
17598	33528
17598	33529
17598	33530
17598	33531
17598	33532
17603	17619
17613	33541
17613	33542
17613	33543
17613	33544
17613	33545
17613	33546
17613	33547
17613	33548
17613	33549
17613	33550
17613	33551
17621	17641
17624	17628
17624	17635
17624	17639
17624	17653
17624	33524
17624	33525
17624	33526
17629	33552
17635	33525
17635	33526
17639	33524
17658	17691
17661	17662
17673	33528
17673	33529
17720	33565
17720	33566
17720	33567
17729	17730
17729	33562
17730	33562
33525	33526
33528	33529
33530	33531
33530	33532
33531	33532
33541	33542
33543	33544
33543	33545
33544	33545
33546	33547
33546	33548
33547	33548
33549	33550
33549	33551
33550	33551
33565	33566
33565	33567
33566	33567
