3274	3899
3274	3900
3274	3931
3274	3985
3274	4183
3274	4302
3274	4305
3274	4307
3274	4380
3274	4381
3274	4382
3274	4383
3274	4384
3274	4385
3274	4390
3274	4391
3274	4434
3274	4452
3274	4515
3274	4698
3274	26550
3274	26551
3274	26552
3274	26553
3274	26555
3274	26556
3274	26557
3274	26558
3274	26559
3274	26560
3274	26561
3274	26562
3274	26563
3274	26564
3274	26565
3274	26566
3274	26567
3274	26568
3274	26569
3274	26571
3274	26572
3274	26573
3274	26575
3274	26576
3274	26577
3274	26581
3274	26582
3274	26587
3274	26589
3274	26591
3274	26592
3274	26595
3274	26596
3274	26597
3274	26598
3274	26599
3274	26600
3274	26602
3274	26604
3274	26608
3274	26609
3274	26610
3274	26611
3274	26612
3274	26614
3274	26619
3274	26620
3274	26621
3274	26623
3274	26625
3274	26628
3274	26629
3274	26630
3274	26632
3274	26633
3274	26634
3274	26635
3274	26636
3274	26637
3274	26638
3274	26642
3274	26643
3274	26646
3274	26647
3274	26649
3899	4650
3900	26561
3900	26562
3985	26555
4093	4120
4120	4143
4120	26611
4120	26886
4120	27166
4143	26611
4143	26886
4143	27048
4143	27049
4183	26576
4183	26608
4302	4402
4380	4381
4380	4382
4380	4383
4380	4384
4380	4385
4381	4382
4381	4383
4381	4384
4381	4385
4382	4383
4382	4384
4382	4385
4383	4384
4383	4385
4384	4385
4390	4391
4390	26581
4391	26581
26555	27574
26561	26562
26568	26569
26576	26608
26602	27566
26602	27567
26602	27568
26611	26886
27566	27567
27566	27568
27567	27568
