333	9106
333	9108
333	9112
333	9113
333	9119
333	9124
333	9125
333	9126
333	9128
333	9140
333	9145
333	9155
333	9156
333	9164
333	9166
333	9185
333	9187
333	9191
333	9196
333	9197
333	9202
333	9205
333	9208
333	9213
333	9215
333	9217
333	9220
333	9223
333	9228
333	9230
333	9231
333	9233
333	9234
333	9238
333	9239
333	9243
333	9244
333	9249
333	9250
333	9251
333	9255
333	9257
333	9260
333	9262
333	9263
333	9264
333	9267
333	9269
333	9270
333	9274
333	9275
333	9278
333	9287
333	9291
333	9295
333	9298
9125	9191
9215	9238
9233	9234
9243	9244
9269	9270
