0	139
1	5298
2	5299
3	5321
4	5322
5	5323
6	5324
7	5325
8	5330
9	5331
10	5334
11	5338
12	5339
13	5340
14	5341
15	5342
16	5345
17	5346
18	5347
19	5350
20	5353
21	5356
22	5357
23	5359
24	5360
25	5361
26	5362
27	5364
28	5365
29	5366
30	5367
31	5368
32	5369
33	5370
34	5371
35	5372
36	5376
37	5379
38	5380
39	5381
40	5384
41	5385
42	5386
43	5387
44	5388
45	5389
46	5390
47	5391
48	5392
49	5393
50	5394
51	5396
52	5397
53	5398
54	5399
55	5400
56	5403
57	5406
58	5409
59	5410
60	5412
61	5413
62	5414
63	5416
64	5417
65	5418
66	5419
67	5420
68	5421
69	5422
70	5423
71	5424
72	5426
73	5427
74	5429
75	5430
76	5431
77	5432
78	5433
79	5435
80	5436
81	5438
82	5439
83	5441
84	5442
85	5443
86	5445
87	5447
88	5452
89	5453
90	5454
91	5455
92	17097
93	17098
94	19456
95	19457
96	19458
97	19462
98	19463
99	19464
100	19465
101	19466
102	19467
103	19468
104	19469
105	19470
106	19471
107	19472
108	19473
109	19474
110	19475
111	19476
112	19477
113	19478
114	19479
115	19480
116	19481
117	19482
118	26993
119	26994
120	26995
121	26996
122	26997
123	26998
