66	95
66	98
66	68
66	83
66	179
66	90
66	182
66	163
66	102
66	103
66	92
66	147
66	174
66	127
66	180
66	173
66	135
66	79
66	74
66	67
66	138
66	129
66	76
66	89
66	97
66	144
66	177
66	70
66	113
66	78
66	100
66	108
66	133
66	71
66	69
67	138
67	71
67	68
67	83
67	77
67	179
67	90
67	114
67	72
67	149
67	75
67	76
67	163
67	89
67	102
67	144
67	174
67	127
67	91
67	105
67	106
66	114
66	72
66	73
66	77
66	149
66	134
66	93
66	148
66	172
66	186
66	166
113	138
113	172
113	132
95	113
95	98
95	133
95	108
95	129
95	163
95	148
95	172
95	166
95	144
95	127
95	116
95	123
95	125
138	149
138	144
138	180
138	145
138	150
138	151
138	152
138	153
138	154
138	155
138	156
138	157
138	158
138	159
138	160
138	161
138	162
98	100
98	133
98	108
98	148
98	172
98	166
98	127
98	99
66	94
100	108
100	179
100	182
100	147
100	174
100	175
100	177
100	176
100	101
133	186
133	182
133	163
133	147
133	175
133	171
66	176
108	113
108	138
108	133
108	129
108	134
108	114
108	186
108	144
108	109
108	110
108	111
108	112
66	171
71	95
71	138
71	98
71	133
71	108
71	129
71	73
71	77
71	93
71	90
71	72
71	149
71	186
71	76
71	163
71	89
71	103
71	74
71	127
66	175
68	95
68	98
68	108
68	71
68	129
68	73
68	134
68	77
68	69
68	93
68	90
68	114
68	72
68	149
68	78
68	75
68	186
68	182
68	76
68	163
68	89
68	102
83	138
83	129
83	179
83	90
83	114
83	149
83	182
83	174
83	175
83	180
83	177
83	176
83	84
83	85
83	86
83	87
129	134
129	186
129	130
129	131
66	75
73	98
73	100
73	133
73	83
73	79
73	77
73	179
73	93
73	90
73	75
73	186
73	163
73	147
73	74
73	175
73	127
79	113
79	95
79	138
79	133
79	108
79	83
79	129
79	93
79	90
79	114
79	186
79	89
79	102
79	144
79	92
79	104
70	95
70	100
70	134
70	172
70	97
134	138
134	186
134	180
134	135
134	136
134	137
134	139
134	140
134	150
134	151
134	152
134	154
134	155
134	156
134	159
134	161
134	184
134	185
77	98
77	186
77	163
77	94
77	175
77	127
77	80
77	82
69	113
69	95
69	98
69	133
69	108
69	71
69	73
69	70
69	77
69	93
69	186
69	163
69	102
69	148
69	172
69	94
69	166
179	182
179	180
93	133
93	129
93	134
93	114
93	149
93	186
93	163
93	102
93	172
93	94
93	175
93	96
93	128
93	146
90	138
90	108
90	129
90	134
90	93
90	114
90	149
90	163
90	103
90	144
90	174
90	171
90	116
90	141
90	142
90	143
114	138
114	133
114	129
114	186
114	144
114	127
114	180
114	115
114	116
114	117
114	118
72	95
72	138
72	133
72	108
72	83
72	129
72	73
72	79
72	134
72	77
72	93
72	90
72	114
72	149
72	75
72	186
72	76
72	89
72	102
72	103
72	144
72	175
72	86
72	104
72	122
72	123
72	124
149	186
149	163
149	175
78	113
78	83
78	147
78	91
78	101
78	140
75	83
75	179
75	90
75	114
75	149
75	92
75	105
182	183
76	95
76	98
76	100
76	133
76	77
76	179
76	163
76	89
76	92
76	147
76	127
76	80
76	81
76	82
76	107
163	186
163	172
163	166
163	175
163	171
163	164
163	165
89	95
89	138
89	100
89	133
89	108
89	90
89	186
89	163
89	103
89	147
89	174
89	99
102	138
102	129
102	114
102	149
102	186
102	163
102	144
102	127
102	118
102	119
102	120
102	121
148	172
148	166
148	171
148	164
148	183
172	186
97	113
97	133
97	182
97	172
94	133
94	186
94	163
94	148
94	172
94	166
94	171
94	165
94	167
94	168
94	169
94	170
166	186
166	171
166	167
166	168
166	169
166	170
103	133
103	163
103	147
144	186
144	145
92	138
92	98
92	133
92	108
92	149
92	186
92	163
92	102
92	148
92	166
92	127
92	171
92	142
147	163
147	173
147	158
174	179
174	182
174	175
174	180
174	177
174	176
74	100
74	77
74	76
74	81
175	179
175	186
175	182
175	180
175	177
175	176
127	149
127	186
127	163
127	144
127	175
127	128
180	182
180	181
171	186
173	182
173	174
173	175
173	180
177	179
177	182
177	180
177	178
135	138
135	136
135	137
135	143
135	153
135	157
135	160
135	184
135	185
176	179
176	182
176	180
176	177
84	149
85	174
86	149
87	174
88	113
88	108
88	135
96	102
106	179
107	179
109	129
110	113
111	113
112	144
115	129
116	144
116	127
117	129
119	186
120	163
121	180
122	138
124	138
124	134
125	166
126	149
126	127
130	144
131	144
132	144
136	138
139	166
141	149
146	163
162	180
178	179
181	182
