10081	10135
10081	10855
10082	10335
10082	10920
10082	12016
10082	16514
10082	16616
10335	11956
10335	11978
10855	11874
10855	11885
10855	12081
11488	16514
11488	22888
11678	16511
11678	16514
11678	16597
11715	16511
11776	11777
11777	11978
11874	11932
11874	19985
11874	19986
11886	11956
11886	41341
11886	41342
11886	41343
11902	11930
11902	14895
11902	15536
11930	11932
11932	11939
11932	12881
11932	14378
11939	16540
11956	11978
11956	12080
11956	12081
12016	16616
12080	12081
12081	16713
12081	29189
14378	15595
14378	29269
14894	14895
14894	14897
14894	14905
14894	14916
14895	14897
14895	14905
14895	15555
15536	29408
15595	23589
16514	16597
16514	22888
16616	16687
16616	16688
16616	16703
16687	16688
19894	19903
19894	19916
19894	42733
19894	42734
19894	42735
19894	42736
19903	19916
19916	19986
19916	42791
19916	42792
19985	19986
19986	42791
19986	42792
41341	41342
41341	41343
41342	41343
42733	42734
42733	42735
42733	42736
42735	42736
42791	42792
