2531	22760
2531	22767
2531	22768
2531	22769
2531	22775
2531	22782
2531	22791
2531	22793
2531	22802
2531	22803
2531	22808
2531	22813
2531	22814
2531	22817
2531	22818
2531	22823
2531	22824
2531	22827
2531	22831
2531	22832
2531	22833
2531	22834
2531	22835
2531	22836
2531	22842
2531	22847
2531	22850
2531	22851
2531	22852
2531	22853
2531	22854
2531	22859
2531	22860
2531	22861
2531	22862
2531	22864
2531	22865
2531	22866
2531	22867
22768	22769
22803	22859
22803	29794
22803	29795
22803	29796
22803	29797
22831	22832
22831	22833
22831	22834
22831	29798
22832	22833
22832	22834
22832	29798
22833	22834
22833	29798
22834	29798
22847	22851
22847	22852
22851	22852
22865	22866
29794	29795
29794	29796
29794	29797
29795	29796
29795	29797
29796	29797
