5769	9320
5769	11290
5769	11500
5769	12998
5769	22131
5769	22370
5769	22371
5769	22372
5769	22374
5769	22377
5769	22378
5769	22379
5769	22380
5769	22382
5769	22383
5769	22384
5769	22385
5769	22388
5769	22391
5769	22393
5769	22394
5769	22395
5769	22396
5769	22397
5769	22398
5769	22400
5769	22401
5769	22402
5769	22403
5769	22404
5769	22405
5769	22406
5769	22407
5769	22408
5769	22409
5769	22410
5769	22415
5769	22416
5769	22417
5769	22418
5769	22419
5769	22423
5769	22424
5769	22425
5769	22426
5769	22427
