629	2223
630	13941
631	13942
632	13946
633	13947
634	13949
635	13950
636	13951
637	13956
638	13958
639	13959
640	13961
641	13962
642	13963
643	13966
644	13967
645	13968
646	13969
647	13970
648	13971
649	13972
650	13973
651	13975
652	13976
653	13978
654	13979
655	13980
656	13981
657	13982
658	13985
659	13988
660	13989
661	13990
662	13992
663	13993
664	13994
665	13995
666	13996
667	13998
668	14002
669	14003
670	14005
671	14006
672	14007
673	14008
674	14009
675	14010
676	14011
677	14012
678	14013
679	14014
680	14015
681	14016
682	14019
683	14020
684	14021
685	33834
686	33835
687	33836
688	33855
689	33856
690	33857
