2223	13941
2223	13942
2223	13946
2223	13947
2223	13949
2223	13950
2223	13951
2223	13956
2223	13958
2223	13959
2223	13961
2223	13962
2223	13963
2223	13966
2223	13967
2223	13968
2223	13969
2223	13970
2223	13971
2223	13972
2223	13973
2223	13975
2223	13976
2223	13978
2223	13979
2223	13980
2223	13981
2223	13982
2223	13985
2223	13988
2223	13989
2223	13990
2223	13992
2223	13993
2223	13994
2223	13995
2223	13996
2223	13998
2223	14002
2223	14003
2223	14005
2223	14006
2223	14007
2223	14008
2223	14009
2223	14010
2223	14011
2223	14012
2223	14013
2223	14014
2223	14015
2223	14016
2223	14019
2223	14020
2223	14021
13956	33834
13956	33835
13956	33836
13966	13992
13966	14019
13992	14019
14007	33855
14007	33856
14007	33857
14012	14013
14012	14014
14013	14014
33834	33835
33834	33836
33835	33836
33855	33856
33855	33857
33856	33857
