3292	6843
3292	8813
3292	9023
3292	10521
3292	19654
3292	19893
3292	19894
3292	19895
3292	19897
3292	19900
3292	19901
3292	19902
3292	19903
3292	19905
3292	19906
3292	19907
3292	19908
3292	19911
3292	19914
3292	19916
3292	19917
3292	19918
3292	19919
3292	19920
3292	19921
3292	19923
3292	19924
3292	19925
3292	19926
3292	19927
3292	19928
3292	19929
3292	19930
3292	19931
3292	19932
3292	19933
3292	19938
3292	19939
3292	19940
3292	19941
3292	19942
3292	19946
3292	19947
3292	19948
3292	19949
3292	19950
