1007	6324
1007	19232
1007	19233
1007	19234
1007	19240
1007	19241
1007	19242
1007	19243
1007	19249
1007	19251
1007	19254
1007	19259
1007	19262
1007	19264
1007	19269
1007	19273
1007	19278
1007	19281
1007	19283
1007	19284
1007	19288
1007	19289
1007	19293
1007	19302
1007	19303
1007	19304
1007	19305
1007	19306
19242	19249
19242	28174
19242	28175
19249	28174
19249	28175
19262	19273
19302	19303
19302	19304
19302	19305
19302	19306
19303	19304
19303	19305
19303	19306
19304	19305
19304	19306
19305	19306
28174	28175
