226	3644
227	17810
228	23283
229	24160
230	24162
231	24163
232	24164
233	24169
234	24174
235	24175
236	24176
237	28732
238	28733
239	28734
240	32148
241	32177
242	32149
243	32150
244	32151
245	32152
246	32153
247	32154
248	32155
249	32156
250	32157
251	32158
252	32159
253	32160
254	32161
255	32162
256	32163
257	32164
258	32165
259	32166
260	32167
261	32168
262	32169
263	32170
264	32171
265	32172
266	32173
267	32174
268	32175
269	32176
270	32178
271	32179
272	32180
273	32181
274	32182
275	32183
276	32184
277	32185
278	32186
279	32187
280	32188
281	32189
282	32190
283	32191
284	32192
285	32193
286	32194
287	32195
288	32210
