3301	11229
3301	11232
3301	11233
3301	11252
3301	11253
3301	11254
3301	11255
3301	11265
3301	11267
3301	11268
3301	11269
3301	11270
3301	11278
3301	11280
3301	11288
3301	11298
3301	11307
3301	11308
3301	11309
3301	11310
3301	11312
3301	11313
3301	11318
3301	11319
3301	11321
3301	11324
3301	11331
3301	11336
3301	11338
3301	11339
3301	11340
3301	11346
3301	11355
3301	11357
3301	11358
3301	11360
3301	11361
3301	11364
3301	11365
3301	11366
3301	11372
3301	11377
3301	11387
11229	32985
11229	32986
11229	32987
11268	11269
11268	11270
11269	11270
11307	11308
11307	11309
11307	11310
11308	11309
11308	11310
11309	11310
11364	11365
11364	11366
11365	11366
32985	32986
32985	32987
32986	32987
