610	833
611	9429
612	9430
613	9431
614	9435
615	9436
616	9438
617	9441
618	9442
619	9445
620	9446
621	9447
622	9450
623	9453
624	9454
625	9457
626	9458
627	9459
628	9461
629	9462
630	9463
631	9464
632	9465
633	9466
634	9467
635	9470
636	9473
637	9474
638	9475
639	9476
640	9477
641	9478
642	9479
643	9481
644	9482
645	9483
646	9484
647	9485
648	9486
649	9487
650	9488
651	9489
652	9490
653	9491
654	9493
655	9495
656	9496
657	9497
658	9498
659	9499
660	9501
661	9504
662	9505
663	9508
664	9509
665	9510
666	9513
667	9514
668	9515
669	9516
670	9519
671	9520
672	9524
673	9526
674	9528
675	9529
676	9533
677	9534
678	9541
679	9542
680	9547
681	9550
682	9551
683	9552
684	9554
685	9556
686	9558
687	9559
688	9560
689	9561
690	9562
691	9566
692	9567
693	9571
694	9576
695	9580
696	9581
697	9586
698	12402
699	12403
700	12404
701	12405
702	12406
703	14520
704	14521
705	14522
706	12257
