833	9429
833	9430
833	9431
833	9435
833	9436
833	9438
833	9441
833	9442
833	9445
833	9446
833	9447
833	9450
833	9453
833	9454
833	9457
833	9458
833	9459
833	9461
833	9462
833	9463
833	9464
833	9465
833	9466
833	9467
833	9470
833	9473
833	9474
833	9475
833	9476
833	9477
833	9478
833	9479
833	9481
833	9482
833	9483
833	9484
833	9485
833	9486
833	9487
833	9488
833	9489
833	9490
833	9491
833	9493
833	9495
833	9496
833	9497
833	9498
833	9499
833	9501
833	9504
833	9505
833	9508
833	9509
833	9510
833	9513
833	9514
833	9515
833	9516
833	9519
833	9520
833	9524
833	9526
833	9528
833	9529
833	9533
833	9534
833	9541
833	9542
833	9547
833	9550
833	9551
833	9552
833	9554
833	9556
833	9558
833	9559
833	9560
833	9561
833	9562
833	9566
833	9567
833	9571
833	9576
833	9580
833	9581
833	9586
9453	9556
9454	12402
9454	12403
9454	12404
9454	12405
9454	12406
9508	14520
9508	14521
9508	14522
9562	12257
12402	12403
12402	12404
12402	12405
12402	12406
12403	12404
12403	12405
12403	12406
12404	12405
12404	12406
12405	12406
14520	14521
14520	14522
14521	14522
