0	149
1	5841
2	5885
3	5886
4	5887
5	5888
6	5889
7	5890
8	5891
9	5893
10	5895
11	5896
12	5900
13	5901
14	5902
15	5903
16	5904
17	5905
18	5906
19	5907
20	5910
21	5915
22	5916
23	5917
24	5918
25	5920
26	5924
27	5925
28	5927
29	5928
30	5931
31	5932
32	5933
33	5934
34	5937
35	5939
36	5940
37	5941
38	5942
39	5943
40	5944
41	5945
42	5946
43	5948
44	5949
45	5951
46	5952
47	5953
48	5954
49	5955
50	5957
51	5958
52	5959
53	5960
54	5961
55	5962
56	5963
57	5964
58	5966
59	5967
60	5968
61	5969
62	5970
63	5972
64	5974
65	5979
66	5980
67	5981
68	5982
69	5983
70	5984
71	5986
72	5988
73	5989
74	5991
75	5992
76	5993
77	5994
78	5996
79	5997
80	5998
81	6004
82	6006
83	6007
84	23943
85	23944
86	23945
