1371	7422
1371	15947
1371	15948
1371	15950
1371	15951
1371	15952
1371	15955
1371	15956
1371	15958
1371	15959
1371	15960
1371	15961
1371	15965
1371	15966
1371	15967
1371	15970
1371	15971
1371	15976
1371	15977
1371	15978
1371	15979
1371	15981
1371	15982
1371	15984
1371	15986
1371	15987
1371	15988
1371	15990
1371	15991
1371	15992
1371	15993
1371	15996
1371	15997
1371	15998
1371	16001
1371	16003
1371	16004
1371	16005
1371	16007
15950	15951
15950	15952
15951	15952
15955	15956
15955	28137
15959	15960
15959	15961
15959	15978
15959	15990
15959	15991
15959	15992
15959	15993
15959	15996
15959	15997
15960	15961
15965	15966
15966	33599
15978	15996
15978	15997
15986	15987
15986	15988
15987	15988
15990	15991
15990	15992
15990	15993
15991	15992
15991	15993
15992	15993
15996	15997
16003	16004
16003	16005
16004	16005
28137	28138
