476	10026
476	10027
476	10029
476	10032
476	10033
476	10034
476	10035
476	10039
476	10041
476	10043
476	10044
476	10047
476	10050
476	10051
476	10053
476	10059
476	10060
476	10061
476	10064
476	10065
476	10066
476	10067
476	10068
476	10075
476	10076
476	10081
476	10082
476	10083
476	10086
476	10091
476	10093
476	10096
476	10097
476	10099
476	10100
476	10101
476	10108
476	10111
476	10112
476	10116
476	10117
476	10119
476	10121
476	10122
476	10123
476	10127
476	10128
476	10129
476	10130
10029	14974
10029	14975
10059	10060
10059	16149
10064	10065
10067	10068
10099	16153
10099	16154
10099	16155
10099	16156
14974	14975
16153	16154
16153	16155
16154	16155
16156	17925
