4186	12022
4187	15057
4188	12356
4189	12357
4190	31101
4191	31103
4192	31104
4193	31105
4194	31102
4195	26007
4196	26009
4197	26010
4198	26011
4199	26012
4200	26014
4201	26015
4202	26016
4203	26017
4204	26018
4205	26019
4206	26020
4207	26021
4208	26022
4209	26023
4210	26024
4211	26025
4212	26026
4213	26028
4214	26029
4215	26030
4216	26031
4217	26032
4218	26033
4219	26034
4220	26035
4221	26036
4222	26037
4223	26038
4224	26039
4225	26040
4226	26041
4227	26042
4228	26043
4229	26044
4230	26045
4231	26046
4232	26047
4233	26048
