12022	15057
12356	12357
12356	31101
12356	31103
12356	31104
12356	31105
12357	15057
12357	31101
12357	31102
12357	31103
12357	31104
12357	31105
15057	26007
15057	26009
15057	26010
15057	26011
15057	26012
15057	26014
15057	26015
15057	26016
15057	26017
15057	26018
15057	26019
15057	26020
15057	26021
15057	26022
15057	26023
15057	26024
15057	26025
15057	26026
15057	26028
15057	26029
15057	26030
15057	26031
15057	26032
15057	26033
15057	26034
15057	26035
15057	26036
15057	26037
15057	26038
15057	26039
15057	26040
15057	26041
15057	26042
15057	26043
15057	26044
15057	26045
15057	26046
15057	26047
15057	26048
31101	31102
31103	31104
