846	7966
846	7967
846	8133
846	8134
846	8135
846	10910
846	10915
846	15475
846	21778
846	21785
846	21793
846	21801
846	21825
846	21854
846	21866
846	21884
846	21890
846	21891
846	21892
846	21893
846	21894
846	21897
846	21901
846	21909
846	21926
846	21939
846	21945
846	21983
846	22001
846	22010
846	22025
846	22084
846	22091
846	22092
846	22093
846	22095
846	22096
846	22098
846	22099
846	22100
846	22101
846	22102
846	22103
846	22104
846	22105
846	22106
846	22107
846	22108
846	22110
846	22113
846	22114
846	22115
846	22118
846	22125
846	22126
846	22127
846	22129
846	22130
846	22132
846	22133
846	22135
846	22136
846	22137
846	22138
846	22139
846	22141
846	22142
846	22143
846	22145
846	22148
846	22150
7966	7967
7966	22093
7967	8133
7967	8135
7967	22093
8133	8134
8133	8135
8133	22093
8133	22129
8133	22130
8134	8135
8134	22129
8134	22130
8135	22093
21778	21779
21854	33533
21854	33534
21854	33535
21890	21891
21890	21892
21890	21893
21890	21894
21891	21892
21891	21893
21891	21894
21892	21893
21892	21894
21893	21894
21897	21898
21916	21983
22025	30152
22025	30153
22025	30154
22095	22125
22095	22126
22095	22127
22102	33530
22102	33532
22125	22126
22125	22127
22126	22127
22129	22130
22138	22139
30152	30153
30152	30154
30153	30154
33530	33531
33530	33532
33531	33532
33533	33534
33533	33536
33534	33536
