0	20
0	2
0	15
0	4
0	32
0	59
0	55
0	52
0	30
0	1
0	64
0	25
0	57
0	63
0	6
0	65
1	20
1	2
1	15
1	52
1	19
1	64
1	6
1	4
1	25
1	32
1	59
1	30
0	19
20	52
20	64
20	25
20	32
20	59
20	57
20	30
20	21
20	22
20	23
20	24
2	20
2	19
2	64
2	6
2	4
2	25
2	32
2	59
2	3
15	20
15	19
15	25
15	32
15	59
15	57
15	16
15	17
15	18
52	63
52	64
52	55
52	57
52	53
52	54
19	20
19	64
19	25
19	32
19	59
19	57
19	65
6	20
6	15
6	52
6	19
6	64
6	55
6	57
6	30
6	7
6	8
6	9
6	10
6	11
6	12
6	13
6	14
4	20
4	19
4	64
4	6
4	25
4	32
4	5
25	32
25	59
25	26
25	27
25	28
25	29
32	64
32	59
32	65
32	33
32	34
32	35
32	36
32	37
32	38
32	39
32	40
32	41
32	42
32	43
32	44
32	45
32	46
32	47
32	48
32	49
32	50
32	51
59	64
59	65
59	60
59	61
59	62
55	63
55	64
55	57
55	56
57	64
57	58
30	52
30	63
30	64
30	55
30	57
30	31
3	4
5	52
7	64
8	52
9	57
10	64
11	52
11	30
12	20
13	20
13	57
14	57
16	25
17	64
18	32
18	59
21	57
22	52
23	57
24	63
26	57
27	32
28	32
29	63
31	57
33	59
34	59
35	65
36	59
37	65
38	65
39	59
40	65
41	59
42	59
43	59
45	65
46	59
47	59
48	59
49	59
50	59
51	59
53	57
54	57
56	63
58	59
60	65
44	59
61	65
62	65
