4185	12016
4186	15051
4187	12350
4188	12351
4189	31095
4190	31097
4191	31098
4192	31099
4193	31096
4194	26001
4195	26003
4196	26004
4197	26005
4198	26006
4199	26008
4200	26009
4201	26010
4202	26011
4203	26012
4204	26013
4205	26014
4206	26015
4207	26016
4208	26017
4209	26018
4210	26019
4211	26020
4212	26022
4213	26023
4214	26024
4215	26025
4216	26026
4217	26027
4218	26028
4219	26029
4220	26030
4221	26031
4222	26032
4223	26033
4224	26034
4225	26035
4226	26036
4227	26037
4228	26038
4229	26039
4230	26040
4231	26041
4232	26042
