12016	15051
12350	12351
12350	31095
12350	31097
12350	31098
12350	31099
12351	15051
12351	31095
12351	31096
12351	31097
12351	31098
12351	31099
15051	26001
15051	26003
15051	26004
15051	26005
15051	26006
15051	26008
15051	26009
15051	26010
15051	26011
15051	26012
15051	26013
15051	26014
15051	26015
15051	26016
15051	26017
15051	26018
15051	26019
15051	26020
15051	26022
15051	26023
15051	26024
15051	26025
15051	26026
15051	26027
15051	26028
15051	26029
15051	26030
15051	26031
15051	26032
15051	26033
15051	26034
15051	26035
15051	26036
15051	26037
15051	26038
15051	26039
15051	26040
15051	26041
15051	26042
31095	31096
31097	31098
