7379	30485
7379	30513
7379	31534
7379	31535
7379	31536
7379	31537
7379	31538
24081	30513
30484	30485
30485	30513
30485	31534
30485	31535
30485	31536
30485	31537
30485	31538
30485	34341
30485	35689
30485	35690
30485	35691
30485	35692
30485	35694
30485	35695
30485	35696
30489	30513
30489	31535
30489	35692
30489	35694
30513	31534
30513	31535
30513	31536
30513	31537
30513	31538
30513	34336
30513	34341
30513	35689
30513	35690
30513	35691
30513	35692
30513	35693
30513	35694
31534	31535
31534	31536
31534	31537
31534	31538
31534	35689
31534	35690
31534	35691
31535	31536
31535	31537
31535	31538
31535	35689
31535	35690
31535	35691
31535	35692
31535	35693
31535	35694
31536	31537
31536	31538
31537	31538
31538	34336
34341	35695
34341	35696
34341	35697
34341	35698
34341	35699
34341	35700
34341	35701
34341	35702
35689	35690
35689	35691
35690	35691
35692	35693
35692	35694
35693	35694
35695	35696
35697	35698
35697	35699
35697	35700
35697	35701
35697	35702
35698	35699
35698	35700
35698	35701
35698	35702
35699	35700
35699	35701
35699	35702
35700	35701
35700	35702
35701	35702
