21494	31642
21494	31643
21494	31644
21494	31645
21494	31646
21494	31647
21494	31648
21494	31649
21494	31650
21494	31651
21494	31652
21494	31653
21494	31654
31642	31643
31642	31644
31642	31645
31642	31646
31643	31644
31643	31645
31643	31646
31644	31645
31644	31646
31645	31646
31647	31648
31647	31649
31648	31649
31648	31650
31648	31651
31648	31652
31648	31653
31648	31654
31649	31650
31649	31651
31649	31652
31649	31653
31649	31654
31651	31652
31651	31653
31651	31654
31652	31653
31652	31654
31653	31654
