2422	7538
2422	10338
2422	13492
2422	13493
2422	13494
2422	13496
2422	13497
2422	13498
2422	13499
2422	13500
2422	13501
2422	13502
2422	13505
2422	13507
2422	13510
2422	13511
2422	13512
2422	13514
2422	13515
2422	13518
2422	13519
2422	13521
2422	13522
2422	13524
2422	13526
2422	13528
2422	13529
2422	13531
2422	13535
2422	13538
2422	13539
2422	13540
2422	13541
13510	33608
13510	33609
13510	33610
13510	33611
13510	33612
13515	13524
33608	33609
33609	33610
33609	33611
33609	33612
33610	33611
33610	33612
33611	33612
