7387	11359
7387	11362
7387	11363
7387	11401
7387	11427
7387	11459
7387	19856
7387	19895
7387	19952
7387	20693
7387	21029
7387	21030
7387	21031
7387	21036
7387	21037
7387	21038
7387	21039
7387	21040
7387	21042
7387	21043
7387	21044
7387	21045
11359	11384
11359	11420
11359	11421
11359	21042
11359	21043
11359	21044
11359	21045
11361	11362
11361	11363
11362	11363
11362	11448
11362	19952
11363	11448
11363	19952
11384	11420
11384	11421
11401	11441
11420	11421
11427	11428
19895	40017
21036	21037
21042	21043
21042	21044
21042	21045
21043	21044
21043	21045
21044	21045
