1289	1712
1290	13089
1291	13124
1292	20287
1293	20288
1294	20290
1295	20291
1296	20293
1297	20298
1298	20299
1299	20302
1300	20306
1301	20307
1302	20308
1303	20309
1304	20310
1305	20313
1306	20314
1307	20315
1308	20318
1309	20321
1310	20324
1311	20325
1312	20327
1313	20328
1314	20330
1315	20331
1316	20333
1317	20334
1318	20335
1319	20336
1320	20337
1321	20338
1322	20339
1323	20340
1324	20341
1325	20345
1326	20348
1327	20349
1328	20350
1329	20353
1330	20354
1331	20355
1332	20356
1333	20357
1334	20358
1335	20359
1336	20360
1337	20361
1338	20362
1339	20363
1340	20365
1341	20366
1342	20367
1343	20368
1344	20369
1345	20372
1346	20375
1347	20378
1348	20379
1349	20381
1350	20382
1351	20383
1352	20385
1353	20386
1354	20387
1355	20389
1356	20390
1357	20391
1358	20392
1359	20393
1360	20394
1361	20396
1362	20397
1363	20400
1364	20401
1365	20402
1366	20403
1367	20404
1368	20406
1369	20407
1370	20410
1371	20411
1372	20413
1373	20414
1374	20415
1375	20417
1376	20419
1377	20424
1378	20425
1379	20426
1380	20427
1381	13122
1382	21347
1383	35240
1384	35241
1385	35242
1386	35234
1387	35235
1388	35236
1389	35237
1390	35238
1391	35239
1392	35243
1393	35244
1394	35245
1395	35246
1396	35247
1397	35248
1398	35249
1399	35250
1400	35255
1401	35256
1402	35225
1403	35226
1404	35227
1405	35228
1406	35229
1407	35257
1408	35258
1409	35259
1410	35260
1411	35253
1412	35254
