1712	13089
1712	13124
1712	20287
1712	20288
1712	20290
1712	20291
1712	20293
1712	20298
1712	20299
1712	20302
1712	20306
1712	20307
1712	20308
1712	20309
1712	20310
1712	20313
1712	20314
1712	20315
1712	20318
1712	20321
1712	20324
1712	20325
1712	20327
1712	20328
1712	20330
1712	20331
1712	20333
1712	20334
1712	20335
1712	20336
1712	20337
1712	20338
1712	20339
1712	20340
1712	20341
1712	20345
1712	20348
1712	20349
1712	20350
1712	20353
1712	20354
1712	20355
1712	20356
1712	20357
1712	20358
1712	20359
1712	20360
1712	20361
1712	20362
1712	20363
1712	20365
1712	20366
1712	20367
1712	20368
1712	20369
1712	20372
1712	20375
1712	20378
1712	20379
1712	20381
1712	20382
1712	20383
1712	20385
1712	20386
1712	20387
1712	20389
1712	20390
1712	20391
1712	20392
1712	20393
1712	20394
1712	20396
1712	20397
1712	20400
1712	20401
1712	20402
1712	20403
1712	20404
1712	20406
1712	20407
1712	20410
1712	20411
1712	20413
1712	20414
1712	20415
1712	20417
1712	20419
1712	20424
1712	20425
1712	20426
1712	20427
13089	13122
13089	20365
13089	20401
13089	21347
20288	20402
20290	20369
20291	20331
20291	35240
20291	35241
20291	35242
20318	35234
20318	35235
20318	35236
20318	35237
20318	35238
20318	35239
20330	20357
20333	20360
20333	20406
20333	20407
20334	20413
20334	20414
20334	35243
20334	35244
20334	35245
20334	35246
20334	35247
20334	35248
20334	35249
20334	35250
20335	20369
20336	20337
20336	20338
20336	20339
20336	20340
20337	20338
20337	20339
20337	20340
20338	20339
20338	20340
20339	20340
20345	35242
20345	35255
20345	35256
20348	20349
20348	20350
20349	20350
20355	20356
20360	20406
20360	20407
20360	35225
20360	35226
20360	35227
20360	35228
20360	35229
20368	20369
20369	20372
20369	20401
20385	20386
20406	20407
20413	20414
35225	35226
35227	35228
35227	35229
35227	35257
35227	35258
35227	35259
35227	35260
35228	35229
35234	35235
35234	35236
35235	35236
35237	35238
35237	35239
35238	35239
35238	35253
35238	35254
35240	35241
35240	35242
35241	35242
35242	35255
35242	35256
35243	35244
35243	35245
35244	35245
35245	35246
35245	35247
35246	35247
35248	35249
35248	35250
35249	35250
35253	35254
35255	35256
35257	35258
35257	35259
35257	35260
35258	35259
35258	35260
35259	35260
