7584	13538
7584	17768
7584	20692
7584	21076
7584	30168
7584	31335
7584	33083
7584	33084
7584	33085
7584	33086
7584	33087
7584	33088
7584	33089
7584	33090
7584	33091
7584	33092
7584	33093
7584	33094
7584	33095
7584	33096
7584	33097
7584	33098
7584	33099
7584	33100
33087	33088
33087	33089
33087	33090
33087	33091
33087	33094
33087	33095
33087	33096
33087	33097
33088	33089
33088	33090
33088	33094
33088	33095
33088	33096
33088	33097
33089	33090
33089	33091
33089	33094
33089	33095
33089	33096
33089	33097
33090	33091
33090	33094
33090	33095
33090	33096
33090	33097
33092	39621
33092	39622
33092	39623
33092	39624
33094	33095
33094	33096
33094	33097
33095	33096
33095	33097
33096	33097
39621	39622
39621	39623
39621	39624
39621	39625
39621	39626
39621	39627
39622	39623
39623	39624
39625	39626
39625	39627
39626	39627
