608	1527
609	7977
610	11029
611	11037
612	11043
613	11044
614	11045
615	11057
616	11061
617	11064
618	11071
619	11073
620	11078
621	11079
622	11084
623	11089
624	11091
625	11099
626	11100
627	11102
628	11103
629	11105
630	11106
631	11110
632	11111
633	11115
634	11117
635	11118
636	11120
637	11121
638	11126
639	11133
640	11134
641	11135
642	11150
643	11154
644	11156
645	11157
646	11161
647	11165
648	11169
649	11170
650	11172
651	11173
652	11174
653	11181
654	11183
655	11189
656	11191
657	11198
658	11200
659	11206
660	11207
661	11208
662	11216
663	11217
664	11219
665	11220
666	11221
667	11222
668	11223
669	11224
670	11234
671	11235
672	11236
673	11240
674	11242
675	11243
676	11245
677	11249
678	11254
