1527	7977
1527	11029
1527	11037
1527	11043
1527	11044
1527	11045
1527	11057
1527	11061
1527	11064
1527	11071
1527	11073
1527	11078
1527	11079
1527	11084
1527	11089
1527	11091
1527	11099
1527	11100
1527	11102
1527	11103
1527	11105
1527	11106
1527	11110
1527	11111
1527	11115
1527	11117
1527	11118
1527	11120
1527	11121
1527	11126
1527	11133
1527	11134
1527	11135
1527	11150
1527	11154
1527	11156
1527	11157
1527	11161
1527	11165
1527	11169
1527	11170
1527	11172
1527	11173
1527	11174
1527	11181
1527	11183
1527	11189
1527	11191
1527	11198
1527	11200
1527	11206
1527	11207
1527	11208
1527	11216
1527	11217
1527	11219
1527	11220
1527	11221
1527	11222
1527	11223
1527	11224
1527	11234
1527	11235
1527	11236
1527	11240
1527	11242
1527	11243
1527	11245
1527	11249
1527	11254
11044	11045
11079	11224
11105	11121
11134	11135
11206	11207
11219	11220
11219	11221
11220	11221
