1239	2584
1240	9631
1241	11423
1242	11425
1243	11431
1244	11432
1245	11433
1246	11435
1247	11437
1248	11438
1249	11439
1250	11441
1251	11442
1252	11444
1253	11445
1254	11447
1255	11448
1256	11450
1257	11452
1258	11454
1259	11455
1260	11456
1261	11457
1262	11458
1263	11459
1264	11460
1265	11463
1266	11464
1267	11465
1268	11466
1269	11471
1270	11473
1271	11474
1272	11475
1273	11479
1274	11480
1275	11482
1276	11484
1277	11486
1278	11488
1279	11489
1280	11491
1281	11492
1282	11495
1283	11496
1284	11498
1285	11499
1286	11500
1287	11501
1288	11502
1289	11505
1290	11507
1291	11508
1292	11509
1293	11510
1294	11511
1295	11512
1296	11513
1297	11514
1298	11515
1299	11516
1300	11520
1301	34335
1302	34336
1303	34307
1304	34309
1305	34310
1306	34311
1307	34339
1308	34340
1309	34303
1310	34304
1311	34305
1312	34306
1313	34308
1314	34312
1315	34313
1316	34314
1317	34283
1318	34284
1319	34285
1320	34286
1321	34332
1322	34333
1323	34334
1324	34315
1325	34316
1326	34317
1327	34318
1328	34319
1329	34320
1330	34321
1331	34300
1332	34301
1333	34302
1334	34341
1335	34342
1336	34343
1337	34323
1338	34324
