2584	9631
2584	11423
2584	11425
2584	11431
2584	11432
2584	11433
2584	11435
2584	11437
2584	11438
2584	11439
2584	11441
2584	11442
2584	11444
2584	11445
2584	11447
2584	11448
2584	11450
2584	11452
2584	11454
2584	11455
2584	11456
2584	11457
2584	11458
2584	11459
2584	11460
2584	11463
2584	11464
2584	11465
2584	11466
2584	11471
2584	11473
2584	11474
2584	11475
2584	11479
2584	11480
2584	11482
2584	11484
2584	11486
2584	11488
2584	11489
2584	11491
2584	11492
2584	11495
2584	11496
2584	11498
2584	11499
2584	11500
2584	11501
2584	11502
2584	11505
2584	11507
2584	11508
2584	11509
2584	11510
2584	11511
2584	11512
2584	11513
2584	11514
2584	11515
2584	11516
2584	11520
11431	34335
11431	34336
11441	11520
11441	34307
11441	34309
11441	34310
11441	34311
11441	34339
11441	34340
11442	34303
11442	34304
11442	34305
11442	34306
11442	34307
11442	34308
11442	34309
11442	34310
11442	34311
11442	34312
11442	34313
11442	34314
11450	34283
11450	34284
11450	34285
11450	34286
11456	34332
11456	34333
11456	34334
11457	11512
11457	11513
11460	34315
11460	34316
11460	34317
11460	34318
11460	34319
11460	34320
11460	34321
11463	11471
11463	34300
11463	34301
11463	34302
11466	34341
11466	34342
11466	34343
11473	11474
11510	11511
11512	11513
34283	34284
34283	34285
34283	34286
34284	34285
34284	34286
34300	34301
34300	34302
34300	34311
34300	34323
34300	34324
34301	34302
34303	34304
34303	34305
34304	34305
34306	34307
34306	34308
34306	34309
34306	34310
34306	34311
34307	34308
34307	34309
34307	34310
34307	34311
34307	34339
34307	34340
34308	34309
34308	34310
34308	34311
34309	34310
34309	34311
34310	34311
34311	34323
34311	34324
34312	34313
34312	34314
34313	34314
34315	34316
34315	34317
34315	34318
34315	34319
34315	34320
34315	34321
34316	34317
34316	34318
34319	34320
34319	34321
34320	34321
34323	34324
34332	34333
34332	34334
34333	34334
34339	34340
34341	34342
34341	34343
34342	34343
