631	1590
632	14935
633	14936
634	24681
635	28201
636	28202
637	28203
638	28204
639	28205
640	28206
641	28207
642	28208
643	28209
644	28211
645	28212
646	28213
647	28214
648	28216
649	28217
650	28218
651	28219
652	28220
653	28221
654	28223
655	28224
656	28225
657	28226
658	28227
659	28228
660	28229
661	28230
662	28231
663	28232
664	28234
665	28235
666	28236
667	28237
668	28238
669	28239
670	28240
671	28241
672	28242
673	28243
674	28244
675	28245
676	28246
677	28247
678	28248
679	28249
680	28250
681	28251
682	28252
683	28253
684	28254
685	28255
686	28256
687	28257
688	28258
689	28259
690	28260
691	28261
692	28262
693	28263
694	28264
695	28265
696	28266
697	28268
698	28269
699	28270
700	28271
701	28273
702	28274
703	28275
704	28276
705	28277
706	28278
707	28279
708	28280
709	28281
710	28282
711	28283
712	28284
713	28285
714	28286
715	28287
716	28288
717	28289
718	28290
719	28291
720	28292
721	28293
722	28294
723	28295
724	28296
725	28298
726	28299
727	28300
728	28301
729	28302
730	28304
731	28305
732	28306
733	28307
734	28308
735	28309
736	28310
737	28311
738	28312
739	28313
740	28314
741	28315
742	28316
743	28317
744	28318
745	28319
746	28320
747	28321
748	28322
749	28323
750	28324
751	28325
752	28326
753	28327
754	28328
755	28329
756	28330
757	28331
758	28332
759	28333
760	28334
761	28335
762	28336
763	28337
764	28338
765	28339
766	28340
767	28341
768	28342
769	28343
770	28344
771	28345
772	28346
773	28347
774	28348
775	28349
776	28350
777	28351
778	28352
779	28353
780	28354
781	28355
782	28356
783	28357
784	28358
785	28359
786	28360
787	28361
788	28363
789	28364
790	28365
791	28366
792	28367
793	28368
794	28369
795	28370
796	28371
797	28372
798	28373
799	28374
800	28375
801	28377
802	28378
803	28379
804	28380
805	28381
806	28382
807	28383
808	28384
809	28385
810	28386
811	28387
812	28388
813	28389
814	28390
815	28391
816	28392
817	28393
818	28394
819	28395
820	28396
821	28397
822	28398
823	28399
824	28400
825	28401
826	28402
827	28403
828	28404
829	28405
830	28406
831	28407
832	28408
833	28409
834	28410
835	28411
836	28412
837	28413
838	28414
839	28415
840	28416
841	28417
842	28418
843	28419
844	28420
845	28421
846	28422
847	28423
848	28424
849	28425
850	28426
851	28427
852	28428
853	28429
854	28430
855	28432
856	28433
857	28434
858	28435
859	28436
860	28437
861	28438
862	28440
863	28442
864	28443
865	28445
866	28447
867	28448
868	28449
869	28450
870	28451
871	28452
872	28453
873	28454
874	28455
875	28456
876	28457
877	28458
878	28459
879	28462
880	28463
