1590	14935
1590	14936
1590	24681
1590	28201
1590	28202
1590	28203
1590	28204
1590	28205
1590	28206
1590	28207
1590	28208
1590	28209
1590	28211
1590	28212
1590	28213
1590	28214
1590	28216
1590	28217
1590	28218
1590	28219
1590	28220
1590	28221
1590	28223
1590	28224
1590	28225
1590	28226
1590	28227
1590	28228
1590	28229
1590	28230
1590	28231
1590	28232
1590	28234
1590	28235
1590	28236
1590	28237
1590	28238
1590	28239
1590	28240
1590	28241
1590	28242
1590	28243
1590	28244
1590	28245
1590	28246
1590	28247
1590	28248
1590	28249
1590	28250
1590	28251
1590	28252
1590	28253
1590	28254
1590	28255
1590	28256
1590	28257
1590	28258
1590	28259
1590	28260
1590	28261
1590	28262
1590	28263
1590	28264
1590	28265
1590	28266
1590	28268
1590	28269
1590	28270
1590	28271
1590	28273
1590	28274
1590	28275
1590	28276
1590	28277
1590	28278
1590	28279
1590	28280
1590	28281
1590	28282
1590	28283
1590	28284
1590	28285
1590	28286
1590	28287
1590	28288
1590	28289
1590	28290
1590	28291
1590	28292
1590	28293
1590	28294
1590	28295
1590	28296
1590	28298
1590	28299
1590	28300
1590	28301
1590	28302
1590	28304
1590	28305
1590	28306
1590	28307
1590	28308
1590	28309
1590	28310
1590	28311
1590	28312
1590	28313
1590	28314
1590	28315
1590	28316
1590	28317
1590	28318
1590	28319
1590	28320
1590	28321
1590	28322
1590	28323
1590	28324
1590	28325
1590	28326
1590	28327
1590	28328
1590	28329
1590	28330
1590	28331
1590	28332
1590	28333
1590	28334
1590	28335
1590	28336
1590	28337
1590	28338
1590	28339
1590	28340
1590	28341
1590	28342
1590	28343
1590	28344
1590	28345
1590	28346
1590	28347
1590	28348
1590	28349
1590	28350
1590	28351
1590	28352
1590	28353
1590	28354
1590	28355
1590	28356
1590	28357
1590	28358
1590	28359
1590	28360
1590	28361
1590	28363
1590	28364
1590	28365
1590	28366
1590	28367
1590	28368
1590	28369
1590	28370
1590	28371
1590	28372
1590	28373
1590	28374
1590	28375
1590	28377
1590	28378
1590	28379
1590	28380
1590	28381
1590	28382
1590	28383
1590	28384
1590	28385
1590	28386
1590	28387
1590	28388
1590	28389
1590	28390
1590	28391
1590	28392
1590	28393
1590	28394
1590	28395
1590	28396
1590	28397
1590	28398
1590	28399
1590	28400
1590	28401
1590	28402
1590	28403
1590	28404
1590	28405
1590	28406
1590	28407
1590	28408
1590	28409
1590	28410
1590	28411
1590	28412
1590	28413
1590	28414
1590	28415
1590	28416
1590	28417
1590	28418
1590	28419
1590	28420
1590	28421
1590	28422
1590	28423
1590	28424
1590	28425
1590	28426
1590	28427
1590	28428
1590	28429
1590	28430
1590	28432
1590	28433
1590	28434
1590	28435
1590	28436
1590	28437
1590	28438
1590	28440
1590	28442
1590	28443
1590	28445
1590	28447
1590	28448
1590	28449
1590	28450
1590	28451
1590	28452
1590	28453
1590	28454
1590	28455
1590	28456
1590	28457
1590	28458
1590	28459
1590	28462
1590	28463
14935	14936
28202	28203
28202	28204
28203	28204
28219	28403
28289	28290
28324	28341
28339	28361
28346	28409
28365	28366
28387	28417
28387	28418
28417	28418
