1629	21013
1629	21014
1629	21017
1629	21020
1629	21023
1629	21024
1629	21026
1629	21028
1629	21033
1629	21034
1629	21035
1629	21036
1629	21037
1629	21038
1629	21039
1629	21041
1629	21042
1629	21043
1629	21044
1629	21048
1629	21050
1629	21052
1629	21054
1629	21055
1629	21057
1629	21058
1629	21060
1629	21065
1629	21066
1629	21072
1629	21073
1629	21074
1629	21076
1629	21078
21033	21034
21033	21035
21033	21036
21033	33931
21034	21035
21034	21036
21034	33931
21034	33932
21034	33933
21035	21036
21035	33931
21041	33253
21065	21066
33932	33933
