1324	1841
1325	17639
1326	17643
1327	17644
1328	17652
1329	17654
1330	17655
1331	17656
1332	17658
1333	17659
1334	17661
1335	17662
1336	17663
1337	17664
1338	17676
1339	17677
1340	17678
1341	17679
1342	17681
1343	17686
1344	17687
1345	17688
1346	17689
1347	17691
1348	17692
1349	17693
1350	17694
1351	17696
1352	17698
1353	17699
1354	17700
1355	17702
1356	17705
1357	17708
1358	17709
1359	17710
1360	17711
1361	17713
1362	17714
1363	17715
1364	17716
1365	17717
1366	17718
1367	17720
1368	17721
1369	17728
