1841	17639
1841	17643
1841	17644
1841	17652
1841	17654
1841	17655
1841	17656
1841	17658
1841	17659
1841	17661
1841	17662
1841	17663
1841	17664
1841	17676
1841	17677
1841	17678
1841	17679
1841	17681
1841	17686
1841	17687
1841	17688
1841	17689
1841	17691
1841	17692
1841	17693
1841	17694
1841	17696
1841	17698
1841	17699
1841	17700
1841	17702
1841	17705
1841	17708
1841	17709
1841	17710
1841	17711
1841	17713
1841	17714
1841	17715
1841	17716
1841	17717
1841	17718
1841	17720
1841	17721
1841	17728
17710	17711
17714	17715
17714	17716
17715	17716
