0	2071
1	20688
2	20689
3	20696
4	20698
5	20699
6	20700
7	20702
8	20705
9	20706
10	20707
11	26053
12	26054
13	26055
14	26057
15	26058
16	27095
17	27096
18	27097
19	27098
20	27099
21	27100
22	27101
23	27102
24	27103
25	27104
26	27105
27	27106
28	27107
29	27108
30	27109
31	27110
32	27111
33	27112
34	27113
35	27114
36	27115
37	27116
38	27117
39	27118
40	27119
41	27120
42	27121
43	27122
44	27123
45	27124
46	27125
47	27126
48	27127
49	27128
50	27129
51	27130
52	27131
53	27132
54	27133
55	27134
56	27135
57	27136
58	27137
59	27138
60	27139
61	27140
62	27264
