0	140
1	3248
2	3252
3	3255
4	3275
5	3280
6	3298
7	3299
8	3326
9	3341
10	3345
11	3351
12	3390
13	3391
14	3395
15	3401
16	3407
17	3414
18	3418
19	3427
20	3431
21	3454
22	3467
23	3491
24	3498
25	3499
26	3500
27	3501
28	3502
29	3503
30	3507
31	3532
32	3536
33	3543
34	3553
35	3555
36	3556
37	3560
38	3573
39	3574
40	3587
41	3588
42	3590
43	3600
44	3610
45	3612
46	3613
47	3618
48	3625
49	3626
50	3627
51	3635
52	3636
53	3646
54	3652
55	3654
56	3658
57	3662
58	3673
59	3684
60	3692
61	3704
62	3706
63	3716
64	3728
65	3749
66	3759
67	3762
68	3770
69	3773
70	3777
71	3781
72	3782
73	3785
74	3799
75	3803
76	3817
77	3820
78	3832
79	3835
80	3845
81	3850
82	3851
83	3852
84	3853
85	3854
86	3864
87	3872
88	3877
89	3881
90	3884
91	3886
92	3887
93	3889
94	3896
95	3900
96	3903
97	3908
98	3915
99	3919
100	3921
101	3926
102	3927
103	3929
104	3935
105	3951
106	3959
107	3960
108	3970
109	3972
110	3977
111	3978
112	3981
113	3984
114	3985
115	3987
116	3989
117	3991
118	3998
119	4003
120	4007
121	4022
122	4027
123	4034
124	4035
125	4038
126	4041
127	4042
128	4043
129	4050
130	26779
131	26780
132	26781
133	26782
134	26783
135	26784
136	26489
137	26490
138	26936
139	26937
140	26938
141	26979
142	26966
143	26967
144	26968
145	14762
146	26797
0	140
1	3248
2	3252
3	3255
4	3275
5	3280
6	3298
7	3299
8	3326
9	3341
10	3345
11	3351
12	3390
13	3391
14	3395
15	3401
16	3407
17	3414
18	3418
19	3427
20	3431
21	3454
22	3467
23	3491
24	3498
25	3499
26	3500
27	3501
28	3502
29	3503
30	3507
31	3532
32	3536
33	3543
34	3553
35	3555
36	3556
37	3560
38	3573
39	3574
40	3587
41	3588
42	3590
43	3600
44	3610
45	3612
46	3613
47	3618
48	3625
49	3626
50	3627
51	3635
52	3636
53	3646
54	3652
55	3654
56	3658
57	3662
58	3673
59	3684
60	3692
61	3704
62	3706
63	3716
64	3728
65	3749
66	3759
67	3762
68	3770
69	3773
70	3777
71	3781
72	3782
73	3785
74	3799
75	3803
76	3817
77	3820
78	3832
79	3835
80	3845
81	3850
82	3851
83	3852
84	3853
85	3854
86	3864
87	3872
88	3877
89	3881
90	3884
91	3886
92	3887
93	3889
94	3896
95	3900
96	3903
97	3908
98	3915
99	3919
100	3921
101	3926
102	3927
103	3929
104	3935
105	3951
106	3959
107	3960
108	3970
109	3972
110	3977
111	3978
112	3981
113	3984
114	3985
115	3987
116	3989
117	3991
118	3998
119	4003
120	4007
121	4022
122	4027
123	4034
124	4035
125	4038
126	4041
127	4042
128	4043
129	4050
130	26779
131	26780
132	26781
133	26782
134	26783
135	26784
136	26489
137	26490
138	26936
139	26937
140	26938
141	26979
142	26966
143	26967
144	26968
145	14762
146	26797
