11917	12945
11917	14788
11917	16196
11917	29251
12945	12959
12945	29251
12959	23688
12959	31893
12959	31894
14787	14788
14788	16196
14788	20177
14788	29251
14788	29253
14825	14826
14825	23896
14826	17861
14826	33950
14826	34253
14826	34254
16196	28308
16196	28309
16196	28371
17861	21136
17861	29463
17861	38560
17861	38561
18295	18298
18295	25158
18295	25447
18295	25465
18295	35053
18298	25570
20177	29463
20177	34238
20177	38449
20855	20857
20855	38969
20855	41398
20857	25330
20857	25369
20857	34204
20857	40653
21135	21136
21135	21242
21136	29463
23688	31893
23688	31894
23896	30197
23896	34073
25158	25465
25276	25369
25276	32529
25330	25369
25330	40653
25369	40653
25446	25447
25570	40653
28308	28309
28308	28371
28309	28371
29251	29253
30197	34073
31893	31894
33950	38536
33950	38537
33950	38538
34073	35053
34073	35054
34174	34204
34253	34254
35053	35054
35053	38987
35053	38988
38536	38537
38536	38538
38537	38538
38560	38561
38987	38988
