582	1263
583	4099
584	8353
585	15852
586	15869
587	15884
588	15892
589	15913
590	15919
591	15920
592	15921
593	15922
594	15923
595	15927
596	15933
597	15936
598	15984
599	16212
600	16250
601	22170
602	23123
603	23124
604	23125
605	23126
606	23127
607	23128
608	23129
609	23130
610	23131
611	23133
612	23134
613	23135
614	23136
615	23138
616	23139
617	23140
618	23141
619	23142
620	23143
621	23146
622	23147
623	23149
624	23150
625	23151
626	23152
627	23153
628	23158
629	23159
630	23161
631	23162
632	23163
633	23164
634	23165
635	23166
636	23168
637	23169
638	23171
639	23172
640	23173
641	23174
642	23175
643	23176
644	23177
645	23178
646	23179
647	23180
648	23182
649	23183
650	23184
651	23186
652	23188
653	23189
654	23190
655	23191
656	23192
657	23193
658	23195
659	23196
660	23197
661	23198
662	23199
663	23202
664	23203
665	23204
666	23205
667	23206
668	23207
669	23208
670	23209
671	23210
672	23211
673	23212
674	23213
675	23214
676	23215
677	23216
678	23217
679	23218
680	23219
681	23221
682	23222
683	23223
684	23225
685	23226
686	23227
687	23228
688	23238
689	15911
690	16143
691	16144
692	16145
693	30548
694	30562
695	30563
696	30569
697	30626
698	30694
699	30695
700	31751
701	31769
702	30564
703	30565
704	30843
705	30970
706	30971
707	30972
708	30973
709	31752
710	31753
711	32088
712	32089
713	16251
714	16252
715	32084
716	32080
717	32081
718	32082
719	32083
720	30987
721	32085
722	32086
723	32074
724	32075
725	32076
726	32169
727	32170
728	32171
729	32172
730	32173
731	32174
732	32175
733	32176
734	30636
735	30637
736	30638
737	31313
738	32166
739	32167
740	32168
741	31314
742	29906
743	29907
744	29908
745	32077
746	32078
747	32079
748	33896
749	33897
750	33898
751	30549
752	32090
753	32091
754	30848
755	30849
756	30850
757	32139
758	32140
759	32232
760	32233
761	32234
762	32235
763	32236
764	32237
765	32132
