1263	4099
1263	8353
1263	15852
1263	15869
1263	15884
1263	15892
1263	15913
1263	15919
1263	15920
1263	15921
1263	15922
1263	15923
1263	15927
1263	15933
1263	15936
1263	15984
1263	16212
1263	16250
1263	22170
1263	23123
1263	23124
1263	23125
1263	23126
1263	23127
1263	23128
1263	23129
1263	23130
1263	23131
1263	23133
1263	23134
1263	23135
1263	23136
1263	23138
1263	23139
1263	23140
1263	23141
1263	23142
1263	23143
1263	23146
1263	23147
1263	23149
1263	23150
1263	23151
1263	23152
1263	23153
1263	23158
1263	23159
1263	23161
1263	23162
1263	23163
1263	23164
1263	23165
1263	23166
1263	23168
1263	23169
1263	23171
1263	23172
1263	23173
1263	23174
1263	23175
1263	23176
1263	23177
1263	23178
1263	23179
1263	23180
1263	23182
1263	23183
1263	23184
1263	23186
1263	23188
1263	23189
1263	23190
1263	23191
1263	23192
1263	23193
1263	23195
1263	23196
1263	23197
1263	23198
1263	23199
1263	23202
1263	23203
1263	23204
1263	23205
1263	23206
1263	23207
1263	23208
1263	23209
1263	23210
1263	23211
1263	23212
1263	23213
1263	23214
1263	23215
1263	23216
1263	23217
1263	23218
1263	23219
1263	23221
1263	23222
1263	23223
1263	23225
1263	23226
1263	23227
1263	23228
1263	23238
15911	16143
15911	16144
15911	16145
15919	15920
15919	15921
15919	15922
15919	15923
15920	15921
15920	15922
15920	15923
15921	15922
15921	15923
15922	15923
16143	16144
16143	16145
16143	23135
16143	23149
16143	23162
16143	23207
16143	30548
16143	30562
16143	30563
16143	30569
16143	30626
16143	30694
16143	30695
16143	31751
16143	31769
16144	16145
16144	23135
16144	23162
16144	23207
16144	30548
16144	30562
16144	30563
16144	30564
16144	30565
16144	30569
16144	30694
16144	30843
16144	30970
16144	30971
16144	30972
16144	30973
16144	31751
16144	31752
16144	31753
16144	31769
16144	32088
16144	32089
16250	16251
16250	16252
16250	23158
16250	23159
16251	16252
23128	32084
23130	32080
23133	32081
23133	32082
23133	32083
23135	23149
23135	23162
23135	23207
23135	30562
23135	30563
23135	30564
23135	30565
23135	30569
23135	30987
23135	31751
23135	31769
23136	23217
23136	32085
23136	32086
23138	23178
23138	32074
23138	32075
23138	32076
23141	32169
23141	32170
23141	32171
23141	32172
23141	32173
23141	32174
23141	32175
23141	32176
23146	30636
23146	30637
23146	30638
23149	23207
23149	30563
23149	30569
23149	30626
23149	30694
23149	30695
23149	30987
23158	23159
23162	30562
23162	30563
23162	30564
23162	30565
23162	31313
23162	31751
23162	31769
23165	32166
23165	32167
23165	32168
23173	31313
23173	31314
23178	32074
23178	32075
23178	32076
23180	29906
23180	29907
23180	29908
23207	30548
23207	30562
23207	30563
23207	30569
23207	30626
23207	30694
23207	30695
23207	31313
23207	32077
23207	32078
23207	32079
23210	23211
23210	23212
23210	23213
23210	23214
23211	23212
23211	23213
23211	23214
23212	23213
23212	23214
23213	23214
23217	32085
23217	32086
29908	33896
29908	33897
29908	33898
30548	30549
30548	30563
30548	30569
30548	31313
30548	32077
30548	32090
30548	32091
30549	30563
30549	31313
30549	32077
30562	30563
30562	30564
30562	30565
30562	30694
30562	30843
30562	31313
30562	31751
30562	31752
30562	31753
30562	31769
30562	32077
30562	32078
30562	32079
30563	30564
30563	30565
30563	30569
30563	30626
30563	30694
30563	30695
30563	30987
30563	31313
30563	31751
30563	31753
30563	31769
30563	32077
30563	32078
30563	32079
30563	32088
30563	32089
30564	30565
30564	30569
30564	30626
30564	30848
30564	30849
30564	30850
30564	31313
30564	31769
30569	30626
30569	30694
30569	30695
30569	30987
30569	32090
30569	32091
30626	30987
30636	30637
30636	30638
30637	30638
30638	32139
30638	32140
30694	30695
30694	30843
30694	31751
30694	31752
30694	31753
30694	32088
30694	32089
30843	31751
30843	31752
30843	31753
30848	30849
30848	30850
30849	30850
30970	30971
30970	30972
30970	30973
30971	30972
30971	30973
30972	30973
31313	31314
31313	31769
31313	32077
31313	32078
31313	32079
31751	31752
31751	31753
31751	31769
31752	31753
31752	32232
31752	32233
31752	32234
31752	32235
31752	32236
31752	32237
31753	32088
31753	32089
32074	32075
32074	32076
32074	32132
32075	32076
32075	32132
32076	32132
32077	32078
32077	32079
32078	32079
32081	32082
32081	32083
32082	32083
32085	32086
32088	32089
32090	32091
32139	32140
32166	32167
32166	32168
32167	32168
32169	32170
32169	32171
32169	32172
32169	32173
32170	32171
32170	32172
32170	32173
32171	32172
32171	32173
32171	32174
32171	32175
32171	32176
32172	32173
32173	32174
32173	32175
32173	32176
32174	32175
32174	32176
32175	32176
32232	32233
32232	32234
32232	32235
32232	32236
32232	32237
32233	32234
32233	32235
32233	32236
32233	32237
32234	32235
32234	32236
32234	32237
32235	32236
32235	32237
32236	32237
