0	1764
1	1775
2	1776
3	1777
4	1785
5	1790
6	1798
7	10098
8	10099
9	10100
10	10101
11	10096
12	10097
13	10143
14	10144
15	10145
16	10146
17	10108
18	10115
19	10116
20	10117
21	10118
22	10119
23	1800
24	10164
25	10165
26	10166
27	10167
28	10128
29	10129
30	10130
31	10131
32	10132
33	10102
34	10103
35	10104
36	10105
37	10106
38	10107
39	10123
40	10124
41	10133
42	10134
43	10109
44	10110
45	10111
46	10112
47	10113
48	10114
49	10136
50	10137
51	10125
52	10126
53	10127
54	10135
55	19192
56	19211
57	19212
58	19213
59	19214
60	19215
