648	1361
649	25634
650	25635
651	25636
652	25637
653	25638
654	25639
655	25640
656	25641
657	25642
658	25644
659	25645
660	25646
661	25647
662	25648
663	25649
664	25650
665	25651
666	25652
667	25653
668	25655
669	25656
670	25658
671	25659
672	25660
673	25661
674	25662
675	25663
676	25664
677	25666
678	25667
679	25670
680	25671
681	25672
682	25673
683	25674
684	25675
685	25676
686	25677
687	25678
688	25679
689	25681
690	25682
691	25684
692	25685
693	25687
694	25688
695	25691
696	25692
697	25693
698	25695
699	25696
700	25697
701	25700
702	25701
703	25702
704	25703
705	25704
706	25706
707	25707
708	25708
709	25709
710	25710
711	25711
712	25712
713	25713
714	25714
715	25715
716	25716
717	25717
718	25718
719	25719
720	25720
721	25722
722	25726
723	25727
724	25728
725	25730
726	25731
727	25732
728	25733
729	25734
730	25735
731	25736
732	25739
733	25740
734	25741
735	25743
736	25744
737	25746
738	25747
739	25748
740	25750
741	25751
742	25752
743	25753
744	25754
745	25755
746	25757
747	25758
748	25759
749	25761
750	25762
751	25763
752	25764
753	25765
754	25766
755	25768
756	25769
757	25770
758	25771
759	25772
760	25773
761	25774
762	25776
763	25777
764	25778
765	25779
766	25780
767	29987
768	29988
769	29989
770	29990
771	29991
772	29992
773	29993
774	29994
775	29995
776	29996
777	29997
778	29998
779	29999
780	30000
781	30001
782	30002
783	30003
784	30004
785	30005
786	30016
787	30017
788	30018
789	30006
790	30007
791	30008
792	29041
793	29042
794	29043
