1361	25634
1361	25635
1361	25636
1361	25637
1361	25638
1361	25639
1361	25640
1361	25641
1361	25642
1361	25644
1361	25645
1361	25646
1361	25647
1361	25648
1361	25649
1361	25650
1361	25651
1361	25652
1361	25653
1361	25655
1361	25656
1361	25658
1361	25659
1361	25660
1361	25661
1361	25662
1361	25663
1361	25664
1361	25666
1361	25667
1361	25670
1361	25671
1361	25672
1361	25673
1361	25674
1361	25675
1361	25676
1361	25677
1361	25678
1361	25679
1361	25681
1361	25682
1361	25684
1361	25685
1361	25687
1361	25688
1361	25691
1361	25692
1361	25693
1361	25695
1361	25696
1361	25697
1361	25700
1361	25701
1361	25702
1361	25703
1361	25704
1361	25706
1361	25707
1361	25708
1361	25709
1361	25710
1361	25711
1361	25712
1361	25713
1361	25714
1361	25715
1361	25716
1361	25717
1361	25718
1361	25719
1361	25720
1361	25722
1361	25726
1361	25727
1361	25728
1361	25730
1361	25731
1361	25732
1361	25733
1361	25734
1361	25735
1361	25736
1361	25739
1361	25740
1361	25741
1361	25743
1361	25744
1361	25746
1361	25747
1361	25748
1361	25750
1361	25751
1361	25752
1361	25753
1361	25754
1361	25755
1361	25757
1361	25758
1361	25759
1361	25761
1361	25762
1361	25763
1361	25764
1361	25765
1361	25766
1361	25768
1361	25769
1361	25770
1361	25771
1361	25772
1361	25773
1361	25774
1361	25776
1361	25777
1361	25778
1361	25779
1361	25780
25634	25751
25639	25640
25639	25641
25640	25641
25641	25645
25641	25646
25641	25647
25641	29987
25641	29988
25641	29989
25641	29990
25641	29991
25641	29992
25641	29993
25641	29994
25641	29995
25641	29996
25641	29997
25641	29998
25641	29999
25641	30000
25641	30001
25641	30002
25641	30003
25641	30004
25641	30005
25645	25646
25645	25647
25645	29987
25645	29995
25645	29996
25645	29997
25645	29998
25646	25647
25646	29988
25646	29993
25646	29994
25646	29995
25646	29996
25646	29997
25646	29998
25647	29987
25647	29988
25647	29994
25647	29995
25647	29996
25647	29997
25647	29998
25670	25671
25670	25672
25671	25672
25675	25772
25678	25679
25678	30016
25678	30017
25678	30018
25716	25717
25718	25719
25720	30006
25720	30007
25720	30008
25753	29041
25753	29042
25753	29043
25777	25778
29041	29042
29041	29043
29042	29043
29989	29990
29989	29991
29989	29992
29990	29991
29990	29992
29991	29992
29993	29994
29995	29996
29995	29997
29995	29998
29996	29997
29996	29998
29997	29998
29999	30000
29999	30001
30000	30001
30002	30003
30002	30004
30002	30005
30003	30004
30003	30005
30006	30007
30006	30008
30007	30008
30016	30017
30016	30018
30017	30018
