67	1836
68	14290
69	19779
70	19782
71	19783
72	19784
73	19785
74	19787
75	19790
76	19793
77	19802
78	19803
79	19807
80	19808
81	19809
82	19810
83	19814
84	19817
85	19819
86	19820
87	19821
88	19825
89	19826
90	19828
91	19830
92	19832
93	19833
94	19835
95	19836
96	19837
97	19838
98	19839
99	19840
100	19843
101	19845
102	19846
103	19847
104	19849
105	19851
106	19855
107	19856
108	19857
109	19861
110	19862
111	19863
112	19869
113	19870
114	19871
115	19872
116	19873
117	19874
118	19875
119	19876
120	19877
121	19878
122	19879
123	19880
124	19881
125	19882
126	19884
127	19885
128	19887
129	19888
130	19889
131	19892
132	19893
133	19894
134	19896
135	19897
136	19898
137	19899
138	19902
139	19904
140	19905
141	19906
142	19907
143	19908
144	19909
145	19910
146	19913
147	19914
148	19916
149	19917
150	19918
151	19919
152	19920
153	19921
154	19922
155	19925
156	19926
157	19928
158	19929
159	19930
160	19931
161	19932
162	19933
163	19934
164	19937
165	19938
166	19939
167	19940
168	19941
169	19942
170	19945
171	19946
172	19950
173	19951
174	19953
175	19954
176	19955
177	19956
178	19958
179	19959
180	19961
181	19963
182	19964
183	19965
184	19966
185	19970
186	19971
187	19974
188	19975
189	19979
190	19980
191	19982
192	19984
193	19985
194	20416
195	20417
196	20418
197	20419
198	20165
199	20166
200	20167
201	20754
202	20755
203	20756
204	20757
205	20758
206	20759
207	20760
208	20426
209	20427
210	20420
211	20421
212	20422
213	20423
214	20424
215	20425
216	20728
217	20729
218	20730
219	20731
220	20732
221	20733
