1836	14290
1836	19779
1836	19782
1836	19783
1836	19784
1836	19785
1836	19787
1836	19790
1836	19793
1836	19802
1836	19803
1836	19807
1836	19808
1836	19809
1836	19810
1836	19814
1836	19817
1836	19819
1836	19820
1836	19821
1836	19825
1836	19826
1836	19828
1836	19830
1836	19832
1836	19833
1836	19835
1836	19836
1836	19837
1836	19838
1836	19839
1836	19840
1836	19843
1836	19845
1836	19846
1836	19847
1836	19849
1836	19851
1836	19855
1836	19856
1836	19857
1836	19861
1836	19862
1836	19863
1836	19869
1836	19870
1836	19871
1836	19872
1836	19873
1836	19874
1836	19875
1836	19876
1836	19877
1836	19878
1836	19879
1836	19880
1836	19881
1836	19882
1836	19884
1836	19885
1836	19887
1836	19888
1836	19889
1836	19892
1836	19893
1836	19894
1836	19896
1836	19897
1836	19898
1836	19899
1836	19902
1836	19904
1836	19905
1836	19906
1836	19907
1836	19908
1836	19909
1836	19910
1836	19913
1836	19914
1836	19916
1836	19917
1836	19918
1836	19919
1836	19920
1836	19921
1836	19922
1836	19925
1836	19926
1836	19928
1836	19929
1836	19930
1836	19931
1836	19932
1836	19933
1836	19934
1836	19937
1836	19938
1836	19939
1836	19940
1836	19941
1836	19942
1836	19945
1836	19946
1836	19950
1836	19951
1836	19953
1836	19954
1836	19955
1836	19956
1836	19958
1836	19959
1836	19961
1836	19963
1836	19964
1836	19965
1836	19966
1836	19970
1836	19971
1836	19974
1836	19975
1836	19979
1836	19980
1836	19982
19803	19821
19803	19984
19803	19985
19803	20416
19803	20417
19803	20418
19803	20419
19819	19821
19819	20165
19819	20166
19819	20167
19821	19984
19821	19985
19835	19836
19835	19837
19836	19837
19837	20754
19837	20755
19837	20756
19837	20757
19837	20758
19837	20759
19837	20760
19838	19839
19838	19840
19838	19929
19838	19930
19839	19840
19840	19877
19840	20426
19840	20427
19846	19847
19877	19881
19877	19882
19877	20420
19877	20421
19877	20422
19877	20423
19877	20424
19877	20425
19877	20426
19877	20427
19881	19882
19892	19893
19909	19910
19920	19921
19920	19922
19921	19922
19929	19930
19974	20728
19984	19985
20165	20166
20165	20167
20166	20167
20416	20417
20416	20418
20416	20419
20417	20418
20417	20419
20420	20421
20420	20422
20421	20422
20423	20424
20423	20425
20424	20425
20426	20427
20728	20729
20728	20730
20728	20731
20728	20732
20728	20733
20731	20732
20731	20733
20732	20733
20754	20755
20754	20756
20754	20757
20755	20756
20755	20757
20756	20757
20758	20759
20758	20760
20759	20760
