19460	22539
19460	36301
22502	29243
22539	29243
22539	36301
22539	36540
22539	36541
22539	36542
22541	29243
22605	29243
29243	36280
29243	36281
29243	36293
29243	36300
29243	36307
29243	36308
29243	36321
29243	36323
29243	36340
29243	36344
29243	36345
29243	36360
29243	36406
29243	36422
29243	36449
29243	36540
29243	36541
29243	36542
29243	36591
29243	36592
29243	36593
29243	36594
29243	36595
29243	36596
29243	36597
29243	36598
29243	36599
29243	36600
36280	36281
36280	36595
36540	36541
36540	36542
36541	36542
36593	36594
