227	1883
228	6298
229	20831
230	20832
231	20833
232	20836
233	20842
234	20843
235	20845
236	20848
237	20849
238	20851
239	20852
240	20857
241	20858
242	20862
243	20863
244	20864
245	20866
246	20868
247	20869
248	20870
249	20871
250	20872
251	20876
252	20880
253	20882
254	20883
255	20884
256	20885
257	20886
258	20888
259	20889
260	20890
261	20891
262	20892
263	20893
264	20894
265	20897
266	20898
267	20899
268	20900
269	20903
270	20904
271	20907
272	20908
273	20909
274	20910
275	20912
276	20913
277	20914
278	20915
279	20919
280	20921
281	20924
282	20925
283	20926
284	20927
285	25468
286	25467
287	25463
288	25464
289	25465
290	25469
