1883	6298
1883	20831
1883	20832
1883	20833
1883	20836
1883	20842
1883	20843
1883	20845
1883	20848
1883	20849
1883	20851
1883	20852
1883	20857
1883	20858
1883	20862
1883	20863
1883	20864
1883	20866
1883	20868
1883	20869
1883	20870
1883	20871
1883	20872
1883	20876
1883	20880
1883	20882
1883	20883
1883	20884
1883	20885
1883	20886
1883	20888
1883	20889
1883	20890
1883	20891
1883	20892
1883	20893
1883	20894
1883	20897
1883	20898
1883	20899
1883	20900
1883	20903
1883	20904
1883	20907
1883	20908
1883	20909
1883	20910
1883	20912
1883	20913
1883	20914
1883	20915
1883	20919
1883	20921
1883	20924
1883	20925
1883	20926
1883	20927
20843	25468
20862	20863
20870	20871
20870	20872
20871	20872
20893	25467
20904	25463
20904	25464
20904	25465
25463	25464
25463	25465
25464	25465
25468	25469
