188	265
189	1563
190	1567
191	1575
192	1589
193	1606
194	1607
195	1629
196	1633
197	1635
198	1639
199	1645
200	1651
201	1669
202	1678
203	1686
204	1701
205	1707
206	1711
207	1719
208	1725
209	1729
210	1745
211	1746
212	1750
213	1766
214	1769
215	1771
216	1778
217	1799
218	1816
219	1825
220	1827
221	1833
222	1860
223	1883
224	1890
225	1904
226	1908
227	1913
228	1915
229	1920
230	1921
231	1922
232	1939
233	1940
234	1947
235	1955
236	1962
237	1963
238	1968
239	31549
240	31550
241	31552
242	31554
243	31556
244	31559
245	31560
246	31561
247	28008
248	31548
249	31551
250	28006
251	28007
252	28009
253	31553
254	31555
255	31557
256	31558
