265	1563
265	1567
265	1575
265	1589
265	1606
265	1607
265	1629
265	1633
265	1635
265	1639
265	1645
265	1651
265	1669
265	1678
265	1686
265	1701
265	1707
265	1711
265	1719
265	1725
265	1729
265	1745
265	1746
265	1750
265	1766
265	1769
265	1771
265	1778
265	1799
265	1816
265	1825
265	1827
265	1833
265	1860
265	1883
265	1890
265	1904
265	1908
265	1913
265	1915
265	1920
265	1921
265	1922
265	1939
265	1940
265	1947
265	1955
265	1962
265	1963
265	1968
1607	31549
1607	31550
1607	31552
1607	31554
1607	31556
1607	31559
1607	31560
1686	31561
1719	28008
1766	31548
1766	31549
1766	31550
1766	31551
1920	1921
1920	1962
1920	1963
1962	1963
28006	28007
28006	28008
28006	28009
28007	28008
28007	28009
28008	28009
31548	31549
31548	31550
31548	31551
31548	31552
31548	31553
31549	31550
31549	31551
31549	31552
31549	31553
31549	31554
31550	31551
31550	31552
31550	31553
31550	31554
31552	31555
31552	31556
31552	31557
31552	31558
31552	31559
31552	31560
31555	31556
31555	31557
31555	31558
31556	31557
31556	31558
31556	31559
31557	31558
31559	31560
