1174	3679
1175	5373
1176	5474
1177	18269
1178	18270
1179	18271
1180	18272
1181	18273
1182	18274
1183	18275
1184	18279
1185	18286
1186	18288
1187	18290
1188	18294
1189	18296
1190	18298
1191	18299
1192	18302
1193	18303
1194	18305
1195	18306
1196	18307
1197	18308
1198	18309
1199	18310
1200	18311
1201	18313
1202	18316
1203	18317
1204	18318
1205	18324
1206	18325
1207	18326
1208	18327
1209	18328
1210	18333
1211	18335
1212	18338
1213	18339
1214	18341
1215	18342
1216	18343
1217	18348
1218	18350
1219	18351
1220	18352
