3679	5373
3679	5474
3679	18269
3679	18270
3679	18271
3679	18272
3679	18273
3679	18274
3679	18275
3679	18279
3679	18286
3679	18288
3679	18290
3679	18294
3679	18296
3679	18298
3679	18299
3679	18302
3679	18303
3679	18305
3679	18306
3679	18307
3679	18308
3679	18309
3679	18310
3679	18311
3679	18313
3679	18316
3679	18317
3679	18318
3679	18324
3679	18325
3679	18326
3679	18327
3679	18328
3679	18333
3679	18335
3679	18338
3679	18339
3679	18341
3679	18342
3679	18343
3679	18348
3679	18350
3679	18351
3679	18352
5474	18270
5474	18271
5474	18272
5474	18273
18270	18271
18270	18272
18270	18273
18271	18272
18271	18273
18272	18273
18306	18307
18342	18343
