5818	12582
12582	22440
12582	22792
12582	22799
12582	23497
12582	23498
12582	23499
12582	23500
12582	23501
12582	23502
12582	23503
12582	23504
12582	23505
12582	23506
12582	23508
12582	23509
12582	23510
12582	23511
12582	23512
12582	23514
12582	23515
22440	27015
22440	27016
22440	27017
22440	27018
22440	27019
22440	27020
22440	27021
22440	27022
22440	27023
22440	27024
22440	27025
22792	27020
22792	27022
22792	27023
22792	27043
22792	27417
22792	27418
22792	27419
22792	27420
23500	23501
23500	23502
23500	23503
23500	23504
23500	23505
23501	23502
23501	23503
23501	23504
23501	23505
23502	23503
23502	23504
23502	23505
23503	23504
23503	23505
23504	23505
23505	23508
23505	23509
23505	23512
23508	23509
23509	23512
27015	27016
27015	27017
27015	27021
27016	27017
27017	27021
27018	27019
27018	27020
27018	27022
27019	27020
27020	27022
27020	27023
27020	27025
27020	27043
27022	27023
27022	27043
27023	27025
27417	27418
27417	27419
27417	27420
27418	27419
27418	27420
27419	27420
