3079	7494
3079	22027
3079	22028
3079	22029
3079	22032
3079	22038
3079	22039
3079	22041
3079	22044
3079	22045
3079	22047
3079	22048
3079	22053
3079	22054
3079	22058
3079	22059
3079	22060
3079	22062
3079	22064
3079	22065
3079	22066
3079	22067
3079	22068
3079	22072
3079	22076
3079	22078
3079	22079
3079	22080
3079	22081
3079	22082
3079	22084
3079	22085
3079	22086
3079	22087
3079	22088
3079	22089
3079	22090
3079	22093
3079	22094
3079	22095
3079	22096
3079	22099
3079	22100
3079	22103
3079	22104
3079	22105
3079	22106
3079	22108
3079	22109
3079	22110
3079	22111
3079	22115
3079	22117
3079	22120
3079	22121
3079	22122
3079	22123
22039	26664
22058	22059
22066	22067
22066	22068
22067	22068
22089	26663
22100	26659
22100	26660
22100	26661
26659	26660
26659	26661
26660	26661
26664	26665
