144	2200
315	36298
102	15311
195	7660
108	8812
8	41844
270	19530
477	34117
191	25333
31	6579
221	26300
306	22841
464	19526
457	36305
431	18486
375	40159
235	18484
26	34161
320	31599
506	29685
3	40151
463	23879
147	2231
264	9729
67	1151
60	1150
415	35252
299	25306
35	21956
100	16317
265	15344
0	63
339	7642
505	27208
439	16313
340	9832
107	9833
422	26343
163	27186
301	6639
199	21936
472	30675
49	3222
206	26339
237	16328
54	26348
267	15239
268	14165
103	16337
381	23868
436	36991
298	18499
94	33098
420	16340
42	16344
496	30670
29	21934
64	25268
440	34097
486	32621
416	15276
202	7552
361	9804
498	26304
217	30719
284	16611
476	21916
160	13114
148	2290
223	27167
499	36931
373	30713
150	2289
18	39130
470	26326
4	117
501	33129
40	6613
175	10882
255	4426
377	10881
258	3244
121	16140
89	40055
238	41971
254	3160
164	10870
281	14233
220	18573
78	16406
335	7551
36	37046
385	18571
458	29517
398	41963
109	8944
51	16412
413	16414
342	18566
247	6461
248	6462
116	10832
131	2103
303	34292
473	40030
508	36202
129	19680
357	40003
441	21827
334	7510
190	19690
482	35123
118	38916
234	7507
257	10829
198	31626
184	31627
97	31628
250	25132
474	33223
345	28388
311	20834
399	14277
11	219
87	2126
393	13185
74	19595
141	2166
231	39005
370	18683
46	2161
45	2160
241	38996
128	26181
76	20830
139	34229
215	38993
183	38995
487	25107
12	30571
443	38984
374	35192
478	38986
510	33263
188	38977
146	31671
133	2155
9	36156
321	16510
469	25117
92	10760
236	38979
394	13217
488	22582
316	7414
134	31316
366	10045
504	26551
273	27502
423	15058
122	15056
23	4136
351	20645
291	15062
376	15060
84	15050
290	15048
83	15049
71	15054
19	263
275	4151
85	15053
380	21754
50	264
289	15046
70	15047
418	15045
305	5197
363	10014
252	36091
465	27459
169	41538
7	37138
68	39307
384	18729
260	30382
13	22533
269	4113
497	25551
452	29432
218	32293
136	19831
484	32350
5	39399
209	29324
437	16089
82	30410
263	3470
55	344
409	14987
444	35969
286	4222
308	32854
266	3486
325	7342
326	7343
88	22637
490	32380
492	40329
279	38165
2	15031
503	31291
72	15024
288	15027
104	4180
493	23564
208	32364
432	26566
475	38151
414	15017
1	1325
410	15018
57	1326
95	38149
287	15014
81	15015
280	21657
411	15010
80	15011
10	22719
354	14929
338	10160
77	13964
350	13960
283	40309
229	19920
124	38383
153	7273
34	1472
151	2329
211	3413
20	15874
302	34001
111	16648
6	32439
348	23766
130	19944
240	32938
389	15920
101	9160
39	1507
479	34848
43	15910
14	25416
433	34035
274	18867
442	22780
445	29193
400	21537
244	38327
259	35840
343	28663
114	33946
365	19868
137	38308
292	4339
41	1422
227	35854
294	33962
507	35895
73	22739
181	15970
86	4307
178	17067
174	2745
383	17068
212	20085
467	38479
468	25749
448	30114
502	32056
369	38487
162	2726
38	22479
293	12653
447	17032
165	2718
322	8165
159	2708
349	17026
157	2704
356	41326
428	37436
386	17050
371	10479
512	32031
213	33549
161	17054
272	9267
483	30095
61	2694
91	17044
337	24820
451	17046
200	26645
143	2814
110	1578
390	12599
47	2812
225	38403
48	2813
480	36773
66	22426
201	2800
204	2801
119	24327
90	7110
16	2807
344	22430
106	32101
196	2799
96	5896
194	2796
327	8094
421	25817
158	15868
24	38431
193	2788
296	30980
396	13662
154	7146
75	19995
412	19997
282	40630
461	35784
180	2772
105	2773
52	22433
177	2763
329	34565
364	19015
319	19981
459	39652
323	7166
135	2753
53	24756
99	22443
513	33716
197	27799
37	8395
214	32174
25	35622
210	19120
438	19121
372	24659
261	32179
481	35636
434	35638
425	32187
112	16957
397	31176
324	14661
113	1731
309	10359
145	38638
330	37538
278	33683
494	29975
189	12752
120	32137
392	23481
126	15643
367	10350
362	14680
491	23479
427	15638
314	8435
63	41363
173	25670
59	17002
205	27840
176	17011
408	14645
155	2661
21	22284
332	34730
69	11334
430	30054
245	17016
140	6078
462	40507
216	33756
300	16971
446	39531
455	32221
304	24509
262	24157
331	19234
117	1911
341	7872
207	35492
230	22230
419	15524
509	36588
271	40924
489	33335
295	34427
328	9474
435	34424
226	23050
313	23090
277	10730
276	10729
149	7930
471	37686
355	10724
297	4650
352	9513
185	2970
192	10747
233	26018
310	5756
450	35469
219	27003
346	26031
249	2962
424	24162
15	779
495	34343
65	15607
256	9566
127	18358
500	40839
156	8472
17	24087
359	18337
456	24975
115	1838
251	9550
382	12338
426	28862
379	24974
317	8453
402	18343
152	8454
401	18342
167	18345
403	18344
466	36516
79	22173
347	20276
460	31833
336	33355
417	22180
307	38717
333	28000
429	19277
132	9585
285	33369
123	38695
449	31820
142	15565
511	30731
318	30730
246	36467
404	38874
125	2035
30	17202
187	17206
388	23188
62	2859
224	2869
32	2871
453	17189
222	2866
454	17193
168	2876
228	17197
395	17199
179	38853
253	33413
312	19338
353	12488
44	2817
387	12487
93	2828
391	28076
203	40815
22	2837
166	23203
56	2846
378	15362
170	2913
368	27016
28	2918
182	41092
33	14391
360	33518
172	19455
407	19451
186	27035
232	8577
405	19445
406	19446
171	19447
485	38785
239	2890
358	22074
242	34463
138	30859
58	960
243	2904
98	12439
27	2908
