1
1
1
1
1
1
1
1
1
1
1
2
4
2
4
4
2
4
4
2
2
2
2
2
2
2
2
2
19
3
2
2
15
19
2
2
2
2
2
16
2
2
2
2
2
2
2
2
19
2
1
1
1
1
16
1
19
1
16
5
8
8
8
8
8
8
8
1
19
1
1
1
1
1
1
1
1
1
6
5
1
1
5
5
5
5
1
1
1
1
6
6
9
11
1
16
16
14
3
16
14
17
3
15
18
2
16
16
15
3
15
9
15
9
9
5
5
1
1
1
1
1
1
1
1
4
4
4
4
4
4
5
5
2
2
2
2
2
2
2
2
2
19
8
6
6
6
4
4
14
4
14
14
14
14
14
14
17
9
3
9
3
14
3
16
3
3
3
3
3
3
3
19
7
3
3
1
16
3
16
12
12
12
17
14
9
9
9
9
14
2
9
9
19
3
3
3
3
3
3
3
8
8
8
8
8
8
2
19
2
2
19
2
19
19
19
19
19
5
13
11
2
19
8
3
3
3
3
3
3
3
3
15
15
15
15
15
15
15
13
13
13
13
3
3
3
9
9
9
9
9
9
9
9
5
5
5
2
7
7
7
7
7
1
1
1
9
6
9
9
9
9
9
9
10
9
9
9
18
18
18
18
18
18
18
18
18
1
1
1
1
1
10
10
10
10
5
14
14
14
14
14
14
14
14
16
9
9
9
9
15
16
16
16
16
2
14
14
6
6
14
14
14
6
14
9
14
15
15
15
15
15
15
15
15
5
8
8
8
16
3
2
15
15
14
14
3
3
3
17
17
17
17
17
17
5
9
9
5
5
1
16
16
1
1
1
9
3
9
9
9
9
9
9
9
9
1
6
1
1
1
1
9
3
17
3
3
17
17
17
15
15
15
15
9
9
15
17
17
4
19
19
19
19
19
19
19
19
3
1
1
1
1
5
1
1
1
1
1
1
1
1
1
1
1
6
8
4
4
4
4
4
9
2
2
9
2
9
9
3
14
14
14
6
9
14
17
3
3
3
6
19
3
14
13
13
16
4
14
10
10
2
4
4
16
1
2
3
4
4
4
3
3
3
9
9
2
2
2
2
2
2
2
2
2
2
2
2
4
1
3
4
4
9
9
16
16
9
16
16
9
9
16
9
10
10
10
2
2
4
19
6
4
10
