353	24286
353	24287
353	24288
353	24289
353	24294
353	24296
353	24299
353	24304
353	24305
353	24306
353	24309
353	24312
353	24314
353	24316
353	24317
353	24318
353	24319
353	24320
353	24321
353	24325
353	24326
353	24330
353	24331
353	24332
353	24335
353	24336
353	24340
353	24342
353	24343
353	24346
353	24347
353	24348
353	24349
353	24355
353	24358
353	24359
353	24360
353	24365
353	24368
353	24369
353	24370
353	24371
353	24372
353	24373
353	24375
353	24376
353	24378
353	24382
353	24383
353	24385
353	24387
353	24396
353	24400
353	24401
353	24402
353	24404
353	24408
24286	24287
24318	24319
24318	24320
24319	24320
24330	24331
24358	24359
24371	32911
24371	32912
24371	32913
32911	32912
32911	32913
32912	32913
