20062	29709
20062	29730
20062	29731
20062	29732
20062	29733
20062	29734
20062	29735
20062	29741
20062	29786
20084	29709
20084	29786
20118	29709
20118	29786
20125	20126
20126	29709
20149	29723
20149	29724
20149	29725
26150	29709
29709	29725
29709	29738
29709	29750
29709	29752
29709	29753
29709	29754
29709	29756
29709	29759
29709	29760
29723	29724
29723	29725
29724	29725
29725	29754
29730	29731
29730	29732
29730	29733
29730	29734
29730	29735
29730	29741
29731	29732
29731	29733
29731	29734
29731	29735
29731	29741
29732	29733
29732	29734
29732	29735
29733	29734
29733	29735
29733	29741
29734	29735
29734	29741
29735	29741
29753	30217
29753	30218
29753	30219
29753	30220
29756	29759
29786	30216
30217	30218
30217	30219
30217	30220
30218	30219
30218	30220
30219	30220
