14055	14124
14055	14138
14138	14186
14138	19093
14138	36392
14138	36393
14138	36394
14138	36395
14138	36396
14138	36398
14138	36399
14138	36400
14138	36401
14138	36402
14138	36403
14138	36404
14138	36405
14138	36406
14138	36407
14138	36408
14138	36409
14138	36410
14138	36411
14138	36412
14138	36413
14138	36414
14138	36415
14138	36416
19093	36411
36402	36403
36402	36404
36402	36405
36402	36406
36402	36407
36403	36404
36403	36405
36403	36406
36403	36407
36404	36405
36404	36406
36404	36407
36405	36406
36405	36407
36406	36407
36413	36414
