227	2112
228	6875
229	7775
230	9386
231	11033
232	19905
233	19914
234	19915
235	19921
236	19922
237	19926
238	19927
239	19928
240	19929
241	19930
242	19932
243	19933
244	19934
245	19939
246	19940
247	19943
248	19944
249	19945
250	19948
251	19949
252	19951
253	19952
254	19954
255	19955
256	19959
257	19960
258	19961
259	19962
260	19963
261	19964
262	19965
263	19966
264	19967
265	19968
266	19973
267	19974
268	19975
269	19976
270	19977
271	19983
272	19985
273	19986
274	19987
275	19988
276	19989
277	19990
278	19991
279	19992
280	19993
281	19996
282	19997
283	20002
284	20003
285	20005
286	23239
287	32728
288	32729
289	32705
290	32706
291	32707
292	32708
293	32709
294	32710
295	32711
296	32712
297	32713
