2112	6875
2112	7775
2112	9386
2112	11033
2112	19905
2112	19914
2112	19915
2112	19921
2112	19922
2112	19926
2112	19927
2112	19928
2112	19929
2112	19930
2112	19932
2112	19933
2112	19934
2112	19939
2112	19940
2112	19943
2112	19944
2112	19945
2112	19948
2112	19949
2112	19951
2112	19952
2112	19954
2112	19955
2112	19959
2112	19960
2112	19961
2112	19962
2112	19963
2112	19964
2112	19965
2112	19966
2112	19967
2112	19968
2112	19973
2112	19974
2112	19975
2112	19976
2112	19977
2112	19983
2112	19985
2112	19986
2112	19987
2112	19988
2112	19989
2112	19990
2112	19991
2112	19992
2112	19993
2112	19996
2112	19997
2112	20002
2112	20003
2112	20005
7775	23239
11033	19933
19929	19992
19929	19993
19929	32728
19929	32729
19943	32705
19943	32706
19943	32707
19943	32708
19943	32709
19943	32710
19943	32711
19943	32712
19943	32713
19944	19945
19964	19987
19973	19974
19973	19996
19992	19993
19993	32728
19993	32729
32705	32706
32705	32707
32705	32708
32705	32709
32705	32710
32705	32711
32705	32712
32705	32713
32706	32707
32706	32710
32708	32709
32711	32712
32711	32713
32712	32713
32728	32729
