0	1734
1	20381
2	20382
3	20384
4	20385
5	20388
6	20389
7	20390
8	20392
9	20398
10	20399
11	20401
12	20402
13	20403
14	20405
15	20406
16	20408
17	20409
18	20410
19	20411
20	20412
21	20413
22	20414
23	20415
24	20416
25	20417
26	20419
27	20420
28	20422
29	20423
30	20424
31	20425
32	20426
33	20427
34	20428
35	20429
36	20431
37	20432
38	20434
39	20435
40	20436
41	20437
42	20438
43	20439
44	20440
45	20441
46	20442
47	20443
48	20444
49	20446
50	20448
51	20449
52	20450
53	20451
54	20452
55	20453
56	20454
57	20455
58	20456
59	20458
60	20459
61	20461
62	20462
63	20463
64	20464
65	20465
66	20467
67	20468
68	20469
69	20470
70	20472
71	20474
72	23234
73	23244
74	23245
75	23246
76	23247
77	23256
78	23257
79	23258
80	23259
81	23260
82	23261
83	27080
84	27081
