0	1
0	2
0	3
0	4
0	5
0	6
0	7
0	8
0	9
0	10
0	11
0	12
0	13
0	14
0	15
0	16
0	17
0	18
0	19
0	20
0	21
0	22
0	23
0	24
0	25
0	26
0	27
0	28
0	29
0	30
0	31
0	32
0	33
0	34
0	35
0	36
0	37
0	38
0	39
0	40
0	41
0	42
0	43
0	44
0	45
0	46
0	47
0	48
0	49
0	50
0	51
0	52
0	53
0	54
0	55
0	56
0	57
0	58
0	59
0	60
0	61
0	62
0	63
0	64
0	65
0	66
0	67
0	68
0	69
0	70
0	71
3	4
3	35
4	5
4	7
4	35
5	6
5	7
5	35
5	57
5	58
6	7
6	57
6	58
7	35
9	72
14	73
14	74
14	75
17	18
17	19
17	20
17	21
18	19
18	20
18	21
19	20
19	21
20	21
22	76
28	77
31	78
31	79
31	80
36	54
36	55
36	56
42	81
42	82
54	55
54	56
55	56
57	58
64	65
73	74
73	83
74	83
78	79
78	80
79	80
81	82
81	84
82	84
