1134	2115
1135	3116
1136	11516
1137	11519
1138	11520
1139	11521
1140	11522
1141	11523
1142	11524
1143	11525
1144	11526
1145	11527
1146	11529
1147	11530
1148	11533
1149	11534
1150	11535
1151	11536
1152	11537
1153	11538
1154	11539
1155	11541
1156	11542
1157	11543
1158	11544
1159	11545
1160	11548
1161	11549
1162	11550
1163	11551
1164	11553
1165	11554
1166	11555
1167	11557
1168	11558
1169	11560
1170	11561
1171	11563
1172	11564
1173	11565
1174	11569
1175	11570
1176	11571
1177	11575
1178	11576
1179	11577
1180	11579
1181	11580
1182	34024
