2115	3116
2115	11516
2115	11519
2115	11520
2115	11521
2115	11522
2115	11523
2115	11524
2115	11525
2115	11526
2115	11527
2115	11529
2115	11530
2115	11533
2115	11534
2115	11535
2115	11536
2115	11537
2115	11538
2115	11539
2115	11541
2115	11542
2115	11543
2115	11544
2115	11545
2115	11548
2115	11549
2115	11550
2115	11551
2115	11553
2115	11554
2115	11555
2115	11557
2115	11558
2115	11560
2115	11561
2115	11563
2115	11564
2115	11565
2115	11569
2115	11570
2115	11571
2115	11575
2115	11576
2115	11577
2115	11579
2115	11580
11519	11520
11519	11521
11519	11527
11519	11576
11519	11577
11519	34024
11520	11521
11520	34024
11521	34024
11522	11523
11524	11525
11548	11549
11548	11550
11548	11551
11549	11550
11549	11551
11550	11551
11576	11577
