227	423
228	11800
229	11835
230	18998
231	18999
232	19001
233	19002
234	19004
235	19009
236	19010
237	19013
238	19017
239	19018
240	19019
241	19020
242	19021
243	19024
244	19025
245	19026
246	19029
247	19032
248	19035
249	19036
250	19038
251	19039
252	19041
253	19042
254	19044
255	19045
256	19046
257	19047
258	19048
259	19049
260	19050
261	19051
262	19052
263	19056
264	19059
265	19060
266	19061
267	19064
268	19065
269	19066
270	19067
271	19068
272	19069
273	19070
274	19071
275	19072
276	19073
277	19074
278	19076
279	19077
280	19078
281	19079
282	19080
283	19083
284	19086
285	19089
286	19090
287	19092
288	19093
289	19094
290	19096
291	19097
292	19098
293	19100
294	19101
295	19102
296	19103
297	19104
298	19105
299	19107
300	19108
301	19111
302	19112
303	19113
304	19114
305	19115
306	19117
307	19118
308	19121
309	19122
310	19124
311	19125
312	19126
313	19128
314	19130
315	19135
316	19136
317	19137
318	19138
319	11833
320	20058
321	33951
322	33952
323	33953
324	33945
325	33946
326	33947
327	33948
328	33949
329	33950
330	33954
331	33955
332	33956
333	33957
334	33958
335	33959
336	33960
337	33961
338	33966
339	33967
340	33936
341	33937
342	33938
343	33939
344	33940
345	33968
346	33969
347	33970
348	33971
349	33964
350	33965
