423	11800
423	11835
423	18998
423	18999
423	19001
423	19002
423	19004
423	19009
423	19010
423	19013
423	19017
423	19018
423	19019
423	19020
423	19021
423	19024
423	19025
423	19026
423	19029
423	19032
423	19035
423	19036
423	19038
423	19039
423	19041
423	19042
423	19044
423	19045
423	19046
423	19047
423	19048
423	19049
423	19050
423	19051
423	19052
423	19056
423	19059
423	19060
423	19061
423	19064
423	19065
423	19066
423	19067
423	19068
423	19069
423	19070
423	19071
423	19072
423	19073
423	19074
423	19076
423	19077
423	19078
423	19079
423	19080
423	19083
423	19086
423	19089
423	19090
423	19092
423	19093
423	19094
423	19096
423	19097
423	19098
423	19100
423	19101
423	19102
423	19103
423	19104
423	19105
423	19107
423	19108
423	19111
423	19112
423	19113
423	19114
423	19115
423	19117
423	19118
423	19121
423	19122
423	19124
423	19125
423	19126
423	19128
423	19130
423	19135
423	19136
423	19137
423	19138
11800	11833
11800	19076
11800	19112
11800	20058
18999	19113
19001	19080
19002	19042
19002	33951
19002	33952
19002	33953
19029	33945
19029	33946
19029	33947
19029	33948
19029	33949
19029	33950
19041	19068
19044	19071
19044	19117
19044	19118
19045	19124
19045	19125
19045	33954
19045	33955
19045	33956
19045	33957
19045	33958
19045	33959
19045	33960
19045	33961
19046	19080
19047	19048
19047	19049
19047	19050
19047	19051
19048	19049
19048	19050
19048	19051
19049	19050
19049	19051
19050	19051
19056	33953
19056	33966
19056	33967
19059	19060
19059	19061
19060	19061
19066	19067
19071	19117
19071	19118
19071	33936
19071	33937
19071	33938
19071	33939
19071	33940
19079	19080
19080	19083
19080	19112
19096	19097
19117	19118
19124	19125
33936	33937
33938	33939
33938	33940
33938	33968
33938	33969
33938	33970
33938	33971
33939	33940
33945	33946
33945	33947
33946	33947
33948	33949
33948	33950
33949	33950
33949	33964
33949	33965
33951	33952
33951	33953
33952	33953
33953	33966
33953	33967
33954	33955
33954	33956
33955	33956
33956	33957
33956	33958
33957	33958
33959	33960
33959	33961
33960	33961
33964	33965
33966	33967
33968	33969
33968	33970
33968	33971
33969	33970
33969	33971
33970	33971
