2476	6090
2477	9153
2478	9188
2479	9189
2480	9218
2481	9228
2482	9238
2483	9280
2484	9316
2485	10068
2486	12838
2487	12868
2488	13323
2489	13389
2490	15437
2491	17886
2492	26114
2493	29546
2494	29676
2495	29677
2496	29678
2497	29679
2498	29680
2499	29681
2500	29682
2501	29683
2502	29684
2503	29685
2504	29686
2505	29687
2506	29689
2507	29690
2508	29691
2509	29692
2510	29693
2511	29694
2512	29695
2513	29696
2514	29697
2515	29698
2516	29699
2517	29700
2518	29701
2519	29702
2520	29703
2521	29705
2522	29706
2523	29707
2524	29708
2525	29709
2526	29710
2527	29711
2528	29712
2529	29713
2530	29714
2531	29715
2532	29716
2533	29717
2534	29718
2535	29719
2536	29720
2537	29721
2538	29724
2539	29726
2540	29727
2541	29729
2542	29730
2543	29731
2544	29732
2545	29733
2546	29734
2547	36589
2548	36590
2549	36591
2550	36592
2551	36593
2552	36594
2553	36595
2554	9281
2555	27910
2556	36598
2557	36599
2558	36600
