6090	9153
6090	9188
6090	9189
6090	9218
6090	9228
6090	9238
6090	9280
6090	9316
6090	10068
6090	12838
6090	12868
6090	13323
6090	13389
6090	15437
6090	17886
6090	26114
6090	29546
6090	29676
6090	29677
6090	29678
6090	29679
6090	29680
6090	29681
6090	29682
6090	29683
6090	29684
6090	29685
6090	29686
6090	29687
6090	29689
6090	29690
6090	29691
6090	29692
6090	29693
6090	29694
6090	29695
6090	29696
6090	29697
6090	29698
6090	29699
6090	29700
6090	29701
6090	29702
6090	29703
6090	29705
6090	29706
6090	29707
6090	29708
6090	29709
6090	29710
6090	29711
6090	29712
6090	29713
6090	29714
6090	29715
6090	29716
6090	29717
6090	29718
6090	29719
6090	29720
6090	29721
6090	29724
6090	29726
6090	29727
6090	29729
6090	29730
6090	29731
6090	29732
6090	29733
6090	29734
9188	9189
9188	9228
9188	29690
9188	29694
9188	29721
9188	36589
9188	36590
9188	36591
9188	36592
9188	36593
9188	36594
9188	36595
9189	9228
9189	29690
9189	29694
9189	29721
9228	29690
9280	9281
9316	29692
10068	27910
29676	36598
29676	36599
29676	36600
29690	29694
29694	29721
29694	36594
29694	36595
29697	29698
36589	36590
36589	36591
36589	36592
36589	36593
36590	36591
36590	36592
36591	36592
36592	36593
36594	36595
36598	36599
36598	36600
36599	36600
