0	199
1	8748
2	8758
3	8761
4	8762
5	8763
6	8766
7	8768
8	8769
9	8770
10	8771
11	8774
12	8775
13	8776
14	8779
15	8780
16	8781
17	8782
18	8784
19	8785
20	8786
21	8787
22	8789
23	8790
24	8791
25	8792
26	8793
27	8794
28	8795
29	8796
30	8797
31	8798
32	8799
33	8800
34	8801
35	8802
36	8803
37	8804
38	8805
39	8806
40	8807
41	8808
42	8809
43	8810
44	8811
45	8812
46	8813
47	8814
48	8815
49	8816
50	8817
51	8818
52	8819
53	8820
54	8821
55	8822
56	8825
57	8827
58	8828
59	8831
60	8832
61	8833
62	8834
63	8835
64	8836
65	8837
66	8838
67	8839
68	8840
69	8841
70	8842
71	8844
72	8845
73	8846
74	8848
75	8849
76	8852
77	8853
78	8855
79	8856
80	8858
81	8859
82	8861
83	8862
84	8863
85	8864
86	8865
87	16270
