226	5251
227	30098
228	30099
229	30100
230	30101
231	30102
232	30103
233	30104
234	30105
235	30106
236	30107
237	30108
238	30109
239	30110
240	30111
241	30112
242	30113
243	30114
244	30115
245	30116
246	30117
247	30118
248	30119
249	30120
250	30121
251	30122
252	30123
253	30124
254	30127
255	30128
256	30129
257	30130
258	30131
259	30132
260	30133
261	30134
262	30135
263	30136
264	30137
265	30138
266	30143
267	30144
268	30145
269	30147
270	30148
271	30149
272	30150
273	30151
274	30152
275	30153
276	30154
277	30155
278	30159
279	30160
280	30161
281	30162
282	30163
283	30164
284	30165
285	30166
286	30167
287	30170
288	30171
289	30172
290	30173
291	30174
292	30175
293	30176
294	30177
295	30178
296	30179
297	30180
298	30181
299	30182
300	30183
301	30184
302	30185
303	30186
304	30187
305	30188
306	30189
307	30190
308	30191
309	30192
310	30193
311	30194
312	30195
313	30196
314	30197
315	30198
316	30199
317	30200
318	30201
319	30202
320	30204
321	30205
322	30206
323	30207
324	30208
325	30209
326	30210
327	30211
328	30212
329	30216
330	30217
331	30218
332	30219
333	30220
334	30221
335	30222
336	30223
337	30224
338	30225
339	30226
340	30227
341	30228
342	30229
343	30230
344	30231
345	30232
346	30233
347	30234
348	30236
349	30237
350	30238
351	30239
352	30240
353	30241
354	30242
355	30243
356	30244
357	30245
358	30246
359	30247
360	30248
361	30249
362	30250
363	30251
364	30253
365	30254
366	30255
367	30256
368	30257
369	30258
370	30259
371	30260
372	30261
373	30262
374	30263
375	30264
376	30265
377	30266
378	30267
379	30268
380	30269
381	30270
382	30273
383	30274
384	30275
385	30276
386	30277
387	30278
388	30279
389	30280
390	30281
391	30282
392	30283
393	30284
394	30285
395	30288
396	30289
397	30290
398	30291
399	30292
400	30293
401	30294
402	30295
403	30296
404	30297
405	30298
406	30299
407	30300
408	30301
409	30302
410	30303
411	30304
412	30305
413	30306
414	30307
415	30308
416	30309
417	30310
418	30311
419	30312
420	30313
421	30314
422	30315
423	30316
424	30317
425	30318
426	30319
427	30320
428	30321
429	30322
430	30323
431	30324
432	30325
433	30326
434	30327
435	30328
436	30329
437	30330
438	30331
439	30332
440	30333
441	30334
442	30335
443	30336
444	30337
445	30338
446	30339
447	30340
448	30341
449	30342
450	30343
451	30344
452	30345
453	30346
454	30347
455	30348
456	30349
457	30350
458	30351
459	30352
460	30353
461	30354
462	30355
463	30356
464	30357
465	30358
466	30359
467	30360
468	30361
469	30362
470	30363
471	30364
472	30365
473	30366
474	30367
475	30368
476	30369
477	30370
478	30371
479	30372
480	30373
481	30374
482	30375
483	30376
484	30377
485	30378
486	30379
487	30380
488	30381
489	30382
490	30384
491	30385
492	30386
493	30387
494	30389
495	30390
496	30391
497	30392
498	30393
499	30394
500	30395
501	30396
502	30397
503	30398
504	30399
505	30400
506	30401
507	30402
508	30403
509	30404
510	30405
511	30406
512	30408
513	30409
514	30410
515	30411
516	30412
517	30413
518	30414
519	30415
520	30416
521	30417
522	30418
523	30419
524	30421
525	30422
526	30423
527	30424
528	30428
529	30430
530	30431
531	30432
532	30433
533	30434
534	30435
535	30436
536	30437
537	30438
538	30439
539	30440
540	30441
541	30442
542	30443
543	30444
544	30445
545	30446
546	30447
547	30448
548	30449
549	30450
550	30451
551	30452
552	30453
553	30454
554	30455
555	30456
556	30457
557	30458
558	30459
559	30460
560	30461
561	30462
562	30463
563	30464
564	30465
565	30466
566	30467
567	30468
568	30469
569	30470
570	30471
571	30472
572	30473
573	30474
574	30475
575	30476
576	30477
577	30478
578	30479
579	30480
580	30481
581	30482
582	30483
583	30484
584	30485
585	30486
586	30487
587	30488
588	30489
589	30490
590	30493
591	30494
592	30495
593	30496
594	30498
595	30499
596	30500
597	30501
598	30502
599	30503
600	30504
601	30505
602	30506
603	30507
604	30508
605	30509
606	30510
607	30511
608	30512
609	30513
610	30514
611	30515
612	30516
613	30517
614	30518
615	30519
616	30520
617	30521
618	30522
619	30523
620	30524
621	30525
622	30526
623	30527
624	30528
625	30529
626	30530
627	30531
628	30532
629	30533
630	30534
631	30535
632	30536
633	30537
634	30538
635	30539
636	30540
637	30541
638	30542
639	30543
640	30544
641	30545
642	30546
643	30551
644	30552
645	30553
646	30554
647	30555
648	30556
649	30557
650	30558
651	30559
652	30560
653	30561
654	30562
655	30563
656	30565
657	30566
658	30567
659	30568
660	30569
661	30570
662	30571
663	30572
664	30573
665	30574
666	30575
667	30576
668	30577
669	30578
670	30579
671	30580
672	30581
673	30582
674	30584
675	30585
676	30586
677	30587
678	30588
679	30589
680	30590
681	30591
682	30592
683	30593
684	30594
685	30595
686	30596
687	30597
688	30598
689	30599
690	30600
691	30601
692	30602
693	30603
694	30604
695	30605
696	30606
697	30607
698	30608
699	30609
700	30613
701	30614
702	30615
703	30616
704	30617
705	30618
706	30619
707	30620
708	30621
709	30622
710	30623
711	30624
712	30625
713	30626
714	30627
715	30628
716	30629
717	30630
718	30631
719	30632
720	30633
721	30634
722	30635
723	30636
724	30637
725	30638
726	30639
727	30640
728	30641
729	30642
730	30643
731	30644
732	30645
733	30646
734	30647
735	30648
736	30649
737	30650
738	30651
739	30652
740	30653
741	30654
742	30655
743	30656
744	30657
745	30658
746	30659
747	30660
748	30661
749	30662
750	30663
751	30664
752	30665
753	30666
754	30667
755	30668
756	30669
757	30670
758	30671
759	30672
760	30673
761	30674
762	30675
763	30676
764	30677
765	30678
766	30679
767	30680
768	30681
769	30682
770	30683
771	30684
772	30685
773	30686
774	30687
775	30688
776	30689
777	30690
778	30691
779	30692
780	30693
781	30694
782	30695
783	30696
784	30697
785	30698
786	30699
787	30700
788	30701
789	30702
790	30703
791	30704
792	30705
793	30706
794	30707
795	30708
796	30709
797	30710
798	30711
799	30712
800	30713
801	30714
802	30715
803	30716
804	30719
805	30720
806	30721
807	30722
808	30723
809	30724
810	30725
811	30726
812	30727
813	30728
814	30729
815	30730
816	30731
817	30732
818	30733
819	30734
820	30735
821	30736
822	30737
823	30738
824	30739
825	30740
826	30741
827	30742
828	30743
829	30744
830	30745
831	30746
832	30747
833	30748
834	30749
835	30750
836	30751
837	30752
838	30753
839	30754
840	30755
841	30756
842	30757
843	30758
844	30759
845	30760
846	30761
847	30762
848	30763
849	30764
850	30765
851	30766
852	30767
853	30768
854	30769
855	30770
856	30771
857	30772
858	30773
859	30774
860	30775
861	30776
862	30777
863	30778
864	30779
865	30780
866	30781
867	30782
868	30783
869	30784
870	30785
871	30786
872	30787
873	30788
874	30789
875	30790
876	30791
877	30792
878	30793
879	30794
880	30795
881	30796
882	30797
883	30798
884	30799
885	30800
886	30801
887	30802
888	30803
889	30804
890	30805
891	30806
892	30807
893	30808
894	30809
895	30811
896	30812
897	30813
898	30814
899	30815
900	30816
901	30817
902	30821
903	30822
904	30823
905	30824
906	30825
907	30826
908	30827
909	30828
910	30829
911	30830
912	30831
913	30832
914	30833
915	30834
916	30835
917	30836
918	30837
919	30838
920	30839
921	30840
922	30841
923	30842
924	30843
925	30844
926	30845
927	30846
928	30847
929	30848
930	30849
931	30850
932	30851
933	30852
934	30853
935	30854
936	30855
937	30856
938	30857
939	30858
940	30859
941	30860
942	30861
943	30862
944	30863
945	30864
946	30865
947	30866
948	30867
949	30868
950	30869
951	30870
952	30871
953	30872
954	30873
955	30874
956	30875
957	30876
958	30877
959	30878
960	30879
961	30880
962	30881
963	30882
964	30883
965	30884
966	30885
967	30886
968	30887
969	30888
970	30889
971	30892
972	30893
973	30894
974	30896
975	30897
976	30898
977	30899
978	30900
979	30901
980	30902
981	30903
982	30904
983	30905
984	30906
985	30907
986	30908
987	30909
988	30910
989	30911
990	30912
991	30913
992	30914
993	30915
994	30916
995	30917
996	30918
997	30919
998	30920
999	30921
1000	30922
1001	30923
1002	30924
1003	30925
1004	30926
1005	30927
1006	30928
1007	30929
1008	30930
1009	30931
1010	30932
1011	30933
1012	30934
1013	30935
1014	30936
1015	30937
1016	30938
1017	30939
1018	30940
1019	30941
1020	30942
1021	30943
1022	30944
1023	30945
1024	30946
1025	30947
1026	30948
1027	30949
1028	30950
1029	30951
1030	30952
1031	30953
1032	30954
1033	30955
1034	30956
1035	30957
1036	30958
1037	30959
1038	30960
1039	30961
1040	30962
1041	30963
1042	30964
1043	30965
1044	30966
1045	30967
1046	30968
1047	30969
1048	30970
1049	30971
1050	30972
1051	30973
1052	30974
1053	30975
1054	30976
1055	30977
1056	30978
1057	30979
1058	30980
1059	30981
1060	30982
1061	30983
1062	30984
1063	30985
1064	30986
1065	30987
1066	30988
1067	30989
1068	30990
1069	30991
1070	30992
1071	30993
1072	30994
1073	30995
1074	30996
1075	30997
1076	30998
1077	30999
1078	31000
1079	31001
1080	31002
1081	31003
1082	31004
1083	31005
1084	31006
1085	31007
1086	31008
1087	31009
1088	31010
1089	31011
1090	31012
1091	31013
1092	31015
1093	31016
1094	31017
1095	31018
1096	31019
1097	31020
1098	31021
1099	31022
1100	31023
1101	31024
1102	31025
1103	31026
1104	31027
1105	31028
1106	31029
1107	31030
1108	31031
1109	31032
1110	31033
1111	31034
1112	31035
1113	31036
1114	31037
1115	31038
1116	31039
1117	31040
1118	31041
1119	31042
1120	31043
1121	31044
1122	31045
1123	31046
1124	31047
1125	31048
1126	31049
1127	31050
1128	31051
1129	31052
1130	31053
1131	31054
1132	31055
1133	31056
1134	31057
1135	31058
1136	31059
1137	31060
1138	31061
1139	31062
1140	31063
1141	31064
1142	31065
1143	31066
1144	31067
1145	31068
1146	31069
1147	31070
1148	31071
1149	31072
1150	31073
1151	31074
1152	31075
1153	31076
1154	31077
1155	31078
1156	31079
1157	31080
1158	31081
1159	31082
1160	31083
1161	31084
1162	31085
1163	31086
1164	31087
1165	31088
1166	31089
1167	31090
1168	31091
1169	31092
1170	31093
1171	31094
1172	31095
1173	31096
1174	31097
1175	31098
1176	31099
1177	31100
1178	31101
1179	31102
1180	31103
1181	31104
1182	31105
1183	31106
1184	31107
1185	31108
1186	31109
1187	31110
1188	31111
1189	31112
1190	31113
1191	31114
1192	31115
1193	31116
1194	31117
1195	31118
1196	31119
1197	31120
1198	31121
1199	31122
1200	31123
1201	31124
1202	31125
1203	31126
1204	31127
1205	31128
1206	31129
1207	31130
1208	31131
1209	31132
1210	31133
1211	31134
1212	31135
1213	31136
1214	31137
1215	31138
1216	31139
1217	31140
1218	31141
1219	31142
1220	31143
1221	31144
1222	31145
1223	31146
1224	31147
1225	31148
1226	31149
1227	31150
1228	31151
1229	31152
1230	31153
1231	31154
1232	31155
1233	31156
1234	31157
1235	31158
1236	31159
1237	31160
1238	31161
1239	31162
1240	31163
1241	31164
1242	31165
1243	31166
1244	31167
1245	31168
1246	31169
1247	31170
1248	31171
1249	31172
1250	31173
1251	31174
1252	31175
1253	31176
1254	31177
1255	31178
1256	31179
1257	31180
1258	31181
1259	31182
1260	31183
1261	31184
1262	31185
1263	31186
1264	31187
1265	31188
1266	31189
1267	31190
1268	31191
1269	31192
1270	31193
1271	31194
1272	31195
1273	31196
1274	31197
1275	31198
1276	31199
1277	31200
1278	31201
1279	31202
1280	31203
1281	31204
1282	31205
1283	31206
1284	31207
1285	31208
1286	31209
1287	31210
1288	31211
1289	31212
1290	31213
1291	31214
1292	31215
1293	31216
1294	31217
1295	31218
1296	31219
1297	31220
1298	31221
1299	31222
1300	31223
1301	31224
1302	31225
1303	31226
1304	31227
1305	31228
1306	31229
1307	31230
1308	31231
1309	31232
1310	31233
1311	31234
1312	31235
1313	31236
1314	31237
1315	31238
1316	31239
1317	31240
1318	31241
1319	31242
1320	31243
1321	31244
1322	31245
1323	31246
1324	31247
1325	31248
1326	31249
1327	31250
1328	31251
1329	31252
1330	31253
1331	31254
1332	31255
1333	31256
1334	31257
1335	31258
1336	31259
1337	31260
1338	31261
1339	31262
1340	31263
1341	31264
1342	31265
1343	31266
1344	31267
1345	31268
1346	31269
1347	31270
1348	31271
1349	31272
1350	31273
1351	31274
1352	31275
1353	31276
1354	31277
1355	31278
1356	31279
1357	31280
1358	31281
1359	31282
1360	31283
1361	31284
1362	31285
1363	31286
1364	31287
1365	31288
1366	31289
1367	31290
1368	31291
1369	31292
1370	31293
1371	31296
1372	31297
1373	31298
1374	31299
1375	31300
1376	31301
1377	31302
1378	31303
1379	31304
1380	31305
1381	31306
1382	31307
1383	31308
1384	31309
1385	31310
1386	31311
1387	31312
1388	31313
1389	31314
1390	31315
1391	31316
1392	31317
1393	31318
1394	31319
1395	31320
1396	31321
1397	31322
1398	31323
1399	31324
1400	31325
1401	31326
1402	31327
1403	31331
1404	31332
1405	31333
1406	31334
1407	31335
1408	31336
1409	31337
1410	31338
1411	31339
1412	31340
1413	31341
1414	31342
1415	31343
1416	31344
1417	31345
1418	31347
1419	31348
1420	31349
1421	31350
1422	31351
1423	31352
1424	31353
1425	31354
1426	31355
1427	31356
1428	31357
1429	31358
1430	31359
1431	31360
1432	31361
1433	31362
1434	31363
1435	31364
1436	31365
1437	31366
1438	31367
1439	31368
1440	31369
1441	31370
1442	31371
1443	31372
1444	31373
1445	31374
1446	31375
1447	31376
1448	31377
1449	31641
1450	31802
1451	31803
1452	31772
1453	31773
1454	31774
