5251	30098
5251	30099
5251	30100
5251	30101
5251	30102
5251	30103
5251	30104
5251	30105
5251	30106
5251	30107
5251	30108
5251	30109
5251	30110
5251	30111
5251	30112
5251	30113
5251	30114
5251	30115
5251	30116
5251	30117
5251	30118
5251	30119
5251	30120
5251	30121
5251	30122
5251	30123
5251	30124
5251	30127
5251	30128
5251	30129
5251	30130
5251	30131
5251	30132
5251	30133
5251	30134
5251	30135
5251	30136
5251	30137
5251	30138
5251	30143
5251	30144
5251	30145
5251	30147
5251	30148
5251	30149
5251	30150
5251	30151
5251	30152
5251	30153
5251	30154
5251	30155
5251	30159
5251	30160
5251	30161
5251	30162
5251	30163
5251	30164
5251	30165
5251	30166
5251	30167
5251	30170
5251	30171
5251	30172
5251	30173
5251	30174
5251	30175
5251	30176
5251	30177
5251	30178
5251	30179
5251	30180
5251	30181
5251	30182
5251	30183
5251	30184
5251	30185
5251	30186
5251	30187
5251	30188
5251	30189
5251	30190
5251	30191
5251	30192
5251	30193
5251	30194
5251	30195
5251	30196
5251	30197
5251	30198
5251	30199
5251	30200
5251	30201
5251	30202
5251	30204
5251	30205
5251	30206
5251	30207
5251	30208
5251	30209
5251	30210
5251	30211
5251	30212
5251	30216
5251	30217
5251	30218
5251	30219
5251	30220
5251	30221
5251	30222
5251	30223
5251	30224
5251	30225
5251	30226
5251	30227
5251	30228
5251	30229
5251	30230
5251	30231
5251	30232
5251	30233
5251	30234
5251	30236
5251	30237
5251	30238
5251	30239
5251	30240
5251	30241
5251	30242
5251	30243
5251	30244
5251	30245
5251	30246
5251	30247
5251	30248
5251	30249
5251	30250
5251	30251
5251	30253
5251	30254
5251	30255
5251	30256
5251	30257
5251	30258
5251	30259
5251	30260
5251	30261
5251	30262
5251	30263
5251	30264
5251	30265
5251	30266
5251	30267
5251	30268
5251	30269
5251	30270
5251	30273
5251	30274
5251	30275
5251	30276
5251	30277
5251	30278
5251	30279
5251	30280
5251	30281
5251	30282
5251	30283
5251	30284
5251	30285
5251	30288
5251	30289
5251	30290
5251	30291
5251	30292
5251	30293
5251	30294
5251	30295
5251	30296
5251	30297
5251	30298
5251	30299
5251	30300
5251	30301
5251	30302
5251	30303
5251	30304
5251	30305
5251	30306
5251	30307
5251	30308
5251	30309
5251	30310
5251	30311
5251	30312
5251	30313
5251	30314
5251	30315
5251	30316
5251	30317
5251	30318
5251	30319
5251	30320
5251	30321
5251	30322
5251	30323
5251	30324
5251	30325
5251	30326
5251	30327
5251	30328
5251	30329
5251	30330
5251	30331
5251	30332
5251	30333
5251	30334
5251	30335
5251	30336
5251	30337
5251	30338
5251	30339
5251	30340
5251	30341
5251	30342
5251	30343
5251	30344
5251	30345
5251	30346
5251	30347
5251	30348
5251	30349
5251	30350
5251	30351
5251	30352
5251	30353
5251	30354
5251	30355
5251	30356
5251	30357
5251	30358
5251	30359
5251	30360
5251	30361
5251	30362
5251	30363
5251	30364
5251	30365
5251	30366
5251	30367
5251	30368
5251	30369
5251	30370
5251	30371
5251	30372
5251	30373
5251	30374
5251	30375
5251	30376
5251	30377
5251	30378
5251	30379
5251	30380
5251	30381
5251	30382
5251	30384
5251	30385
5251	30386
5251	30387
5251	30389
5251	30390
5251	30391
5251	30392
5251	30393
5251	30394
5251	30395
5251	30396
5251	30397
5251	30398
5251	30399
5251	30400
5251	30401
5251	30402
5251	30403
5251	30404
5251	30405
5251	30406
5251	30408
5251	30409
5251	30410
5251	30411
5251	30412
5251	30413
5251	30414
5251	30415
5251	30416
5251	30417
5251	30418
5251	30419
5251	30421
5251	30422
5251	30423
5251	30424
5251	30428
5251	30430
5251	30431
5251	30432
5251	30433
5251	30434
5251	30435
5251	30436
5251	30437
5251	30438
5251	30439
5251	30440
5251	30441
5251	30442
5251	30443
5251	30444
5251	30445
5251	30446
5251	30447
5251	30448
5251	30449
5251	30450
5251	30451
5251	30452
5251	30453
5251	30454
5251	30455
5251	30456
5251	30457
5251	30458
5251	30459
5251	30460
5251	30461
5251	30462
5251	30463
5251	30464
5251	30465
5251	30466
5251	30467
5251	30468
5251	30469
5251	30470
5251	30471
5251	30472
5251	30473
5251	30474
5251	30475
5251	30476
5251	30477
5251	30478
5251	30479
5251	30480
5251	30481
5251	30482
5251	30483
5251	30484
5251	30485
5251	30486
5251	30487
5251	30488
5251	30489
5251	30490
5251	30493
5251	30494
5251	30495
5251	30496
5251	30498
5251	30499
5251	30500
5251	30501
5251	30502
5251	30503
5251	30504
5251	30505
5251	30506
5251	30507
5251	30508
5251	30509
5251	30510
5251	30511
5251	30512
5251	30513
5251	30514
5251	30515
5251	30516
5251	30517
5251	30518
5251	30519
5251	30520
5251	30521
5251	30522
5251	30523
5251	30524
5251	30525
5251	30526
5251	30527
5251	30528
5251	30529
5251	30530
5251	30531
5251	30532
5251	30533
5251	30534
5251	30535
5251	30536
5251	30537
5251	30538
5251	30539
5251	30540
5251	30541
5251	30542
5251	30543
5251	30544
5251	30545
5251	30546
5251	30551
5251	30552
5251	30553
5251	30554
5251	30555
5251	30556
5251	30557
5251	30558
5251	30559
5251	30560
5251	30561
5251	30562
5251	30563
5251	30565
5251	30566
5251	30567
5251	30568
5251	30569
5251	30570
5251	30571
5251	30572
5251	30573
5251	30574
5251	30575
5251	30576
5251	30577
5251	30578
5251	30579
5251	30580
5251	30581
5251	30582
5251	30584
5251	30585
5251	30586
5251	30587
5251	30588
5251	30589
5251	30590
5251	30591
5251	30592
5251	30593
5251	30594
5251	30595
5251	30596
5251	30597
5251	30598
5251	30599
5251	30600
5251	30601
5251	30602
5251	30603
5251	30604
5251	30605
5251	30606
5251	30607
5251	30608
5251	30609
5251	30613
5251	30614
5251	30615
5251	30616
5251	30617
5251	30618
5251	30619
5251	30620
5251	30621
5251	30622
5251	30623
5251	30624
5251	30625
5251	30626
5251	30627
5251	30628
5251	30629
5251	30630
5251	30631
5251	30632
5251	30633
5251	30634
5251	30635
5251	30636
5251	30637
5251	30638
5251	30639
5251	30640
5251	30641
5251	30642
5251	30643
5251	30644
5251	30645
5251	30646
5251	30647
5251	30648
5251	30649
5251	30650
5251	30651
5251	30652
5251	30653
5251	30654
5251	30655
5251	30656
5251	30657
5251	30658
5251	30659
5251	30660
5251	30661
5251	30662
5251	30663
5251	30664
5251	30665
5251	30666
5251	30667
5251	30668
5251	30669
5251	30670
5251	30671
5251	30672
5251	30673
5251	30674
5251	30675
5251	30676
5251	30677
5251	30678
5251	30679
5251	30680
5251	30681
5251	30682
5251	30683
5251	30684
5251	30685
5251	30686
5251	30687
5251	30688
5251	30689
5251	30690
5251	30691
5251	30692
5251	30693
5251	30694
5251	30695
5251	30696
5251	30697
5251	30698
5251	30699
5251	30700
5251	30701
5251	30702
5251	30703
5251	30704
5251	30705
5251	30706
5251	30707
5251	30708
5251	30709
5251	30710
5251	30711
5251	30712
5251	30713
5251	30714
5251	30715
5251	30716
5251	30719
5251	30720
5251	30721
5251	30722
5251	30723
5251	30724
5251	30725
5251	30726
5251	30727
5251	30728
5251	30729
5251	30730
5251	30731
5251	30732
5251	30733
5251	30734
5251	30735
5251	30736
5251	30737
5251	30738
5251	30739
5251	30740
5251	30741
5251	30742
5251	30743
5251	30744
5251	30745
5251	30746
5251	30747
5251	30748
5251	30749
5251	30750
5251	30751
5251	30752
5251	30753
5251	30754
5251	30755
5251	30756
5251	30757
5251	30758
5251	30759
5251	30760
5251	30761
5251	30762
5251	30763
5251	30764
5251	30765
5251	30766
5251	30767
5251	30768
5251	30769
5251	30770
5251	30771
5251	30772
5251	30773
5251	30774
5251	30775
5251	30776
5251	30777
5251	30778
5251	30779
5251	30780
5251	30781
5251	30782
5251	30783
5251	30784
5251	30785
5251	30786
5251	30787
5251	30788
5251	30789
5251	30790
5251	30791
5251	30792
5251	30793
5251	30794
5251	30795
5251	30796
5251	30797
5251	30798
5251	30799
5251	30800
5251	30801
5251	30802
5251	30803
5251	30804
5251	30805
5251	30806
5251	30807
5251	30808
5251	30809
5251	30811
5251	30812
5251	30813
5251	30814
5251	30815
5251	30816
5251	30817
5251	30821
5251	30822
5251	30823
5251	30824
5251	30825
5251	30826
5251	30827
5251	30828
5251	30829
5251	30830
5251	30831
5251	30832
5251	30833
5251	30834
5251	30835
5251	30836
5251	30837
5251	30838
5251	30839
5251	30840
5251	30841
5251	30842
5251	30843
5251	30844
5251	30845
5251	30846
5251	30847
5251	30848
5251	30849
5251	30850
5251	30851
5251	30852
5251	30853
5251	30854
5251	30855
5251	30856
5251	30857
5251	30858
5251	30859
5251	30860
5251	30861
5251	30862
5251	30863
5251	30864
5251	30865
5251	30866
5251	30867
5251	30868
5251	30869
5251	30870
5251	30871
5251	30872
5251	30873
5251	30874
5251	30875
5251	30876
5251	30877
5251	30878
5251	30879
5251	30880
5251	30881
5251	30882
5251	30883
5251	30884
5251	30885
5251	30886
5251	30887
5251	30888
5251	30889
5251	30892
5251	30893
5251	30894
5251	30896
5251	30897
5251	30898
5251	30899
5251	30900
5251	30901
5251	30902
5251	30903
5251	30904
5251	30905
5251	30906
5251	30907
5251	30908
5251	30909
5251	30910
5251	30911
5251	30912
5251	30913
5251	30914
5251	30915
5251	30916
5251	30917
5251	30918
5251	30919
5251	30920
5251	30921
5251	30922
5251	30923
5251	30924
5251	30925
5251	30926
5251	30927
5251	30928
5251	30929
5251	30930
5251	30931
5251	30932
5251	30933
5251	30934
5251	30935
5251	30936
5251	30937
5251	30938
5251	30939
5251	30940
5251	30941
5251	30942
5251	30943
5251	30944
5251	30945
5251	30946
5251	30947
5251	30948
5251	30949
5251	30950
5251	30951
5251	30952
5251	30953
5251	30954
5251	30955
5251	30956
5251	30957
5251	30958
5251	30959
5251	30960
5251	30961
5251	30962
5251	30963
5251	30964
5251	30965
5251	30966
5251	30967
5251	30968
5251	30969
5251	30970
5251	30971
5251	30972
5251	30973
5251	30974
5251	30975
5251	30976
5251	30977
5251	30978
5251	30979
5251	30980
5251	30981
5251	30982
5251	30983
5251	30984
5251	30985
5251	30986
5251	30987
5251	30988
5251	30989
5251	30990
5251	30991
5251	30992
5251	30993
5251	30994
5251	30995
5251	30996
5251	30997
5251	30998
5251	30999
5251	31000
5251	31001
5251	31002
5251	31003
5251	31004
5251	31005
5251	31006
5251	31007
5251	31008
5251	31009
5251	31010
5251	31011
5251	31012
5251	31013
5251	31015
5251	31016
5251	31017
5251	31018
5251	31019
5251	31020
5251	31021
5251	31022
5251	31023
5251	31024
5251	31025
5251	31026
5251	31027
5251	31028
5251	31029
5251	31030
5251	31031
5251	31032
5251	31033
5251	31034
5251	31035
5251	31036
5251	31037
5251	31038
5251	31039
5251	31040
5251	31041
5251	31042
5251	31043
5251	31044
5251	31045
5251	31046
5251	31047
5251	31048
5251	31049
5251	31050
5251	31051
5251	31052
5251	31053
5251	31054
5251	31055
5251	31056
5251	31057
5251	31058
5251	31059
5251	31060
5251	31061
5251	31062
5251	31063
5251	31064
5251	31065
5251	31066
5251	31067
5251	31068
5251	31069
5251	31070
5251	31071
5251	31072
5251	31073
5251	31074
5251	31075
5251	31076
5251	31077
5251	31078
5251	31079
5251	31080
5251	31081
5251	31082
5251	31083
5251	31084
5251	31085
5251	31086
5251	31087
5251	31088
5251	31089
5251	31090
5251	31091
5251	31092
5251	31093
5251	31094
5251	31095
5251	31096
5251	31097
5251	31098
5251	31099
5251	31100
5251	31101
5251	31102
5251	31103
5251	31104
5251	31105
5251	31106
5251	31107
5251	31108
5251	31109
5251	31110
5251	31111
5251	31112
5251	31113
5251	31114
5251	31115
5251	31116
5251	31117
5251	31118
5251	31119
5251	31120
5251	31121
5251	31122
5251	31123
5251	31124
5251	31125
5251	31126
5251	31127
5251	31128
5251	31129
5251	31130
5251	31131
5251	31132
5251	31133
5251	31134
5251	31135
5251	31136
5251	31137
5251	31138
5251	31139
5251	31140
5251	31141
5251	31142
5251	31143
5251	31144
5251	31145
5251	31146
5251	31147
5251	31148
5251	31149
5251	31150
5251	31151
5251	31152
5251	31153
5251	31154
5251	31155
5251	31156
5251	31157
5251	31158
5251	31159
5251	31160
5251	31161
5251	31162
5251	31163
5251	31164
5251	31165
5251	31166
5251	31167
5251	31168
5251	31169
5251	31170
5251	31171
5251	31172
5251	31173
5251	31174
5251	31175
5251	31176
5251	31177
5251	31178
5251	31179
5251	31180
5251	31181
5251	31182
5251	31183
5251	31184
5251	31185
5251	31186
5251	31187
5251	31188
5251	31189
5251	31190
5251	31191
5251	31192
5251	31193
5251	31194
5251	31195
5251	31196
5251	31197
5251	31198
5251	31199
5251	31200
5251	31201
5251	31202
5251	31203
5251	31204
5251	31205
5251	31206
5251	31207
5251	31208
5251	31209
5251	31210
5251	31211
5251	31212
5251	31213
5251	31214
5251	31215
5251	31216
5251	31217
5251	31218
5251	31219
5251	31220
5251	31221
5251	31222
5251	31223
5251	31224
5251	31225
5251	31226
5251	31227
5251	31228
5251	31229
5251	31230
5251	31231
5251	31232
5251	31233
5251	31234
5251	31235
5251	31236
5251	31237
5251	31238
5251	31239
5251	31240
5251	31241
5251	31242
5251	31243
5251	31244
5251	31245
5251	31246
5251	31247
5251	31248
5251	31249
5251	31250
5251	31251
5251	31252
5251	31253
5251	31254
5251	31255
5251	31256
5251	31257
5251	31258
5251	31259
5251	31260
5251	31261
5251	31262
5251	31263
5251	31264
5251	31265
5251	31266
5251	31267
5251	31268
5251	31269
5251	31270
5251	31271
5251	31272
5251	31273
5251	31274
5251	31275
5251	31276
5251	31277
5251	31278
5251	31279
5251	31280
5251	31281
5251	31282
5251	31283
5251	31284
5251	31285
5251	31286
5251	31287
5251	31288
5251	31289
5251	31290
5251	31291
5251	31292
5251	31293
5251	31296
5251	31297
5251	31298
5251	31299
5251	31300
5251	31301
5251	31302
5251	31303
5251	31304
5251	31305
5251	31306
5251	31307
5251	31308
5251	31309
5251	31310
5251	31311
5251	31312
5251	31313
5251	31314
5251	31315
5251	31316
5251	31317
5251	31318
5251	31319
5251	31320
5251	31321
5251	31322
5251	31323
5251	31324
5251	31325
5251	31326
5251	31327
5251	31331
5251	31332
5251	31333
5251	31334
5251	31335
5251	31336
5251	31337
5251	31338
5251	31339
5251	31340
5251	31341
5251	31342
5251	31343
5251	31344
5251	31345
5251	31347
5251	31348
5251	31349
5251	31350
5251	31351
5251	31352
5251	31353
5251	31354
5251	31355
5251	31356
5251	31357
5251	31358
5251	31359
5251	31360
5251	31361
5251	31362
5251	31363
5251	31364
5251	31365
5251	31366
5251	31367
5251	31368
5251	31369
5251	31370
5251	31371
5251	31372
5251	31373
5251	31374
5251	31375
5251	31376
5251	31377
30104	30105
30104	30260
30314	30315
30314	30316
30314	30317
30315	30316
30315	30317
30316	30317
30341	30342
30349	30350
30386	30387
30386	31641
30614	30615
30659	30660
30670	30671
30670	30672
30670	30673
30671	30672
30671	30673
30672	30673
30719	30720
30869	30870
30869	30871
30870	30871
30876	31802
30876	31803
31066	31067
31066	31772
31066	31773
31066	31774
31070	31071
31256	31257
31273	31274
31772	31773
31772	31774
31773	31774
31802	31803
