1348	8395
1348	10187
1348	10189
1348	10195
1348	10196
1348	10197
1348	10199
1348	10201
1348	10202
1348	10203
1348	10205
1348	10206
1348	10208
1348	10209
1348	10211
1348	10212
1348	10214
1348	10216
1348	10218
1348	10219
1348	10220
1348	10221
1348	10222
1348	10223
1348	10224
1348	10227
1348	10228
1348	10229
1348	10230
1348	10235
1348	10237
1348	10238
1348	10239
1348	10243
1348	10244
1348	10246
1348	10248
1348	10250
1348	10252
1348	10253
1348	10255
1348	10256
1348	10259
1348	10260
1348	10262
1348	10263
1348	10264
1348	10265
1348	10266
1348	10269
1348	10271
1348	10272
1348	10273
1348	10274
1348	10275
1348	10276
1348	10277
1348	10278
1348	10279
1348	10280
1348	10284
10195	33099
10195	33100
10205	10284
10205	33071
10205	33073
10205	33074
10205	33075
10205	33103
10205	33104
10206	33067
10206	33068
10206	33069
10206	33070
10206	33071
10206	33072
10206	33073
10206	33074
10206	33075
10206	33076
10206	33077
10206	33078
10214	33047
10214	33048
10214	33049
10214	33050
10220	33096
10220	33097
10220	33098
10221	10276
10221	10277
10224	33079
10224	33080
10224	33081
10224	33082
10224	33083
10224	33084
10224	33085
10227	10235
10227	33064
10227	33065
10227	33066
10230	33105
10230	33106
10230	33107
10237	10238
10274	10275
10276	10277
33047	33048
33047	33049
33047	33050
33048	33049
33048	33050
33064	33065
33064	33066
33064	33075
33064	33087
33064	33088
33065	33066
33067	33068
33067	33069
33068	33069
33070	33071
33070	33072
33070	33073
33070	33074
33070	33075
33071	33072
33071	33073
33071	33074
33071	33075
33071	33103
33071	33104
33072	33073
33072	33074
33072	33075
33073	33074
33073	33075
33074	33075
33075	33087
33075	33088
33076	33077
33076	33078
33077	33078
33079	33080
33079	33081
33079	33082
33079	33083
33079	33084
33079	33085
33080	33081
33080	33082
33083	33084
33083	33085
33084	33085
33087	33088
33096	33097
33096	33098
33097	33098
33103	33104
33105	33106
33105	33107
33106	33107
