8318	8330
8318	8331
8318	8336
8318	8324
8330	8340
8330	8341
8330	8342
8330	8343
8317	8321
8317	8334
8317	8335
8317	8322
8317	8338
8317	8327
8319	8331
8319	8332
8319	8323
8331	8332
8331	8336
8331	8339
8332	8339
8323	8331
8326	8333
8333	8337
8333	8338
8320	8326
8320	8333
8321	8334
8334	8335
8334	8336
8335	8336
8335	8337
8335	8338
8335	8339
8322	8334
8322	8335
8337	8338
8337	8339
8338	8339
8324	8330
8325	8337
8325	8339
8327	8335
8328	8331
8328	8332
8329	8331
8329	8332
8340	8341
8340	8342
8340	8343
8341	8342
8341	8343
8342	8343
