1258	2431
1259	10308
1260	10314
1261	10411
1262	10412
1263	10454
1264	10893
1265	10904
1266	10905
1267	10906
1268	10911
1269	10912
1270	10913
1271	10914
1272	10920
1273	10921
1274	10925
1275	10927
1276	10929
1277	10931
1278	10932
1279	10934
1280	10935
1281	10936
1282	10937
1283	10938
1284	10942
1285	10943
1286	10947
1287	10951
1288	10952
1289	10955
1290	10958
1291	10960
1292	10961
1293	10964
1294	10968
1295	10969
1296	10971
1297	10972
1298	10973
1299	10974
1300	10978
1301	10979
1302	10980
1303	10983
1304	10984
1305	10986
1306	10989
1307	10991
1308	10992
1309	10993
1310	10994
1311	10998
1312	10999
