4792	7031
4792	7377
4792	7402
4792	7414
4792	7429
4792	11259
4792	11393
4792	15062
4792	15377
4792	18159
4792	22305
4792	25406
4792	27799
4792	27800
4792	27801
4792	27802
4792	27803
4792	27804
4792	27805
4792	27806
4792	27807
4792	27810
4792	27811
4792	27812
4792	27813
4792	27814
4792	27817
4792	27818
4792	27821
4792	27824
4792	27829
4792	27831
7402	27810
7402	27811
7402	27812
7402	29911
7402	29912
11259	22305
18159	27821
27801	27802
27801	27803
27801	27804
27801	27805
27801	27806
27802	27803
27802	27804
27802	27805
27802	27806
27802	27824
27802	27831
27803	27804
27803	27805
27803	27806
27803	27824
27803	29958
27803	29959
27804	27805
27804	27806
27805	27806
27805	27824
27805	27831
27805	29958
27805	29959
27810	27811
27810	27812
27810	29911
27810	29912
27811	27812
27824	29958
27824	29959
29911	29912
29958	29959
