8524	8525
8524	8526
8524	8527
8524	8631
8524	8903
8525	8526
8525	8527
8525	8691
8525	31042
8526	8527
8526	8631
8526	8900
8526	8903
8526	31077
8581	8582
8581	8583
8581	8623
8581	8624
8581	8903
8581	8988
8581	28530
8582	8583
8582	8623
8582	8624
8582	8903
8583	8623
8583	8624
8583	8631
8583	8632
8583	8691
8583	8903
8583	8988
8583	9072
8583	28991
8583	28992
8583	28993
8583	31042
8583	31809
8623	8624
8623	8903
8624	8903
8624	8988
8624	28530
8631	8632
8631	8690
8631	8691
8631	8903
8631	31042
8632	8690
8632	8691
8632	31809
8690	8691
8690	8903
8691	8903
8691	31042
8691	31099
8691	31809
8899	8900
8900	31077
8903	8988
8903	31042
8988	28530
9072	16854
9072	16873
9072	28991
9072	28992
9072	28993
16843	16850
16843	16854
16843	37545
16843	38083
16843	38084
16843	38085
16843	38086
16850	16854
16850	38083
16850	38086
16854	16873
16854	38083
16854	38087
16854	38088
16854	38089
28991	28992
28991	28993
28992	28993
31042	31099
37544	37545
37544	37546
37545	38091
37545	38092
38083	38084
38083	38085
38083	38086
38084	38085
38087	38088
38087	38089
38088	38089
