16103	27384
16103	30046
16103	30809
16103	30814
16103	39515
16103	39516
16103	39517
16103	39518
16103	39519
16103	39520
16103	39521
16103	39522
16103	39523
16103	39524
16103	39525
16103	39527
16103	39528
16103	39529
16103	39530
16103	39531
16103	39532
16103	39533
16103	39534
16103	39535
16103	39536
16103	39537
16103	39538
16103	39539
16103	39540
16103	39541
16103	39542
16103	39543
16103	39544
16103	39545
16103	39546
16103	39547
16103	39548
16103	39549
16103	39550
16103	39551
16103	39552
16103	39553
16103	39554
16103	39555
16103	39556
16103	39557
16103	39558
16103	39559
16103	39560
16103	39561
16103	39562
16103	39563
16103	39564
16103	39565
16103	39566
16103	39567
16103	39568
