3918	11846
3918	11849
3918	11850
3918	11869
3918	11870
3918	11871
3918	11872
3918	11882
3918	11884
3918	11885
3918	11886
3918	11887
3918	11895
3918	11897
3918	11905
3918	11915
3918	11924
3918	11925
3918	11926
3918	11927
3918	11929
3918	11930
3918	11935
3918	11936
3918	11938
3918	11941
3918	11948
3918	11953
3918	11955
3918	11956
3918	11957
3918	11963
3918	11972
3918	11974
3918	11975
3918	11977
3918	11978
3918	11981
3918	11982
3918	11983
3918	11989
3918	11994
3918	12004
11846	33602
11846	33603
11846	33604
11885	11886
11885	11887
11886	11887
11924	11925
11924	11926
11924	11927
11925	11926
11925	11927
11926	11927
11981	11982
11981	11983
11982	11983
33602	33603
33602	33604
33603	33604
