0	88
1	2315
2	2332
3	2334
4	2365
5	2366
6	2368
7	2369
8	2370
9	2371
10	2372
11	2373
12	2375
13	2376
14	2377
15	2378
16	2379
17	2383
18	2384
19	2386
20	2387
21	2389
22	2390
23	2391
24	2392
25	2393
26	2394
27	2395
28	2396
29	2397
30	2398
31	2399
32	2400
33	2401
34	2403
35	2405
36	2406
37	2407
38	2408
39	2410
40	2411
41	2412
42	2413
43	2415
44	2416
45	2417
46	2418
47	2419
48	2420
49	2421
50	2423
51	2424
52	2425
53	2426
54	2427
55	2428
56	2429
57	2430
58	2431
59	2432
60	2433
61	2434
62	2435
63	2436
64	2437
65	2438
66	2439
67	2440
68	2442
69	2443
70	2444
71	2445
72	2446
73	25682
74	25683
75	25684
76	25685
77	25686
78	25687
79	25688
80	25689
