614	770
615	9730
616	12147
617	12148
618	12149
619	12150
620	12153
621	12155
622	12156
623	12157
624	12158
625	12159
626	12161
627	12162
628	12163
629	12164
630	12165
631	12166
632	12168
633	12169
634	12170
635	12171
636	12173
637	12174
638	12176
639	12178
640	12179
641	12181
642	12182
643	12187
644	12188
645	12190
646	12192
647	12193
648	12194
649	12195
650	12196
651	12197
652	12198
653	12199
654	12200
655	12201
656	12202
657	12203
658	12206
659	12208
660	12209
661	12210
662	12211
663	12212
664	12213
665	12214
666	12215
667	12216
668	12217
669	12219
670	12221
671	12224
672	12225
673	12226
674	12228
675	12229
676	12231
677	12232
678	12233
679	12234
680	12235
681	12236
682	12237
683	12238
684	12240
685	12241
686	12243
687	12244
688	12245
689	12246
690	12247
691	12248
692	12249
693	12253
694	12257
695	29444
696	29445
697	29446
698	29391
699	29388
700	29389
701	29390
702	29398
