4600	27324
4600	27325
4600	27326
4600	27328
4600	27329
4600	27330
4600	27331
4600	27334
4600	27335
4600	27336
4600	27337
4600	27338
4600	27339
4600	27340
4600	27341
4600	27342
4600	27343
4600	27344
4600	27346
4600	27347
4600	27349
4600	27350
4600	27351
4600	27352
4600	27353
4600	27354
4600	27355
4600	27358
4600	27359
4600	27360
4600	27361
4600	27363
4600	27365
4600	27366
4600	27367
4600	27368
4600	27369
4600	27370
4600	27371
4600	27372
27324	27325
27328	27329
27336	27349
27336	27350
27340	27341
27340	27342
27341	27342
27349	27350
27353	27354
27353	34743
27367	27368
34742	34743
34743	34744
