0	89
1	13459
2	13460
3	13461
4	13462
5	13463
6	13466
7	13468
8	13474
9	13475
10	13476
11	13477
12	13478
13	13479
14	13480
15	13481
16	13482
17	13483
18	13484
19	13485
20	13486
21	13487
22	13488
23	13489
24	13490
25	13491
26	13493
27	13494
28	13495
29	13497
30	13498
31	13500
32	13501
33	13502
34	13505
35	13507
36	13508
37	13509
38	13513
39	13514
40	13515
41	13516
42	13517
43	13518
44	13522
45	13525
46	13528
47	13533
48	13536
49	13537
50	13544
51	13545
52	13553
53	13554
54	13555
55	13557
56	13558
57	13560
58	13564
59	13566
60	13568
61	13570
62	13571
63	13572
64	13579
65	13580
66	13582
67	13584
68	28116
69	28117
70	28118
71	28119
72	28120
73	28121
74	28122
75	28123
76	28124
77	28125
78	28126
79	28127
80	28128
81	28129
82	28130
83	28131
84	28132
85	28133
86	28134
87	28135
88	28145
89	28146
90	28147
91	28150
