9287	10160
9287	9423
9220	9257
9220	10191
9688	9689
9308	9905
9308	9535
9308	10379
9308	10380
9292	10207
9292	9708
9292	9712
10137	10280
10138	10329
10138	10428
10138	10515
10138	10716
9723	10145
10139	10363
10139	10478
10139	10479
10139	10480
9281	9381
9281	9558
9244	9908
9244	10284
9216	10198
9216	10199
9369	10140
9219	10153
9219	10161
9222	9260
9260	9498
9223	10468
10141	10463
9237	10149
9237	10181
10143	10356
10143	10468
10143	10489
10144	10171
9782	10164
9782	10237
9782	10708
9257	10253
10145	10383
9226	9713
9226	9914
10146	10282
9233	10148
9233	10154
10147	10221
10147	10278
9235	9955
9235	9568
9235	10609
10148	10154
10148	10387
10149	10181
10149	10182
10149	10408
9971	10142
9971	10371
9971	9973
9490	9529
9490	9811
9490	9705
10151	10373
10151	10592
10152	10163
10152	10517
10153	10161
10153	10351
10153	10600
10153	10601
9309	9908
9232	9691
9232	10391
9232	10494
9232	10082
9232	10696
10154	10250
10155	10243
10155	10267
10155	10268
9236	10347
9236	9567
9432	9588
9432	10184
9432	10399
9432	10685
9747	10465
9747	10466
9238	9577
9238	10321
9239	9421
9577	10196
9577	9591
9475	9802
9240	10424
9421	9611
9781	9980
9781	9923
9781	9802
9781	10446
9448	10142
9448	9465
9478	9547
10157	10492
9242	9858
9242	10323
9242	9442
9242	10340
9690	10225
9690	10493
9243	9628
9243	10467
9415	10163
9415	9612
9415	9876
10159	10333
9214	10140
9214	10222
9252	10137
9252	9716
9252	9977
10160	10234
10160	10776
9858	10323
9241	10206
9241	10220
9241	10267
9241	10432
9245	9670
9245	9869
9465	10248
9646	10248
9247	9560
9247	10309
9560	9704
9248	10164
9751	9759
9751	10409
9759	10156
9759	10206
9759	10361
9759	10524
10161	10355
9250	10164
10162	10163
10162	10279
10163	10279
10164	10165
10164	10231
9612	9876
9258	10165
9251	9544
9251	9890
10166	10258
10166	10451
10167	10579
10167	10580
9253	10159
9253	10374
9275	10168
9275	9276
10169	10316
10169	10336
10169	10337
10170	10171
10170	10827
10170	10828
10171	10175
9254	9322
9254	10321
9254	9582
9256	10167
9256	9306
10172	10824
10172	10825
10172	10826
9322	10321
9322	9582
9718	10493
9718	9886
9586	9747
9586	10357
9586	10371
9586	10465
9586	10466
10173	10174
10173	10177
10001	10173
10001	10174
10001	10177
10001	10223
10174	10177
10175	10238
10176	10213
10176	10224
9262	10176
9262	10619
9556	10194
9556	10209
9263	9987
9263	10490
9580	10407
9580	10419
9580	9912
9264	9731
9264	9465
9365	9736
9365	10509
9265	10171
9265	10175
9266	9807
9266	10359
10178	10179
10178	10180
10179	10180
9318	10178
9318	10179
9318	10180
9318	10016
10180	10454
10180	10743
10181	10182
9884	10149
9884	10181
9884	10182
9716	9916
9716	10658
9716	9850
9267	9731
9267	9889
9268	9414
9268	9589
9268	10430
9390	10165
9390	10374
10184	10399
10184	10685
9269	9355
10185	10409
10185	10480
9270	9312
9270	9624
9271	10168
9271	9273
9272	9421
9273	10168
10186	10187
10186	10188
10186	10189
10187	10188
10187	10189
10188	10189
9579	9784
9276	10004
10190	10650
9376	10190
9376	9932
9376	9920
10191	10195
10191	10429
10191	10522
10191	10523
10192	10394
10193	10236
10193	10568
10193	10616
10193	10621
10194	10209
9324	9556
9324	10194
9324	10209
10195	10429
10195	10522
10195	10523
9282	9844
9282	10197
9844	10197
9844	10253
9844	10689
10197	10381
10197	10785
10198	10757
10198	10767
10198	10838
9283	9679
9283	10008
9283	9804
9569	10156
9569	10224
10200	10334
9285	10260
9285	9921
9286	9490
9286	9485
10201	10202
10201	10203
10201	10204
10202	10203
10202	10204
10202	10293
10203	10204
9621	10201
9621	10202
9621	10203
9621	10204
9994	10205
9994	10661
9994	10052
10205	10661
9625	9665
9290	9625
9290	9927
10206	10432
9708	10331
9712	9829
9293	10283
9293	9620
9802	9923
9613	10217
9613	10431
9613	9933
9278	9475
9294	10205
9294	10661
10209	10658
9388	10208
9388	10062
9388	9394
9295	10208
9295	9388
10210	10211
10210	10227
10211	10227
9296	10210
9296	10211
9847	10235
9300	9342
9300	10239
9300	9748
9299	10227
9299	9811
9301	10212
9301	9349
9302	9390
9302	10374
10213	10224
10213	10475
10215	10372
10215	10604
10215	10738
10215	10821
10215	10822
10215	10823
9305	10212
9305	10214
9342	10239
9342	9789
9304	10147
9304	9349
9304	10221
9304	10278
9304	9773
9908	10247
9359	10258
9359	10461
9347	10285
9347	10417
9311	10285
9311	9938
10217	10393
9307	10270
9307	10283
9628	9908
9628	10247
9312	9357
9312	10404
9310	9313
10218	10477
9851	10256
9851	10287
9476	10181
9476	9552
9476	9870
9885	10436
9534	10251
9534	9597
9534	10362
9314	10317
9314	10700
9665	10208
9665	10287
9395	9478
9395	9534
9395	9597
9395	9547
9333	9634
9333	10375
9333	9686
9333	9710
9333	10576
10219	10690
10219	10779
10219	10780
9313	10183
9313	9813
9817	10222
9817	10445
9817	9820
9605	9688
9605	9919
9289	9556
9289	9420
9634	9764
9634	9686
9691	10391
9691	10494
9691	10082
9691	10592
9319	10150
9319	10509
9321	9503
9321	9767
9935	10229
10221	10278
9325	9935
9325	10252
9326	10221
10222	10445
9327	10296
9327	9585
9328	10214
9328	9841
10223	10326
10223	10762
9345	10152
9345	9525
10225	10758
10225	10759
10226	10238
9414	9756
9414	9647
10228	10235
10228	10241
10228	10242
9297	10226
9297	10085
9297	10775
10229	10237
10229	10476
10229	10598
9334	10213
10230	10245
10231	10370
10231	10631
10232	10417
9336	10308
9336	9564
9279	9300
9279	9395
9279	10347
9279	10488
10233	10390
10233	10774
9401	10371
10234	10776
10235	10241
10235	10242
10236	10568
10236	10616
10236	10621
9966	10744
9966	10749
9339	9534
9339	10362
9298	10196
9298	9315
9298	10266
9298	9602
10240	10400
10240	10401
9854	9862
9854	9864
9854	9865
10241	10242
10243	10296
10243	10306
10243	10427
9373	9405
9373	9755
10244	10331
10244	10420
10244	10514
10244	10613
10245	10680
10245	10681
10245	10682
10246	10431
10246	10777
9562	9748
9213	9367
10249	10610
10249	10611
9713	10249
10250	10477
9225	9351
9225	9998
9225	10656
9352	10251
10251	10418
9217	10155
9217	9478
9217	10301
9217	9418
9352	10514
9348	10244
9348	10287
9348	10120
9449	9982
9353	10539
9353	10541
10252	10407
9601	10612
9601	9856
9601	9857
9601	9846
9354	10217
9354	10438
9355	10108
10253	10689
9356	10254
9356	9815
9698	10254
9815	10371
9815	9852
9815	9855
9543	9620
9543	10397
9357	10404
9344	10230
10086	10234
10255	10259
10255	10353
10255	10499
9538	9539
10257	10281
9320	10257
9320	9375
9320	10357
10258	10574
10259	10353
10259	10462
9360	9389
9360	10286
10260	10654
9218	10216
9218	10257
9218	9874
10261	10376
9361	10261
9361	10135
10262	10651
9239	9288
9363	9379
10263	10264
10263	10265
10263	10351
10263	10531
10264	10265
10264	10351
10264	10531
9364	9579
9364	10192
9364	9784
9881	10180
9881	10483
9366	10148
10267	10268
10268	10272
10268	10273
10268	10274
9367	10594
9503	10004
9503	9767
10269	10271
9501	9588
9501	10501
9501	9777
10270	10283
10270	10434
9368	10158
10271	10624
10271	10627
10271	10628
9370	9898
9370	9836
9371	10148
9371	10328
9371	10387
10272	10273
10272	10274
10273	10274
9614	10395
9614	9667
9614	10578
10105	10172
10105	10633
10105	10653
10105	10789
9487	10259
9487	10353
9350	10207
9350	9507
9375	9905
9513	10075
9378	10256
9378	9734
9921	10260
10275	10276
10275	10277
10275	10335
10275	10355
10275	10358
10276	10277
10276	10618
10277	10527
10277	10618
9340	10162
9340	10163
9340	10279
9380	9929
9380	9617
9657	10137
9657	10280
9977	10137
9381	9920
9249	9281
9249	9558
9382	10220
9382	9675
9929	10160
10281	10763
9351	10281
9377	9528
9550	10216
9550	10389
9384	10146
9384	10282
10282	10544
10282	10547
9215	9650
9215	9585
9215	10703
10284	10339
9717	10105
9717	10633
9717	10653
9717	10789
9385	9774
9385	9680
9770	10156
9386	10264
9386	10265
9672	10158
10285	10395
9407	9658
9407	9491
9407	10385
9407	10038
9658	10721
9658	10722
9658	10723
9491	9658
9491	10291
9491	9976
9231	10198
9231	9669
9231	9768
9387	10009
9387	9986
9387	10048
9387	10013
9389	10286
9391	9926
9391	10548
9392	10517
9392	9956
9394	10062
9512	9749
9512	9523
9512	10433
9703	10287
9703	9704
9396	10288
9396	9972
9972	10266
9972	10288
10289	10717
10289	10735
10289	10736
9411	10294
9411	10299
9411	10030
9411	10703
10290	10595
10291	10423
10291	10425
9366	9729
10292	10458
9399	10292
9399	9891
9891	10292
9983	10293
9983	10299
10293	10470
9795	10388
9795	10566
9795	10567
10295	10648
10295	10763
10295	10778
9303	10296
9303	9433
9303	9647
10296	10427
9402	10294
10297	10734
9406	9417
9406	9408
9404	10207
9404	9600
9404	9949
9404	10069
10298	10683
10298	10684
10298	10745
10298	10773
9495	9966
9495	10299
9495	10749
9409	9953
9410	9411
9410	10299
9559	9975
9559	9631
9796	10344
9796	9799
9984	10290
9984	10357
9984	9985
9729	10473
10300	10626
10300	10630
10301	10349
10301	10632
9393	9682
9393	9617
10302	10303
10302	10304
10303	10304
9419	10302
9419	10303
9419	10304
9419	10513
9763	10484
9418	9723
9418	10488
9420	9556
9420	9640
9420	10020
9422	10291
9422	9559
9422	10423
9422	9631
9227	10196
9227	9315
9227	9298
9227	10305
9227	9997
9997	10305
9423	9476
9424	10226
10306	10569
10306	10570
10306	10571
9425	9543
9425	10397
9426	10256
10307	10378
10307	10518
10307	10604
10307	10659
10308	10374
10308	10440
9564	10376
9427	9832
9427	9599
9599	9832
9599	9957
9827	10149
9827	9884
9221	10142
9428	10238
9428	10426
9429	10340
9429	10509
9430	9888
9341	10226
9341	9424
9431	10213
9431	10475
9433	9647
9234	9589
9234	10356
9234	9587
9434	10197
9434	10381
9434	10128
9434	10785
9435	10176
9435	10224
9436	10156
9436	9770
9438	10309
9438	10310
9438	10311
9437	10291
9437	10038
9437	10425
10310	10311
9439	10310
9439	10311
10312	10432
9246	10248
9246	9894
9246	10341
9246	9456
10313	10318
10313	10319
10313	10320
10313	10332
10313	10505
10313	10617
9544	9690
9544	10314
9544	10075
9544	9890
10314	10464
9653	10288
9443	9470
9443	9739
10316	10317
10316	10336
10316	10337
10317	10700
9446	10073
9446	10080
10318	10319
10318	10320
10318	10332
10319	10320
10319	10332
10320	10332
10322	10591
9470	9739
10324	10798
10324	10799
10324	10800
9398	10076
9398	9455
9469	10455
9469	10641
9469	10642
9894	10324
10327	10328
9471	9670
9450	10327
9450	10329
9451	9661
9451	10500
10330	10422
10330	10440
10330	10453
9452	10316
9452	10469
9452	10725
9452	10726
9453	10464
9453	9456
10331	10420
10331	10514
10331	10613
10073	10080
10080	10325
9650	10645
9650	9968
9650	10703
9442	10340
9454	10223
9454	10326
10332	10625
9458	10397
9458	10700
9459	10324
9459	9894
9460	10200
9460	9502
9461	10625
10076	10619
10334	10386
10334	10438
9462	9867
9942	10451
9463	10158
9463	9672
10117	10220
9464	10325
9464	10080
10335	10358
10335	10543
10335	10544
10335	10547
10335	10554
10336	10337
9678	9975
9466	9678
9466	9975
9910	10483
9910	9911
10338	10603
10338	10639
10338	10640
9467	10327
9467	10328
10339	10513
10339	10695
10339	10696
9589	10461
9468	9646
9468	10248
9468	9470
9468	10352
9441	10315
9441	9442
9441	9786
10340	10509
10075	10314
9444	10220
9444	9449
9444	10117
9444	10091
9670	10199
9670	9713
9670	10047
9630	10145
9472	10318
9472	9877
9480	10396
9480	10424
9473	9682
9473	10487
10342	10343
10342	10839
10342	10840
10342	10841
10342	10842
10343	10836
10343	10837
10344	10346
10344	10833
9474	10343
9474	10836
9474	10837
10345	10833
10345	10834
10345	10835
9520	10488
9520	10516
9477	10057
9477	10732
9346	9567
9878	10249
9878	10610
9878	10611
10347	10488
9479	10512
9479	10037
9479	9988
9479	10033
9867	10348
10348	10634
10348	10709
9481	10349
9481	10350
10349	10350
10349	10632
9482	9721
9482	9488
9482	9801
9482	10739
9280	10403
9280	10440
9484	10375
9484	10576
10351	10531
10351	10600
10351	10601
9485	9486
9485	10132
9485	9623
9914	10552
9914	10636
9914	10637
9417	9950
9417	10673
10352	10850
10352	10851
10042	10749
9486	10132
9248	10326
9489	10602
9489	10603
9492	9875
9492	10017
9493	10042
9493	9540
9494	9842
9494	10119
9502	10200
9502	9749
9413	9502
9528	10354
9400	10042
9222	9240
9496	10360
9496	10383
9497	9750
9497	9519
9335	10237
9335	10360
10354	10500
9998	10191
9499	10280
9499	10479
9402	9457
9416	10355
10355	10358
10355	10527
9721	10599
10356	10468
10357	10371
9661	10413
9999	10565
9999	10581
9999	10724
9511	9661
9511	10413
9603	10330
9603	10453
9508	9603
9508	9515
10359	10505
9505	9588
9505	9508
9506	10157
9506	10492
10361	10524
9507	10207
9757	10140
9757	10227
9509	9977
9509	9526
9403	10232
9403	10417
9403	10418
9519	9559
9519	9975
9519	9750
9510	9898
9510	10629
9461	9520
9358	9689
9733	10575
9733	9897
9515	10518
9516	9672
9516	9752
10363	10364
10363	10478
10363	10479
10364	10476
9987	10490
9987	10718
9987	10719
9987	10720
9518	10452
10365	10367
10365	10369
10366	10367
10366	10368
10367	10368
10367	10369
9902	10365
9902	10366
9902	10367
9902	10368
9902	10369
9755	9901
9755	9896
9755	9899
9755	10638
9521	10369
9523	9778
9901	10365
10370	10631
9873	10615
9873	10635
9822	10312
9822	10435
9524	10635
9756	10410
9756	10516
9525	10152
9779	10257
9779	10281
9329	10233
9329	10390
9329	9593
10058	10289
10058	10372
10058	10717
10058	10735
10058	10736
10372	10604
10372	10738
9533	10424
9533	9861
9527	10151
9527	10373
9785	10151
9785	10592
9785	10067
10374	10455
10375	10456
10375	10576
10126	10421
10126	10728
9654	10484
9654	9764
9530	9824
9530	10541
10378	10518
10378	10604
9531	10307
9531	10659
9532	10138
9532	10428
9532	10515
9532	10716
10030	10703
9535	10379
10379	10380
10381	10785
9536	9661
9536	10360
9537	10382
9537	9787
10382	10481
9787	10382
9539	10612
10383	10463
10384	10404
10384	10405
9573	10384
9573	10404
9573	10405
10386	10614
10386	10688
10387	10433
9682	10487
9617	9929
9617	9682
9946	10746
9946	10031
10038	10291
10038	10425
10388	10566
10388	10567
9752	10701
9752	10702
9583	10389
9541	10389
9541	9583
9542	10200
9542	10393
9545	10325
9545	10327
9549	10314
9549	9752
9549	10701
9549	10702
9546	10384
9546	9573
9546	10405
10391	10494
9677	10334
9677	10438
10392	10487
10392	10532
10392	10533
9938	10167
9938	10445
9938	10580
9548	9907
9548	9572
9548	10467
9548	9772
9848	10686
9848	10694
9230	9690
9230	9900
9555	9870
9552	9555
9552	9870
9554	9555
9551	9616
9706	10190
9706	10650
9557	10192
9557	10394
10395	10578
9896	10300
9896	10626
9896	10630
9563	10433
10396	10424
10396	10519
10396	10520
10397	10700
9261	10308
9565	10210
9565	10211
9566	10210
9566	10211
9568	10609
9963	10260
9963	10044
9255	9392
9255	9636
9255	10517
9862	9963
10398	10653
10398	10790
10398	10791
10399	10685
9570	10240
9570	10400
9570	10401
9570	10402
9570	9571
9570	10403
10400	10401
9571	10403
10404	10405
9572	9907
9928	10262
9928	10651
9604	9660
10406	10413
10406	10414
10406	10415
9575	10438
9575	9687
9574	10183
9574	9604
9576	9643
9576	9581
10408	10411
10408	10416
10409	10410
10410	10516
10051	10152
10051	10517
10411	10412
10411	10416
10412	10416
10018	10408
10018	10412
10018	10416
9903	10409
10413	10414
10413	10415
10414	10415
9310	9589
10418	10514
10419	10462
10419	10482
9584	10430
9584	9666
9587	9589
9317	9753
9317	10597
9317	10598
9590	9822
9590	10435
10420	10514
10420	10613
9774	9885
9722	10359
9323	10322
9592	10330
9592	10422
10423	10452
9593	10390
9595	10329
9595	9707
10427	10530
9594	10378
9594	10396
9594	9726
9594	10519
9594	10520
9522	9873
9522	10635
10428	10515
9596	10141
9596	9735
10429	10522
10429	10523
10430	10437
9816	10393
9666	10430
9228	10767
9228	10063
9598	10157
9773	10588
10431	10632
9602	10266
9824	10541
9284	9614
9284	9608
9517	9518
9517	10452
9931	10402
9606	10402
9606	9931
9607	9688
9607	10655
9608	10521
9609	10150
9609	9641
9610	10305
9610	10004
9330	9551
9330	9616
9616	10362
9611	9708
10435	10574
9323	10430
10436	10437
10436	10589
10437	10589
10439	10521
10439	10593
9937	10439
9937	9965
9615	10441
9615	10442
9615	10443
9615	10593
10441	10442
10441	10443
10442	10443
10444	10666
10444	10667
9337	10246
9337	10088
9337	10777
10446	10524
9619	10145
9619	9630
9932	10661
9363	9866
9622	10352
9622	10850
9622	10851
9624	10361
9277	10407
10447	10449
10447	10482
9412	9809
10448	10449
10448	10450
9274	10153
9274	10351
10449	10450
9738	10448
9738	10449
9738	10450
9626	9637
9626	10453
9627	10166
9627	10451
9629	9942
9629	10451
9632	10286
9632	10638
9632	10060
9633	10599
9633	10043
9883	10333
9883	10612
9635	10144
9635	9993
9635	9992
9637	10453
9641	10150
9641	10385
10454	10743
10016	10180
10016	10454
10016	10743
9638	10423
9638	10452
10455	10641
10455	10642
10456	10532
9639	9708
9639	9712
9640	10020
10046	10098
10046	10548
10046	10049
9993	10144
9642	10727
9642	10002
9642	10771
9642	10849
10457	10458
10457	10459
10457	10460
10458	10459
10458	10460
10458	10771
10458	10772
10459	10460
9500	9563
9581	9643
9581	10461
9581	9831
9831	10461
10462	10482
9644	10470
9644	10528
9707	10329
9645	10383
9645	10463
9561	9747
9561	10511
9561	10807
9561	10808
10465	10466
9445	9975
10469	10725
10469	10726
9693	9919
9649	10039
10470	10471
10470	10528
9331	10293
9331	9409
9331	9953
9331	10471
9953	10377
9953	10034
9926	10471
9926	10472
9926	10528
10471	10472
10471	10528
10472	10504
10472	10742
10041	10530
9651	9858
9651	10041
9652	10421
9652	10041
9652	10530
9652	10090
9866	10247
10473	10474
9578	9729
9578	10473
9578	10474
10474	10475
9655	10474
9655	10475
9656	10252
9656	10407
10476	10490
10476	10598
9659	10364
9659	10476
9660	9760
9662	10250
9662	10477
10478	10479
9663	10139
9664	10139
9664	10480
10135	10382
10135	10481
9823	10434
9332	9604
9332	9660
10481	10605
9667	10434
9668	9898
9668	9758
9591	10196
9798	10556
9798	10557
9798	9924
9669	9768
9671	9721
9671	10599
9880	9969
9674	10373
9674	10502
9674	10503
9674	10504
9673	9676
10485	10486
10485	10489
9764	10484
10486	10489
9676	9972
9483	10329
9483	9685
9383	10392
9383	10487
9383	9728
9383	10532
9383	10533
9229	10312
9679	10232
9681	9927
9681	10483
10487	10532
10487	10533
10488	10516
9699	10485
9699	10486
9699	10489
9683	10486
9683	9699
10490	10491
10491	10629
10491	10755
10491	10756
9684	10476
9684	10490
9685	10329
9687	10438
9456	10341
9224	10157
9224	10322
9224	9598
9224	10492
9648	10143
9648	9814
10082	10391
10082	10494
9694	10546
9694	10553
9694	10562
9694	10563
9694	10564
9852	9855
9695	9698
9695	9697
9696	9782
9696	10708
9700	10498
10495	10496
10495	10497
10495	10498
10495	10572
10495	10573
9701	10446
9701	10524
10496	10497
10496	10498
10496	10572
10496	10573
10497	10498
9702	9994
9702	10661
9702	10052
9714	9920
9714	10553
10053	10262
9705	9811
9618	9625
9618	9665
9760	9835
10499	10606
10499	10607
10499	10608
10499	10765
9709	10394
9710	10806
9259	10269
9829	9906
9829	10644
9829	9909
10502	10503
10502	10504
10503	10504
9715	10313
9715	10617
9680	10812
9680	10813
9680	10814
9680	10815
9719	9788
9719	9950
9720	10314
9720	10464
9724	9725
9724	10125
9726	10378
9727	10378
9727	9730
9728	10392
9728	10487
9728	10532
9728	10533
9730	10295
10505	10617
9732	10499
9732	10765
10506	10507
10506	10550
10506	10551
10506	10581
10506	10747
10507	10542
10508	10764
10508	10765
10508	10766
9440	10584
10095	10507
10095	10537
10095	10538
9734	10256
9735	10141
9736	10509
9737	10269
9737	10409
9904	10338
9904	10639
9904	10640
9711	10021
9711	9744
10510	10809
10510	10810
10510	10811
9742	10218
9742	10122
10122	10218
10511	10807
10511	10808
9743	10284
9743	10339
10513	10695
10513	10696
9745	10340
9745	10509
10021	10512
9744	10021
9744	10123
9740	10422
9740	10096
9709	10222
10514	10613
10515	10716
9725	10510
9725	10125
9504	10590
9504	10056
9753	10597
9754	10541
9754	10542
10518	10604
10519	10520
10522	10523
10525	10526
10525	10605
10525	10687
10526	10605
10526	10687
9761	10338
9761	10603
10121	10323
10121	10774
10527	10618
9762	10061
9762	10040
9765	10377
9765	9991
9991	10377
9991	10022
9991	10024
10529	10674
10529	10678
10068	10529
9766	10212
9766	9859
9772	10467
9769	10393
9769	9816
9820	9938
9820	10445
9820	10579
9820	10580
10532	10533
9771	10456
9771	10532
10108	10294
10534	10535
10534	10536
10534	10784
10535	10536
10535	10686
10535	10694
10535	10784
10536	10784
9777	10185
9777	10501
9777	9964
10537	10538
9776	9997
9776	10380
9775	10185
9775	10539
9374	10501
9374	9794
9374	10102
9778	9779
9778	10538
10539	10541
10094	10095
10094	10537
10094	10538
9780	10095
9780	10537
9806	10540
9783	9806
9783	10540
9786	10315
10541	10542
9746	10341
9849	10253
9849	10689
9789	10239
9791	9798
9791	10556
9791	10557
9791	10558
9797	10550
9797	10551
10543	10544
10543	10547
10543	10554
10544	10547
10544	10554
9793	10346
9793	9808
9792	10549
9794	10102
9790	10219
9790	9792
9790	10548
9790	10549
10545	10706
10545	10740
10545	10741
10545	10742
10546	10553
10546	10562
10546	10563
10546	10564
9805	10544
9805	10547
10548	10549
9800	10350
9800	10634
9447	10231
9447	10370
9447	10631
10550	10551
10552	10636
10552	10637
9803	10146
9803	10097
10553	10562
10553	10563
10553	10564
9412	9512
9799	10294
9462	10569
10555	10558
10555	10559
10555	10560
10555	10561
10556	10557
10558	10559
10558	10560
10558	10561
10559	10560
10559	10561
10560	10561
9808	10346
10562	10563
10562	10564
10563	10564
10565	10581
10565	10724
10566	10567
10568	10616
10568	10621
10569	10570
10569	10571
10570	10571
9809	10000
10572	10573
10572	10664
10572	10769
10572	10770
9514	10386
9514	10614
9514	10688
9810	10435
9810	10574
9813	10053
9814	10143
10575	10590
10575	10602
9362	9471
9362	10121
9362	9887
10577	10744
10577	10746
10010	10236
10010	10070
10578	10593
10579	10580
9819	9938
9819	10580
9837	9960
9837	10686
10131	10506
10131	10581
10131	10747
10581	10724
10581	10747
10582	10583
10582	10584
10582	10585
10582	10698
10583	10584
10583	10585
10584	10585
10586	10587
10586	10768
10066	10586
10066	10587
10066	10768
10587	10768
10588	10686
10588	10781
10588	10782
10588	10783
9995	10589
9825	9995
9825	10589
9979	10575
9979	10590
9826	9979
9826	10590
10591	10662
10591	10663
10591	10665
10593	10668
10595	10596
10595	10733
10596	10733
9930	10651
9930	10044
9828	10731
9828	10831
9828	10832
9830	10243
9830	10306
9833	10510
9833	10127
10600	10601
10602	10603
9835	10602
9835	10603
9836	9898
10604	10738
9838	10440
9838	9960
10605	10687
9839	10161
9839	10188
9839	10249
9842	10214
9842	10119
9840	10214
9840	9842
10606	10607
10606	10608
10607	10608
10607	10705
9846	10521
9956	10395
9850	10079
10079	10230
9864	10086
9853	9854
9853	9864
9697	10254
9697	9852
10610	10611
9856	10612
9857	10612
9859	10212
9860	10446
9860	10116
9553	10183
9861	10424
9865	10609
9865	10081
10614	10688
9868	10507
9868	10542
9567	10643
9567	10078
10088	10246
10088	10777
10615	10636
9845	9873
9845	10615
9871	10315
9871	9872
9871	10616
9872	10315
10616	10621
9874	10216
9877	10318
9879	10619
9879	10620
10619	10620
10620	10796
10620	10797
9882	10159
9882	10333
9892	10134
9892	10622
9892	10133
10134	10622
10622	10629
10623	10652
9886	10493
10624	10627
10624	10628
9887	10121
9888	10376
9440	10464
9893	10118
9893	10505
10626	10630
9895	10594
9895	9925
9895	10659
9895	9954
9895	10660
10627	10628
10629	10755
10629	10756
9897	10575
10633	10653
10633	10789
10634	10709
9812	10395
9812	9825
9812	9956
10636	10637
9899	10426
10638	10774
10639	10640
10641	10642
9906	10644
9909	10644
10103	10597
10061	10398
10061	10461
10061	10653
9911	10761
10646	10647
10646	10648
10646	10649
10647	10648
10647	10649
10648	10649
10650	10709
9343	9801
9343	10023
9915	10332
9915	10625
9916	10658
10057	10652
10057	10732
10653	10789
10654	10786
10654	10787
10654	10788
9919	10100
10655	10656
10655	10657
9291	9663
9922	10623
9922	10652
9922	9981
10656	10657
9917	10655
9917	10656
9917	10657
9924	10362
9925	10594
10659	10660
9954	10659
9954	10660
9933	10431
10662	10663
10662	10665
10663	10664
10663	10665
9934	10591
9934	10662
10664	10769
10664	10770
9936	10439
9936	10593
10666	10667
10666	10669
9939	10667
10667	10668
9940	10444
9940	10666
10669	10670
10669	10671
10669	10672
9941	10444
9941	10668
10670	10671
10670	10672
10671	10672
9944	10676
9944	10679
9945	10529
9945	10674
9945	10678
10673	10677
9947	10674
9947	10675
10674	10675
10674	10678
10039	10678
9948	9951
9948	10677
10675	10676
10676	10679
9949	10069
9540	10678
9951	10677
10679	10750
10679	10751
9952	10068
9952	10673
9943	10039
10680	10681
10680	10682
10681	10682
9488	9913
9488	10037
9801	10023
10037	10043
10683	10684
10683	10745
10683	10773
10684	10745
10684	10773
10686	10694
9863	10643
9863	10019
9957	10198
9957	9958
9958	10050
9959	10246
9959	10431
10690	10691
10690	10692
10690	10693
10690	10779
10690	10780
10691	10692
10691	10693
10692	10693
9961	10686
10695	10696
9964	10501
10697	10698
10697	10699
10697	10768
10698	10699
10698	10768
10699	10768
10023	10377
9818	10472
9818	10742
9967	9983
9967	10577
9372	10297
9372	10739
9372	10026
9968	10645
10701	10702
9969	10426
9970	10161
9970	10355
10112	10620
10112	10645
10112	10796
10112	10797
9973	10371
10704	10737
9978	10540
9978	10634
9978	10650
9978	10709
10017	10704
10012	10707
10012	10014
10705	10706
10705	10792
10705	10793
10705	10794
10706	10792
10706	10793
10706	10794
10706	10804
10706	10805
9974	10566
9974	10707
10009	10048
10708	10816
10708	10817
10708	10818
10708	10819
10708	10820
9981	10309
9981	10623
10710	10711
10710	10712
10710	10713
10710	10714
10710	10715
10711	10712
10711	10713
10711	10714
10711	10715
10712	10713
10712	10714
10712	10715
10713	10714
10713	10715
10714	10715
9989	10009
9989	10710
9989	10728
9989	10729
9989	10730
9768	10654
9768	10787
9768	10788
9985	10290
9986	10009
9976	10385
10045	10298
10045	10098
9992	9993
9996	10354
9996	10500
10717	10735
10717	10736
10718	10719
10718	10720
10719	10720
10721	10722
10721	10723
10722	10723
10725	10726
10727	10771
10727	10849
9834	10025
9834	10747
10003	10243
10003	10306
10728	10729
10728	10730
10729	10730
10005	10447
10005	10449
10731	10831
10731	10832
10006	10303
10006	10731
10007	10104
10007	10732
10104	10398
10104	10732
10104	10790
10104	10791
10074	10595
10074	10596
10074	10733
9316	9832
9988	10297
9988	10037
10734	10737
10735	10736
10048	10109
9990	10012
9990	10011
10011	10012
10071	10261
10071	10376
10013	10707
10014	10707
10015	10048
10015	10109
10740	10741
10740	10742
10741	10742
10090	10421
10019	10643
10022	10024
10025	10747
10026	10739
10027	10704
10027	10737
10028	10298
10028	10045
10029	10684
10744	10748
10744	10749
10745	10773
10031	10746
9408	9417
10070	10236
10748	10752
10748	10753
10748	10754
10033	10512
10032	10739
10032	10035
10035	10739
10036	10734
10036	10737
9397	10679
9397	10750
9397	10751
10750	10751
10040	10061
10752	10753
10752	10754
10753	10754
10047	10199
10049	10548
10755	10756
10757	10767
10757	10838
10052	10661
10758	10759
10758	10844
10758	10845
10759	10844
10759	10845
9692	10795
9692	10107
9692	10114
10002	10760
10002	10762
10002	10055
10760	10846
10760	10847
10760	10848
10054	10292
10054	10458
10054	10727
10054	10771
10054	10772
10055	10762
10056	10590
10763	10778
10059	10761
10059	10089
10060	10638
10764	10765
10764	10766
10765	10766
10767	10838
10063	10767
10064	10697
10064	10699
10065	10582
10065	10698
9821	10582
9821	10583
9821	10584
9821	10585
10067	10151
10769	10770
10072	10597
10072	10103
10077	10110
10077	10111
10078	10643
10771	10772
10771	10849
10081	10609
9338	9642
9338	10801
9338	10802
9338	10803
10083	10233
10083	10774
10084	10638
10084	10774
10085	10775
10775	10840
10775	10841
10775	10842
10775	10843
10087	10234
10087	10776
10089	10761
9843	9847
9843	10114
9843	10115
9843	10113
10092	10295
10092	10778
10093	10295
10093	10778
10096	10422
10779	10780
10781	10782
10781	10783
9962	10588
9962	10781
9962	10782
9962	10783
10782	10783
10128	10197
10128	10381
10128	10785
10097	10146
9918	10099
9918	10101
10099	10100
10786	10787
10786	10855
10786	10856
10787	10788
10787	10855
10787	10856
10790	10791
10792	10793
10792	10794
10793	10794
10794	10804
10794	10805
10106	10387
10106	10795
10107	10795
10114	10115
10796	10797
10110	10645
10110	10111
10113	10115
10798	10799
10798	10800
10799	10800
10801	10802
10801	10803
10802	10803
10804	10805
10806	10807
10123	10510
10124	10806
10124	10807
10807	10808
9741	9833
9741	10127
10809	10810
10809	10811
10810	10811
10812	10813
10812	10814
10812	10815
10813	10814
10813	10815
10814	10815
10816	10817
10816	10818
10816	10819
10816	10820
10817	10818
10817	10819
10817	10820
10818	10819
10818	10820
10819	10820
10821	10822
10821	10823
10822	10823
10824	10825
10824	10826
10825	10826
10827	10828
10827	10829
10827	10830
10828	10829
10828	10830
10829	10830
10831	10832
10833	10834
10833	10835
10129	10344
10129	10833
10130	10344
10130	10833
10834	10835
10836	10837
10839	10840
10839	10841
10839	10842
10840	10841
10840	10842
10840	10843
10841	10842
10841	10843
10842	10843
10844	10845
10846	10847
10846	10848
10847	10848
10850	10851
9623	10852
9623	10853
9623	10854
10852	10853
10852	10854
10853	10854
10133	10134
10136	10496
10136	10497
10855	10856
