4880	10093
4881	11177
4882	12427
4883	15686
4884	10145
4885	24503
4886	32328
4887	32404
4888	10159
4889	10453
4890	10546
4891	11960
4892	14477
4893	17478
4894	17479
4895	10163
4896	12901
4897	19556
4898	21675
4899	21677
4900	21678
4901	10187
4902	14042
4903	10211
4904	12746
4905	12933
4906	17831
4907	17832
4908	17833
4909	10291
4910	12496
4911	12500
4912	12501
4913	12502
4914	10306
4915	11154
4916	10314
4917	11168
4918	14763
4919	14764
4920	14765
4921	10326
4922	14851
4923	14853
4924	10356
4925	16106
4926	17804
4927	19228
4928	22849
4929	32007
4930	10358
4931	10554
4932	15658
4933	22230
4934	10361
4935	17435
4936	20990
4937	20991
4938	20992
4939	20993
4940	20997
4941	10369
4942	12090
4943	14766
4944	14768
4945	14769
4946	14770
4947	14771
4948	10374
4949	11158
4950	12694
4951	14856
4952	15656
4953	15657
4954	10382
4955	12238
4956	12242
4957	10390
4958	10448
4959	14540
4960	25868
4961	10412
4962	14108
4963	29577
4964	10424
4965	14370
4966	10430
4967	10698
4968	11271
4969	17249
4970	10461
4971	15804
4972	10467
4973	10468
4974	11514
4975	11496
4976	22037
4977	10479
4978	10481
4979	10746
4980	10614
4981	20672
4982	10488
4983	19233
4984	20576
4985	22327
4986	10491
4987	10665
4988	10829
4989	11630
4990	19064
4991	19065
4992	21645
4993	10514
4994	10667
4995	11077
4996	10517
4997	17132
4998	21583
4999	21679
5000	24663
5001	10519
5002	11389
5003	20422
5004	20522
5005	10521
5006	10750
5007	21674
5008	10523
5009	11302
5010	13425
5011	21797
5012	23837
5013	31876
5014	10538
5015	14087
5016	11451
5017	13549
5018	14232
5019	14742
5020	20929
5021	26297
5022	16492
5023	17937
5024	19926
5025	10559
5026	14062
5027	16912
5028	10602
5029	15684
5030	10615
5031	14833
5032	14834
5033	24349
5034	37421
5035	10628
5036	10654
5037	10728
5038	10735
5039	10635
5040	12684
5041	13014
5042	14707
5043	10639
5044	10759
5045	13358
5046	13438
5047	14285
5048	18434
5049	26569
5050	10648
5051	19314
5052	14492
5053	14558
5054	17950
5055	11631
5056	11632
5057	15780
5058	18650
5059	17624
5060	31448
5061	31669
5062	31787
5063	31812
5064	10674
5065	21489
5066	10678
5067	12952
5068	19605
5069	20440
5070	10684
5071	12411
5072	13582
5073	13896
5074	16950
5075	21971
5076	10690
5077	17661
5078	17662
5079	17666
5080	25101
5081	34712
5082	10691
5083	11286
5084	13097
5085	17603
5086	18668
5087	22952
5088	16861
5089	20165
5090	25852
5091	25853
5092	10710
5093	18177
5094	10714
5095	12748
5096	17907
5097	10717
5098	10792
5099	15062
5100	10723
5101	10724
5102	12929
5103	18091
5104	21714
5105	21715
5106	30955
5107	14068
5108	10740
5109	13879
5110	14494
5111	14495
5112	10752
5113	15891
5114	10761
5115	10762
5116	16793
5117	26981
5118	27051
5119	10768
5120	10769
5121	14544
5122	17227
5123	18919
5124	11733
5125	15886
5126	17716
5127	18510
5128	24024
5129	30510
5130	19198
5131	10803
5132	11493
5133	20604
5134	20636
5135	20637
5136	22723
5137	10852
5138	10853
5139	10879
5140	16028
5141	37664
5142	10868
5143	10918
5144	14401
5145	12100
5146	18683
5147	21037
5148	10886
5149	12512
5150	12535
5151	16758
5152	10891
5153	10906
5154	17063
5155	19141
5156	11837
5157	15674
5158	19718
5159	11039
5160	11135
5161	11222
5162	19905
5163	23831
5164	31334
5165	11074
5166	11233
5167	12261
5168	14923
5169	15918
5170	11076
5171	11589
5172	11677
5173	22267
5174	11199
5175	16076
5176	16191
5177	22830
5178	11085
5179	11196
5180	29019
5181	11102
5182	12843
5183	18080
5184	19312
5185	11104
5186	17230
5187	19315
5188	21669
5189	11108
5190	11109
5191	11110
5192	11194
5193	16045
5194	16150
5195	16440
5196	11118
5197	13103
5198	15959
5199	21680
5200	21681
5201	11119
5202	14549
5203	14957
5204	16283
5205	11129
5206	12745
5207	20652
5208	11134
5209	11310
5210	15622
5211	20553
5212	31982
5213	31984
5214	11136
5215	11361
5216	16264
5217	27208
5218	13044
5219	36112
5220	11160
5221	11607
5222	24438
5223	37073
5224	37074
5225	11357
5226	11659
5227	13346
5228	14785
5229	36729
5230	20823
5231	26613
5232	12491
5233	12904
5234	19438
5235	11197
5236	16488
5237	26949
5238	14045
5239	16324
5240	11210
5241	15948
5242	11212
5243	16407
5244	20633
5245	20654
5246	11215
5247	11216
5248	15923
5249	18332
5250	21970
5251	29043
5252	29044
5253	11224
5254	16935
5255	11232
5256	18663
5257	22923
5258	17241
5259	23099
5260	23111
5261	17115
5262	25947
5263	31396
5264	11280
5265	11321
5266	24901
5267	26392
5268	11284
5269	14756
5270	14757
5271	11322
5272	13205
5273	19797
5274	11314
5275	25629
5276	11318
5277	11667
5278	11734
5279	26338
5280	11696
5281	11328
5282	11329
5283	27428
5284	11337
5285	14356
5286	20214
5287	20215
5288	11348
5289	11420
5290	18131
5291	24780
5292	24781
5293	17679
5294	11364
5295	11398
5296	17871
5297	11366
5298	11367
5299	11859
5300	11862
5301	11831
5302	11841
5303	11384
5304	15981
5305	16319
5306	16320
5307	11388
5308	41363
5309	41365
5310	11528
5311	11606
5312	11426
5313	21456
5314	22139
5315	11399
5316	11406
5317	18455
5318	23509
5319	11422
5320	14645
5321	41360
5322	41361
5323	41362
5324	12980
5325	11452
5326	22218
5327	27300
5328	11476
5329	11483
5330	22116
5331	17138
5332	18903
5333	11499
5334	18388
5335	19072
5336	11516
5337	11517
5338	11518
5339	11548
5340	13076
5341	32355
5342	13464
5343	11529
5344	11530
5345	12626
5346	13085
5347	15909
5348	27167
5349	11532
5350	12048
5351	12049
5352	12537
5353	12908
5354	15671
5355	18237
5356	11568
5357	11569
5358	17439
5359	21597
5360	11579
5361	18624
5362	18767
5363	18778
5364	18852
5365	24034
5366	11602
5367	14491
5368	22343
5369	22407
5370	17211
5371	11617
5372	11618
5373	11619
5374	11620
5375	12970
5376	20447
5377	14481
5378	20446
5379	33055
5380	12763
5381	27293
5382	22164
5383	28603
5384	29230
5385	30628
5386	11670
5387	12894
5388	18631
5389	26740
5390	16027
5391	11691
5392	11692
5393	13134
5394	16400
5395	19305
5396	12624
5397	15090
5398	15091
5399	11754
5400	11755
5401	14172
5402	41389
5403	11762
5404	23672
5405	23705
5406	11829
5407	11830
5408	19876
5409	12749
5410	20146
5411	21010
5412	11835
5413	32205
5414	11840
5415	11863
5416	11843
5417	11844
5418	11845
5419	11846
5420	11851
5421	20166
5422	11860
5423	14478
5424	18739
5425	23860
5426	23861
5427	17463
5428	11864
5429	20147
5430	34408
5431	11881
5432	11883
5433	18202
5434	28546
5435	14679
5436	19981
5437	22287
5438	29108
5439	29442
5440	11889
5441	12844
5442	11937
5443	13226
5444	12070
5445	17090
5446	19258
5447	23109
5448	23110
5449	11983
5450	16836
5451	11992
5452	18251
5453	18252
5454	11998
5455	13384
5456	24480
5457	27046
5458	27183
5459	20983
5460	13682
5461	12197
5462	12199
5463	12200
5464	26222
5465	26820
5466	30717
5467	15906
5468	17846
5469	37409
5470	37410
5471	30805
5472	33899
5473	34561
5474	42029
5475	33858
5476	12248
5477	12249
5478	21494
5479	23074
5480	24355
5481	18490
5482	12350
5483	19489
5484	12365
5485	16219
5486	16267
5487	16980
5488	18045
5489	12391
5490	14369
5491	14698
5492	16874
5493	12431
5494	12432
5495	12433
5496	12434
5497	12435
5498	15266
5499	19977
5500	12436
5501	23572
5502	12441
5503	12892
5504	12457
5505	12458
5506	21935
5507	29473
5508	32211
5509	33991
5510	12536
5511	12480
5512	12481
5513	12824
5514	20164
5515	20726
5516	21973
5517	23903
5518	34134
5519	19583
5520	12487
5521	28881
5522	14664
5523	15371
5524	17245
5525	16132
5526	20496
5527	22053
5528	22126
5529	22130
5530	12509
5531	14845
5532	15947
5533	24309
5534	12516
5535	12732
5536	19360
5537	19845
5538	29477
5539	12521
5540	12544
5541	12545
5542	15083
5543	15109
5544	15110
5545	12567
5546	12568
5547	12569
5548	13113
5549	18401
5550	18405
5551	12570
5552	13357
5553	26322
5554	36871
5555	12575
5556	12594
5557	12672
5558	13727
5559	15720
5560	15809
5561	12585
5562	13143
5563	13338
5564	12589
5565	13127
5566	26841
5567	12592
5568	12609
5569	12610
5570	12666
5571	23171
5572	26711
5573	12685
5574	13162
5575	15879
5576	20881
5577	12642
5578	13056
5579	26017
5580	26052
5581	12653
5582	15298
5583	12659
5584	17640
5585	25910
5586	32934
5587	39842
5588	39843
5589	39844
5590	12660
5591	19256
5592	28055
5593	13795
5594	24007
5595	19321
5596	23648
5597	28056
5598	14017
5599	26320
5600	14044
5601	28446
5602	29054
5603	12695
5604	14337
5605	20567
5606	12709
5607	19570
5608	12712
5609	13990
5610	15048
5611	18721
5612	12715
5613	14818
5614	27052
5615	12730
5616	12758
5617	20882
5618	14164
5619	18132
5620	12740
5621	14545
5622	20230
5623	12762
5624	14268
5625	18535
5626	27740
5627	12750
5628	18704
5629	12755
5630	20970
5631	22481
5632	22482
5633	12757
5634	14345
5635	15135
5636	26464
5637	29236
5638	16768
5639	18185
5640	19439
5641	12793
5642	12797
5643	19069
5644	19795
5645	27297
5646	12800
5647	13660
5648	14101
5649	16778
5650	17381
5651	17825
5652	12806
5653	15982
5654	31286
5655	21002
5656	12838
5657	15118
5658	12861
5659	12915
5660	13156
5661	17699
5662	21633
5663	22070
5664	24735
5665	12866
5666	24222
5667	30879
5668	37147
5669	37148
5670	12873
5671	32722
5672	36660
5673	18548
5674	24637
5675	12896
5676	19864
5677	23513
5678	24751
5679	19492
5680	28666
5681	14772
5682	16307
5683	16471
5684	12911
5685	15123
5686	22793
5687	20391
5688	21352
5689	12917
5690	18981
5691	12921
5692	17426
5693	21717
5694	14667
5695	28236
5696	12953
5697	17160
5698	25389
5699	12956
5700	12957
5701	14503
5702	23276
5703	12989
5704	19320
5705	19788
5706	13002
5707	27953
5708	13013
5709	13028
5710	13160
5711	29670
5712	13031
5713	14148
5714	13032
5715	22595
5716	34700
5717	22670
5718	13046
5719	13047
5720	15299
5721	17109
5722	18897
5723	13051
5724	26072
5725	26073
5726	16084
5727	16168
5728	34336
5729	13894
5730	34169
5731	34170
5732	13108
5733	15689
5734	15872
5735	13114
5736	17626
5737	39804
5738	13122
5739	13905
5740	15337
5741	34828
5742	13123
5743	19611
5744	35318
5745	15600
5746	15623
5747	15624
5748	17602
5749	20330
5750	13139
5751	13821
5752	13822
5753	36715
5754	36716
5755	13151
5756	20789
5757	13155
5758	16361
5759	20904
5760	25542
5761	13161
5762	15868
5763	13164
5764	14118
5765	13167
5766	13985
5767	14283
5768	26528
5769	17562
5770	24302
5771	27726
5772	13214
5773	17273
5774	13218
5775	15745
5776	15750
5777	21578
5778	13276
5779	18075
5780	36608
5781	36609
5782	13331
5783	15302
5784	26785
5785	14297
5786	36730
5787	24768
5788	33418
5789	17083
5790	13446
5791	24501
5792	15819
5793	17721
5794	22597
5795	13594
5796	15395
5797	31249
5798	33304
5799	33491
5800	13602
5801	36152
5802	14467
5803	19372
5804	13683
5805	33150
5806	13745
5807	18514
5808	18515
5809	18516
5810	13771
5811	13810
5812	18465
5813	26559
5814	26560
5815	26570
5816	26838
5817	13842
5818	28566
5819	13853
5820	15697
5821	19191
5822	25504
5823	32406
5824	24573
5825	13897
5826	16780
5827	16781
5828	14610
5829	17515
5830	13954
5831	14116
5832	19004
5833	22697
5834	26710
5835	30276
5836	30277
5837	30278
5838	14011
5839	22816
5840	14016
5841	19890
5842	27011
5843	30854
5844	36966
5845	14021
5846	18340
5847	18368
5848	14499
5849	22055
5850	20868
5851	14061
5852	16787
5853	26605
5854	26606
5855	22131
5856	20969
5857	14077
5858	14078
5859	14815
5860	29091
5861	14097
5862	32010
5863	14100
5864	14110
5865	18722
5866	15596
5867	21396
5868	21419
5869	14117
5870	14124
5871	16103
5872	26608
5873	14128
5874	23724
5875	23973
5876	20884
5877	14163
5878	19310
5879	26609
5880	26611
5881	26612
5882	26616
5883	19846
5884	23524
5885	23995
5886	14242
5887	14253
5888	14254
5889	14256
5890	14257
5891	14243
5892	21793
5893	21873
5894	34235
5895	34236
5896	34237
5897	26600
5898	21788
5899	24685
5900	26602
5901	14265
5902	15707
5903	18047
5904	18354
5905	14269
5906	14273
5907	17358
5908	14282
5909	30632
5910	30633
5911	36725
5912	14336
5913	14360
5914	16996
5915	22026
5916	14340
5917	17924
5918	17927
5919	19581
5920	14695
5921	15723
5922	22325
5923	14351
5924	14353
5925	14814
5926	17606
5927	25089
5928	24548
5929	14663
5930	20571
5931	14364
5932	30836
5933	14365
5934	14366
5935	16960
5936	15087
5937	15088
5938	22019
5939	18438
5940	28662
5941	14383
5942	14384
5943	17713
5944	32919
5945	21011
5946	14396
5947	18557
5948	21942
5949	28547
5950	14404
5951	24744
5952	14436
5953	14437
5954	14696
5955	28844
5956	19982
5957	14453
5958	14454
5959	14455
5960	23504
5961	14948
5962	15148
5963	14483
5964	21239
5965	27181
5966	28276
5967	32430
5968	21979
5969	15216
5970	14562
5971	14563
5972	14564
5973	25174
5974	17200
5975	14524
5976	14530
5977	14550
5978	22366
5979	14543
5980	14553
5981	17297
5982	21035
5983	25879
5984	27742
5985	27815
5986	17162
5987	22125
5988	19739
5989	27415
5990	27316
5991	27576
5992	27577
5993	14557
5994	16090
5995	14600
5996	16806
5997	33731
5998	14602
5999	18301
6000	19860
6001	22176
6002	24778
6003	14864
6004	27813
6005	28632
6006	38252
6007	38253
6008	14659
6009	16223
6010	16927
6011	17024
6012	17417
6013	14677
6014	16447
6015	17379
6016	28518
6017	14687
6018	14817
6019	14694
6020	31225
6021	28896
6022	14703
6023	14704
6024	14705
6025	16313
6026	17183
6027	27140
6028	23123
6029	14758
6030	17952
6031	20901
6032	17093
6033	17262
6034	31900
6035	31901
6036	22903
6037	22970
6038	18280
6039	21331
6040	29402
6041	14798
6042	21451
6043	21631
6044	34429
6045	17018
6046	17411
6047	18036
6048	18186
6049	18195
6050	24068
6051	24262
6052	16147
6053	31604
6054	32411
6055	32412
6056	16371
6057	22517
6058	22214
6059	14865
6060	22156
6061	23487
6062	14949
6063	17401
6064	21267
6065	21268
6066	15053
6067	15054
6068	15055
6069	15370
6070	17944
6071	18016
6072	20903
6073	32310
6074	32311
6075	32312
6076	15201
6077	16959
6078	32062
6079	21071
6080	31940
6081	15069
6082	15070
6083	15071
6084	31874
6085	32056
6086	32833
6087	32948
6088	34502
6089	20326
6090	15099
6091	15100
6092	15101
6093	20808
6094	24282
6095	30180
6096	15103
6097	15104
6098	26462
6099	15107
6100	15108
6101	15627
6102	34525
6103	34526
6104	17369
6105	17538
6106	19451
6107	24360
6108	15137
6109	21969
6110	15146
6111	15147
6112	15961
6113	21371
6114	31480
6115	15151
6116	17639
6117	32245
6118	32831
6119	32832
6120	15176
6121	15268
6122	15403
6123	15404
6124	15433
6125	17815
6126	15178
6127	15437
6128	25181
6129	32050
6130	15192
6131	33560
6132	15680
6133	15925
6134	19131
6135	19179
6136	15204
6137	15420
6138	16063
6139	15449
6140	15224
6141	15225
6142	15226
6143	20537
6144	34319
6145	27434
6146	15255
6147	17044
6148	32162
6149	15265
6150	31250
6151	32017
6152	20787
6153	15311
6154	24363
6155	15278
6156	18024
6157	24212
6158	24471
6159	24472
6160	15285
6161	22251
6162	28529
6163	37045
6164	37046
6165	37047
6166	15890
6167	31380
6168	17104
6169	15318
6170	31252
6171	32733
6172	32736
6173	15321
6174	15326
6175	23160
6176	15362
6177	16919
6178	33400
6179	19286
6180	30138
6181	30189
6182	15373
6183	30498
6184	30504
6185	32074
6186	33263
6187	33358
6188	35356
6189	15383
6190	33401
6191	15389
6192	20520
6193	37771
6194	17038
6195	15398
6196	20790
6197	15421
6198	16344
6199	17274
6200	18318
6201	18319
6202	20306
6203	15422
6204	16689
6205	24213
6206	24279
6207	32018
6208	20875
6209	20876
6210	22249
6211	15455
6212	18324
6213	27526
6214	27652
6215	15492
6216	20156
6217	15592
6218	16981
6219	32826
6220	16828
6221	27766
6222	17951
6223	15628
6224	15629
6225	15630
6226	15632
6227	32575
6228	15664
6229	22554
6230	15646
6231	21347
6232	23131
6233	23132
6234	15653
6235	17112
6236	15654
6237	20405
6238	15659
6239	15660
6240	15670
6241	20505
6242	25084
6243	29367
6244	15681
6245	15682
6246	15683
6247	15685
6248	19609
6249	23700
6250	32239
6251	15690
6252	24482
6253	24483
6254	24484
6255	15709
6256	22759
6257	24902
6258	34251
6259	15722
6260	22746
6261	31804
6262	15724
6263	17781
6264	17790
6265	22969
6266	29337
6267	19853
6268	18392
6269	20305
6270	15763
6271	15774
6272	15775
6273	25631
6274	30847
6275	19271
6276	30815
6277	25183
6278	34464
6279	20605
6280	22146
6281	22157
6282	15806
6283	19181
6284	15845
6285	15862
6286	15863
6287	23592
6288	27351
6289	18909
6290	15907
6291	20743
6292	20749
6293	15924
6294	31915
6295	15927
6296	15928
6297	15929
6298	15930
6299	15926
6300	20324
6301	15932
6302	15931
6303	22220
6304	23968
6305	34449
6306	15936
6307	17598
6308	15941
6309	16413
6310	22300
6311	19976
6312	16086
6313	16482
6314	21665
6315	15951
6316	16024
6317	16025
6318	16026
6319	16192
6320	22155
6321	22268
6322	27079
6323	15960
6324	18060
6325	18070
6326	20610
6327	22222
6328	20867
6329	21916
6330	28247
6331	28339
6332	28443
6333	15962
6334	16414
6335	23952
6336	27033
6337	27034
6338	15964
6339	15966
6340	15967
6341	16056
6342	16263
6343	15977
6344	16121
6345	15984
6346	16091
6347	20655
6348	15990
6349	15991
6350	16139
6351	16140
6352	16198
6353	16460
6354	27423
6355	16022
6356	35173
6357	16505
6358	27158
6359	27365
6360	27416
6361	32637
6362	37479
6363	16038
6364	19082
6365	25098
6366	23122
6367	16446
6368	16061
6369	16217
6370	38935
6371	38942
6372	38943
6373	16247
6374	16791
6375	28464
6376	16080
6377	16419
6378	20475
6379	28162
6380	28163
6381	32401
6382	32402
6383	16081
6384	16312
6385	18063
6386	27546
6387	16089
6388	16107
6389	16357
6390	16102
6391	16454
6392	39355
6393	19183
6394	20578
6395	21379
6396	21628
6397	16110
6398	16111
6399	21423
6400	17155
6401	22067
6402	16117
6403	17186
6404	19128
6405	19130
6406	20437
6407	16122
6408	20673
6409	32326
6410	32327
6411	16124
6412	35186
6413	35299
6414	35276
6415	20797
6416	28511
6417	31320
6418	16175
6419	27473
6420	28597
6421	16199
6422	23184
6423	16200
6424	18056
6425	22303
6426	16203
6427	23711
6428	16227
6429	16228
6430	17329
6431	35223
6432	22381
6433	20390
6434	17945
6435	18111
6436	16268
6437	16822
6438	24391
6439	16276
6440	20287
6441	29928
6442	37808
6443	38710
6444	38711
6445	24067
6446	24387
6447	16343
6448	16345
6449	21391
6450	39372
6451	31882
6452	31883
6453	16347
6454	28520
6455	28525
6456	36826
6457	16349
6458	22408
6459	23117
6460	25856
6461	28160
6462	28161
6463	30951
6464	30954
6465	18962
6466	16408
6467	16921
6468	28613
6469	22572
6470	35219
6471	23057
6472	23976
6473	21096
6474	20304
6475	16504
6476	16541
6477	16820
6478	18347
6479	16580
6480	21577
6481	16655
6482	16656
6483	42621
6484	42622
6485	42623
6486	42625
6487	16695
6488	42012
6489	42013
6490	16743
6491	41974
6492	41975
6493	41976
6494	16694
6495	16722
6496	16712
6497	41990
6498	41991
6499	24080
6500	24439
6501	16771
6502	17475
6503	20662
6504	22934
6505	16775
6506	16776
6507	28630
6508	32579
6509	19234
6510	27164
6511	32147
6512	24291
6513	16803
6514	16814
6515	16815
6516	22541
6517	30496
6518	33452
6519	16823
6520	26882
6521	27829
6522	31909
6523	16827
6524	16829
6525	24297
6526	16830
6527	16831
6528	17116
6529	30485
6530	30489
6531	32936
6532	18522
6533	16837
6534	16850
6535	16840
6536	16841
6537	16845
6538	19858
6539	16871
6540	16873
6541	16933
6542	16994
6543	43004
6544	24341
6545	27836
6546	27837
6547	28596
6548	18009
6549	30104
6550	30239
6551	20001
6552	42987
6553	42988
6554	16923
6555	43003
6556	16930
6557	16970
6558	33689
6559	16936
6560	24755
6561	16938
6562	25854
6563	16966
6564	25993
6565	31853
6566	30209
6567	16974
6568	16975
6569	39017
6570	17169
6571	42995
6572	17089
6573	17664
6574	32179
6575	17037
6576	33446
6577	17064
6578	17220
6579	17081
6580	17133
6581	17088
6582	32221
6583	32286
6584	17092
6585	25861
6586	17285
6587	21196
6588	22224
6589	25747
6590	22821
6591	17149
6592	17151
6593	20540
6594	17179
6595	17913
6596	18691
6597	20918
6598	17175
6599	24453
6600	24838
6601	32322
6602	32323
6603	17350
6604	17351
6605	17187
6606	19474
6607	17247
6608	17391
6609	20535
6610	17207
6611	22928
6612	31312
6613	19070
6614	17228
6615	17229
6616	22427
6617	22428
6618	23055
6619	17629
6620	17456
6621	17298
6622	27615
6623	32243
6624	29112
6625	17370
6626	17376
6627	22289
6628	24671
6629	27291
6630	27616
6631	19613
6632	29105
6633	17389
6634	24546
6635	17402
6636	18035
6637	17410
6638	19542
6639	17436
6640	20905
6641	32075
6642	32276
6643	32277
6644	32278
6645	32279
6646	17451
6647	20392
6648	32410
6649	17499
6650	17508
6651	17509
6652	17534
6653	17545
6654	17507
6655	17510
6656	27923
6657	22980
6658	27844
6659	27894
6660	17526
6661	17527
6662	21031
6663	21032
6664	28107
6665	17533
6666	19223
6667	28110
6668	23723
6669	27896
6670	17555
6671	17600
6672	25492
6673	17575
6674	27864
6675	27974
6676	17589
6677	27019
6678	27029
6679	27050
6680	27831
6681	19000
6682	19763
6683	24896
6684	18664
6685	22988
6686	23733
6687	19165
6688	19171
6689	17630
6690	17793
6691	34410
6692	17650
6693	17806
6694	24005
6695	24006
6696	26784
6697	21315
6698	32502
6699	23945
6700	17693
6701	32576
6702	20488
6703	17724
6704	19036
6705	32417
6706	39751
6707	39752
6708	17745
6709	23159
6710	23166
6711	31238
6712	17768
6713	20869
6714	21320
6715	17779
6716	19413
6717	19216
6718	22240
6719	22242
6720	17803
6721	35210
6722	33297
6723	17921
6724	17922
6725	17923
6726	21026
6727	23959
6728	32433
6729	20588
6730	17939
6731	17940
6732	18077
6733	18536
6734	18542
6735	26855
6736	30634
6737	38298
6738	21573
6739	19874
6740	19875
6741	17974
6742	30106
6743	31255
6744	33396
6745	33397
6746	17988
6747	30158
6748	30175
6749	30221
6750	33486
6751	22950
6752	31329
6753	31330
6754	18037
6755	18038
6756	18824
6757	18055
6758	18138
6759	18139
6760	18076
6761	18078
6762	21381
6763	18122
6764	22248
6765	23518
6766	23519
6767	24782
6768	29767
6769	19309
6770	23344
6771	18136
6772	18137
6773	18540
6774	18541
6775	23203
6776	18164
6777	26406
6778	30518
6779	30901
6780	35513
6781	18183
6782	18190
6783	18214
6784	21740
6785	29625
6786	18199
6787	18204
6788	18212
6789	18205
6790	18206
6791	27035
6792	18193
6793	18198
6794	21162
6795	18201
6796	22017
6797	18215
6798	22056
6799	27830
6800	27614
6801	18339
6802	18342
6803	23011
6804	23012
6805	20485
6806	20486
6807	18432
6808	30952
6809	33774
6810	18482
6811	26795
6812	20432
6813	20433
6814	35059
6815	18498
6816	28502
6817	32578
6818	38262
6819	38263
6820	18518
6821	18519
6822	18521
6823	19549
6824	19551
6825	28321
6826	27438
6827	29313
6828	18589
6829	18613
6830	19475
6831	20909
6832	21021
6833	18617
6834	18692
6835	18693
6836	18620
6837	18630
6838	21663
6839	18633
6840	18634
6841	20565
6842	20566
6843	18669
6844	18673
6845	18699
6846	18685
6847	33978
6848	33979
6849	18670
6850	33100
6851	28165
6852	28166
6853	18726
6854	20754
6855	21036
6856	18809
6857	23750
6858	18814
6859	23059
6860	28545
6861	29249
6862	35160
6863	18895
6864	19313
6865	22962
6866	25448
6867	20825
6868	33094
6869	23624
6870	23625
6871	22225
6872	31991
6873	19078
6874	22652
6875	37068
6876	20452
6877	19170
6878	31371
6879	23224
6880	20595
6881	19213
6882	27524
6883	38972
6884	38973
6885	25334
6886	27913
6887	27914
6888	19232
6889	19254
6890	25096
6891	19270
6892	19287
6893	19288
6894	19796
6895	24737
6896	22299
6897	21027
6898	34562
6899	19316
6900	23618
6901	23619
6902	25056
6903	25052
6904	26960
6905	36805
6906	19561
6907	29257
6908	29438
6909	28839
6910	23070
6911	21547
6912	29301
6913	19606
6914	35272
6915	21018
6916	21029
6917	24549
6918	25058
6919	19848
6920	19849
6921	25127
6922	29730
6923	29718
6924	29735
6925	29751
6926	19850
6927	19855
6928	19856
6929	19857
6930	19862
6931	25926
6932	19861
6933	29741
6934	29808
6935	29904
6936	29908
6937	19869
6938	19871
6939	26716
6940	19888
6941	25472
6942	21889
6943	26730
6944	29443
6945	29444
6946	19994
6947	20032
6948	43043
6949	20153
6950	20190
6951	32438
6952	20163
6953	20191
6954	20192
6955	22374
6956	20193
6957	20194
6958	20436
6959	31674
6960	20327
6961	34472
6962	20646
6963	20356
6964	32368
6965	20365
6966	27221
6967	20423
6968	32181
6969	20510
6970	33050
6971	33083
6972	20449
6973	23520
6974	20504
6975	33799
6976	33864
6977	32196
6978	32197
6979	20523
6980	20524
6981	32341
6982	34267
6983	35243
6984	42883
6985	20536
6986	20538
6987	20539
6988	35244
6989	27152
6990	20568
6991	25592
6992	29449
6993	20572
6994	23158
6995	22047
6996	22414
6997	22500
6998	39539
6999	39673
7000	27457
7001	34420
7002	20711
7003	20719
7004	20987
7005	20760
7006	21737
7007	29419
7008	20784
7009	20785
7010	20803
7011	30114
7012	20810
7013	30958
7014	30247
7015	33474
7016	20811
7017	29241
7018	22145
7019	31242
7020	32975
7021	20822
7022	33662
7023	20824
7024	26866
7025	20879
7026	20880
7027	33120
7028	35031
7029	37048
7030	21600
7031	20910
7032	20911
7033	22009
7034	43418
7035	43419
7036	25048
7037	25049
7038	25938
7039	23093
7040	22255
7041	21046
7042	24047
7043	24257
7044	24390
7045	24404
7046	24405
7047	21077
7048	34450
7049	21205
7050	27172
7051	27173
7052	21341
7053	21354
7054	22143
7055	22144
7056	21342
7057	21355
7058	21334
7059	21335
7060	21372
7061	21348
7062	21353
7063	21582
7064	23156
7065	23157
7066	21585
7067	39086
7068	39087
7069	24951
7070	21512
7071	21881
7072	21598
7073	33877
7074	33878
7075	21638
7076	21639
7077	34503
7078	29083
7079	23473
7080	36454
7081	21729
7082	34226
7083	38483
7084	21767
7085	21768
7086	24250
7087	24352
7088	24441
7089	24442
7090	24443
7091	26465
7092	26603
7093	21795
7094	21796
7095	21816
7096	35052
7097	21884
7098	21885
7099	21886
7100	21920
7101	21931
7102	21932
7103	21887
7104	21918
7105	21919
7106	24507
7107	24508
7108	43615
7109	21934
7110	21936
7111	22135
7112	24638
7113	34167
7114	34168
7115	23912
7116	23105
7117	23106
7118	25855
7119	22282
7120	26126
7121	26127
7122	26128
7123	34509
7124	31913
7125	31914
7126	31992
7127	31993
7128	22432
7129	39461
7130	22112
7131	22411
7132	22846
7133	30960
7134	25401
7135	25402
7136	28264
7137	28265
7138	28463
7139	25726
7140	39774
7141	39775
7142	39776
7143	39777
7144	22231
7145	22235
7146	22234
7147	22857
7148	39609
7149	39575
7150	22244
7151	22247
7152	22283
7153	28829
7154	22291
7155	22292
7156	24305
7157	24336
7158	24802
7159	33414
7160	22308
7161	23974
7162	26915
7163	22294
7164	34508
7165	34510
7166	24892
7167	23680
7168	23699
7169	23727
7170	23763
7171	37065
7172	22384
7173	22400
7174	39658
7175	28167
7176	22635
7177	22636
7178	22443
7179	25752
7180	39508
7181	39726
7182	39727
7183	39728
7184	39432
7185	22527
7186	39510
7187	22575
7188	24303
7189	33151
7190	22661
7191	22778
7192	22811
7193	39598
7194	39599
7195	23965
7196	25087
7197	34397
7198	22966
7199	36982
7200	37004
7201	26315
7202	32624
7203	32625
7204	37650
7205	23094
7206	23102
7207	23112
7208	23113
7209	30519
7210	27323
7211	39353
7212	39354
7213	23126
7214	23127
7215	33654
7216	38130
7217	30129
7218	32104
7219	33190
7220	33207
7221	33237
7222	23167
7223	23168
7224	30100
7225	30112
7226	30228
7227	30244
7228	34764
7229	34765
7230	23170
7231	23545
7232	23281
7233	31012
7234	23512
7235	24786
7236	30917
7237	24784
7238	38335
7239	38336
7240	38337
7241	42090
7242	23631
7243	23632
7244	23633
7245	37169
7246	23663
7247	23719
7248	23701
7249	24202
7250	37075
7251	23731
7252	25880
7253	37064
7254	23764
7255	23832
7256	28090
7257	23852
7258	23853
7259	23854
7260	24407
7261	31810
7262	23946
7263	32933
7264	23966
7265	27486
7266	27756
7267	27757
7268	28164
7269	26440
7270	26556
7271	28117
7272	27598
7273	24045
7274	42369
7275	24046
7276	24427
7277	27157
7278	24049
7279	24241
7280	24281
7281	24198
7282	24136
7283	24283
7284	24230
7285	31864
7286	32973
7287	32974
7288	24394
7289	24397
7290	24292
7291	24307
7292	24350
7293	24354
7294	36028
7295	36029
7296	24393
7297	24428
7298	24429
7299	24430
7300	31868
7301	24547
7302	29566
7303	35073
7304	35074
7305	24609
7306	25086
7307	24978
7308	24752
7309	24758
7310	33252
7311	32855
7312	25924
7313	25925
7314	42719
7315	24840
7316	34637
7317	24890
7318	24891
7319	24893
7320	31008
7321	34620
7322	25034
7323	25035
7324	25037
7325	34652
7326	34623
7327	34624
7328	37155
7329	37156
7330	37157
7331	37158
7332	25057
7333	25059
7334	32216
7335	32217
7336	25060
7337	30948
7338	25088
7339	31955
7340	32338
7341	29557
7342	29559
7343	29562
7344	29574
7345	29864
7346	27551
7347	29240
7348	25267
7349	32608
7350	32609
7351	25296
7352	29422
7353	25391
7354	25392
7355	25393
7356	32574
7357	41562
7358	41563
7359	28490
7360	35174
7361	25751
7362	39659
7363	25769
7364	32403
7365	25859
7366	25878
7367	25984
7368	25991
7369	27131
7370	27132
7371	26075
7372	26029
7373	26096
7374	31859
7375	26190
7376	26191
7377	26299
7378	26300
7379	30679
7380	26463
7381	35254
7382	26833
7383	36030
7384	31987
7385	31988
7386	26729
7387	26769
7388	29472
7389	38677
7390	38678
7391	26806
7392	30627
7393	26842
7394	26947
7395	26948
7396	26978
7397	26979
7398	28202
7399	35230
7400	36762
7401	27023
7402	27032
7403	27166
7404	27179
7405	31693
7406	38374
7407	38378
7408	27246
7409	27247
7410	27248
7411	27443
7412	43086
7413	43087
7414	43088
7415	27299
7416	28629
7417	28906
7418	30187
7419	27552
7420	29338
7421	29339
7422	30702
7423	36610
7424	33124
7425	38238
7426	38278
7427	34517
7428	38382
7429	34335
7430	28527
7431	28528
7432	28530
7433	28563
7434	30494
7435	31950
7436	31951
7437	35058
7438	34409
7439	28654
7440	28667
7441	29092
7442	28661
7443	37907
7444	38100
7445	38101
7446	38102
7447	28670
7448	29148
7449	29121
7450	28901
7451	28902
7452	37908
7453	37969
7454	30348
7455	30349
7456	33128
7457	33129
7458	31179
7459	31180
7460	31181
7461	29906
7462	29807
7463	29829
7464	29907
7465	29909
7466	29910
7467	29911
7468	30096
7469	30254
7470	34701
7471	30098
7472	30137
7473	30238
7474	30099
7475	34710
7476	30216
7477	30111
7478	30136
7479	33505
7480	30124
7481	30125
7482	30127
7483	30215
7484	34779
7485	33468
7486	34837
7487	33567
7488	33568
7489	33503
7490	33504
7491	33481
7492	33264
7493	30514
7494	30918
7495	30804
7496	30814
7497	30821
7498	38713
7499	30813
7500	30820
7501	33892
7502	39085
7503	38714
7504	43662
7505	30887
7506	30888
7507	30898
7508	30932
7509	30933
7510	30941
7511	30959
7512	31007
7513	31009
7514	34617
7515	33224
7516	32957
7517	33244
7518	31520
7519	38397
7520	38398
7521	31802
7522	32839
7523	33245
7524	31907
7525	31908
7526	33096
7527	31855
7528	31869
7529	32916
7530	32917
7531	32939
7532	32962
7533	38290
7534	38291
7535	38292
7536	39083
7537	39084
7538	31924
7539	32834
7540	32835
7541	39815
7542	39816
7543	39817
7544	39818
7545	39819
7546	31888
7547	31985
7548	31918
7549	31919
7550	31920
7551	31921
7552	31922
7553	31923
7554	32097
7555	32098
7556	32418
7557	32419
7558	31966
7559	31967
7560	34954
7561	33790
7562	32076
7563	32089
7564	32099
7565	32100
7566	32360
7567	33701
7568	33818
7569	33819
7570	33243
7571	32577
7572	38249
7573	35201
7574	33480
7575	32966
7576	33860
7577	33861
7578	38338
7579	33419
7580	35088
7581	33477
7582	33478
7583	32965
7584	36889
7585	36890
7586	41192
7587	33191
7588	33236
7589	33281
7590	33282
7591	33422
7592	34900
7593	33782
7594	33783
7595	33784
7596	33451
7597	33472
7598	33473
7599	33990
7600	42704
7601	42705
7602	38294
7603	38297
7604	38299
7605	38300
7606	34268
7607	34364
7608	34388
7609	42877
7610	42878
7611	42879
7612	34330
7613	34455
7614	36804
7615	35224
7616	35225
7617	35226
7618	38391
7619	39040
7620	39041
7621	39042
7622	42626
7623	36814
7624	36830
7625	36813
7626	38476
7627	38488
7628	38490
7629	38076
7630	38289
7631	39778
7632	39779
7633	37929
7634	37909
7635	37947
7636	37989
7637	37972
7638	37977
7639	43671
7640	43672
7641	38295
7642	38296
7643	38492
7644	38383
7645	38384
7646	38501
7647	39538
7648	39753
7649	39754
7650	41379
7651	41380
7652	42730
7653	43040
7654	43041
7655	43042
