10093	11177
10093	12427
10093	15686
10145	24503
10145	32328
10145	32404
10159	10453
10159	10546
10159	11960
10159	14477
10159	17478
10159	17479
10163	12901
10163	19556
10163	21675
10163	21677
10163	21678
10187	14042
10211	12746
10211	12933
10211	17831
10211	17832
10211	17833
10291	12496
10291	12500
10291	12501
10291	12502
10306	11154
10314	11168
10314	14763
10314	14764
10314	14765
10326	14851
10326	14853
10356	16106
10356	17804
10356	19228
10356	22849
10356	32007
10358	10554
10358	15658
10358	22230
10361	17435
10361	20990
10361	20991
10361	20992
10361	20993
10361	20997
10369	12090
10369	14766
10369	14768
10369	14769
10369	14770
10369	14771
10374	11158
10374	12694
10374	14856
10374	15656
10374	15657
10382	12238
10382	12242
10390	10448
10390	14540
10390	25868
10412	14108
10412	29577
10424	14370
10430	10698
10430	11271
10448	11154
10448	17249
10461	15804
10467	10468
10467	11514
10468	11496
10468	22037
10479	10481
10479	10746
10481	10614
10481	20672
10488	19233
10488	20576
10488	22327
10491	10665
10491	10829
10491	11630
10491	19064
10491	19065
10491	21645
10514	10667
10514	11077
10514	15804
10517	17132
10517	20672
10517	21583
10517	21679
10517	24663
10519	11389
10519	20422
10519	20522
10521	10750
10521	21674
10523	11302
10523	13425
10523	21797
10523	23837
10523	31876
10538	14087
10546	11451
10546	13549
10546	14232
10546	14742
10546	20929
10546	26297
10554	16492
10554	17937
10554	19926
10559	14062
10559	16912
10602	15684
10615	14833
10615	14834
10615	24349
10615	37421
10628	10654
10628	10728
10628	10735
10635	12684
10635	13014
10635	14707
10639	10759
10639	13358
10639	13438
10639	14285
10639	18434
10639	26569
10648	19314
10654	10728
10654	14492
10654	14558
10654	17950
10665	11630
10665	11631
10665	11632
10665	15780
10665	18650
10667	17624
10667	31448
10667	31669
10667	31787
10667	31812
10674	21489
10678	12952
10678	19605
10678	20440
10684	12411
10684	13582
10684	13896
10684	16950
10684	21971
10690	17661
10690	17662
10690	17666
10690	25101
10690	34712
10691	11286
10691	13097
10691	17603
10691	18668
10691	22952
10698	11271
10698	16861
10698	20165
10698	25852
10698	25853
10710	18177
10714	12694
10714	12748
10714	17907
10717	10792
10717	15062
10723	10724
10724	12929
10724	18091
10724	21714
10724	21715
10724	30955
10728	14068
10740	13879
10740	14108
10740	14494
10740	14495
10752	15891
10761	10762
10761	16793
10761	26981
10761	27051
10768	10769
10768	14544
10768	17227
10768	18919
10769	11733
10769	15886
10769	17716
10769	18510
10769	24024
10769	30510
10792	19198
10803	11493
10803	20604
10803	20636
10803	20637
10803	22723
10852	10853
10852	10879
10852	16028
10852	37664
10868	10918
10868	14401
10879	12100
10879	18683
10879	21037
10886	12512
10886	12535
10886	16758
10891	10906
10891	17063
10891	19141
10918	11837
10918	15674
10918	19718
11039	11135
11039	11222
11039	12512
11039	19905
11039	23831
11039	31334
11074	11233
11074	12261
11074	14923
11074	15918
11076	11589
11076	11677
11076	22267
11077	11199
11077	16076
11077	16191
11077	22830
11085	11196
11085	29019
11102	12843
11102	14108
11102	18080
11102	19312
11104	17230
11104	19315
11104	21669
11104	21674
11108	11109
11108	11110
11109	11110
11110	11194
11110	16045
11110	16150
11110	16440
11118	13103
11118	15959
11118	18177
11118	21680
11118	21681
11119	14549
11119	14957
11119	16283
11129	12745
11129	20652
11134	11286
11134	11310
11134	15622
11134	20553
11135	31982
11135	31984
11136	11361
11136	16264
11136	27208
11154	13044
11154	36112
11160	11607
11160	24438
11160	37073
11160	37074
11168	11357
11168	11659
11168	14765
11177	13346
11177	14785
11177	36729
11194	16045
11194	20823
11194	26613
11196	12491
11196	12904
11196	14494
11196	19438
11196	29019
11197	16488
11197	26949
11199	11589
11199	14045
11199	16324
11210	15948
11212	14045
11212	16407
11212	20633
11212	20654
11215	11216
11215	15923
11216	18332
11216	21970
11222	12512
11222	29043
11222	29044
11224	11302
11224	16935
11232	11233
11232	18663
11232	22923
11233	12491
11233	17241
11233	23099
11233	23111
11271	17115
11271	25947
11271	31396
11280	11302
11280	11321
11280	24901
11280	26392
11284	11286
11284	14756
11284	14757
11286	14756
11286	14757
11302	11322
11302	13205
11310	19797
11310	20553
11314	14769
11314	25629
11318	11322
11318	11667
11318	11734
11318	26338
11322	11696
11328	11329
11329	15959
11329	27428
11337	14356
11337	20214
11337	20215
11348	11420
11348	18131
11348	24780
11348	24781
11361	17679
11364	11398
11364	17871
11366	11367
11366	11859
11366	11862
11367	11831
11367	11841
11384	15981
11384	16319
11384	16320
11388	11389
11388	41363
11388	41365
11389	11528
11389	11606
11398	11426
11398	16028
11398	17871
11398	21456
11398	22139
11399	11406
11406	18455
11420	23509
11422	14645
11422	41360
11422	41361
11422	41362
11426	12980
11426	16028
11426	22139
11452	21681
11452	22218
11452	27300
11476	11667
11483	22116
11493	17138
11493	17624
11493	18903
11493	20636
11493	20637
11499	18388
11499	19072
11514	17063
11516	11517
11516	11518
11516	11548
11517	11518
11517	11548
11517	13076
11517	32355
11518	11548
11528	11606
11528	13464
11529	11530
11529	12626
11529	13085
11529	15909
11530	27167
11532	12048
11532	12049
11532	12537
11532	12908
11532	15671
11532	18237
11568	11569
11569	17439
11569	21597
11579	18624
11579	18767
11579	18778
11579	18852
11579	24034
11602	14491
11602	22343
11602	22407
11607	17211
11617	11618
11617	11619
11617	11620
11618	11619
11618	11620
11619	11620
11619	12970
11619	20447
11620	14481
11620	20446
11620	20447
11620	33055
11630	11631
11630	11632
11630	12763
11631	11632
11632	15780
11632	27293
11659	22164
11659	28603
11659	29230
11659	30628
11670	12894
11670	18631
11670	26740
11677	16027
11691	11692
11692	13134
11692	16400
11692	19305
11696	12624
11696	15090
11696	15091
11696	17679
11733	18510
11733	30510
11754	11755
11755	14172
11755	41389
11762	18663
11762	20992
11762	23672
11762	23705
11829	11830
11829	19876
11830	12749
11830	20146
11830	21010
11831	11841
11835	11837
11837	32205
11840	11841
11841	11863
11843	11844
11843	11845
11843	11846
11844	11845
11844	11846
11845	11846
11845	25947
11851	20166
11860	14478
11860	18739
11860	23860
11860	23861
11862	17463
11864	20147
11864	34408
11881	11883
11881	18202
11881	28546
11883	14679
11883	19981
11883	22287
11883	29108
11883	29442
11889	12535
11889	12844
11937	13226
11960	12070
11960	17090
11960	19258
11960	23109
11960	23110
11983	16836
11992	14478
11992	18251
11992	18252
11998	13384
11998	24480
11998	27046
11998	27183
12048	12049
12048	12537
12049	12537
12049	20983
12070	19258
12070	23109
12070	23110
12100	13682
12100	15684
12100	21037
12197	12199
12197	12200
12199	12200
12199	14232
12199	26222
12199	26820
12199	30717
12200	15906
12200	17846
12200	37409
12200	37410
12238	15062
12238	30805
12238	33899
12238	34561
12238	42029
12242	16488
12242	33858
12248	12249
12248	21494
12248	23074
12248	24355
12261	13085
12261	18490
12350	19489
12365	16219
12365	16267
12365	16980
12365	18045
12391	14369
12391	14698
12411	16874
12431	12432
12431	12433
12431	12434
12431	12435
12432	12433
12432	12434
12432	12435
12432	15266
12433	12434
12433	12435
12434	12435
12435	19977
12436	23572
12441	12892
12441	12908
12457	12458
12457	21935
12457	29473
12457	32211
12457	33991
12458	12536
12458	29473
12480	12481
12480	12824
12480	20164
12480	20726
12480	21973
12480	23903
12480	34134
12481	19583
12487	28881
12491	19438
12500	14664
12500	15371
12500	17245
12501	16132
12501	19718
12501	20496
12501	22053
12502	20496
12502	22126
12502	22130
12509	14845
12509	15947
12512	24309
12516	12732
12516	19360
12516	19845
12516	29477
12521	12544
12521	12545
12521	12824
12535	12844
12536	29473
12537	29230
12544	12545
12544	15083
12544	15109
12544	15110
12567	12568
12567	12569
12567	13113
12567	18401
12567	18405
12568	12569
12568	13113
12568	18401
12568	18405
12570	13357
12570	26322
12570	36871
12575	12594
12575	12672
12575	13226
12575	13727
12575	15720
12575	15809
12585	13143
12585	13338
12589	13127
12589	26841
12592	13113
12592	13896
12609	12610
12609	12666
12609	23171
12609	26711
12610	12685
12624	17679
12626	13085
12626	13162
12626	15879
12626	20881
12642	12666
12642	13056
12642	26017
12642	26052
12653	15298
12659	17640
12659	25910
12659	32934
12659	39842
12659	39843
12659	39844
12660	19256
12660	28055
12672	13727
12672	13795
12672	24007
12684	12685
12684	13014
12684	14707
12684	19321
12684	23648
12684	28056
12685	14017
12685	26320
12694	12745
12694	14044
12694	28446
12694	29054
12695	14337
12695	14356
12695	20567
12709	19570
12709	23509
12712	13990
12712	15048
12712	18721
12715	14370
12715	14818
12715	27052
12730	12758
12730	15048
12730	18131
12730	20882
12732	14164
12732	18132
12740	14545
12740	14845
12745	14044
12745	20230
12749	12762
12749	14268
12749	18535
12749	27740
12750	12894
12750	18704
12755	20970
12755	22481
12755	22482
12757	14345
12757	15135
12757	26464
12758	29236
12763	15686
12763	16768
12763	18185
12763	19439
12793	12894
12797	19069
12797	19795
12797	27297
12800	12843
12800	13660
12800	14101
12800	16778
12800	17381
12800	17825
12806	15982
12806	31286
12824	15135
12824	21002
12824	21973
12838	13682
12838	15684
12843	13226
12843	15118
12843	16778
12843	18080
12861	12915
12861	13156
12861	17699
12861	21633
12861	22070
12861	24735
12866	24222
12866	30879
12866	37147
12866	37148
12873	32722
12873	36660
12894	18548
12894	24637
12896	13044
12896	19864
12896	23513
12896	24751
12901	19492
12901	28666
12904	14772
12904	16307
12904	16471
12908	15671
12911	15123
12911	16980
12911	22793
12915	20391
12915	21352
12915	21633
12917	18981
12921	12970
12921	17426
12929	18091
12929	21714
12929	21715
12929	21717
12929	25101
12933	14667
12933	28236
12952	22407
12953	17160
12953	25389
12956	12957
12956	14503
12956	23276
12989	19320
12989	19788
13002	20983
13002	27953
13013	13028
13013	13160
13013	29670
13014	13031
13014	14707
13028	14148
13031	13032
13031	22595
13032	34700
13044	19864
13044	22670
13046	13047
13047	15299
13047	17109
13047	18897
13051	13056
13051	26072
13051	26073
13076	16084
13076	16168
13076	34336
13085	15909
13097	13894
13097	17603
13103	34169
13103	34170
13108	13143
13108	13464
13108	15689
13108	15872
13113	17249
13114	17626
13114	39804
13122	13905
13122	15337
13122	34828
13123	19611
13123	35318
13127	13682
13134	15600
13134	15623
13134	15624
13134	17602
13134	20330
13139	13357
13139	13821
13139	13822
13143	36715
13143	36716
13151	20789
13155	16361
13160	13425
13160	20904
13160	25542
13161	13162
13162	15868
13164	14118
13167	13985
13167	14283
13167	26528
13205	17562
13205	24302
13205	27726
13214	17273
13214	18721
13214	21494
13218	15745
13218	15750
13226	16793
13226	21578
13276	17626
13276	18075
13276	36608
13276	36609
13331	15302
13331	17624
13331	26785
13346	14297
13346	36729
13346	36730
13357	13821
13357	13822
13384	24480
13384	24768
13384	27046
13384	27183
13384	33418
13425	17083
13446	24501
13464	15819
13549	14742
13582	17721
13582	22597
13594	15395
13594	31249
13594	33304
13594	33491
13602	36152
13660	17381
13682	14467
13682	15684
13682	19372
13683	14756
13683	33150
13727	24007
13745	18514
13745	18515
13745	18516
13771	15872
13810	18465
13810	26559
13810	26560
13810	26570
13810	26838
13821	13822
13842	28566
13853	14283
13879	15299
13879	15697
13879	19191
13879	25504
13879	32406
13896	21971
13896	24573
13897	16780
13897	16781
13905	14610
13905	17515
13954	14116
13954	16132
13954	19004
13954	22697
13954	26710
13985	30276
13985	30277
13985	30278
14011	14116
14011	22816
14016	19360
14016	19890
14016	27011
14016	30854
14016	36966
14017	26320
14021	15720
14021	18340
14021	18368
14042	14499
14042	22055
14044	20868
14045	15948
14045	16407
14061	14062
14061	16787
14061	25947
14061	26605
14061	26606
14062	16488
14062	22131
14068	20969
14068	20970
14077	14078
14077	14664
14087	14815
14087	17090
14087	29091
14097	14815
14097	32010
14100	14101
14100	14110
14101	18722
14108	15596
14108	15658
14110	22697
14116	15135
14116	21396
14116	21419
14117	14118
14117	17083
14124	16103
14124	16471
14124	26608
14128	23724
14128	23973
14148	18624
14148	20884
14163	19310
14163	26609
14163	26611
14163	26612
14163	26616
14164	19846
14172	23524
14232	23995
14232	30717
14242	14253
14242	14254
14242	14256
14242	14257
14243	14253
14243	21793
14243	21873
14243	34235
14243	34236
14243	34237
14253	26600
14257	17624
14257	21788
14257	24685
14257	26602
14265	15707
14265	15947
14265	18047
14265	18354
14268	14269
14268	18535
14273	17358
14282	14283
14285	30632
14285	30633
14297	26559
14297	36725
14336	14360
14336	16996
14336	22026
14340	17924
14340	17927
14340	19581
14345	14695
14345	15723
14345	22325
14351	14353
14351	14370
14351	14814
14351	17606
14353	14667
14353	17138
14353	17160
14353	25089
14356	24548
14360	14663
14360	16996
14360	20571
14364	14370
14364	30836
14365	14366
14365	16960
14366	15087
14366	15088
14366	22019
14369	14698
14369	18438
14369	28662
14370	27052
14383	14384
14383	17713
14383	32919
14384	21011
14396	18557
14396	21942
14396	28547
14401	23572
14404	24744
14436	14437
14436	14696
14436	28844
14437	19982
14453	14454
14453	14455
14453	16861
14453	23504
14454	14455
14454	14948
14454	16861
14454	23504
14455	14948
14467	15148
14467	19372
14477	17479
14478	14483
14478	23861
14481	21239
14481	27181
14481	28276
14481	32430
14483	21979
14492	15216
14494	14495
14495	14562
14495	14563
14495	14564
14499	25174
14503	17200
14503	17463
14503	23276
14524	14549
14530	14550
14530	22116
14530	22366
14543	14553
14543	17297
14543	21035
14543	25879
14543	27742
14543	27815
14544	17162
14544	22125
14544	23672
14545	14845
14545	19739
14549	27415
14550	27316
14550	27576
14550	27577
14553	25879
14557	14558
14558	16090
14558	17950
14562	14563
14562	14564
14563	14564
14600	16806
14600	33731
14602	18301
14602	19489
14602	19860
14602	22176
14602	24778
14645	14864
14645	27813
14645	28632
14645	38252
14645	38253
14659	16223
14663	16927
14663	16996
14663	17024
14663	17417
14664	17245
14677	16447
14677	17379
14677	28518
14687	14817
14694	14695
14695	22325
14696	31225
14698	28896
14703	14704
14703	14705
14703	16313
14703	17115
14703	17183
14704	14705
14704	27140
14705	23123
14705	27140
14756	14757
14756	33150
14758	14785
14758	17952
14763	14764
14763	20901
14764	17093
14765	17262
14765	31900
14765	31901
14766	22287
14769	14770
14769	22903
14769	22970
14770	18280
14772	21331
14785	17952
14785	29402
14798	21451
14798	21631
14814	14815
14814	17606
14814	34429
14817	17018
14817	17411
14818	18036
14818	18186
14818	18195
14833	14834
14834	24068
14834	24262
14853	16147
14853	18897
14853	31604
14853	32411
14853	32412
14856	16371
14856	22517
14864	22214
14864	27813
14864	28632
14864	38252
14865	19069
14865	22156
14923	15918
14923	23487
14948	14949
14957	16283
14957	17401
14957	21267
14957	21268
15048	18301
15053	15054
15053	15055
15053	15370
15053	17944
15053	18016
15054	15055
15054	20903
15054	32310
15054	32311
15054	32312
15055	15201
15055	16959
15055	32062
15062	21071
15062	31940
15069	15070
15069	15071
15070	15071
15071	31874
15071	32056
15071	32833
15071	32948
15083	34502
15087	15088
15088	20326
15090	15091
15099	15100
15099	15101
15100	15101
15101	20808
15101	24282
15101	30180
15103	15104
15104	18455
15104	22952
15104	26462
15107	15108
15107	15627
15109	15110
15109	34525
15109	34526
15123	17369
15123	17538
15123	19451
15123	24360
15135	15137
15137	21969
15137	21970
15146	15147
15146	15148
15146	15961
15147	15148
15148	21371
15148	31480
15151	17639
15151	32245
15151	32831
15151	32832
15176	15268
15176	15403
15176	15404
15176	15433
15176	17815
15176	31604
15178	15437
15178	25181
15178	32050
15192	33560
15201	15680
15201	15925
15201	18016
15201	19131
15201	19179
15204	15420
15204	16063
15216	15449
15224	15225
15224	15226
15224	20537
15224	34319
15225	15226
15226	27434
15255	17044
15255	32162
15265	15266
15265	15403
15265	31250
15265	32017
15266	20787
15266	20789
15268	15311
15268	23524
15268	24363
15278	18024
15278	24212
15278	24471
15278	24472
15285	22251
15285	28529
15285	34429
15285	37045
15285	37046
15285	37047
15298	15299
15298	15890
15298	20330
15299	19191
15302	31380
15311	17104
15318	31252
15318	32733
15318	32736
15321	17273
15326	15371
15326	23160
15337	34828
15362	16919
15362	33400
15371	19286
15371	30138
15371	30189
15373	30498
15373	30504
15373	32074
15373	33263
15373	33358
15373	35356
15383	33400
15383	33401
15389	20520
15389	32074
15389	37771
15395	15403
15395	17038
15395	33491
15398	20789
15398	20790
15403	15404
15421	15680
15421	16344
15421	17274
15421	18318
15421	18319
15421	20306
15422	16689
15422	24213
15422	24279
15437	17138
15437	32018
15437	32050
15449	20875
15449	20876
15449	22249
15455	18324
15455	27526
15455	27652
15492	20156
15492	24360
15592	16981
15592	32826
15596	16828
15596	27766
15623	15624
15627	17951
15627	17952
15628	15629
15628	15630
15628	15632
15629	15630
15629	15632
15629	32575
15630	15632
15632	15664
15632	22554
15646	21347
15646	23131
15646	23132
15653	17112
15654	16919
15654	20405
15658	15659
15658	15660
15658	21578
15659	15660
15670	15671
15671	20505
15671	25084
15671	29367
15680	15681
15680	15682
15680	19131
15680	20306
15681	15682
15683	15684
15683	15685
15683	19609
15684	15685
15685	23700
15685	32239
15689	15690
15689	15872
15697	24482
15697	24483
15697	24484
15697	25504
15697	32406
15707	18354
15709	15891
15720	22759
15720	24902
15720	34251
15722	15723
15722	22746
15723	31804
15724	17781
15724	17790
15724	22969
15724	25910
15724	29337
15745	17679
15745	18388
15745	19853
15750	17713
15750	18392
15750	20305
15763	15774
15763	15775
15774	15775
15774	25631
15774	30847
15774	32722
15775	19271
15775	30805
15775	30815
15780	25183
15780	34464
15804	20605
15804	22146
15804	22157
15806	15891
15819	19181
15845	16440
15845	22407
15862	15863
15862	23592
15862	27351
15879	20881
15886	24024
15890	20330
15891	16400
15891	17132
15891	18909
15906	15907
15906	17846
15906	20743
15906	20749
15906	37409
15906	37410
15923	15924
15923	31915
15924	15927
15924	15928
15924	15929
15924	15930
15925	15926
15925	18016
15925	19179
15925	20324
15927	15928
15927	15932
15928	15932
15929	15930
15931	22220
15931	23968
15931	34449
15936	17598
15936	19438
15936	21489
15941	16413
15941	22300
15947	19976
15948	16086
15948	16482
15948	21665
15951	16024
15951	16025
15951	16026
15951	16192
15951	22155
15951	22268
15951	27079
15959	15960
15959	16447
15959	18060
15959	27428
15960	16447
15960	18070
15960	20610
15960	22222
15961	20867
15961	21916
15961	28247
15961	28339
15961	28443
15962	16414
15962	23952
15962	27033
15962	27034
15964	16414
15966	16150
15967	16056
15967	16263
15977	16471
15981	15982
15981	16121
15981	16319
15981	16320
15982	31286
15984	16091
15984	20655
15990	15991
15991	16139
15991	16140
15991	16198
15991	16460
15991	27423
16022	24302
16022	35173
16024	16025
16024	16026
16024	16192
16024	16505
16024	27158
16025	16026
16025	16192
16026	16192
16027	27365
16027	27416
16027	32637
16027	37479
16038	19082
16038	21674
16038	25098
16045	23122
16056	16263
16056	16407
16056	16446
16061	16086
16061	16217
16061	38935
16061	38942
16061	38943
16063	16247
16063	16791
16063	28464
16080	16419
16080	20475
16080	28162
16080	28163
16080	32401
16080	32402
16081	16140
16081	16312
16081	18063
16084	16168
16084	16935
16086	16217
16086	27546
16089	16090
16089	16107
16089	16357
16089	18063
16090	16357
16091	20655
16102	16454
16102	16488
16102	24744
16102	39355
16106	16107
16106	19183
16106	20578
16106	21379
16106	21628
16110	16111
16110	21423
16111	17155
16111	21423
16111	22067
16117	17186
16117	19128
16117	19130
16117	19853
16117	20437
16121	16122
16121	20673
16121	32326
16121	32327
16124	20610
16124	21665
16132	19004
16132	22697
16132	26710
16139	16140
16139	35186
16139	35299
16140	16312
16140	35276
16147	20797
16147	28511
16147	31320
16147	31604
16150	16414
16150	16440
16175	16791
16192	27473
16192	28597
16198	27423
16199	21665
16199	23184
16200	18056
16200	22303
16203	18354
16203	31286
16219	16980
16223	23711
16227	16228
16227	27473
16228	17329
16247	27167
16247	35223
16263	22381
16264	20390
16264	27208
16267	17945
16267	18111
16267	19846
16268	16822
16268	24391
16276	20215
16276	20287
16276	29928
16276	37808
16307	16471
16307	38710
16307	38711
16313	17183
16313	24067
16313	24068
16313	24262
16313	24387
16319	16320
16343	16344
16343	16345
16343	21391
16343	39372
16344	16345
16344	17274
16344	20655
16344	31882
16344	31883
16347	21239
16347	28520
16347	28525
16347	36826
16349	22408
16349	23117
16349	25856
16349	28160
16349	28161
16361	30951
16371	22517
16371	22554
16371	30954
16371	30955
16400	18704
16400	18909
16400	18962
16400	20567
16407	16408
16407	16921
16413	28613
16414	23952
16440	22407
16440	22572
16447	35219
16471	23057
16482	21665
16482	23976
16488	21096
16488	33858
16492	19926
16492	20304
16504	16505
16505	27158
16541	16820
16541	18347
16541	19141
16580	17951
16580	21577
16655	16656
16655	42621
16655	42622
16655	42623
16655	42625
16656	16695
16656	42012
16656	42013
16689	16743
16689	41974
16689	41975
16689	41976
16694	16695
16694	16722
16695	16722
16695	42012
16695	42013
16712	41974
16712	41990
16712	41991
16743	24080
16743	24439
16771	17329
16771	17475
16771	20662
16771	21578
16771	22934
16775	16776
16776	28630
16776	32579
16778	19234
16780	16781
16781	26981
16787	26605
16787	26606
16787	27164
16787	32147
16791	24291
16793	21578
16803	19312
16806	31252
16814	16815
16815	22541
16815	30496
16815	32733
16815	33452
16822	16823
16822	26882
16823	27829
16823	31909
16827	16828
16827	16829
16828	16829
16828	27766
16829	24297
16830	16831
16831	17116
16831	30485
16831	30489
16831	32936
16836	18522
16836	19853
16837	16850
16840	16841
16840	16845
16840	17699
16840	24735
16841	19858
16850	21379
16861	20165
16861	23504
16861	25852
16861	25853
16871	16873
16871	16874
16873	16874
16874	16933
16874	16994
16874	43004
16912	24341
16912	27836
16912	27837
16912	28596
16919	18009
16919	30104
16919	30239
16919	33400
16921	20001
16921	42987
16921	42988
16923	16933
16923	43003
16927	17024
16930	16970
16930	17044
16930	33491
16930	33689
16933	16994
16933	43003
16936	24755
16936	30485
16938	25854
16938	25856
16966	25993
16966	31853
16970	30209
16974	16975
16974	26017
16974	39017
16980	16981
16980	17169
16981	32826
16994	42995
17018	17089
17018	17664
17018	32179
17037	17038
17044	33446
17064	17220
17064	17937
17081	17133
17081	17274
17083	17220
17088	22037
17089	22067
17089	32221
17090	32286
17092	17093
17093	20991
17104	18056
17109	25861
17112	17115
17112	17285
17115	17183
17115	23123
17115	31396
17116	21196
17116	22224
17116	25747
17132	20672
17133	17274
17133	22821
17138	17624
17149	17151
17151	20540
17155	17179
17155	17913
17155	18691
17155	20918
17175	24453
17175	24838
17175	32322
17175	32323
17179	17350
17179	17351
17179	18691
17186	17187
17186	19474
17186	20437
17187	17227
17187	17247
17187	17391
17187	20535
17207	22928
17207	31312
17211	19070
17211	22268
17220	17913
17228	17229
17228	17230
17229	17230
17230	21669
17230	22427
17230	22428
17241	20146
17241	23111
17249	23055
17262	17629
17273	18721
17273	18722
17274	17456
17297	17298
17297	27615
17297	32243
17350	17351
17358	21678
17358	29112
17369	17370
17376	22289
17376	24671
17376	27291
17376	27616
17381	19613
17381	29105
17389	24546
17391	22969
17401	17402
17401	18035
17410	19542
17435	17436
17435	20990
17435	20991
17436	20904
17436	20905
17439	21597
17439	32075
17439	32276
17439	32277
17439	32278
17439	32279
17451	19542
17451	20392
17463	19609
17463	32410
17499	17508
17499	17509
17499	17534
17499	17545
17507	17508
17507	17509
17507	17510
17508	17509
17508	17510
17508	17534
17509	17510
17509	17534
17509	27923
17515	17545
17515	18324
17515	22980
17515	27844
17515	27894
17526	17527
17526	17534
17526	21031
17526	21032
17527	28107
17533	19223
17533	28110
17538	23723
17545	27896
17555	17600
17555	25492
17562	24302
17562	27726
17575	18177
17575	27864
17575	27974
17589	19223
17589	27019
17589	27029
17589	27050
17589	27831
17598	19000
17598	19763
17598	24896
17600	25492
17600	27831
17602	18664
17602	22934
17602	22988
17606	23723
17606	23733
17624	31787
17626	18075
17626	19165
17626	19171
17629	17630
17629	17793
17639	17640
17639	32245
17639	32831
17639	32832
17639	34410
17640	25910
17640	32934
17650	17806
17650	19141
17650	24005
17650	24006
17650	26784
17661	17662
17661	21315
17664	32502
17666	23945
17666	25101
17666	34712
17679	20475
17693	22037
17693	32576
17699	20488
17699	24735
17713	27351
17713	32919
17721	22597
17724	19036
17724	32417
17724	39751
17724	39752
17745	20790
17745	23159
17745	23166
17745	31238
17768	20869
17768	21320
17768	21347
17768	21352
17779	19413
17779	23973
17781	19216
17781	22240
17781	22242
17781	22969
17781	25910
17790	29337
17803	17804
17804	19228
17804	22849
17804	32007
17806	35210
17815	31604
17815	33297
17831	17832
17832	17833
17833	23700
17846	37409
17846	37410
17921	17922
17921	17923
17922	17923
17922	21011
17922	21026
17923	23959
17923	32433
17927	26609
17937	20576
17937	20588
17939	17940
17939	18077
17939	18535
17939	18536
17940	18077
17940	18535
17940	18536
17940	18542
17944	20440
17944	32062
17945	24546
17945	26855
17945	30634
17950	19451
17950	38298
17951	17952
17951	21573
17951	21577
17952	19874
17952	19875
17974	30106
17974	31255
17974	33396
17974	33397
17988	30209
18009	22220
18009	30158
18009	30175
18009	30221
18016	19179
18016	33486
18024	24471
18024	24472
18035	18070
18035	22950
18035	31329
18035	31330
18036	18037
18036	18038
18037	18038
18037	18824
18045	18132
18055	18056
18056	22303
18070	18138
18070	18139
18070	31329
18070	31330
18075	19165
18076	18077
18076	18078
18077	18078
18077	18536
18091	21714
18091	21715
18111	19846
18111	21381
18122	21451
18122	21577
18122	22248
18122	23518
18122	23519
18131	19864
18131	23513
18131	24781
18131	24782
18131	29767
18132	19309
18132	23344
18136	18137
18137	18540
18137	18541
18137	20652
18137	23203
18138	18139
18164	26406
18164	30518
18164	30901
18164	35513
18183	18185
18183	18190
18183	18214
18183	19439
18183	21740
18183	29625
18185	18199
18185	18204
18185	19439
18186	18212
18190	18205
18190	18206
18190	27035
18193	19611
18193	19613
18198	18199
18198	21162
18201	26740
18202	22017
18202	28546
18205	18206
18214	18215
18251	18252
18251	22056
18301	24778
18301	26462
18301	27830
18318	18319
18324	27526
18324	27614
18324	27652
18339	20604
18340	18368
18342	19451
18342	20540
18347	19141
18347	19216
18347	23011
18347	23012
18354	31286
18388	20485
18388	20486
18432	26981
18434	26569
18438	18465
18438	30952
18438	33774
18455	18482
18455	22952
18465	26795
18482	20432
18482	20433
18490	35059
18498	28502
18498	28632
18498	32578
18498	38262
18498	38263
18510	30510
18514	18515
18514	18516
18514	18518
18514	18519
18514	18521
18514	18522
18515	18516
18519	19549
18519	19551
18521	18522
18535	18536
18540	18541
18540	28321
18548	27438
18557	28547
18557	29313
18589	18631
18613	18631
18613	19475
18613	20909
18613	21021
18617	18691
18617	18692
18617	18693
18620	18630
18620	19846
18620	21663
18624	20147
18624	20884
18633	18634
18634	20565
18634	20566
18650	18669
18650	18673
18650	18699
18663	18664
18663	18685
18663	22366
18664	22934
18668	22952
18668	33978
18668	33979
18669	18670
18669	18699
18670	18673
18670	18699
18673	18699
18673	33100
18685	28165
18685	28166
18691	18692
18691	18693
18692	18693
18722	22697
18726	20876
18739	20754
18778	20571
18778	21036
18809	20566
18809	23750
18814	22139
18814	23059
18852	28545
18852	29249
18852	35160
18895	19305
18895	19313
18981	22962
18981	25448
18981	25542
19000	19763
19004	22697
19004	26710
19036	20825
19036	33094
19064	19065
19069	23624
19069	23625
19070	22225
19070	31991
19078	21037
19082	19320
19128	19130
19130	22652
19130	37068
19131	20392
19131	20452
19141	26784
19170	19216
19181	27844
19181	31371
19183	20578
19191	23224
19198	20595
19213	27524
19213	38972
19213	38973
19216	22240
19216	23011
19216	23012
19216	25334
19223	27831
19223	27913
19223	27914
19228	22849
19232	19233
19233	22327
19254	25096
19258	23109
19258	23110
19270	19271
19286	19287
19286	19288
19287	19288
19305	19313
19305	19788
19305	19796
19309	23344
19309	24737
19310	22299
19313	21027
19314	34561
19314	34562
19315	19316
19315	21674
19315	25096
19321	23618
19321	23619
19321	25056
19360	27766
19360	29477
19360	30854
19413	23973
19413	25052
19439	26960
19439	36805
19489	19561
19542	20392
19542	29257
19549	19551
19549	29438
19556	28839
19561	23070
19570	23509
19583	21547
19583	29301
19605	19606
19605	20440
19611	19613
19611	35318
19613	35272
19739	21018
19739	21029
19763	24548
19763	24549
19795	19796
19795	25058
19796	25058
19846	21663
19848	19849
19848	23070
19848	25127
19848	29730
19849	29718
19849	29735
19849	29751
19850	19855
19850	19856
19850	19857
19850	19862
19850	25127
19853	25926
19855	19856
19855	19857
19856	19857
19861	29741
19861	29808
19861	29904
19861	29908
19864	23513
19869	19871
19869	26716
19871	35272
19874	19875
19888	21973
19890	25472
19890	27011
19890	36966
19905	21889
19905	23111
19905	26730
19981	29443
19981	29444
19981	29473
19982	20868
19994	20001
20001	42987
20001	42988
20032	43004
20032	43043
20147	34408
20153	20190
20153	21036
20153	32438
20156	24503
20163	20190
20163	20191
20163	20192
20165	20166
20190	20191
20190	20192
20190	32438
20191	20192
20192	22374
20193	20194
20193	20436
20193	20437
20214	20215
20215	20287
20324	31674
20326	20327
20326	27894
20326	34472
20330	20646
20356	25747
20356	32368
20365	20540
20390	26609
20390	27221
20392	20452
20422	20423
20422	20522
20422	32181
20432	20433
20436	20437
20440	20510
20446	20447
20446	33055
20447	33050
20447	33055
20447	33083
20449	20452
20475	28162
20475	28163
20485	20486
20488	23518
20488	23520
20504	20505
20505	29367
20520	24282
20520	33799
20520	33864
20522	32181
20522	32196
20522	32197
20523	20524
20523	32341
20523	34267
20523	35243
20523	36152
20523	42883
20536	20537
20536	20538
20536	20539
20537	20538
20537	20539
20537	34319
20537	35243
20537	35244
20538	20539
20553	27152
20565	20566
20566	20567
20566	20568
20566	23750
20567	20568
20567	28502
20568	25592
20568	29449
20571	21036
20572	20787
20572	23158
20576	20588
20578	22047
20604	22414
20604	22500
20604	39539
20604	39673
20610	22222
20610	27457
20633	20654
20636	20637
20646	34420
20652	23203
20673	32326
20673	32327
20711	28881
20719	20987
20719	21679
20760	21737
20760	28666
20760	29419
20784	20785
20784	20803
20784	30114
20785	20803
20787	20810
20787	23158
20789	20790
20789	20810
20789	30958
20790	30247
20790	33474
20808	20810
20808	20811
20808	23158
20808	29241
20810	20811
20810	23158
20811	22145
20811	31242
20811	32975
20822	20823
20822	20825
20822	23224
20822	33662
20824	20825
20825	23224
20825	33094
20867	21916
20868	26866
20875	20876
20875	20879
20876	20879
20879	20880
20879	20881
20880	20881
20882	33120
20901	35031
20903	37048
20904	20905
20904	21597
20904	21600
20904	25542
20909	20910
20909	20911
20909	21021
20909	22009
20910	20911
20969	20970
20987	21679
20990	20991
20992	20997
20993	28881
21011	21026
21011	43418
21011	43419
21018	25048
21018	25049
21021	30951
21026	25938
21029	22176
21031	21032
21035	23093
21037	22255
21046	24047
21046	24257
21046	24390
21046	24404
21046	24405
21046	29105
21071	21077
21071	31940
21162	34450
21196	25747
21205	27172
21205	27173
21205	31371
21239	21547
21267	21268
21315	21341
21315	21354
21315	22143
21315	22144
21315	22145
21331	21342
21331	21355
21334	21335
21334	21371
21334	21372
21342	21355
21347	21352
21348	21353
21348	21582
21348	21583
21352	23156
21352	23157
21353	21582
21353	21583
21353	21585
21379	21628
21391	39372
21419	39086
21419	39087
21451	21577
21451	21631
21451	22248
21451	23518
21451	23519
21489	24951
21512	22156
21577	22248
21577	23518
21577	23519
21578	22934
21582	21583
21582	21585
21582	21881
21597	21598
21597	21600
21598	27615
21598	33877
21598	33878
21638	21639
21638	34502
21639	34503
21665	23184
21669	21674
21677	29083
21679	23473
21679	24663
21681	27300
21714	21715
21715	36454
21729	34226
21729	38483
21740	29625
21767	21768
21767	24250
21767	24352
21767	24441
21767	24442
21767	24443
21788	26465
21788	26600
21788	26602
21788	26603
21793	26600
21795	21796
21795	21797
21796	21797
21797	31876
21816	26600
21816	35052
21884	21885
21884	21886
21885	21886
21886	21920
21886	21931
21886	21932
21887	21918
21887	21919
21887	21920
21887	24507
21887	24508
21889	23111
21918	21919
21918	21920
21918	24507
21918	24508
21918	43615
21919	21920
21919	43615
21934	21935
21935	29473
21935	33991
21936	22135
21936	22287
21936	24352
21942	24638
21942	34167
21942	34168
21973	23912
22009	23105
22009	23106
22009	25855
22026	22282
22026	26126
22026	26127
22026	26128
22026	34509
22037	31913
22037	31914
22037	31992
22037	31993
22056	22432
22067	32221
22070	39461
22112	22411
22116	22846
22125	23672
22125	23711
22125	30960
22130	25401
22130	25402
22130	28264
22130	28265
22130	28463
22139	23059
22139	25726
22143	22144
22143	22145
22144	22145
22155	27079
22156	39774
22156	39775
22156	39776
22156	39777
22225	31991
22231	22235
22234	22857
22234	39609
22235	22857
22235	39575
22242	22244
22242	22251
22247	22248
22248	23518
22248	23519
22268	27079
22268	27524
22282	22283
22282	34509
22287	28829
22291	22292
22291	24305
22291	24336
22291	24802
22291	24838
22291	33414
22292	22308
22292	23974
22292	26915
22294	34508
22294	34509
22294	34510
22300	24892
22308	23680
22308	23699
22308	23727
22308	23763
22308	37065
22343	22407
22384	22652
22400	39658
22407	22572
22408	28160
22408	28161
22408	28167
22411	22635
22411	22636
22427	22428
22432	22670
22443	22857
22443	25752
22443	39508
22443	39726
22443	39727
22443	39728
22481	22482
22482	39432
22500	39539
22500	39673
22527	22636
22527	39510
22541	22635
22541	33452
22554	30954
22554	30955
22575	39658
22595	24303
22635	22636
22635	33151
22636	39508
22636	39510
22652	37068
22661	23976
22697	26710
22778	39658
22811	39658
22849	32007
22857	39575
22857	39598
22857	39599
22857	39609
22903	22970
22923	23965
22928	25087
22928	31312
22928	34397
22962	25448
22966	23973
22966	23974
22969	25910
23011	23012
23057	36982
23057	37004
23070	26315
23074	32624
23074	32625
23074	37650
23093	23094
23093	23102
23094	23102
23105	23106
23109	23110
23112	23113
23112	25938
23112	30519
23113	25938
23113	30519
23117	25856
23122	24744
23122	27323
23122	36608
23122	39353
23122	39354
23123	27140
23126	23127
23126	28502
23126	33654
23131	38130
23156	23157
23159	23166
23160	30129
23166	32104
23166	33190
23166	33207
23166	33237
23167	23168
23167	30100
23167	30112
23167	30228
23168	30244
23168	34764
23168	34765
23170	23171
23171	26711
23203	23545
23281	31940
23509	31012
23512	24786
23512	25926
23512	30917
23513	24780
23513	24781
23513	24784
23518	23519
23518	23520
23524	38335
23524	38336
23524	38337
23572	42090
23618	23619
23624	23625
23631	23632
23631	23633
23631	37169
23632	23633
23632	30518
23632	30901
23632	37169
23633	37169
23663	23705
23672	23719
23672	30960
23680	23699
23680	23727
23680	23763
23699	23723
23699	23727
23700	23701
23705	23724
23711	24202
23711	37075
23723	23731
23723	25880
23724	23973
23727	37064
23763	23764
23831	23832
23832	28090
23852	23853
23852	23854
23852	24407
23853	23854
23853	31810
23945	23946
23946	32933
23965	23966
23973	23974
23974	26915
23976	27486
23976	27756
23976	27757
23976	28164
23995	26440
23995	26556
23995	28117
23995	30717
24005	24006
24034	27598
24045	24222
24045	42369
24046	24047
24047	24404
24047	24405
24047	24427
24047	27157
24049	24241
24049	24305
24049	24336
24067	24068
24067	24262
24067	24387
24068	24262
24068	24281
24068	24387
24080	24198
24080	24439
24136	24222
24136	24283
24202	37075
24222	24282
24222	24283
24230	31864
24230	32973
24230	32974
24230	32975
24250	24352
24250	24441
24250	24442
24250	24443
24257	24394
24262	24281
24279	24363
24281	24397
24282	24283
24282	33864
24291	24292
24297	27829
24302	27726
24305	24336
24307	30489
24341	27836
24341	27837
24349	24350
24349	37421
24352	24441
24352	24442
24352	24443
24354	24355
24355	36028
24355	36029
24391	24482
24393	24427
24393	24428
24393	24429
24393	24430
24404	24405
24427	24428
24427	24429
24427	24430
24428	24429
24428	24430
24429	24430
24441	24442
24441	24443
24442	24443
24453	24838
24453	32323
24471	24472
24471	31868
24480	27046
24480	27183
24482	24483
24482	24484
24483	24484
24501	25472
24503	24547
24507	24508
24507	29566
24507	35073
24507	35074
24546	26855
24546	30634
24548	24549
24609	27830
24637	24638
24671	25086
24671	25087
24671	25854
24671	27616
24744	27323
24751	24978
24752	31250
24752	33304
24752	33396
24758	33252
24768	32855
24768	33418
24778	25127
24780	24781
24781	24782
24786	25924
24786	25925
24786	30518
24802	24838
24802	33414
24802	42719
24838	32323
24838	33414
24840	34637
24890	24891
24890	24892
24890	24893
24890	31008
24890	34620
24890	34637
24891	24892
24891	24893
24891	34637
24892	24893
24892	34637
24893	34637
24902	34251
25034	25035
25034	25037
25034	34652
25035	25037
25035	34623
25035	34624
25035	34652
25037	34652
25048	25049
25056	30518
25056	37155
25056	37156
25056	37157
25056	37158
25057	25058
25057	25059
25057	32216
25057	32217
25058	25059
25059	25060
25059	27830
25059	30948
25086	25087
25086	25088
25086	31955
25086	32338
25087	25088
25087	34397
25098	29557
25098	29559
25098	29562
25098	29574
25127	29730
25127	29864
25174	27551
25174	29240
25181	25267
25181	32608
25181	32609
25267	32608
25267	32609
25296	28547
25296	29422
25296	33774
25391	25392
25391	25393
25391	32574
25391	41562
25391	41563
25392	25393
25401	25402
25448	28490
25448	35174
25592	29449
25631	30847
25751	25752
25752	39658
25752	39659
25769	32403
25852	25853
25854	25855
25854	25856
25855	25856
25855	25859
25878	25879
25910	32934
25924	25925
25938	30519
25947	25984
25947	25991
25984	25991
25993	27131
25993	27132
26017	26052
26017	26075
26017	39017
26029	26052
26029	26096
26052	26096
26072	26073
26126	26127
26126	26128
26127	26128
26127	31859
26190	26191
26190	36871
26299	26300
26299	27029
26315	26616
26462	27830
26462	30679
26463	26528
26463	30628
26528	35254
26556	28117
26559	26560
26559	26833
26569	26838
26569	36030
26605	26606
26608	31987
26608	31988
26609	26611
26609	26612
26729	26730
26730	26769
26740	29472
26769	38677
26769	38678
26806	30627
26838	26842
26838	36030
26855	30634
26947	26948
26947	26949
26948	26949
26949	26978
26949	26979
26978	26979
26981	28202
26981	35230
27011	36762
27011	36966
27019	27029
27019	27836
27023	27029
27032	27033
27033	27034
27033	27046
27046	27183
27131	27132
27164	32147
27166	27167
27166	27179
27167	27179
27172	27173
27179	31693
27179	38374
27179	38378
27246	27247
27246	27248
27246	27443
27246	43086
27247	27248
27247	43086
27247	43087
27247	43088
27248	27615
27299	28629
27299	28906
27299	31915
27316	27576
27316	27577
27365	27416
27434	30187
27457	28613
27473	28597
27526	27652
27551	27552
27551	29240
27551	29337
27551	29338
27551	29339
27576	27577
27615	33877
27615	33878
27756	27757
27813	28632
27813	38252
27829	31810
27829	31909
27830	30702
27836	27837
27894	34472
27894	36608
27894	36610
27913	27914
28055	28056
28160	28161
28162	28163
28165	28166
28202	30627
28202	33124
28202	35230
28264	28265
28265	28463
28490	35174
28490	38238
28490	38278
28502	28632
28502	33654
28502	34517
28511	31320
28511	31693
28511	38382
28525	34335
28527	28528
28527	28529
28527	28530
28528	28529
28528	28530
28529	28530
28546	31810
28546	31909
28563	30494
28566	30489
28566	31238
28566	31950
28566	31951
28596	35058
28603	29230
28629	28630
28629	28906
28630	32579
28630	34409
28632	38252
28654	28667
28654	29092
28661	37907
28662	31940
28662	38100
28662	38101
28662	38102
28666	28670
28666	29148
28839	29091
28839	29092
28839	29121
28901	28902
28901	28906
28906	31915
29043	29044
29091	29092
29091	29121
29092	29121
29108	29442
29148	37908
29148	37969
29249	35160
29337	29338
29337	29339
29338	29339
29338	30348
29338	30349
29367	33128
29367	33129
29443	29444
29473	33991
29557	29559
29557	29562
29557	29574
29559	29566
29559	29574
29566	35073
29566	35074
29718	31179
29718	31180
29718	31181
29741	29808
29741	29904
29741	29906
29807	29808
29807	29829
29807	29907
29808	29864
29864	29908
29906	29909
29906	29910
29906	29911
29909	29910
29909	29911
29910	29911
30096	30254
30096	34701
30098	30137
30098	30238
30099	30100
30099	34710
30100	30112
30100	30228
30100	34710
30104	30216
30104	30244
30111	30112
30111	30136
30112	30136
30112	30228
30114	30228
30114	30254
30114	33505
30124	30125
30124	30127
30125	30127
30125	30215
30125	30216
30136	30137
30137	30238
30138	30189
30158	34779
30180	33468
30189	34837
30209	30228
30215	30216
30238	33560
30238	33567
30238	33568
30254	34701
30276	30277
30276	30278
30277	30278
30348	30349
30485	30494
30485	30496
30489	31238
30494	33503
30494	33504
30496	32368
30496	32733
30496	33481
30498	30504
30498	33358
30498	35356
30504	33264
30504	33358
30504	35356
30514	30815
30518	30901
30518	30918
30627	33124
30632	30633
30804	30805
30805	30814
30805	30821
30805	38713
30813	30821
30820	30821
30820	33892
30820	39085
30821	38714
30821	43662
30879	30887
30879	30888
30879	30898
30879	37147
30879	37148
30887	30888
30887	30898
30888	30898
30918	30932
30918	30933
30932	30933
30941	37156
30954	30955
30958	30959
31007	31008
31007	31009
31007	34617
31007	34652
31008	31009
31008	34620
31008	34652
31009	34617
31009	34652
31238	33224
31242	32957
31242	32975
31242	33252
31252	32936
31252	33244
31329	31330
31448	31520
31693	38374
31693	38378
31693	38397
31693	38398
31802	31853
31802	32839
31802	33245
31810	31907
31810	31908
31810	31909
31853	33096
31855	31869
31855	32916
31855	32917
31855	32939
31855	32962
31859	31864
31859	38290
31859	38291
31859	38292
31864	38290
31864	38291
31864	38292
31864	39083
31864	39084
31868	31869
31869	32948
31869	32962
31874	31924
31874	32056
31874	32833
31874	32834
31874	32835
31876	39815
31876	39816
31876	39817
31876	39818
31876	39819
31888	32062
31907	31908
31913	31914
31915	31985
31918	31919
31918	31920
31918	31921
31918	31922
31918	31923
31918	31924
31919	31920
31919	31921
31919	31922
31919	31923
31920	31921
31920	31922
31920	31923
31921	31922
31921	31923
31922	31923
31924	32097
31924	32098
31924	32417
31924	32418
31924	32419
31940	38101
31940	38102
31966	31967
31966	32062
31967	32062
31987	31988
32017	34954
32074	33263
32074	33790
32075	32076
32089	32733
32097	32098
32099	32100
32099	32916
32196	32197
32216	32217
32245	32831
32245	32832
32276	32277
32276	32278
32277	32278
32310	32311
32310	32312
32311	32312
32326	32327
32328	32404
32341	34319
32341	35243
32341	42883
32360	34267
32368	33701
32368	33818
32368	33819
32401	32402
32403	33243
32403	33414
32417	32418
32417	32419
32418	32419
32574	32575
32574	41562
32574	41563
32577	32578
32577	32579
32578	32579
32578	38249
32578	38262
32578	38263
32608	32609
32608	35201
32624	32625
32722	36660
32736	32839
32736	33480
32831	32832
32833	32966
32833	33860
32833	33861
32833	38338
32834	32835
32839	33245
32839	33480
32855	33419
32916	32917
32919	35088
32936	33244
32936	33477
32936	33478
32965	32966
32966	38338
32973	32974
32973	32975
32974	32975
33094	36889
33094	36890
33120	41192
33128	33129
33190	33191
33190	33237
33236	33237
33243	33414
33264	33281
33264	33282
33281	33282
33304	33422
33304	33491
33358	35356
33396	33397
33400	33401
33418	34900
33422	33782
33422	33783
33422	33784
33451	33477
33472	33473
33472	33474
33473	33474
33477	33478
33503	33504
33560	33567
33560	33568
33567	33568
33782	33783
33782	33784
33783	33784
33818	33819
33860	33861
33877	33878
33892	39085
33899	34561
33899	42029
33978	33979
33990	33991
34167	34168
34169	34170
34169	42704
34169	42705
34170	42704
34170	42705
34226	38294
34226	38297
34226	38299
34226	38300
34226	38483
34236	34237
34267	34268
34267	34336
34267	34364
34267	34388
34268	42877
34268	42878
34268	42879
34319	34330
34319	35243
34319	35244
34335	34455
34335	36804
34336	34388
34429	37046
34455	36804
34508	34509
34508	34510
34509	34510
34525	34526
34561	34562
34561	42029
34623	34624
34764	34765
35073	35074
35186	35299
35224	35225
35224	35226
35225	35226
35226	38382
35226	38391
35243	35244
35243	42883
36028	36029
36152	39040
36152	39041
36152	39042
36608	36609
36608	36610
36715	36716
36716	42622
36716	42623
36716	42625
36716	42626
36729	36730
36804	36814
36804	36830
36813	36814
36871	38300
36871	38476
36871	38488
36871	38490
36889	36890
37045	37046
37046	37047
37073	37074
37075	38076
37147	37148
37155	37156
37155	37157
37155	37158
37156	37157
37156	37158
37156	38289
37157	37158
37409	37410
37409	39778
37409	39779
37907	37908
37907	37929
37908	37909
37908	37947
37908	37989
37929	37972
37929	37977
38100	38101
38100	43671
38100	43672
38101	38102
38101	43671
38101	43672
38238	38278
38262	38263
38290	38291
38290	38292
38291	38292
38292	39083
38292	39084
38294	38295
38295	38296
38297	38298
38297	38299
38300	38476
38300	38492
38374	38378
38382	38383
38382	38391
38383	38384
38397	38398
38476	38488
38476	38501
38677	38678
38710	38711
38935	38942
38935	38943
38942	38943
38972	38973
39040	39041
39040	39042
39041	39042
39083	39084
39086	39087
39353	39354
39461	39538
39461	39539
39538	39539
39539	39673
39598	39599
39658	39659
39659	39753
39659	39754
39726	39727
39726	39728
39727	39728
39751	39752
39753	39754
39774	39775
39774	39776
39774	39777
39775	39776
39775	39777
39776	39777
39778	39779
39815	39816
39815	39817
39815	39818
39815	39819
39816	39817
39816	39818
39816	39819
39817	39818
39817	39819
39818	39819
39842	39843
39842	39844
39843	39844
41360	41361
41360	41362
41361	41362
41363	41365
41363	41379
41363	41380
41365	41379
41365	41380
41379	41380
41562	41563
41974	41975
41974	41976
41974	41990
41974	41991
41990	41991
42012	42013
42621	42622
42621	42623
42621	42625
42622	42623
42622	42625
42622	42626
42623	42625
42623	42626
42625	42626
42704	42705
42719	42730
42877	42878
42877	42879
42878	42879
42987	42988
43004	43040
43004	43041
43004	43042
43004	43043
43040	43041
43040	43042
43041	43042
43087	43088
43418	43419
43671	43672
