11850	11851
11850	11857
11850	11858
11850	11859
11851	11857
11851	11858
11851	11859
11839	11852
11839	11854
11839	11855
11839	11856
11852	11854
11852	11855
11852	11856
11852	11861
11853	11863
11853	11864
11843	11845
11854	11855
11854	11856
11849	11853
11849	11862
11849	11863
11855	11856
11857	11858
11857	11862
11842	11850
11842	11851
11842	11859
11840	11852
11840	11845
11840	11860
11840	11861
11841	11844
11841	11864
11844	11864
11860	11861
11846	11857
11846	11862
11847	11860
11847	11861
11847	11863
11848	11853
