12661	12662
12661	26234
12661	26235
12661	26236
12661	26237
12662	26234
12662	26235
12662	26236
12662	26237
13046	13078
13046	13079
13046	13232
13046	14614
13046	18478
13046	18514
13078	13079
13232	14614
13232	18478
13232	18514
13232	26361
13232	26688
13478	14751
13478	26692
13478	26694
13478	35883
13562	26641
13562	26677
13562	36033
13562	36034
14614	18478
14614	18514
14751	26690
14751	26692
14751	36684
18478	18514
26234	26235
26234	26690
26234	26691
26236	26237
26237	26598
26237	26600
26361	26362
26361	26677
26361	26687
26361	26688
26393	26394
26393	26644
26393	26694
26642	26644
26644	26655
26644	26656
26644	26694
26655	26656
26687	26688
26687	26693
26688	26693
26690	26691
26692	26693
26693	26695
35882	35883
35883	35893
36033	36034
