3278	3279
3278	3280
3278	3281
3278	3344
3278	3345
3278	3395
3278	32555
3278	32556
3279	3280
3279	3281
3279	3305
3279	3344
3279	3345
3279	3390
3279	3395
3279	32555
3279	32556
3280	3281
3280	3305
3280	3344
3280	3345
3280	3390
3280	3395
3280	32551
3280	32552
3280	32553
3280	32554
3280	32555
3281	3305
3281	3345
3281	3390
3281	3409
3281	3410
3281	32551
3281	32552
3305	3390
3344	3345
3344	3395
3344	32555
3344	32556
3390	3410
3390	32552
3409	3410
3409	3413
3410	3413
3410	32552
32551	32552
32553	32554
32553	32555
32554	32555
32555	32556
