28
6
10
8
6
2
12
6
18
0
8
12
0
18
28
64
14
4
0
44
0
10
16
46
42
18
7534
38
26
0
4
50
22
0
40
10
10
4
12
70
0
0
6
14
8
6
12
0
92
14
10
6
8
14
12
4
6
4
10
8
10
2
12
12
26
0
2
2
160
8
4
28
104
2
4
0
70
6
4
56
2
0
2
12
6
0
2
42
6
2
2
0
2
2
0
12
6
54
2
8
8
64
2
4
34
18
12
18
24
24
0
4
0
6
0
22
2
6
6
0
44
14
54
18
24
2
94
88
2
34
20
20
16
2
188
40
6
2
16
18
6
2
22
26
38
8
4
2
0
0
4
2
0
12
20
0
2
20
4
4
6
14
0
14
4
4
22
88
2
0
14
16
26
6
2
2
0
14
0
4
8
0
30
0
2
18
76
6
110
0
22
0
16
2
4
18
54
2
2
8
2
4
12
34
14
12
2
4
14
2
24
8
6
0
0
2
4
0
2
2
0
60
2
6
0
14
2
2
36
8
2
10
4
0
4
2
18
30
12
50
2
6
10
22
8
16
56
4
4
2
38
6
32
0
30
22
2
6
10
92
8
24
4
44
10
6
2
12
2
30
62
30
8
2
18
124
74
4
0
2
8
10
18
10
20
6
6
6
2
38
2
2
10
0
6
14
32
6
0
2
0
0
2
18
34
20
0
34
12
4
4
2
0
2
2
2
2
6
0
2
22
34
2
12
28
48
12
34
8
0
2
10
0
12
22
2
18
12
12
0
2
20
10
14
2
2
78
86
14
10
4
10
6
0
0
2
0
0
4
14
6
2
4
40
10
12
2
6
28
8
0
2
26
2
2
18
8
34
0
0
2
12
0
4
4
0
0
4
18
2
4
0
6
4
34
0
30
24
158
0
2
2
2
6
6
0
2
24
2
12
8
12
0
2
2
20
20
2
6
0
6
12
6
16
2
4
4
2
18
8
2
28
0
0
0
2
2
20
14
36
18
6
8
0
6
34
8
22
50
8
8
4
2
6
70
2
24
18
4
8
0
0
2
6
16
2
0
2
8
0
6
2
0
0
2
6
2
10
0
34
0
2
10
4
2
4
0
4
12
4
0
26
14
6
6
2
2
4
6
30
216
12
6
6
0
2
38
46
6
0
20
8
32
0
4
6
30
8
2
42
2
4
2
0
12
2
12
8
16
0
6
2
10
18
0
4
2
0
4
12
0
4
6
2
18
2
0
22
4
14
6
0
18
6
0
0
2
28
8
0
32
28
12
2
2
0
2
8
8
12
6
8
0
0
6
2
0
0
18
6
2
10
2
8
2
6
48
2
20
6
22
22
0
42
2
6
4
4
8
6
4
14
8
24
0
4
0
0
4
4
16
2
14
20
8
14
12
4
4
0
0
0
12
4
4
2
16
8
0
4
10
0
44
16
0
0
10
4
6
2
2
20
0
0
2
2
4
12
6
8
10
8
8
0
0
0
2
0
8
2
6
2
12
0
36
0
4
0
4
54
60
0
14
10
6
0
6
2
2
24
22
0
0
12
2
26
0
0
0
8
42
2
18
2
0
4
12
0
0
12
12
2
0
0
10
2
14
4
12
12
38
2
4
6
12
10
2
52
2
32
8
0
14
0
8
2
32
2
2
12
0
10
6
0
2
2
2
6
2
2
24
2
34
22
2
0
0
10
0
28
44
12
32
20
32
24
2
2
12
16
8
8
48
2
2
0
12
10
2
0
16
24
2
2
2
4
0
24
4
2
2
28
0
0
24
0
8
16
2
2
0
20
8
2
14
6
4
32
2
2
0
0
6
16
8
2
2
2
56
0
2
14
2
12
8
2
22
0
14
4
26
6
30
8
20
12
8
2
18
6
2
2
18
6
8
30
2
2
28
2
2
2
6
2
0
4
6
96
2
2
0
10
0
0
2
2
6
4
6
4
14
4
2
2
8
4
28
10
4
8
18
22
2
4
6
4
50
6
4
0
2
22
2
4
56
20
14
0
26
6
8
2
16
24
2
0
18
6
2
2
0
6
6
48
0
18
14
10
32
2
0
8
8
12
6
2
6
12
32
16
44
20
8
0
6
22
14
6
6
18
8
2
2
22
0
4
34
2
106
0
0
6
16
18
8
14
12
2
0
0
0
0
2
2
4
2
2
2
0
2
2
6
26
2
6
2
2
4
36
10
0
2
30
10
4
6
2
2
12
6
2
0
4
6
2
4
8
0
2
2
18
0
8
2
12
18
6
4
8
6
0
0
0
0
6
4
0
18
0
28
0
2
28
2
12
6
2
6
6
0
2
14
0
0
0
2
4
12
16
32
2
2
12
2
0
14
4
32
0
12
12
2
18
0
40
16
4
2
14
8
8
0
0
2
32
6
0
6
44
2
12
2
10
2
6
6
20
2
2
20
2
2
0
2
4
6
32
0
2
6
12
12
6
52
14
2
22
2
18
8
34
2
2
0
2
4
4
0
4
2
0
78
6
6
0
0
24
12
6
2
0
20
2
2
24
4
12
0
2
2
2
8
2
14
0
20
16
10
8
42
10
14
30
12
22
2
4
10
2
20
0
42
2
4
2
0
8
16
4
0
2
20
2
8
14
10
6
0
2
30
2
6
2
14
6
12
6
2
2
44
0
2
0
2
2
8
4
10
8
2
0
6
2
14
2
2
0
2
20
2
2
2
6
8
8
18
12
18
8
2
2
4
0
6
6
0
12
4
12
6
16
16
94
14
12
2
2
10
26
0
2
14
4
4
4
2
2
14
2
18
6
2
8
2
2
8
0
6
2
0
8
6
4
0
6
6
2
6
2
2
0
22
6
2
0
2
12
2
2
28
2
2
2
2
0
4
2
2
6
2
10
6
6
2
2
2
12
4
8
0
22
6
2
2
2
14
4
2
24
10
42
14
0
0
2
2
0
2
2
22
12
0
4
22
10
2
2
4
12
2
2
24
10
6
26
6
2
0
2
2
0
2
2
4
10
14
0
20
6
2
2
2
20
4
6
18
14
2
2
52
2
30
6
0
6
2
34
16
6
14
8
6
42
0
2
12
12
6
10
14
2
6
8
2
18
2
4
0
2
12
20
30
18
18
2
2
2
26
4
0
0
2
26
6
0
6
4
22
6
4
0
2
4
18
2
2
6
2
14
16
8
24
0
2
4
2
0
12
2
0
2
6
0
8
20
24
2
0
2
16
52
40
8
12
2
2
0
2
18
22
2
4
2
0
18
2
2
2
2
10
0
2
12
2
4
2
0
58
10
0
2
22
4
4
40
2
40
46
14
20
24
0
12
2
6
0
14
2
16
8
0
14
2
2
2
2
54
64
26
10
56
2
28
8
12
2
2
2
12
2
2
2
2
28
2
0
62
2
16
0
6
10
8
0
0
2
0
4
48
2
0
6
6
0
54
2
38
2
4
2
16
10
8
22
2
0
0
20
2
0
0
10
8
2
8
112
2
2
0
4
18
2
2
24
2
2
34
2
12
14
2
2
0
0
4
30
16
6
0
6
2
2
2
2
4
16
2
2
4
6
0
24
18
12
10
12
2
0
0
12
0
0
30
6
6
2
6
2
0
2
26
16
42
6
2
14
8
6
2
10
2
2
32
4
16
8
22
2
0
2
0
2
2
2
10
14
4
2
20
16
12
34
0
2
6
0
0
2
0
20
12
2
22
2
0
6
8
10
4
2
0
0
4
2
2
20
2
2
18
28
34
18
18
6
4
8
4
2
2
12
18
0
0
2
2
2
0
8
0
2
42
18
6
52
8
14
2
8
6
0
2
22
2
12
0
20
0
0
12
6
12
2
2
12
12
22
10
12
38
4
2
20
6
12
38
34
12
0
4
0
6
0
2
4
0
2
6
12
32
30
8
16
2
50
10
2
10
12
20
14
4
22
0
0
2
12
24
34
0
2
6
42
6
6
12
60
38
62
0
2
20
18
20
6
10
12
34
2
6
6
0
2
30
30
0
12
12
2
16
2
2
12
24
14
22
6
38
2
10
2
12
42
20
22
30
20
8
12
40
14
12
6
20
4
0
6
0
14
36
10
12
82
2
16
0
34
2
32
2
6
0
0
2
14
2
12
2
18
6
4
2
6
2
14
8
14
2
2
2
6
30
14
26
28
28
2
12
26
26
12
16
2
14
2
24
6
0
16
0
6
2
2
2
6
20
6
0
0
0
0
0
0
0
0
0
0
0
0
0
0
0
0
0
0
0
0
0
0
0
0
0
0
0
0
0
0
0
0
0
0
0
0
0
0
0
0
0
0
0
0
0
0
0
0
0
0
0
0
0
0
0
0
0
0
0
0
0
0
0
0
0
0
0
0
0
0
0
0
0
0
0
0
0
0
0
0
0
0
0
0
0
0
0
0
0
0
0
0
0
0
0
0
0
0
0
0
0
0
0
0
0
0
0
0
0
0
0
0
0
0
0
0
0
0
0
0
0
0
0
0
0
0
0
0
0
0
0
0
0
0
0
0
0
0
0
0
0
0
0
0
0
0
0
0
0
0
0
0
0
0
0
0
0
0
0
0
0
0
0
0
0
0
0
0
0
0
0
0
0
0
0
0
0
0
0
0
0
0
0
0
0
0
0
0
0
0
0
0
0
0
0
0
0
0
0
0
0
0
0
0
0
0
0
0
0
0
0
0
0
0
0
0
0
0
0
0
0
0
0
0
0
0
0
0
0
0
0
0
0
0
0
0
0
0
0
0
0
0
0
0
0
0
0
0
0
0
0
0
0
0
0
0
0
0
0
0
0
0
0
0
0
0
0
0
0
0
0
0
0
0
0
0
0
0
0
0
0
0
0
0
0
0
0
0
0
0
0
0
0
0
0
0
0
0
0
0
0
0
0
0
0
0
0
0
0
0
0
0
0
0
0
0
0
0
0
0
0
0
0
0
0
0
0
0
0
0
0
0
0
0
0
0
0
0
0
0
0
0
0
0
0
0
0
0
0
0
0
0
0
0
0
0
0
0
0
0
0
0
0
0
0
0
0
0
0
0
0
0
0
0
0
0
0
0
0
0
0
0
0
0
0
0
0
0
0
0
0
0
0
0
0
0
0
0
0
0
0
0
0
0
0
0
0
0
0
0
0
0
0
0
0
0
0
0
0
0
0
0
0
0
0
0
0
0
0
0
0
0
0
0
0
0
0
0
0
0
0
0
0
0
0
0
0
0
0
0
0
0
0
0
0
0
0
0
0
0
0
0
0
0
0
0
0
0
0
0
0
0
0
0
0
0
0
0
0
0
0
0
0
0
0
0
0
0
0
0
0
0
0
0
0
0
0
0
0
0
0
0
0
0
0
0
0
0
0
0
0
0
0
0
0
0
0
0
0
0
0
0
0
0
0
0
0
0
0
0
0
0
0
0
0
0
0
0
0
0
0
0
0
0
0
0
0
0
0
0
0
0
0
0
0
0
0
0
0
0
0
0
0
0
0
0
0
0
0
0
0
0
0
0
0
0
0
0
0
0
0
0
0
0
0
0
0
0
0
0
0
0
0
0
0
0
0
0
0
0
0
0
0
0
0
0
0
0
0
0
0
0
0
0
0
0
0
0
0
0
0
0
0
0
0
0
0
0
0
0
0
0
0
0
0
0
0
0
0
0
0
0
0
0
0
0
0
0
0
0
0
0
0
0
0
0
0
0
0
0
0
0
0
0
0
0
0
0
0
0
0
0
0
0
0
0
0
0
0
0
0
0
0
0
0
0
