0	96
1	18003
2	18004
3	18007
4	18010
5	18011
6	18012
7	18013
8	18015
9	18016
10	18018
11	18019
12	18020
13	18021
14	18026
15	18028
16	18031
17	18032
18	18034
19	18035
20	18037
21	18038
22	18039
23	18041
24	18044
25	18045
26	18046
27	18047
28	18048
29	18049
30	18050
31	18051
32	18052
33	18053
34	18055
35	18057
36	18058
37	18059
38	18060
39	18061
40	18062
41	18063
42	18064
43	18065
44	18068
45	18069
46	18070
47	18071
48	18072
49	18073
50	18074
51	18075
52	18076
53	18078
54	18079
55	18080
56	18081
57	18082
58	18083
59	18084
60	18085
61	18086
62	18087
63	18088
64	18089
65	18090
66	18091
67	18092
68	18093
69	18095
70	18096
71	18097
72	18098
73	18099
74	18100
75	18101
76	24890
77	29160
78	29161
79	29162
80	24891
