3949	7151
3950	7216
3951	14381
3952	15037
3953	15049
3954	15147
3955	15159
3956	15166
3957	15681
3958	15709
3959	16514
3960	17721
3961	17722
3962	17725
3963	17726
3964	17727
3965	17728
3966	17729
3967	17730
3968	17731
3969	17733
3970	17734
3971	17735
3972	17736
3973	17737
3974	15132
3975	15149
3976	15171
3977	15172
3978	18269
3979	18270
3980	17822
3981	17850
3982	17938
3983	17939
3984	17940
3985	17941
3986	27410
3987	27411
3988	38303
3989	38301
3990	38302
3991	20122
3992	20123
3993	20149
3994	20150
3995	27442
3996	27443
3997	27444
