227	849
228	7969
229	7970
230	8136
231	8137
232	8138
233	10913
234	10918
235	15478
236	21781
237	21788
238	21796
239	21804
240	21828
241	21857
242	21869
243	21887
244	21893
245	21894
246	21895
247	21896
248	21897
249	21900
250	21904
251	21912
252	21929
253	21942
254	21948
255	21986
256	22004
257	22013
258	22028
259	22087
260	22094
261	22095
262	22096
263	22098
264	22099
265	22101
266	22102
267	22103
268	22104
269	22105
270	22106
271	22107
272	22108
273	22109
274	22110
275	22111
276	22113
277	22116
278	22117
279	22118
280	22121
281	22128
282	22129
283	22130
284	22132
285	22133
286	22135
287	22136
288	22138
289	22139
290	22140
291	22141
292	22142
293	22144
294	22145
295	22146
296	22148
297	22151
298	22153
299	21782
300	33536
301	33537
302	33538
303	21901
304	21919
305	30155
306	30156
307	30157
308	33533
309	33535
310	33534
311	33539
