849	7969
849	7970
849	8136
849	8137
849	8138
849	10913
849	10918
849	15478
849	21781
849	21788
849	21796
849	21804
849	21828
849	21857
849	21869
849	21887
849	21893
849	21894
849	21895
849	21896
849	21897
849	21900
849	21904
849	21912
849	21929
849	21942
849	21948
849	21986
849	22004
849	22013
849	22028
849	22087
849	22094
849	22095
849	22096
849	22098
849	22099
849	22101
849	22102
849	22103
849	22104
849	22105
849	22106
849	22107
849	22108
849	22109
849	22110
849	22111
849	22113
849	22116
849	22117
849	22118
849	22121
849	22128
849	22129
849	22130
849	22132
849	22133
849	22135
849	22136
849	22138
849	22139
849	22140
849	22141
849	22142
849	22144
849	22145
849	22146
849	22148
849	22151
849	22153
7969	7970
7969	22096
7970	8136
7970	8138
7970	22096
8136	8137
8136	8138
8136	22096
8136	22132
8136	22133
8137	8138
8137	22132
8137	22133
8138	22096
21781	21782
21857	33536
21857	33537
21857	33538
21893	21894
21893	21895
21893	21896
21893	21897
21894	21895
21894	21896
21894	21897
21895	21896
21895	21897
21896	21897
21900	21901
21919	21986
22028	30155
22028	30156
22028	30157
22098	22128
22098	22129
22098	22130
22105	33533
22105	33535
22128	22129
22128	22130
22129	22130
22132	22133
22141	22142
30155	30156
30155	30157
30156	30157
33533	33534
33533	33535
33534	33535
33536	33537
33536	33539
33537	33539
