192	563
193	6152
194	6153
195	6162
196	6178
197	6184
198	6195
199	6204
200	6219
201	6222
202	6224
203	6225
204	6231
205	6252
206	6256
207	6270
208	6272
209	6273
210	6281
211	6287
212	6300
213	6301
214	6302
215	6316
216	6317
217	6324
218	6328
219	6331
220	6333
221	6337
222	6338
223	6339
224	6341
225	6346
226	6351
227	6353
228	6357
229	6360
230	6362
231	6364
232	6365
233	6366
234	6367
235	6373
236	6375
237	6378
238	6379
239	6386
240	6387
241	6393
242	6398
243	6401
244	6402
245	6412
246	6417
247	6423
248	6426
249	6442
250	6444
251	6445
252	6447
253	6448
254	6452
255	6454
256	6460
257	6469
258	6470
259	6474
260	6479
261	6485
262	6497
263	6501
264	6508
265	6509
266	6510
267	6511
268	6523
269	6524
270	6526
271	6529
272	6531
273	6534
274	6548
275	6549
276	6550
277	6554
278	6556
279	6561
280	6562
281	6563
282	6568
283	6575
284	6580
285	6581
286	6582
287	6588
288	6595
289	6596
290	6600
291	6601
292	6602
293	6610
294	6611
295	6614
296	6617
297	6619
298	6650
299	6651
300	6652
301	6661
302	6663
303	6673
304	6675
305	6677
306	6681
307	6682
308	6691
309	6693
310	6705
311	6708
312	6717
313	33668
314	33669
315	33670
316	33671
317	33672
318	33673
319	33678
320	33679
321	33680
322	33681
323	33682
324	33683
325	33684
326	33685
327	33689
328	33686
329	33687
330	33688
331	33690
332	33691
333	33692
334	33693
335	33694
336	33695
337	33696
