563	6152
563	6153
563	6162
563	6178
563	6184
563	6195
563	6204
563	6219
563	6222
563	6224
563	6225
563	6231
563	6252
563	6256
563	6270
563	6272
563	6273
563	6281
563	6287
563	6300
563	6301
563	6302
563	6316
563	6317
563	6324
563	6328
563	6331
563	6333
563	6337
563	6338
563	6339
563	6341
563	6346
563	6351
563	6353
563	6357
563	6360
563	6362
563	6364
563	6365
563	6366
563	6367
563	6373
563	6375
563	6378
563	6379
563	6386
563	6387
563	6393
563	6398
563	6401
563	6402
563	6412
563	6417
563	6423
563	6426
563	6442
563	6444
563	6445
563	6447
563	6448
563	6452
563	6454
563	6460
563	6469
563	6470
563	6474
563	6479
563	6485
563	6497
563	6501
563	6508
563	6509
563	6510
563	6511
563	6523
563	6524
563	6526
563	6529
563	6531
563	6534
563	6548
563	6549
563	6550
563	6554
563	6556
563	6561
563	6562
563	6563
563	6568
563	6575
563	6580
563	6581
563	6582
563	6588
563	6595
563	6596
563	6600
563	6601
563	6602
563	6610
563	6611
563	6614
563	6617
563	6619
563	6650
563	6651
563	6652
563	6661
563	6663
563	6673
563	6675
563	6677
563	6681
563	6682
563	6691
563	6693
563	6705
563	6708
563	6717
6153	6162
6300	6301
6300	6302
6301	6302
6337	6338
6337	6339
6338	6339
6364	6365
6364	6366
6364	6367
6365	6366
6365	6367
6366	6367
6375	33668
6375	33669
6375	33670
6375	33671
6375	33672
6375	33673
6447	6448
6469	6470
6508	6509
6508	6510
6509	6510
6509	33678
6509	33679
6509	33680
6509	33681
6510	33678
6510	33679
6510	33680
6510	33681
6708	33682
6708	33683
6708	33684
6708	33685
6708	33689
33668	33669
33668	33670
33669	33670
33671	33672
33671	33673
33672	33673
33678	33679
33678	33680
33678	33681
33679	33680
33679	33681
33680	33681
33682	33683
33682	33684
33682	33685
33682	33686
33682	33687
33682	33688
33682	33689
33682	33690
33682	33691
33682	33692
33683	33684
33683	33685
33683	33686
33683	33687
33683	33688
33683	33689
33683	33690
33683	33691
33683	33692
33684	33685
33684	33686
33684	33687
33684	33688
33684	33689
33684	33690
33684	33691
33684	33692
33685	33686
33685	33687
33685	33691
33686	33687
33686	33691
33687	33688
33687	33689
33687	33690
33687	33691
33687	33692
33688	33689
33688	33690
33688	33691
33688	33692
33689	33690
33689	33691
33689	33692
33689	33693
33689	33694
33689	33695
33689	33696
33690	33691
33690	33692
33691	33692
33693	33694
33693	33695
33693	33696
33694	33695
33694	33696
33695	33696
