158	9118
158	11535
158	11536
158	11537
158	11538
158	11541
158	11543
158	11544
158	11545
158	11546
158	11547
158	11549
158	11550
158	11551
158	11552
158	11553
158	11554
158	11556
158	11557
158	11558
158	11559
158	11561
158	11562
158	11564
158	11566
158	11567
158	11569
158	11570
158	11575
158	11576
158	11578
158	11580
158	11581
158	11582
158	11583
158	11584
158	11585
158	11586
158	11587
158	11588
158	11589
158	11590
158	11591
158	11594
158	11596
158	11597
158	11598
158	11599
158	11600
158	11601
158	11602
158	11603
158	11604
158	11605
158	11607
158	11609
158	11612
158	11613
158	11614
158	11616
158	11617
158	11619
158	11620
158	11621
158	11622
158	11623
158	11624
158	11625
158	11626
158	11628
158	11629
158	11631
158	11632
158	11633
158	11634
158	11635
158	11636
158	11637
158	11641
158	11645
11557	28832
11557	28833
11557	28834
11569	11570
11582	11583
11585	28779
11609	28776
11609	28777
11609	28778
28776	28777
28776	28778
28776	28786
28777	28778
28777	28786
28778	28786
28832	28833
28832	28834
28833	28834
