0	1528
1	13246
2	13247
3	13251
4	13252
5	13254
6	13255
7	13256
8	13261
9	13263
10	13264
11	13266
12	13267
13	13268
14	13271
15	13272
16	13273
17	13274
18	13275
19	13276
20	13277
21	13278
22	13280
23	13281
24	13283
25	13284
26	13285
27	13286
28	13287
29	13290
30	13293
31	13294
32	13295
33	13297
34	13298
35	13299
36	13300
37	13301
38	13303
39	13307
40	13308
41	13310
42	13311
43	13312
44	13313
45	13314
46	13315
47	13316
48	13317
49	13318
50	13319
51	13320
52	13321
53	13324
54	13325
55	13326
56	33139
57	33140
58	33141
59	33160
60	33161
61	33162
