1301	17161
1301	17164
1301	17172
1301	17173
1301	17175
1301	17176
1301	17187
1301	17188
1301	17189
1301	17191
1301	17193
1301	17204
1301	17209
1301	17211
17161	17176
17173	17191
17173	17204
17173	17750
17173	17751
17173	17752
17173	17753
17173	17754
17173	17755
17173	17756
17173	17757
17173	17758
17173	17759
17173	17760
17173	17761
17173	17762
17176	18599
17187	17563
17187	17564
17188	17189
17191	17759
17191	17760
17191	17761
17563	17564
17750	17751
17750	17752
17751	17752
17753	17754
17753	17755
17754	17755
17754	17762
17755	17762
17756	17757
17756	17758
17757	17758
17759	17760
17759	17761
17760	17761
