1626	21010
1626	21011
1626	21014
1626	21017
1626	21020
1626	21021
1626	21023
1626	21025
1626	21030
1626	21031
1626	21032
1626	21033
1626	21034
1626	21035
1626	21036
1626	21038
1626	21039
1626	21040
1626	21041
1626	21045
1626	21047
1626	21049
1626	21051
1626	21052
1626	21054
1626	21055
1626	21057
1626	21062
1626	21063
1626	21069
1626	21070
1626	21071
1626	21073
1626	21075
21030	21031
21030	21032
21030	21033
21030	33928
21031	21032
21031	21033
21031	33928
21031	33929
21031	33930
21032	21033
21032	33928
21038	33250
21062	21063
33929	33930
