2599	8571
2600	15559
2601	15569
2602	15598
2603	22741
2604	22963
2605	22990
2606	23340
2607	23462
2608	31489
2609	31492
2610	31494
2611	31495
2612	31499
2613	31500
2614	31501
2615	31502
2616	31503
2617	31504
2618	31505
2619	31509
2620	31510
2621	31513
2622	31515
2623	31516
2624	31517
2625	31518
2626	31519
2627	31520
2628	31521
2629	31522
2630	31523
2631	31524
2632	31525
2633	31528
2634	31529
2635	31530
2636	31531
2637	31532
2638	31534
2639	31535
2640	31538
2641	31539
2642	31540
2643	31542
2644	31543
2645	31544
2646	31545
2647	31546
2648	31547
2649	31548
2650	31550
2651	31554
2652	31556
2653	31557
2654	22977
2655	31658
