8571	15559
8571	15569
8571	15598
8571	22741
8571	22963
8571	22990
8571	23340
8571	23462
8571	31489
8571	31492
8571	31494
8571	31495
8571	31499
8571	31500
8571	31501
8571	31502
8571	31503
8571	31504
8571	31505
8571	31509
8571	31510
8571	31513
8571	31515
8571	31516
8571	31517
8571	31518
8571	31519
8571	31520
8571	31521
8571	31522
8571	31523
8571	31524
8571	31525
8571	31528
8571	31529
8571	31530
8571	31531
8571	31532
8571	31534
8571	31535
8571	31538
8571	31539
8571	31540
8571	31542
8571	31543
8571	31544
8571	31545
8571	31546
8571	31547
8571	31548
8571	31550
8571	31554
8571	31556
8571	31557
22977	22990
31501	31502
31519	31520
31519	31521
31519	31522
31520	31521
31520	31522
31521	31522
31539	31540
31544	31658
