8319	8331
8319	8332
8319	8337
8319	8325
8331	8341
8331	8342
8331	8343
8331	8344
8318	8322
8318	8335
8318	8336
8318	8323
8318	8339
8318	8328
8320	8332
8320	8333
8320	8324
8332	8333
8332	8337
8332	8340
8333	8340
8324	8332
8327	8334
8334	8338
8334	8339
8321	8327
8321	8334
8322	8335
8335	8336
8335	8337
8336	8337
8336	8338
8336	8339
8336	8340
8323	8335
8323	8336
8338	8339
8338	8340
8339	8340
8325	8331
8326	8338
8326	8340
8328	8336
8329	8332
8329	8333
8330	8332
8330	8333
8341	8342
8341	8343
8341	8344
8342	8343
8342	8344
8343	8344
