19929	20037
19929	20104
19929	37792
19929	37805
19929	37812
20037	37812
20037	37826
20037	37827
20037	37828
20037	37829
20038	20039
20038	37802
20038	37803
20038	37804
20038	37806
20038	37808
20038	37816
37791	37792
37791	37793
37791	37794
37792	37793
37792	37794
37792	37805
37792	37809
37792	37817
37792	37818
37793	37809
37793	37817
37793	37818
37794	37810
37794	37811
37798	37799
37798	37800
37798	37814
37798	37815
37799	37800
37799	37807
37799	37808
37802	37803
37803	37804
37803	37805
37803	37806
37804	37805
37804	37806
37804	37807
37804	37808
37804	37809
37804	37816
37807	37808
37807	37809
37807	37813
37808	37809
37809	37813
37810	37811
37814	37815
37826	37827
37826	37828
37826	37829
37827	37828
37827	37829
37828	37829
