4251	13244
4252	15121
4253	13251
4254	13314
4255	13315
4256	34481
4257	15349
4258	17718
4259	19472
4260	32878
4261	34442
4262	34445
4263	34448
4264	34450
4265	34452
4266	34460
4267	34461
4268	34464
4269	34468
4270	34473
4271	34474
4272	34477
4273	38520
4274	38521
4275	38522
4276	38523
4277	38524
4278	38525
4279	38526
4280	38527
4281	38528
4282	38529
4283	38530
4284	38531
4285	38532
4286	38533
4287	38534
4288	38535
4289	38536
4290	38537
4291	38538
4292	38539
4293	38540
4294	38541
4295	38542
4296	38544
4297	38545
4298	38546
4299	38547
4300	38548
4301	38549
4302	38550
4303	38551
4304	38552
