13244	15121
13251	15121
13314	13315
13315	15121
13315	34481
15121	15349
15121	17718
15121	19472
15121	32878
15121	34442
15121	34445
15121	34448
15121	34450
15121	34452
15121	34460
15121	34461
15121	34464
15121	34468
15121	34473
15121	34474
15121	34477
15121	38520
15121	38521
15121	38522
15121	38523
15121	38524
15121	38525
15121	38526
15121	38527
15121	38528
15121	38529
15121	38530
15121	38531
15121	38532
15121	38533
15121	38534
15121	38535
15121	38536
15121	38537
15121	38538
15121	38539
15121	38540
15121	38541
15121	38542
15121	38544
15121	38545
15121	38546
15121	38547
34442	38548
34442	38549
34442	38550
34442	38551
34442	38552
38534	38535
38534	38536
38535	38536
38548	38549
38548	38550
38548	38551
38550	38551
38550	38552
