13650	18913
13650	18915
13650	18917
13650	18926
13650	18927
13650	18928
13650	18931
13650	18933
13650	18935
13650	18945
13650	19937
13650	20025
13650	29045
13650	31367
13650	37204
13650	37205
13650	37206
18913	18926
18913	18931
18913	18945
18913	18946
18913	37203
18915	18917
18915	18933
18917	18933
18917	18937
18917	18938
18926	18931
18926	18945
18931	18945
18931	18946
18931	37198
18931	37199
18931	37200
18931	37201
18931	37202
18931	37203
18937	18938
18945	18946
18945	37203
19937	26199
20025	26199
21094	26199
24938	26199
26199	37218
26199	37219
37198	37199
37198	37200
37198	37201
37198	37202
37199	37200
37199	37201
37199	37202
37201	37202
