5823	12587
12587	22445
12587	22797
12587	22804
12587	23502
12587	23503
12587	23504
12587	23505
12587	23506
12587	23507
12587	23508
12587	23509
12587	23510
12587	23511
12587	23513
12587	23514
12587	23515
12587	23516
12587	23517
12587	23519
12587	23520
22445	27020
22445	27021
22445	27022
22445	27023
22445	27024
22445	27025
22445	27026
22445	27027
22445	27028
22445	27029
22445	27030
22797	27025
22797	27027
22797	27028
22797	27048
22797	27422
22797	27423
22797	27424
22797	27425
23505	23506
23505	23507
23505	23508
23505	23509
23505	23510
23506	23507
23506	23508
23506	23509
23506	23510
23507	23508
23507	23509
23507	23510
23508	23509
23508	23510
23509	23510
23510	23513
23510	23514
23510	23517
23513	23514
23514	23517
27020	27021
27020	27022
27020	27026
27021	27022
27022	27026
27023	27024
27023	27025
27023	27027
27024	27025
27025	27027
27025	27028
27025	27030
27025	27048
27027	27028
27027	27048
27028	27030
27422	27423
27422	27424
27422	27425
27423	27424
27423	27425
27424	27425
