197	655
198	12602
199	12604
200	12606
201	12641
202	12643
203	12651
204	12654
205	12658
206	12668
207	12675
208	12688
209	12692
210	12696
211	12697
212	12701
213	12716
214	12725
215	12728
216	12736
217	12737
218	12742
219	12743
220	12747
221	12749
222	12757
223	12761
224	12763
225	12764
226	12773
227	12774
228	12788
229	12812
230	12813
231	12815
232	12821
233	12822
234	12824
235	12836
236	12844
237	12846
238	12851
239	12854
240	12858
241	12871
242	12872
243	12884
244	12892
245	12897
246	12898
247	12899
248	12901
249	12905
250	12912
251	12914
252	12916
253	12922
254	12923
255	12925
256	12931
257	12932
258	12934
259	12936
260	12945
261	12946
262	12948
263	12960
264	12961
265	12962
266	12975
267	12978
268	12980
269	12981
270	12982
271	12991
272	12993
273	12997
274	12998
275	13000
276	13004
277	13006
278	13007
279	13008
280	13010
281	13019
282	13025
283	13026
284	13029
285	13030
286	13036
287	13037
288	13046
289	13048
290	13049
291	13050
292	13054
293	13056
294	13057
295	13060
296	13065
297	13068
