372	6910
372	20226
372	20229
372	20230
372	20231
372	20234
372	20236
372	20237
372	20238
372	20239
372	20242
372	20243
372	20244
372	20247
372	20248
372	20249
372	20250
372	20252
372	20253
372	20254
372	20255
372	20257
372	20258
372	20259
372	20260
372	20261
372	20262
372	20263
372	20264
372	20265
372	20266
372	20267
372	20268
372	20269
372	20270
372	20271
372	20272
372	20273
372	20274
372	20275
372	20276
372	20277
372	20278
372	20279
372	20280
372	20281
372	20282
372	20283
372	20284
372	20285
372	20286
372	20287
372	20288
372	20289
372	20290
372	20293
372	20295
372	20296
372	20299
372	20300
372	20301
372	20302
372	20303
372	20304
372	20305
372	20306
372	20307
372	20308
372	20309
372	20310
372	20312
372	20313
372	20314
372	20316
372	20317
372	20320
372	20321
372	20323
372	20324
372	20326
372	20327
372	20329
372	20330
372	20331
372	20332
372	20333
20252	20285
20270	20284
20284	28122
