1	196
2	7073
3	7077
4	7078
5	7081
6	7088
7	7101
8	7102
9	7111
10	7112
11	7121
12	7122
13	7124
14	7130
15	7137
16	7139
17	7141
18	7146
19	7151
20	7153
21	7160
22	7172
23	7180
24	7219
25	7226
26	7230
27	7234
28	7238
29	7239
30	7250
31	7252
32	7258
33	7267
34	7269
35	7273
36	7276
37	7291
38	7292
39	7294
40	7304
41	7309
42	7316
43	7321
44	7324
45	7325
46	7326
47	7333
48	7338
49	7339
50	7346
51	7347
52	7351
53	7356
54	7357
55	7359
56	7362
57	7371
58	7378
59	7379
60	7393
61	7396
62	7398
63	7400
64	7408
65	7412
66	7414
67	7420
68	7439
69	7460
70	7461
71	7462
72	7469
73	7474
74	7480
75	7482
76	7483
77	7486
78	7487
79	22455
80	22456
81	22457
82	22458
83	22459
84	22460
85	22461
86	22462
87	22463
88	22464
89	22465
90	22466
91	22334
92	22335
93	22336
94	21893
95	21894
96	21895
97	21896
98	21897
