196	7073
196	7077
196	7078
196	7081
196	7088
196	7101
196	7102
196	7111
196	7112
196	7121
196	7122
196	7124
196	7130
196	7137
196	7139
196	7141
196	7146
196	7151
196	7153
196	7160
196	7172
196	7180
196	7219
196	7226
196	7230
196	7234
196	7238
196	7239
196	7250
196	7252
196	7258
196	7267
196	7269
196	7273
196	7276
196	7291
196	7292
196	7294
196	7304
196	7309
196	7316
196	7321
196	7324
196	7325
196	7326
196	7333
196	7338
196	7339
196	7346
196	7347
196	7351
196	7356
196	7357
196	7359
196	7362
196	7371
196	7378
196	7379
196	7393
196	7396
196	7398
196	7400
196	7408
196	7412
196	7414
196	7420
196	7439
196	7460
196	7461
196	7462
196	7469
196	7474
196	7480
196	7482
196	7483
196	7486
196	7487
7112	7316
7180	7460
7180	7461
7180	7462
7180	22455
7180	22456
7180	22457
7180	22458
7180	22459
7180	22460
7180	22461
7180	22462
7180	22463
7180	22464
7180	22465
7180	22466
7238	7239
7269	7357
7324	7325
7324	7326
7325	7326
7338	7359
7338	7400
7338	22334
7338	22335
7338	22336
7359	7400
7359	7482
7359	7483
7414	21893
7414	21894
7414	21895
7414	21896
7414	21897
7460	7461
7460	7462
7461	7462
7461	22464
7461	22465
7482	7483
21893	21894
21893	21895
21894	21895
21894	21896
21894	21897
21895	21896
21895	21897
21896	21897
22334	22335
22334	22336
22335	22336
22455	22456
22455	22457
22456	22457
22458	22459
22458	22460
22459	22460
22461	22462
22461	22463
22462	22463
22464	22465
22464	22466
22465	22466
