18486	24333
18486	24334
18486	24335
18486	33025
18486	33026
18486	33028
18486	33029
18486	33030
18486	33129
18486	33130
18486	33131
18486	33132
18486	33133
18486	33134
18486	33135
18486	33136
18486	33137
24333	24334
24333	24335
24333	33028
24333	33135
24334	24335
24334	33028
24334	33135
24335	33135
33025	33026
33025	33030
33025	33129
33025	33130
33025	33134
33025	33135
33026	33030
33028	33029
33028	33030
33028	33136
33030	33130
33030	33133
33030	33134
33030	33135
33030	33136
33030	33137
33129	33130
33130	33131
33130	33132
33130	33133
33131	33132
33136	33137
