4691	14413
4691	19831
4691	19833
4691	19839
4691	19840
4691	19841
4691	19842
4691	19843
4691	19844
4691	19845
4691	19846
4691	19853
4691	19854
4691	19855
4691	19860
4691	19862
4691	19865
4691	19866
4691	19868
4691	19873
4691	19874
4691	19875
4691	19879
4691	19880
4691	19881
4691	19882
4691	19883
4691	19885
4691	19886
19839	28980
19839	28981
19839	28982
19839	28983
19839	28984
19839	28985
19844	19845
19844	19885
19873	19882
19873	19883
19873	19886
19879	19880
19882	19883
28980	28981
28980	28982
28981	28982
28983	28984
28983	28985
28984	28985
