1	77
2	1375
3	1379
4	1387
5	1401
6	1418
7	1419
8	1441
9	1445
10	1447
11	1451
12	1457
13	1463
14	1481
15	1490
16	1498
17	1513
18	1519
19	1523
20	1531
21	1537
22	1541
23	1557
24	1558
25	1562
26	1578
27	1581
28	1583
29	1590
30	1611
31	1628
32	1637
33	1639
34	1645
35	1672
36	1695
37	1702
38	1716
39	1720
40	1725
41	1727
42	1732
43	1733
44	1734
45	1751
46	1752
47	1759
48	1767
49	1774
50	1775
51	1780
52	31361
53	31362
54	31364
55	31366
56	31368
57	31371
58	31372
59	31373
60	27820
61	31360
62	31363
63	27818
64	27819
65	27821
66	31365
67	31367
68	31369
69	31370
