77	1375
77	1379
77	1387
77	1401
77	1418
77	1419
77	1441
77	1445
77	1447
77	1451
77	1457
77	1463
77	1481
77	1490
77	1498
77	1513
77	1519
77	1523
77	1531
77	1537
77	1541
77	1557
77	1558
77	1562
77	1578
77	1581
77	1583
77	1590
77	1611
77	1628
77	1637
77	1639
77	1645
77	1672
77	1695
77	1702
77	1716
77	1720
77	1725
77	1727
77	1732
77	1733
77	1734
77	1751
77	1752
77	1759
77	1767
77	1774
77	1775
77	1780
1419	31361
1419	31362
1419	31364
1419	31366
1419	31368
1419	31371
1419	31372
1498	31373
1531	27820
1578	31360
1578	31361
1578	31362
1578	31363
1732	1733
1732	1774
1732	1775
1774	1775
27818	27819
27818	27820
27818	27821
27819	27820
27819	27821
27820	27821
31360	31361
31360	31362
31360	31363
31360	31364
31360	31365
31361	31362
31361	31363
31361	31364
31361	31365
31361	31366
31362	31363
31362	31364
31362	31365
31362	31366
31364	31367
31364	31368
31364	31369
31364	31370
31364	31371
31364	31372
31367	31368
31367	31369
31367	31370
31368	31369
31368	31370
31368	31371
31369	31370
31371	31372
