7151	7216
7151	14381
7151	15037
7151	15049
7151	15147
7151	15159
7151	15166
7151	15681
7151	15709
7151	16514
7151	17721
7151	17722
7151	17725
7151	17726
7151	17727
7151	17728
7151	17729
7151	17730
7151	17731
7151	17733
7151	17734
7151	17735
7151	17736
7151	17737
15037	15132
15037	15149
15037	15171
15037	15172
15037	18269
15037	18270
15049	17822
15049	17850
15049	17938
15049	17939
15049	17940
15049	17941
15171	15172
16514	27410
16514	27411
16514	38303
17730	38301
17730	38302
17733	17734
17939	17940
17940	20122
17940	20123
17940	20149
17940	20150
18269	18270
20122	20123
27410	27411
27410	27442
27410	27443
27410	27444
27410	38303
27442	27443
27442	27444
27443	27444
38301	38302
