75
788
8
476
1
96
80
2
925
3
926
511
927
69
32
4
157
5
6
7
928
8
9
10
48
11
11
929
25
930
931
932
12
570
13
45
933
14
15
11
934
21
935
23
16
936
937
759
17
938
278
939
940
941
18
97
19
20
20
942
21
943
11
12
22
23
24
24
376
220
19
535
25
26
26
27
365
263
28
28
209
569
944
519
236
29
266
945
30
30
30
478
946
31
203
768
947
2
32
595
40
948
646
29
33
253
34
434
35
348
711
36
539
547
949
38
950
951
952
400
37
46
38
953
39
39
954
955
40
41
42
63
956
957
958
959
42
43
43
44
960
110
45
506
46
47
374
48
49
10
961
789
962
963
964
50
344
965
51
51
368
52
153
53
54
966
967
106
968
969
970
672
504
46
971
55
56
56
178
972
46
57
57
973
58
58
59
60
60
61
61
974
975
976
977
62
63
367
64
61
65
978
164
66
67
979
68
980
981
982
112
983
69
984
70
632
985
986
987
71
71
357
72
988
73
74
75
989
990
991
992
409
76
77
782
993
413
78
79
994
80
995
496
500
81
590
401
996
66
82
997
176
83
998
999
84
635
88
85
86
87
88
1000
89
90
1001
1002
91
1003
92
93
130
92
137
696
147
94
135
1004
99
1005
95
416
96
97
100
98
1006
639
99
100
264
101
673
322
102
453
103
183
66
121
1007
104
77
101
605
393
1008
77
537
422
105
106
479
693
107
108
109
109
106
110
111
112
723
1009
113
114
114
1010
115
115
629
116
1011
1012
133
1013
1014
1015
117
193
118
86
202
1016
85
119
120
121
1017
122
122
123
1018
1019
1020
124
67
1021
189
85
1022
1023
23
1024
1025
23
125
1026
45
317
754
126
127
86
128
1027
1028
129
130
642
1029
1030
131
132
1031
133
599
134
161
1032
1033
135
136
1034
137
350
1
1035
1036
1037
501
1038
138
138
13
139
140
1039
5
140
136
123
123
237
141
1040
389
142
143
1041
144
486
1042
144
144
603
331
145
145
146
132
132
743
874
1043
147
326
1044
1045
108
1046
1047
6
148
148
1048
6
1049
149
1050
27
150
167
151
1051
1052
1053
1054
8
152
669
152
153
154
1055
1056
155
291
156
1057
157
686
289
1058
156
1059
158
159
159
1060
1061
1062
160
402
161
893
162
275
138
163
301
164
165
166
166
167
709
1063
1064
1065
1066
45
128
1067
168
445
1068
765
169
69
37
346
69
170
717
171
1069
139
165
338
172
1070
1071
3
3
1072
505
173
558
174
174
460
1073
195
446
279
19
175
175
175
176
177
1074
178
178
179
179
179
180
180
181
181
850
182
183
300
1075
491
1076
184
760
1077
199
1078
185
1079
186
154
1080
187
679
188
771
1081
1082
583
1083
91
1084
189
190
1085
191
192
193
194
195
192
1086
196
886
283
197
1087
198
186
347
584
199
772
517
1088
200
201
1089
202
203
202
202
181
1090
1091
1092
207
551
204
205
32
32
206
206
206
207
208
208
209
210
210
210
1093
15
785
211
212
212
1094
213
22
536
214
214
1095
1096
352
215
620
387
615
9
22
88
216
217
218
218
122
129
219
220
221
22
222
222
223
224
1097
226
225
225
1098
1099
226
226
576
227
1100
228
408
34
1101
332
1102
441
1103
229
230
231
232
1104
1105
233
234
234
235
1106
1107
1108
677
1109
1110
1111
258
1112
186
236
257
1113
1114
682
1115
1116
233
259
237
1117
238
239
239
1118
240
240
241
1119
861
868
438
230
242
243
236
1120
234
244
245
246
247
248
162
249
249
864
527
1121
1122
250
730
251
905
252
1123
1124
1125
253
466
763
254
698
1126
255
120
1127
377
256
256
228
229
257
1128
258
863
259
234
232
1129
458
418
260
260
268
261
1130
1131
1132
262
262
1133
262
1134
263
264
308
265
265
385
134
134
666
243
1135
266
160
267
267
268
655
1136
269
1137
1138
270
270
68
271
272
272
272
271
1139
273
273
273
702
205
1140
274
275
830
274
36
276
277
278
279
148
280
281
282
282
290
201
920
1141
316
275
283
283
188
10
284
285
123
286
1142
786
287
287
190
115
204
1143
509
1144
538
1145
288
288
449
108
289
290
787
299
1146
391
296
291
292
1147
1148
293
294
294
294
1149
295
296
545
297
191
307
204
298
298
249
299
299
146
300
300
521
301
1150
302
303
304
304
305
165
275
106
1151
1152
775
306
307
792
308
8
8
1153
1154
1155
690
1156
543
309
309
310
1157
311
689
312
1158
688
661
610
312
544
313
567
1159
117
314
314
846
1160
321
1161
315
316
573
1162
286
1163
1164
220
317
914
1165
442
318
1166
319
314
320
320
321
818
322
323
1167
1168
1169
42
97
324
325
1170
575
326
327
1171
1172
361
1173
1174
1175
470
405
734
328
738
826
1176
540
1177
371
329
330
331
245
245
332
333
337
1178
334
334
334
335
1179
465
1180
726
1181
336
336
337
337
636
18
343
340
338
342
339
338
340
340
341
494
340
342
342
338
343
343
344
1182
345
346
1183
347
347
684
348
349
350
351
1184
1185
350
49
352
353
354
355
356
751
43
650
424
357
1186
1187
358
1188
1189
358
1190
359
1191
1192
1193
695
360
361
101
716
362
392
1194
363
1195
363
362
364
364
1196
1197
1198
839
1199
1200
806
365
691
1201
1202
1203
1204
98
1205
1206
366
367
368
1207
369
370
371
700
372
373
374
375
376
377
105
378
1208
1209
25
25
562
510
49
379
111
380
1210
1211
1212
381
382
117
1213
1214
383
1215
19
906
382
310
1216
384
384
385
386
92
1217
387
387
388
388
388
1218
604
389
266
454
16
386
386
111
561
1219
390
612
1220
658
1221
391
392
72
393
305
719
394
395
396
94
326
715
397
397
398
118
404
399
1222
1223
111
1224
1225
400
401
1226
1227
725
403
1228
1229
1230
1231
272
402
1232
403
1233
404
404
405
405
58
406
125
1234
407
408
409
720
151
410
410
411
412
65
1235
200
1236
413
62
62
1237
1238
526
414
414
415
1239
416
417
418
352
419
225
420
420
435
421
288
671
422
1240
205
423
423
424
424
425
1241
429
1242
804
426
426
1243
49
49
1244
427
428
428
429
834
781
430
430
296
1245
1246
1247
1248
288
664
431
369
1249
619
1250
432
1251
495
433
19
349
9
1252
434
1253
1254
435
1255
434
233
308
1256
1257
79
436
413
222
222
367
481
437
437
1258
119
741
438
437
714
1259
1260
829
439
440
440
441
654
442
1261
366
1262
443
1263
99
444
445
446
1264
447
448
448
448
449
45
450
1265
112
436
1266
1267
1268
451
452
453
58
923
611
120
1269
454
455
309
309
456
1270
379
586
457
457
458
340
459
668
1271
460
460
462
442
463
461
461
462
463
1272
1273
552
1274
462
463
464
461
271
465
466
136
908
239
171
42
17
467
468
469
470
1275
1276
487
1277
471
1278
1279
472
473
171
474
176
176
25
475
244
1280
12
476
476
477
436
478
1281
1282
870
479
480
481
343
482
482
640
483
484
484
484
485
486
487
488
488
488
1283
489
441
1284
1285
1286
488
488
490
490
502
841
491
492
493
406
152
548
494
148
1287
286
495
496
1
497
1288
498
499
47
1289
500
617
501
502
370
1290
1291
1292
9
503
468
9
504
455
505
506
507
508
509
510
511
512
513
512
514
515
515
516
516
517
518
379
519
1293
520
520
708
521
1294
1295
1296
389
228
245
883
522
523
524
525
526
527
528
529
1297
692
499
349
294
294
497
1298
530
910
1299
531
532
1300
1301
533
529
114
317
809
532
528
534
497
1302
535
214
536
529
537
529
136
538
236
47
1303
513
37
539
292
1304
540
1305
541
542
1306
37
543
544
1307
1308
545
879
370
1309
796
546
546
547
546
548
548
1310
1311
1312
1313
1314
549
909
1315
550
550
551
551
552
552
1316
553
192
779
1317
856
554
554
244
560
1318
555
556
557
436
558
1319
94
748
608
1320
1321
559
896
560
76
218
561
561
562
562
1322
1323
1324
92
563
565
1325
1326
564
564
563
162
565
566
1327
882
566
567
369
568
568
569
569
570
594
1328
571
367
572
413
406
573
573
574
575
539
539
576
1329
1330
534
637
321
321
577
220
368
578
579
579
585
1331
1332
581
580
581
582
583
584
578
1333
585
1334
586
1335
587
593
1336
1337
243
243
588
235
114
1338
589
590
1339
1340
591
591
1341
592
592
200
587
1342
586
250
1343
586
593
1344
1345
594
1346
1347
1348
1349
595
596
1350
1351
1352
1353
1354
1355
1356
1357
1358
1359
125
597
1360
1361
302
597
1362
598
599
600
601
601
602
1363
603
1364
604
150
605
1365
276
606
798
1366
1367
1368
607
608
625
919
1369
609
1370
1371
1372
1373
610
38
536
17
605
1374
854
1375
611
611
612
1376
783
1377
613
613
208
767
1378
614
108
386
1379
1380
1381
1382
1383
615
1384
718
382
108
616
616
616
617
617
1385
125
312
618
1386
619
37
620
370
1387
621
621
622
1388
1389
1390
623
1391
623
115
157
624
624
566
1392
625
625
626
1393
627
627
627
663
630
628
628
629
629
630
628
1394
1395
1396
631
631
632
45
633
633
634
137
635
46
38
636
637
744
638
639
640
867
637
652
641
1397
642
485
643
640
1398
1399
770
1400
644
645
646
634
1401
647
404
648
648
341
904
649
189
650
651
632
652
653
86
653
1402
654
655
656
657
657
657
658
657
657
355
876
1403
633
633
659
659
660
342
1404
661
24
662
1405
663
663
1406
664
579
665
666
667
1407
668
668
1408
669
1409
670
671
680
922
1410
521
672
673
1411
674
1412
675
676
677
156
677
234
678
679
101
680
228
1413
534
681
1414
682
683
683
1415
1416
368
684
1417
685
1418
1419
100
686
534
534
1420
1421
686
1422
600
1423
1424
1425
687
688
1426
689
310
310
690
112
688
92
92
569
309
310
637
1427
1428
1429
1430
534
691
691
692
1431
693
441
694
1432
669
695
441
441
696
697
186
891
849
1433
301
698
699
1434
1435
1436
1437
700
1438
1439
701
131
702
703
704
228
1440
845
1441
705
706
1442
707
705
707
708
1443
167
79
709
710
710
710
29
711
711
696
476
1444
705
712
164
146
1445
888
1446
99
713
714
700
305
715
716
1447
742
1448
808
717
481
718
719
164
720
720
619
341
1449
721
1450
1451
722
1452
1453
5
343
723
753
724
725
1454
725
726
727
1455
727
1456
728
1457
727
729
1458
1459
1460
730
731
732
733
733
1461
734
735
1462
827
736
736
736
192
1463
1464
737
738
738
179
679
857
328
739
1465
738
1466
1467
205
740
741
731
1468
1469
1470
742
742
276
589
701
825
1471
1472
1473
387
1474
1475
651
638
743
743
1476
744
600
1477
745
745
746
745
387
838
746
6
620
747
1478
1479
1480
1481
1482
748
749
749
749
750
613
120
751
1483
1484
119
119
752
1485
1486
1487
94
753
753
753
167
811
606
754
755
160
734
1488
292
756
1489
1490
569
757
189
758
759
760
759
1491
759
225
900
761
1492
214
766
759
805
800
1493
1494
762
1495
797
1496
763
763
764
765
765
766
766
1497
286
286
769
1498
1499
1500
1501
1502
1503
777
556
131
131
767
764
764
768
768
769
770
770
510
286
286
1504
139
771
772
773
774
764
833
775
775
776
777
777
778
778
779
666
188
316
780
781
781
60
782
783
783
784
785
298
1505
1506
1507
1508
775
786
1509
1510
1511
787
1512
1513
1514
788
767
1515
789
790
831
257
257
622
788
791
792
3
3
1516
1517
1518
669
575
793
316
1519
794
286
795
892
1520
862
1521
796
796
677
104
776
1522
201
1523
1524
836
797
797
1525
798
778
799
859
573
1526
1527
800
801
606
802
803
803
1528
1529
1530
804
1531
804
878
805
806
99
807
808
808
128
809
810
810
779
811
812
812
813
814
815
606
816
817
817
817
818
1532
1533
1534
819
196
196
1535
858
798
1536
188
820
821
179
822
822
822
820
823
824
825
826
1537
701
701
827
185
1538
1539
828
829
830
831
160
832
1540
1541
1542
833
834
831
831
835
836
836
837
1543
1544
838
1545
839
839
840
840
413
841
841
1546
1547
480
486
486
486
536
790
1548
842
842
1549
1550
790
843
844
65
845
846
435
1551
576
340
847
615
848
176
176
1552
1553
1554
849
850
850
1555
851
852
853
854
854
609
1556
114
731
733
855
856
856
738
193
857
858
771
445
485
702
357
1557
1558
859
700
235
860
861
862
321
863
864
865
865
865
866
1559
1560
867
404
868
861
118
1561
636
592
592
869
2
126
870
1562
871
872
104
873
1563
874
1564
875
876
877
658
877
877
698
877
631
878
878
1565
879
879
880
1566
881
446
882
883
884
595
595
890
1567
1568
1569
750
1570
1571
1572
916
1573
885
677
796
26
886
730
706
887
887
889
887
888
889
889
887
890
1574
1575
1576
551
891
892
1577
893
1578
1579
891
750
1580
1581
1582
480
480
480
1583
894
895
902
896
896
896
897
1584
1585
898
898
898
899
900
900
903
480
901
631
902
903
904
904
905
905
745
746
1586
1587
1588
906
906
907
1589
1590
1591
1592
1593
838
908
908
909
909
259
466
910
1594
911
532
912
1595
913
513
513
513
529
915
1596
1597
1598
1599
914
914
915
915
1600
1601
1602
1603
916
916
117
1604
1605
1606
1607
1608
1609
1610
1611
99
1612
1613
1614
1615
1616
1617
1618
57
1619
1620
1621
917
918
1622
1623
1624
1625
1626
76
578
1627
1628
1629
1630
1631
1632
1633
919
919
1634
1635
1636
1637
1638
1639
920
274
411
1640
1641
1642
411
921
922
922
923
923
924
746
1643
1644
