4881	10100
4882	11184
4883	12434
4884	15693
4885	10152
4886	24510
4887	32335
4888	32411
4889	10166
4890	10460
4891	10553
4892	11967
4893	14484
4894	17485
4895	17486
4896	10170
4897	12908
4898	19563
4899	21682
4900	21684
4901	21685
4902	10194
4903	14049
4904	10218
4905	12753
4906	12940
4907	17838
4908	17839
4909	17840
4910	10298
4911	12503
4912	12507
4913	12508
4914	12509
4915	10313
4916	11161
4917	10321
4918	11175
4919	14770
4920	14771
4921	14772
4922	10333
4923	14858
4924	14860
4925	10363
4926	16113
4927	17811
4928	19235
4929	22856
4930	32014
4931	10365
4932	10561
4933	15665
4934	22237
4935	10368
4936	17442
4937	20997
4938	20998
4939	20999
4940	21000
4941	21004
4942	10376
4943	12097
4944	14773
4945	14775
4946	14776
4947	14777
4948	14778
4949	10381
4950	11165
4951	12701
4952	14863
4953	15663
4954	15664
4955	10389
4956	12245
4957	12249
4958	10397
4959	10455
4960	14547
4961	25875
4962	10419
4963	14115
4964	29584
4965	10431
4966	14377
4967	10437
4968	10705
4969	11278
4970	17256
4971	10468
4972	15811
4973	10474
4974	10475
4975	11521
4976	11503
4977	22044
4978	10486
4979	10488
4980	10753
4981	10621
4982	20679
4983	10495
4984	19240
4985	20583
4986	22334
4987	10498
4988	10672
4989	10836
4990	11637
4991	19071
4992	19072
4993	21652
4994	10521
4995	10674
4996	11084
4997	10524
4998	17139
4999	21590
5000	21686
5001	24670
5002	10526
5003	11396
5004	20429
5005	20529
5006	10528
5007	10757
5008	21681
5009	10530
5010	11309
5011	13432
5012	21804
5013	23844
5014	31883
5015	10545
5016	14094
5017	11458
5018	13556
5019	14239
5020	14749
5021	20936
5022	26304
5023	16499
5024	17944
5025	19933
5026	10566
5027	14069
5028	16919
5029	10609
5030	15691
5031	10622
5032	14840
5033	14841
5034	24356
5035	37428
5036	10635
5037	10661
5038	10735
5039	10742
5040	10642
5041	12691
5042	13021
5043	14714
5044	10646
5045	10766
5046	13365
5047	13445
5048	14292
5049	18441
5050	26576
5051	10655
5052	19321
5053	14499
5054	14565
5055	17957
5056	11638
5057	11639
5058	15787
5059	18657
5060	17631
5061	31455
5062	31676
5063	31794
5064	31819
5065	10681
5066	21496
5067	10685
5068	12959
5069	19612
5070	20447
5071	10691
5072	12418
5073	13589
5074	13903
5075	16957
5076	21978
5077	10697
5078	17668
5079	17669
5080	17673
5081	25108
5082	34719
5083	10698
5084	11293
5085	13104
5086	17610
5087	18675
5088	22959
5089	16868
5090	20172
5091	25859
5092	25860
5093	10717
5094	18184
5095	10721
5096	12755
5097	17914
5098	10724
5099	10799
5100	15069
5101	10730
5102	10731
5103	12936
5104	18098
5105	21721
5106	21722
5107	30962
5108	14075
5109	10747
5110	13886
5111	14501
5112	14502
5113	10759
5114	15898
5115	10768
5116	10769
5117	16800
5118	26988
5119	27058
5120	10775
5121	10776
5122	14551
5123	17234
5124	18926
5125	11740
5126	15893
5127	17723
5128	18517
5129	24031
5130	30517
5131	19205
5132	10810
5133	11500
5134	20611
5135	20643
5136	20644
5137	22730
5138	10859
5139	10860
5140	10886
5141	16035
5142	37671
5143	10875
5144	10925
5145	14408
5146	12107
5147	18690
5148	21044
5149	10893
5150	12519
5151	12542
5152	16765
5153	10898
5154	10913
5155	17070
5156	19148
5157	11844
5158	15681
5159	19725
5160	11046
5161	11142
5162	11229
5163	19912
5164	23838
5165	31341
5166	11081
5167	11240
5168	12268
5169	14930
5170	15925
5171	11083
5172	11596
5173	11684
5174	22274
5175	11206
5176	16083
5177	16198
5178	22837
5179	11092
5180	11203
5181	29026
5182	11109
5183	12850
5184	18087
5185	19319
5186	11111
5187	17237
5188	19322
5189	21676
5190	11115
5191	11116
5192	11117
5193	11201
5194	16052
5195	16157
5196	16447
5197	11125
5198	13110
5199	15966
5200	21687
5201	21688
5202	11126
5203	14556
5204	14964
5205	16290
5206	11136
5207	12752
5208	20659
5209	11141
5210	11317
5211	15629
5212	20560
5213	31989
5214	31991
5215	11143
5216	11368
5217	16271
5218	27215
5219	13051
5220	36119
5221	11167
5222	11614
5223	24445
5224	37080
5225	37081
5226	11364
5227	11666
5228	13353
5229	14792
5230	36736
5231	20830
5232	26620
5233	12498
5234	12911
5235	19445
5236	11204
5237	16495
5238	26956
5239	14052
5240	16331
5241	11217
5242	15955
5243	11219
5244	16414
5245	20640
5246	20661
5247	11222
5248	11223
5249	15930
5250	18339
5251	21977
5252	29050
5253	29051
5254	11231
5255	16942
5256	11239
5257	18670
5258	22930
5259	17248
5260	23106
5261	23118
5262	17122
5263	25954
5264	31403
5265	11287
5266	11328
5267	24908
5268	26399
5269	11291
5270	14763
5271	14764
5272	11329
5273	13212
5274	19804
5275	11321
5276	25636
5277	11325
5278	11674
5279	11741
5280	26345
5281	11703
5282	11335
5283	11336
5284	27435
5285	11344
5286	14363
5287	20221
5288	20222
5289	11355
5290	11427
5291	18138
5292	24787
5293	24788
5294	17686
5295	11371
5296	11405
5297	17878
5298	11373
5299	11374
5300	11866
5301	11869
5302	11838
5303	11848
5304	11391
5305	15988
5306	16326
5307	16327
5308	11395
5309	41370
5310	41372
5311	11535
5312	11613
5313	11433
5314	21463
5315	22146
5316	11406
5317	11413
5318	18462
5319	23516
5320	11429
5321	14652
5322	41367
5323	41368
5324	41369
5325	12987
5326	11459
5327	22225
5328	27307
5329	11483
5330	11490
5331	22123
5332	17145
5333	18910
5334	11506
5335	18395
5336	19079
5337	11523
5338	11524
5339	11525
5340	11555
5341	13083
5342	32362
5343	13471
5344	11536
5345	11537
5346	12633
5347	13092
5348	15916
5349	27174
5350	11539
5351	12055
5352	12056
5353	12544
5354	12915
5355	15678
5356	18244
5357	11575
5358	11576
5359	17446
5360	21604
5361	11586
5362	18631
5363	18774
5364	18785
5365	18859
5366	24041
5367	11609
5368	14498
5369	22350
5370	22414
5371	17218
5372	11624
5373	11625
5374	11626
5375	11627
5376	12977
5377	20454
5378	14488
5379	20453
5380	33062
5381	12770
5382	27300
5383	22171
5384	28610
5385	29237
5386	30635
5387	11677
5388	12901
5389	18638
5390	26747
5391	16034
5392	11698
5393	11699
5394	13141
5395	16407
5396	19312
5397	12631
5398	15097
5399	15098
5400	11761
5401	11762
5402	14179
5403	41396
5404	11769
5405	23679
5406	23712
5407	11836
5408	11837
5409	19883
5410	12756
5411	20153
5412	21017
5413	11842
5414	32212
5415	11847
5416	11870
5417	11850
5418	11851
5419	11852
5420	11853
5421	11858
5422	20173
5423	11867
5424	14485
5425	18746
5426	23867
5427	23868
5428	17470
5429	11871
5430	20154
5431	34415
5432	11888
5433	11890
5434	18209
5435	28553
5436	14686
5437	19988
5438	22294
5439	29115
5440	29449
5441	11896
5442	12851
5443	11944
5444	13233
5445	12077
5446	17097
5447	19265
5448	23116
5449	23117
5450	11990
5451	16843
5452	11999
5453	18258
5454	18259
5455	12005
5456	13391
5457	24487
5458	27053
5459	27190
5460	20990
5461	13689
5462	12204
5463	12206
5464	12207
5465	26229
5466	26827
5467	30724
5468	15913
5469	17853
5470	37416
5471	37417
5472	30812
5473	33906
5474	34568
5475	42036
5476	33865
5477	12255
5478	12256
5479	21501
5480	23081
5481	24362
5482	18497
5483	12357
5484	19496
5485	12372
5486	16226
5487	16274
5488	16987
5489	18052
5490	12398
5491	14376
5492	14705
5493	16881
5494	12438
5495	12439
5496	12440
5497	12441
5498	12442
5499	15273
5500	19984
5501	12443
5502	23579
5503	12448
5504	12899
5505	12464
5506	12465
5507	21942
5508	29480
5509	32218
5510	33998
5511	12543
5512	12487
5513	12488
5514	12831
5515	20171
5516	20733
5517	21980
5518	23910
5519	34141
5520	19590
5521	12494
5522	28888
5523	14671
5524	15378
5525	17252
5526	16139
5527	20503
5528	22060
5529	22133
5530	22137
5531	12516
5532	14852
5533	15954
5534	24316
5535	12523
5536	12739
5537	19367
5538	19852
5539	29484
5540	12528
5541	12551
5542	12552
5543	15090
5544	15116
5545	15117
5546	12574
5547	12575
5548	12576
5549	13120
5550	18408
5551	18412
5552	12577
5553	13364
5554	26329
5555	36878
5556	12582
5557	12601
5558	12679
5559	13734
5560	15727
5561	15816
5562	12592
5563	13150
5564	13345
5565	12596
5566	13134
5567	26848
5568	12599
5569	12616
5570	12617
5571	12673
5572	23178
5573	26718
5574	12692
5575	13169
5576	15886
5577	20888
5578	12649
5579	13063
5580	26024
5581	26059
5582	12660
5583	15305
5584	12666
5585	17647
5586	25917
5587	32941
5588	39849
5589	39850
5590	39851
5591	12667
5592	19263
5593	28062
5594	13802
5595	24014
5596	19328
5597	23655
5598	28063
5599	14024
5600	26327
5601	14051
5602	28453
5603	29061
5604	12702
5605	14344
5606	20574
5607	12716
5608	19577
5609	12719
5610	13997
5611	15055
5612	18728
5613	12722
5614	14825
5615	27059
5616	12737
5617	12765
5618	20889
5619	14171
5620	18139
5621	12747
5622	14552
5623	20237
5624	12769
5625	14275
5626	18542
5627	27747
5628	12757
5629	18711
5630	12762
5631	20977
5632	22488
5633	22489
5634	12764
5635	14352
5636	15142
5637	26471
5638	29243
5639	16775
5640	18192
5641	19446
5642	12800
5643	12804
5644	19076
5645	19802
5646	27304
5647	12807
5648	13667
5649	14108
5650	16785
5651	17388
5652	17832
5653	12813
5654	15989
5655	31293
5656	21009
5657	12845
5658	15125
5659	12868
5660	12922
5661	13163
5662	17706
5663	21640
5664	22077
5665	24742
5666	12873
5667	24229
5668	30886
5669	37154
5670	37155
5671	12880
5672	32729
5673	36667
5674	18555
5675	24644
5676	12903
5677	19871
5678	23520
5679	24758
5680	19499
5681	28673
5682	14779
5683	16314
5684	16478
5685	12918
5686	15130
5687	22800
5688	20398
5689	21359
5690	12924
5691	18988
5692	12928
5693	17433
5694	21724
5695	14674
5696	28243
5697	12960
5698	17167
5699	25396
5700	12963
5701	12964
5702	14510
5703	23283
5704	12996
5705	19327
5706	19795
5707	13009
5708	27960
5709	13020
5710	13035
5711	13167
5712	29677
5713	13038
5714	14155
5715	13039
5716	22602
5717	34707
5718	22677
5719	13053
5720	13054
5721	15306
5722	17116
5723	18904
5724	13058
5725	26079
5726	26080
5727	16091
5728	16175
5729	34343
5730	13901
5731	34176
5732	34177
5733	13115
5734	15696
5735	15879
5736	13121
5737	17633
5738	39811
5739	13129
5740	13912
5741	15344
5742	34835
5743	13130
5744	19618
5745	35325
5746	15607
5747	15630
5748	15631
5749	17609
5750	20337
5751	13146
5752	13828
5753	13829
5754	36722
5755	36723
5756	13158
5757	20796
5758	13162
5759	16368
5760	20911
5761	25549
5762	13168
5763	15875
5764	13171
5765	14125
5766	13174
5767	13992
5768	14290
5769	26535
5770	17569
5771	24309
5772	27733
5773	13221
5774	17280
5775	13225
5776	15752
5777	15757
5778	21585
5779	13283
5780	18082
5781	36615
5782	36616
5783	13338
5784	15309
5785	26792
5786	14304
5787	36737
5788	24775
5789	33425
5790	17090
5791	13453
5792	24508
5793	15826
5794	17728
5795	22604
5796	13601
5797	15402
5798	31256
5799	33311
5800	33498
5801	13609
5802	36159
5803	14474
5804	19379
5805	13690
5806	33157
5807	13752
5808	18521
5809	18522
5810	18523
5811	13778
5812	13817
5813	18472
5814	26566
5815	26567
5816	26577
5817	26845
5818	13849
5819	28573
5820	13860
5821	15704
5822	19198
5823	25511
5824	32413
5825	24580
5826	13904
5827	16787
5828	16788
5829	14617
5830	17522
5831	13961
5832	14123
5833	19011
5834	22704
5835	26717
5836	30283
5837	30284
5838	30285
5839	14018
5840	22823
5841	14023
5842	19897
5843	27018
5844	30861
5845	36973
5846	14028
5847	18347
5848	18375
5849	14506
5850	22062
5851	20875
5852	14068
5853	16794
5854	26612
5855	26613
5856	22138
5857	20976
5858	14084
5859	14085
5860	14822
5861	29098
5862	14104
5863	32017
5864	14107
5865	14117
5866	18729
5867	15603
5868	21403
5869	21426
5870	14124
5871	14131
5872	16110
5873	26615
5874	14135
5875	23731
5876	23980
5877	20891
5878	14170
5879	19317
5880	26616
5881	26618
5882	26619
5883	26623
5884	19853
5885	23531
5886	24002
5887	14249
5888	14260
5889	14261
5890	14263
5891	14264
5892	14250
5893	21800
5894	21880
5895	34242
5896	34243
5897	34244
5898	26607
5899	21795
5900	24692
5901	26609
5902	14272
5903	15714
5904	18054
5905	18361
5906	14276
5907	14280
5908	17365
5909	14289
5910	30639
5911	30640
5912	36732
5913	14343
5914	14367
5915	17003
5916	22033
5917	14347
5918	17931
5919	17934
5920	19588
5921	14702
5922	15730
5923	22332
5924	14358
5925	14360
5926	14821
5927	17613
5928	25096
5929	24555
5930	14670
5931	20578
5932	14371
5933	30843
5934	14372
5935	14373
5936	16967
5937	15094
5938	15095
5939	22026
5940	18445
5941	28669
5942	14390
5943	14391
5944	17720
5945	32926
5946	21018
5947	14403
5948	18564
5949	21949
5950	28554
5951	14411
5952	24751
5953	14443
5954	14444
5955	14703
5956	28851
5957	19989
5958	14460
5959	14461
5960	14462
5961	23511
5962	14955
5963	15155
5964	14490
5965	21246
5966	27188
5967	28283
5968	32437
5969	21986
5970	15223
5971	14569
5972	14570
5973	14571
5974	25181
5975	17207
5976	14531
5977	14537
5978	14557
5979	22373
5980	14550
5981	14560
5982	17304
5983	21042
5984	25886
5985	27749
5986	27822
5987	17169
5988	22132
5989	19746
5990	27422
5991	27323
5992	27583
5993	27584
5994	14564
5995	16097
5996	14607
5997	16813
5998	33738
5999	14609
6000	18308
6001	19867
6002	22183
6003	24785
6004	14871
6005	27820
6006	28639
6007	38259
6008	38260
6009	14666
6010	16230
6011	16934
6012	17031
6013	17424
6014	14684
6015	16454
6016	17386
6017	28525
6018	14694
6019	14824
6020	14701
6021	31232
6022	28903
6023	14710
6024	14711
6025	14712
6026	16320
6027	17190
6028	27147
6029	23130
6030	14765
6031	17959
6032	20908
6033	17100
6034	17269
6035	31907
6036	31908
6037	22910
6038	22977
6039	18287
6040	21338
6041	29409
6042	14805
6043	21458
6044	21638
6045	34436
6046	17025
6047	17418
6048	18043
6049	18193
6050	18202
6051	24075
6052	24269
6053	16154
6054	31611
6055	32418
6056	32419
6057	16378
6058	22524
6059	22221
6060	14872
6061	22163
6062	23494
6063	14956
6064	17408
6065	21274
6066	21275
6067	15060
6068	15061
6069	15062
6070	15377
6071	17951
6072	18023
6073	20910
6074	32317
6075	32318
6076	32319
6077	15208
6078	16966
6079	32069
6080	21078
6081	31947
6082	15076
6083	15077
6084	15078
6085	31881
6086	32063
6087	32840
6088	32955
6089	34509
6090	20333
6091	15106
6092	15107
6093	15108
6094	20815
6095	24289
6096	30187
6097	15110
6098	15111
6099	26469
6100	15114
6101	15115
6102	15634
6103	34532
6104	34533
6105	17376
6106	17545
6107	19458
6108	24367
6109	15144
6110	21976
6111	15153
6112	15154
6113	15968
6114	21378
6115	31487
6116	15158
6117	17646
6118	32252
6119	32838
6120	32839
6121	15183
6122	15275
6123	15410
6124	15411
6125	15440
6126	17822
6127	15185
6128	15444
6129	25188
6130	32057
6131	15199
6132	33567
6133	15687
6134	15932
6135	19138
6136	19186
6137	15211
6138	15427
6139	16070
6140	15456
6141	15231
6142	15232
6143	15233
6144	20544
6145	34326
6146	27441
6147	15262
6148	17051
6149	32169
6150	15272
6151	31257
6152	32024
6153	20794
6154	15318
6155	24370
6156	15285
6157	18031
6158	24219
6159	24478
6160	24479
6161	15292
6162	22258
6163	28536
6164	37052
6165	37053
6166	37054
6167	15897
6168	31387
6169	17111
6170	15325
6171	31259
6172	32740
6173	32743
6174	15328
6175	15333
6176	23167
6177	15369
6178	16926
6179	33407
6180	19293
6181	30145
6182	30196
6183	15380
6184	30505
6185	30511
6186	32081
6187	33270
6188	33365
6189	35363
6190	15390
6191	33408
6192	15396
6193	20527
6194	37778
6195	17045
6196	15405
6197	20797
6198	15428
6199	16351
6200	17281
6201	18325
6202	18326
6203	20313
6204	15429
6205	16696
6206	24220
6207	24286
6208	32025
6209	20882
6210	20883
6211	22256
6212	15462
6213	18331
6214	27533
6215	27659
6216	15499
6217	20163
6218	15599
6219	16988
6220	32833
6221	16835
6222	27773
6223	17958
6224	15635
6225	15636
6226	15637
6227	15639
6228	32582
6229	15671
6230	22561
6231	15653
6232	21354
6233	23138
6234	23139
6235	15660
6236	17119
6237	15661
6238	20412
6239	15666
6240	15667
6241	15677
6242	20512
6243	25091
6244	29374
6245	15688
6246	15689
6247	15690
6248	15692
6249	19616
6250	23707
6251	32246
6252	15697
6253	24489
6254	24490
6255	24491
6256	15716
6257	22766
6258	24909
6259	34258
6260	15729
6261	22753
6262	31811
6263	15731
6264	17788
6265	17797
6266	22976
6267	29344
6268	19860
6269	18399
6270	20312
6271	15770
6272	15781
6273	15782
6274	25638
6275	30854
6276	19278
6277	30822
6278	25190
6279	34471
6280	20612
6281	22153
6282	22164
6283	15813
6284	19188
6285	15852
6286	15869
6287	15870
6288	23599
6289	27358
6290	18916
6291	15914
6292	20750
6293	20756
6294	15931
6295	31922
6296	15934
6297	15935
6298	15936
6299	15937
6300	15933
6301	20331
6302	15939
6303	15938
6304	22227
6305	23975
6306	34456
6307	15943
6308	17605
6309	15948
6310	16420
6311	22307
6312	19983
6313	16093
6314	16489
6315	21672
6316	15958
6317	16031
6318	16032
6319	16033
6320	16199
6321	22162
6322	22275
6323	27086
6324	15967
6325	18067
6326	18077
6327	20617
6328	22229
6329	20874
6330	21923
6331	28254
6332	28346
6333	28450
6334	15969
6335	16421
6336	23959
6337	27040
6338	27041
6339	15971
6340	15973
6341	15974
6342	16063
6343	16270
6344	15984
6345	16128
6346	15991
6347	16098
6348	20662
6349	15997
6350	15998
6351	16146
6352	16147
6353	16205
6354	16467
6355	27430
6356	16029
6357	35180
6358	16512
6359	27165
6360	27372
6361	27423
6362	32644
6363	37486
6364	16045
6365	19089
6366	25105
6367	23129
6368	16453
6369	16068
6370	16224
6371	38942
6372	38949
6373	38950
6374	16254
6375	16798
6376	28471
6377	16087
6378	16426
6379	20482
6380	28169
6381	28170
6382	32408
6383	32409
6384	16088
6385	16319
6386	18070
6387	27553
6388	16096
6389	16114
6390	16364
6391	16109
6392	16461
6393	39362
6394	19190
6395	20585
6396	21386
6397	21635
6398	16117
6399	16118
6400	21430
6401	17162
6402	22074
6403	16124
6404	17193
6405	19135
6406	19137
6407	20444
6408	16129
6409	20680
6410	32333
6411	32334
6412	16131
6413	35193
6414	35306
6415	35283
6416	20804
6417	28518
6418	31327
6419	16182
6420	27480
6421	28604
6422	16206
6423	23191
6424	16207
6425	18063
6426	22310
6427	16210
6428	23718
6429	16234
6430	16235
6431	17336
6432	35230
6433	22388
6434	20397
6435	17952
6436	18118
6437	16275
6438	16829
6439	24398
6440	16283
6441	20294
6442	29935
6443	37815
6444	38717
6445	38718
6446	24074
6447	24394
6448	16350
6449	16352
6450	21398
6451	39379
6452	31889
6453	31890
6454	16354
6455	28527
6456	28532
6457	36833
6458	16356
6459	22415
6460	23124
6461	25863
6462	28167
6463	28168
6464	30958
6465	30961
6466	18969
6467	16415
6468	16928
6469	28620
6470	22579
6471	35226
6472	23064
6473	23983
6474	21103
6475	20311
6476	16511
6477	16548
6478	16827
6479	18354
6480	16587
6481	21584
6482	16662
6483	16663
6484	42628
6485	42629
6486	42630
6487	42632
6488	16702
6489	42019
6490	42020
6491	16750
6492	41981
6493	41982
6494	41983
6495	16701
6496	16729
6497	16719
6498	41997
6499	41998
6500	24087
6501	24446
6502	16778
6503	17482
6504	20669
6505	22941
6506	16782
6507	16783
6508	28637
6509	32586
6510	19241
6511	27171
6512	32154
6513	24298
6514	16810
6515	16821
6516	16822
6517	22548
6518	30503
6519	33459
6520	16830
6521	26889
6522	27836
6523	31916
6524	16834
6525	16836
6526	24304
6527	16837
6528	16838
6529	17123
6530	30492
6531	30496
6532	32943
6533	18529
6534	16844
6535	16857
6536	16847
6537	16848
6538	16852
6539	19865
6540	16878
6541	16880
6542	16940
6543	17001
6544	43011
6545	24348
6546	27843
6547	27844
6548	28603
6549	18016
6550	30111
6551	30246
6552	20008
6553	42994
6554	42995
6555	16930
6556	43010
6557	16937
6558	16977
6559	33696
6560	16943
6561	24762
6562	16945
6563	25861
6564	16973
6565	26000
6566	31860
6567	30216
6568	16981
6569	16982
6570	39024
6571	17176
6572	43002
6573	17096
6574	17671
6575	32186
6576	17044
6577	33453
6578	17071
6579	17227
6580	17088
6581	17140
6582	17095
6583	32228
6584	32293
6585	17099
6586	25868
6587	17292
6588	21203
6589	22231
6590	25754
6591	22828
6592	17156
6593	17158
6594	20547
6595	17186
6596	17920
6597	18698
6598	20925
6599	17182
6600	24460
6601	24845
6602	32329
6603	32330
6604	17357
6605	17358
6606	17194
6607	19481
6608	17254
6609	17398
6610	20542
6611	17214
6612	22935
6613	31319
6614	19077
6615	17235
6616	17236
6617	22434
6618	22435
6619	23062
6620	17636
6621	17463
6622	17305
6623	27622
6624	32250
6625	29119
6626	17377
6627	17383
6628	22296
6629	24678
6630	27298
6631	27623
6632	19620
6633	29112
6634	17396
6635	24553
6636	17409
6637	18042
6638	17417
6639	19549
6640	17443
6641	20912
6642	32082
6643	32283
6644	32284
6645	32285
6646	32286
6647	17458
6648	20399
6649	32417
6650	17506
6651	17515
6652	17516
6653	17541
6654	17552
6655	17514
6656	17517
6657	27930
6658	22987
6659	27851
6660	27901
6661	17533
6662	17534
6663	21038
6664	21039
6665	28114
6666	17540
6667	19230
6668	28117
6669	23730
6670	27903
6671	17562
6672	17607
6673	25499
6674	17582
6675	27871
6676	27981
6677	17596
6678	27026
6679	27036
6680	27057
6681	27838
6682	19007
6683	19770
6684	24903
6685	18671
6686	22995
6687	23740
6688	19172
6689	19178
6690	17637
6691	17800
6692	34417
6693	17657
6694	17813
6695	24012
6696	24013
6697	26791
6698	21322
6699	32509
6700	23952
6701	17700
6702	32583
6703	20495
6704	17731
6705	19043
6706	32424
6707	39758
6708	39759
6709	17752
6710	23166
6711	23173
6712	31245
6713	17775
6714	20876
6715	21327
6716	17786
6717	19420
6718	19223
6719	22247
6720	22249
6721	17810
6722	35217
6723	33304
6724	17928
6725	17929
6726	17930
6727	21033
6728	23966
6729	32440
6730	20595
6731	17946
6732	17947
6733	18084
6734	18543
6735	18549
6736	26862
6737	30641
6738	38305
6739	21580
6740	19881
6741	19882
6742	17981
6743	30113
6744	31262
6745	33403
6746	33404
6747	17995
6748	30165
6749	30182
6750	30228
6751	33493
6752	22957
6753	31336
6754	31337
6755	18044
6756	18045
6757	18831
6758	18062
6759	18145
6760	18146
6761	18083
6762	18085
6763	21388
6764	18129
6765	22255
6766	23525
6767	23526
6768	24789
6769	29774
6770	19316
6771	23351
6772	18143
6773	18144
6774	18547
6775	18548
6776	23210
6777	18171
6778	26413
6779	30525
6780	30908
6781	35520
6782	18190
6783	18197
6784	18221
6785	21747
6786	29632
6787	18206
6788	18211
6789	18219
6790	18212
6791	18213
6792	27042
6793	18200
6794	18205
6795	21169
6796	18208
6797	22024
6798	18222
6799	22063
6800	27837
6801	27621
6802	18346
6803	18349
6804	23018
6805	23019
6806	20492
6807	20493
6808	18439
6809	30959
6810	33781
6811	18489
6812	26802
6813	20439
6814	20440
6815	35066
6816	18505
6817	28509
6818	32585
6819	38269
6820	38270
6821	18525
6822	18526
6823	18528
6824	19556
6825	19558
6826	28328
6827	27445
6828	29320
6829	18596
6830	18620
6831	19482
6832	20916
6833	21028
6834	18624
6835	18699
6836	18700
6837	18627
6838	18637
6839	21670
6840	18640
6841	18641
6842	20572
6843	20573
6844	18676
6845	18680
6846	18706
6847	18692
6848	33985
6849	33986
6850	18677
6851	33107
6852	28172
6853	28173
6854	18733
6855	20761
6856	21043
6857	18816
6858	23757
6859	18821
6860	23066
6861	28552
6862	29256
6863	35167
6864	18902
6865	19320
6866	22969
6867	25455
6868	20832
6869	33101
6870	23631
6871	23632
6872	22232
6873	31998
6874	19085
6875	22659
6876	37075
6877	20459
6878	19177
6879	31378
6880	23231
6881	20602
6882	19220
6883	27531
6884	38979
6885	38980
6886	25341
6887	27920
6888	27921
6889	19239
6890	19261
6891	25103
6892	19277
6893	19294
6894	19295
6895	19803
6896	24744
6897	22306
6898	21034
6899	34569
6900	19323
6901	23625
6902	23626
6903	25063
6904	25059
6905	26967
6906	36812
6907	19568
6908	29264
6909	29445
6910	28846
6911	23077
6912	21554
6913	29308
6914	19613
6915	35279
6916	21025
6917	21036
6918	24556
6919	25065
6920	19855
6921	19856
6922	25134
6923	29737
6924	29725
6925	29742
6926	29758
6927	19857
6928	19862
6929	19863
6930	19864
6931	19869
6932	25933
6933	19868
6934	29748
6935	29815
6936	29911
6937	29915
6938	19876
6939	19878
6940	26723
6941	19895
6942	25479
6943	21896
6944	26737
6945	29450
6946	29451
6947	20001
6948	20039
6949	43050
6950	20160
6951	20197
6952	32445
6953	20170
6954	20198
6955	20199
6956	22381
6957	20200
6958	20201
6959	20443
6960	31681
6961	20334
6962	34479
6963	20653
6964	20363
6965	32375
6966	20372
6967	27228
6968	20430
6969	32188
6970	20517
6971	33057
6972	33090
6973	20456
6974	23527
6975	20511
6976	33806
6977	33871
6978	32203
6979	32204
6980	20530
6981	20531
6982	32348
6983	34274
6984	35250
6985	42890
6986	20543
6987	20545
6988	20546
6989	35251
6990	27159
6991	20575
6992	25599
6993	29456
6994	20579
6995	23165
6996	22054
6997	22421
6998	22507
6999	39546
7000	39680
7001	27464
7002	34427
7003	20718
7004	20726
7005	20994
7006	20767
7007	21744
7008	29426
7009	20791
7010	20792
7011	20810
7012	30121
7013	20817
7014	30965
7015	30254
7016	33481
7017	20818
7018	29248
7019	22152
7020	31249
7021	32982
7022	20829
7023	33669
7024	20831
7025	26873
7026	20886
7027	20887
7028	33127
7029	35038
7030	37055
7031	21607
7032	20917
7033	20918
7034	22016
7035	43425
7036	43426
7037	25055
7038	25056
7039	25945
7040	23100
7041	22262
7042	21053
7043	24054
7044	24264
7045	24397
7046	24411
7047	24412
7048	21084
7049	34457
7050	21212
7051	27179
7052	27180
7053	21348
7054	21361
7055	22150
7056	22151
7057	21349
7058	21362
7059	21341
7060	21342
7061	21379
7062	21355
7063	21360
7064	21589
7065	23163
7066	23164
7067	21592
7068	39093
7069	39094
7070	24958
7071	21519
7072	21888
7073	21605
7074	33884
7075	33885
7076	21645
7077	21646
7078	34510
7079	29090
7080	23480
7081	36461
7082	21736
7083	34233
7084	38490
7085	21774
7086	21775
7087	24257
7088	24359
7089	24448
7090	24449
7091	24450
7092	26472
7093	26610
7094	21802
7095	21803
7096	21823
7097	35059
7098	21891
7099	21892
7100	21893
7101	21927
7102	21938
7103	21939
7104	21894
7105	21925
7106	21926
7107	24514
7108	24515
7109	43622
7110	21941
7111	21943
7112	22142
7113	24645
7114	34174
7115	34175
7116	23919
7117	23112
7118	23113
7119	25862
7120	22289
7121	26133
7122	26134
7123	26135
7124	34516
7125	31920
7126	31921
7127	31999
7128	32000
7129	22439
7130	39468
7131	22119
7132	22418
7133	22853
7134	30967
7135	25408
7136	25409
7137	28271
7138	28272
7139	28470
7140	25733
7141	39781
7142	39782
7143	39783
7144	39784
7145	22238
7146	22242
7147	22241
7148	22864
7149	39616
7150	39582
7151	22251
7152	22254
7153	22290
7154	28836
7155	22298
7156	22299
7157	24312
7158	24343
7159	24809
7160	33421
7161	22315
7162	23981
7163	26922
7164	22301
7165	34515
7166	34517
7167	24899
7168	23687
7169	23706
7170	23734
7171	23770
7172	37072
7173	22391
7174	22407
7175	39665
7176	28174
7177	22642
7178	22643
7179	22450
7180	25759
7181	39515
7182	39733
7183	39734
7184	39735
7185	39439
7186	22534
7187	39517
7188	22582
7189	24310
7190	33158
7191	22668
7192	22785
7193	22818
7194	39605
7195	39606
7196	23972
7197	25094
7198	34404
7199	22973
7200	36989
7201	37011
7202	26322
7203	32631
7204	32632
7205	37657
7206	23101
7207	23109
7208	23119
7209	23120
7210	30526
7211	27330
7212	39360
7213	39361
7214	23133
7215	23134
7216	33661
7217	38137
7218	30136
7219	32111
7220	33197
7221	33214
7222	33244
7223	23174
7224	23175
7225	30107
7226	30119
7227	30235
7228	30251
7229	34771
7230	34772
7231	23177
7232	23552
7233	23288
7234	31019
7235	23519
7236	24793
7237	30924
7238	24791
7239	38342
7240	38343
7241	38344
7242	42097
7243	23638
7244	23639
7245	23640
7246	37176
7247	23670
7248	23726
7249	23708
7250	24209
7251	37082
7252	23738
7253	25887
7254	37071
7255	23771
7256	23839
7257	28097
7258	23859
7259	23860
7260	23861
7261	24414
7262	31817
7263	23953
7264	32940
7265	23973
7266	27493
7267	27763
7268	27764
7269	28171
7270	26447
7271	26563
7272	28124
7273	27605
7274	24052
7275	42376
7276	24053
7277	24434
7278	27164
7279	24056
7280	24248
7281	24288
7282	24205
7283	24143
7284	24290
7285	24237
7286	31871
7287	32980
7288	32981
7289	24401
7290	24404
7291	24299
7292	24314
7293	24357
7294	24361
7295	36035
7296	36036
7297	24400
7298	24435
7299	24436
7300	24437
7301	31875
7302	24554
7303	29573
7304	35080
7305	35081
7306	24616
7307	25093
7308	24985
7309	24759
7310	24765
7311	33259
7312	32862
7313	25931
7314	25932
7315	42726
7316	24847
7317	34644
7318	24897
7319	24898
7320	24900
7321	31015
7322	34627
7323	25041
7324	25042
7325	25044
7326	34659
7327	34630
7328	34631
7329	37162
7330	37163
7331	37164
7332	37165
7333	25064
7334	25066
7335	32223
7336	32224
7337	25067
7338	30955
7339	25095
7340	31962
7341	32345
7342	29564
7343	29566
7344	29569
7345	29581
7346	29871
7347	27558
7348	29247
7349	25274
7350	32615
7351	32616
7352	25303
7353	29429
7354	25398
7355	25399
7356	25400
7357	32581
7358	41569
7359	41570
7360	28497
7361	35181
7362	25758
7363	39666
7364	25776
7365	32410
7366	25866
7367	25885
7368	25991
7369	25998
7370	27138
7371	27139
7372	26082
7373	26036
7374	26103
7375	31866
7376	26197
7377	26198
7378	26306
7379	26307
7380	30686
7381	26470
7382	35261
7383	26840
7384	36037
7385	31994
7386	31995
7387	26736
7388	26776
7389	29479
7390	38684
7391	38685
7392	26813
7393	30634
7394	26849
7395	26954
7396	26955
7397	26985
7398	26986
7399	28209
7400	35237
7401	36769
7402	27030
7403	27039
7404	27173
7405	27186
7406	31700
7407	38381
7408	38385
7409	27253
7410	27254
7411	27255
7412	27450
7413	43093
7414	43094
7415	43095
7416	27306
7417	28636
7418	28913
7419	30194
7420	27559
7421	29345
7422	29346
7423	30709
7424	36617
7425	33131
7426	38245
7427	38285
7428	34524
7429	38389
7430	34342
7431	28534
7432	28535
7433	28537
7434	28570
7435	30501
7436	31957
7437	31958
7438	35065
7439	34416
7440	28661
7441	28674
7442	29099
7443	28668
7444	37914
7445	38107
7446	38108
7447	38109
7448	28677
7449	29155
7450	29128
7451	28908
7452	28909
7453	37915
7454	37976
7455	30355
7456	30356
7457	33135
7458	33136
7459	31186
7460	31187
7461	31188
7462	29913
7463	29814
7464	29836
7465	29914
7466	29916
7467	29917
7468	29918
7469	30103
7470	30261
7471	34708
7472	30105
7473	30144
7474	30245
7475	30106
7476	34717
7477	30223
7478	30118
7479	30143
7480	33512
7481	30131
7482	30132
7483	30134
7484	30222
7485	34786
7486	33475
7487	34844
7488	33574
7489	33575
7490	33510
7491	33511
7492	33488
7493	33271
7494	30521
7495	30925
7496	30811
7497	30821
7498	30828
7499	38720
7500	30820
7501	30827
7502	33899
7503	39092
7504	38721
7505	43669
7506	30894
7507	30895
7508	30905
7509	30939
7510	30940
7511	30948
7512	30966
7513	31014
7514	31016
7515	34624
7516	33231
7517	32964
7518	33251
7519	31527
7520	38404
7521	38405
7522	31809
7523	32846
7524	33252
7525	31914
7526	31915
7527	33103
7528	31862
7529	31876
7530	32923
7531	32924
7532	32946
7533	32969
7534	38297
7535	38298
7536	38299
7537	39090
7538	39091
7539	31931
7540	32841
7541	32842
7542	39822
7543	39823
7544	39824
7545	39825
7546	39826
7547	31895
7548	31992
7549	31925
7550	31926
7551	31927
7552	31928
7553	31929
7554	31930
7555	32104
7556	32105
7557	32425
7558	32426
7559	31973
7560	31974
7561	34961
7562	33797
7563	32083
7564	32096
7565	32106
7566	32107
7567	32367
7568	33708
7569	33825
7570	33826
7571	33250
7572	32584
7573	38256
7574	35208
7575	33487
7576	32973
7577	33867
7578	33868
7579	38345
7580	33426
7581	35095
7582	33484
7583	33485
7584	32972
7585	36896
7586	36897
7587	41199
7588	33198
7589	33243
7590	33288
7591	33289
7592	33429
7593	34907
7594	33789
7595	33790
7596	33791
7597	33458
7598	33479
7599	33480
7600	33997
7601	42711
7602	42712
7603	38301
7604	38304
7605	38306
7606	38307
7607	34275
7608	34371
7609	34395
7610	42884
7611	42885
7612	42886
7613	34337
7614	34462
7615	36811
7616	35231
7617	35232
7618	35233
7619	38398
7620	39047
7621	39048
7622	39049
7623	42633
7624	36821
7625	36837
7626	36820
7627	38483
7628	38495
7629	38497
7630	38083
7631	38296
7632	39785
7633	39786
7634	37936
7635	37916
7636	37954
7637	37996
7638	37979
7639	37984
7640	43678
7641	43679
7642	38302
7643	38303
7644	38499
7645	38390
7646	38391
7647	38508
7648	39545
7649	39760
7650	39761
7651	41386
7652	41387
7653	42737
7654	43047
7655	43048
7656	43049
