10100	11184
10100	12434
10100	15693
10152	24510
10152	32335
10152	32411
10166	10460
10166	10553
10166	11967
10166	14484
10166	17485
10166	17486
10170	12908
10170	19563
10170	21682
10170	21684
10170	21685
10194	14049
10218	12753
10218	12940
10218	17838
10218	17839
10218	17840
10298	12503
10298	12507
10298	12508
10298	12509
10313	11161
10321	11175
10321	14770
10321	14771
10321	14772
10333	14858
10333	14860
10363	16113
10363	17811
10363	19235
10363	22856
10363	32014
10365	10561
10365	15665
10365	22237
10368	17442
10368	20997
10368	20998
10368	20999
10368	21000
10368	21004
10376	12097
10376	14773
10376	14775
10376	14776
10376	14777
10376	14778
10381	11165
10381	12701
10381	14863
10381	15663
10381	15664
10389	12245
10389	12249
10397	10455
10397	14547
10397	25875
10419	14115
10419	29584
10431	14377
10437	10705
10437	11278
10455	11161
10455	17256
10468	15811
10474	10475
10474	11521
10475	11503
10475	22044
10486	10488
10486	10753
10488	10621
10488	20679
10495	19240
10495	20583
10495	22334
10498	10672
10498	10836
10498	11637
10498	19071
10498	19072
10498	21652
10521	10674
10521	11084
10521	15811
10524	17139
10524	20679
10524	21590
10524	21686
10524	24670
10526	11396
10526	20429
10526	20529
10528	10757
10528	21681
10530	11309
10530	13432
10530	21804
10530	23844
10530	31883
10545	14094
10553	11458
10553	13556
10553	14239
10553	14749
10553	20936
10553	26304
10561	16499
10561	17944
10561	19933
10566	14069
10566	16919
10609	15691
10622	14840
10622	14841
10622	24356
10622	37428
10635	10661
10635	10735
10635	10742
10642	12691
10642	13021
10642	14714
10646	10766
10646	13365
10646	13445
10646	14292
10646	18441
10646	26576
10655	19321
10661	10735
10661	14499
10661	14565
10661	17957
10672	11637
10672	11638
10672	11639
10672	15787
10672	18657
10674	17631
10674	31455
10674	31676
10674	31794
10674	31819
10681	21496
10685	12959
10685	19612
10685	20447
10691	12418
10691	13589
10691	13903
10691	16957
10691	21978
10697	17668
10697	17669
10697	17673
10697	25108
10697	34719
10698	11293
10698	13104
10698	17610
10698	18675
10698	22959
10705	11278
10705	16868
10705	20172
10705	25859
10705	25860
10717	18184
10721	12701
10721	12755
10721	17914
10724	10799
10724	15069
10730	10731
10731	12936
10731	18098
10731	21721
10731	21722
10731	30962
10735	14075
10747	13886
10747	14115
10747	14501
10747	14502
10759	15898
10768	10769
10768	16800
10768	26988
10768	27058
10775	10776
10775	14551
10775	17234
10775	18926
10776	11740
10776	15893
10776	17723
10776	18517
10776	24031
10776	30517
10799	19205
10810	11500
10810	20611
10810	20643
10810	20644
10810	22730
10859	10860
10859	10886
10859	16035
10859	37671
10875	10925
10875	14408
10886	12107
10886	18690
10886	21044
10893	12519
10893	12542
10893	16765
10898	10913
10898	17070
10898	19148
10925	11844
10925	15681
10925	19725
11046	11142
11046	11229
11046	12519
11046	19912
11046	23838
11046	31341
11081	11240
11081	12268
11081	14930
11081	15925
11083	11596
11083	11684
11083	22274
11084	11206
11084	16083
11084	16198
11084	22837
11092	11203
11092	29026
11109	12850
11109	14115
11109	18087
11109	19319
11111	17237
11111	19322
11111	21676
11111	21681
11115	11116
11115	11117
11116	11117
11117	11201
11117	16052
11117	16157
11117	16447
11125	13110
11125	15966
11125	18184
11125	21687
11125	21688
11126	14556
11126	14964
11126	16290
11136	12752
11136	20659
11141	11293
11141	11317
11141	15629
11141	20560
11142	31989
11142	31991
11143	11368
11143	16271
11143	27215
11161	13051
11161	36119
11167	11614
11167	24445
11167	37080
11167	37081
11175	11364
11175	11666
11175	14772
11184	13353
11184	14792
11184	36736
11201	16052
11201	20830
11201	26620
11203	12498
11203	12911
11203	14501
11203	19445
11203	29026
11204	16495
11204	26956
11206	11596
11206	14052
11206	16331
11217	15955
11219	14052
11219	16414
11219	20640
11219	20661
11222	11223
11222	15930
11223	18339
11223	21977
11229	12519
11229	29050
11229	29051
11231	11309
11231	16942
11239	11240
11239	18670
11239	22930
11240	12498
11240	17248
11240	23106
11240	23118
11278	17122
11278	25954
11278	31403
11287	11309
11287	11328
11287	24908
11287	26399
11291	11293
11291	14763
11291	14764
11293	14763
11293	14764
11309	11329
11309	13212
11317	19804
11317	20560
11321	14776
11321	25636
11325	11329
11325	11674
11325	11741
11325	26345
11329	11703
11335	11336
11336	15966
11336	27435
11344	14363
11344	20221
11344	20222
11355	11427
11355	18138
11355	24787
11355	24788
11368	17686
11371	11405
11371	17878
11373	11374
11373	11866
11373	11869
11374	11838
11374	11848
11391	15988
11391	16326
11391	16327
11395	11396
11395	41370
11395	41372
11396	11535
11396	11613
11405	11433
11405	16035
11405	17878
11405	21463
11405	22146
11406	11413
11413	18462
11427	23516
11429	14652
11429	41367
11429	41368
11429	41369
11433	12987
11433	16035
11433	22146
11459	21688
11459	22225
11459	27307
11483	11674
11490	22123
11500	17145
11500	17631
11500	18910
11500	20643
11500	20644
11506	18395
11506	19079
11521	17070
11523	11524
11523	11525
11523	11555
11524	11525
11524	11555
11524	13083
11524	32362
11525	11555
11535	11613
11535	13471
11536	11537
11536	12633
11536	13092
11536	15916
11537	27174
11539	12055
11539	12056
11539	12544
11539	12915
11539	15678
11539	18244
11575	11576
11576	17446
11576	21604
11586	18631
11586	18774
11586	18785
11586	18859
11586	24041
11609	14498
11609	22350
11609	22414
11614	17218
11624	11625
11624	11626
11624	11627
11625	11626
11625	11627
11626	11627
11626	12977
11626	20454
11627	14488
11627	20453
11627	20454
11627	33062
11637	11638
11637	11639
11637	12770
11638	11639
11639	15787
11639	27300
11666	22171
11666	28610
11666	29237
11666	30635
11677	12901
11677	18638
11677	26747
11684	16034
11698	11699
11699	13141
11699	16407
11699	19312
11703	12631
11703	15097
11703	15098
11703	17686
11740	18517
11740	30517
11761	11762
11762	14179
11762	41396
11769	18670
11769	20999
11769	23679
11769	23712
11836	11837
11836	19883
11837	12756
11837	20153
11837	21017
11838	11848
11842	11844
11844	32212
11847	11848
11848	11870
11850	11851
11850	11852
11850	11853
11851	11852
11851	11853
11852	11853
11852	25954
11858	20173
11867	14485
11867	18746
11867	23867
11867	23868
11869	17470
11871	20154
11871	34415
11888	11890
11888	18209
11888	28553
11890	14686
11890	19988
11890	22294
11890	29115
11890	29449
11896	12542
11896	12851
11944	13233
11967	12077
11967	17097
11967	19265
11967	23116
11967	23117
11990	16843
11999	14485
11999	18258
11999	18259
12005	13391
12005	24487
12005	27053
12005	27190
12055	12056
12055	12544
12056	12544
12056	20990
12077	19265
12077	23116
12077	23117
12107	13689
12107	15691
12107	21044
12204	12206
12204	12207
12206	12207
12206	14239
12206	26229
12206	26827
12206	30724
12207	15913
12207	17853
12207	37416
12207	37417
12245	15069
12245	30812
12245	33906
12245	34568
12245	42036
12249	16495
12249	33865
12255	12256
12255	21501
12255	23081
12255	24362
12268	13092
12268	18497
12357	19496
12372	16226
12372	16274
12372	16987
12372	18052
12398	14376
12398	14705
12418	16881
12438	12439
12438	12440
12438	12441
12438	12442
12439	12440
12439	12441
12439	12442
12439	15273
12440	12441
12440	12442
12441	12442
12442	19984
12443	23579
12448	12899
12448	12915
12464	12465
12464	21942
12464	29480
12464	32218
12464	33998
12465	12543
12465	29480
12487	12488
12487	12831
12487	20171
12487	20733
12487	21980
12487	23910
12487	34141
12488	19590
12494	28888
12498	19445
12507	14671
12507	15378
12507	17252
12508	16139
12508	19725
12508	20503
12508	22060
12509	20503
12509	22133
12509	22137
12516	14852
12516	15954
12519	24316
12523	12739
12523	19367
12523	19852
12523	29484
12528	12551
12528	12552
12528	12831
12542	12851
12543	29480
12544	29237
12551	12552
12551	15090
12551	15116
12551	15117
12574	12575
12574	12576
12574	13120
12574	18408
12574	18412
12575	12576
12575	13120
12575	18408
12575	18412
12577	13364
12577	26329
12577	36878
12582	12601
12582	12679
12582	13233
12582	13734
12582	15727
12582	15816
12592	13150
12592	13345
12596	13134
12596	26848
12599	13120
12599	13903
12616	12617
12616	12673
12616	23178
12616	26718
12617	12692
12631	17686
12633	13092
12633	13169
12633	15886
12633	20888
12649	12673
12649	13063
12649	26024
12649	26059
12660	15305
12666	17647
12666	25917
12666	32941
12666	39849
12666	39850
12666	39851
12667	19263
12667	28062
12679	13734
12679	13802
12679	24014
12691	12692
12691	13021
12691	14714
12691	19328
12691	23655
12691	28063
12692	14024
12692	26327
12701	12752
12701	14051
12701	28453
12701	29061
12702	14344
12702	14363
12702	20574
12716	19577
12716	23516
12719	13997
12719	15055
12719	18728
12722	14377
12722	14825
12722	27059
12737	12765
12737	15055
12737	18138
12737	20889
12739	14171
12739	18139
12747	14552
12747	14852
12752	14051
12752	20237
12756	12769
12756	14275
12756	18542
12756	27747
12757	12901
12757	18711
12762	20977
12762	22488
12762	22489
12764	14352
12764	15142
12764	26471
12765	29243
12770	15693
12770	16775
12770	18192
12770	19446
12800	12901
12804	19076
12804	19802
12804	27304
12807	12850
12807	13667
12807	14108
12807	16785
12807	17388
12807	17832
12813	15989
12813	31293
12831	15142
12831	21009
12831	21980
12845	13689
12845	15691
12850	13233
12850	15125
12850	16785
12850	18087
12868	12922
12868	13163
12868	17706
12868	21640
12868	22077
12868	24742
12873	24229
12873	30886
12873	37154
12873	37155
12880	32729
12880	36667
12901	18555
12901	24644
12903	13051
12903	19871
12903	23520
12903	24758
12908	19499
12908	28673
12911	14779
12911	16314
12911	16478
12915	15678
12918	15130
12918	16987
12918	22800
12922	20398
12922	21359
12922	21640
12924	18988
12928	12977
12928	17433
12936	18098
12936	21721
12936	21722
12936	21724
12936	25108
12940	14674
12940	28243
12959	22414
12960	17167
12960	25396
12963	12964
12963	14510
12963	23283
12996	19327
12996	19795
13009	20990
13009	27960
13020	13035
13020	13167
13020	29677
13021	13038
13021	14714
13035	14155
13038	13039
13038	22602
13039	34707
13051	19871
13051	22677
13053	13054
13054	15306
13054	17116
13054	18904
13058	13063
13058	26079
13058	26080
13083	16091
13083	16175
13083	34343
13092	15916
13104	13901
13104	17610
13110	34176
13110	34177
13115	13150
13115	13471
13115	15696
13115	15879
13120	17256
13121	17633
13121	39811
13129	13912
13129	15344
13129	34835
13130	19618
13130	35325
13134	13689
13141	15607
13141	15630
13141	15631
13141	17609
13141	20337
13146	13364
13146	13828
13146	13829
13150	36722
13150	36723
13158	20796
13162	16368
13167	13432
13167	20911
13167	25549
13168	13169
13169	15875
13171	14125
13174	13992
13174	14290
13174	26535
13212	17569
13212	24309
13212	27733
13221	17280
13221	18728
13221	21501
13225	15752
13225	15757
13233	16800
13233	21585
13283	17633
13283	18082
13283	36615
13283	36616
13338	15309
13338	17631
13338	26792
13353	14304
13353	36736
13353	36737
13364	13828
13364	13829
13391	24487
13391	24775
13391	27053
13391	27190
13391	33425
13432	17090
13453	24508
13471	15826
13556	14749
13589	17728
13589	22604
13601	15402
13601	31256
13601	33311
13601	33498
13609	36159
13667	17388
13689	14474
13689	15691
13689	19379
13690	14763
13690	33157
13734	24014
13752	18521
13752	18522
13752	18523
13778	15879
13817	18472
13817	26566
13817	26567
13817	26577
13817	26845
13828	13829
13849	28573
13860	14290
13886	15306
13886	15704
13886	19198
13886	25511
13886	32413
13903	21978
13903	24580
13904	16787
13904	16788
13912	14617
13912	17522
13961	14123
13961	16139
13961	19011
13961	22704
13961	26717
13992	30283
13992	30284
13992	30285
14018	14123
14018	22823
14023	19367
14023	19897
14023	27018
14023	30861
14023	36973
14024	26327
14028	15727
14028	18347
14028	18375
14049	14506
14049	22062
14051	20875
14052	15955
14052	16414
14068	14069
14068	16794
14068	25954
14068	26612
14068	26613
14069	16495
14069	22138
14075	20976
14075	20977
14084	14085
14084	14671
14094	14822
14094	17097
14094	29098
14104	14822
14104	32017
14107	14108
14107	14117
14108	18729
14115	15603
14115	15665
14117	22704
14123	15142
14123	21403
14123	21426
14124	14125
14124	17090
14131	16110
14131	16478
14131	26615
14135	23731
14135	23980
14155	18631
14155	20891
14170	19317
14170	26616
14170	26618
14170	26619
14170	26623
14171	19853
14179	23531
14239	24002
14239	30724
14249	14260
14249	14261
14249	14263
14249	14264
14250	14260
14250	21800
14250	21880
14250	34242
14250	34243
14250	34244
14260	26607
14264	17631
14264	21795
14264	24692
14264	26609
14272	15714
14272	15954
14272	18054
14272	18361
14275	14276
14275	18542
14280	17365
14289	14290
14292	30639
14292	30640
14304	26566
14304	36732
14343	14367
14343	17003
14343	22033
14347	17931
14347	17934
14347	19588
14352	14702
14352	15730
14352	22332
14358	14360
14358	14377
14358	14821
14358	17613
14360	14674
14360	17145
14360	17167
14360	25096
14363	24555
14367	14670
14367	17003
14367	20578
14371	14377
14371	30843
14372	14373
14372	16967
14373	15094
14373	15095
14373	22026
14376	14705
14376	18445
14376	28669
14377	27059
14390	14391
14390	17720
14390	32926
14391	21018
14403	18564
14403	21949
14403	28554
14408	23579
14411	24751
14443	14444
14443	14703
14443	28851
14444	19989
14460	14461
14460	14462
14460	16868
14460	23511
14461	14462
14461	14955
14461	16868
14461	23511
14462	14955
14474	15155
14474	19379
14484	17486
14485	14490
14485	23868
14488	21246
14488	27188
14488	28283
14488	32437
14490	21986
14499	15223
14501	14502
14502	14569
14502	14570
14502	14571
14506	25181
14510	17207
14510	17470
14510	23283
14531	14556
14537	14557
14537	22123
14537	22373
14550	14560
14550	17304
14550	21042
14550	25886
14550	27749
14550	27822
14551	17169
14551	22132
14551	23679
14552	14852
14552	19746
14556	27422
14557	27323
14557	27583
14557	27584
14560	25886
14564	14565
14565	16097
14565	17957
14569	14570
14569	14571
14570	14571
14607	16813
14607	33738
14609	18308
14609	19496
14609	19867
14609	22183
14609	24785
14652	14871
14652	27820
14652	28639
14652	38259
14652	38260
14666	16230
14670	16934
14670	17003
14670	17031
14670	17424
14671	17252
14684	16454
14684	17386
14684	28525
14694	14824
14701	14702
14702	22332
14703	31232
14705	28903
14710	14711
14710	14712
14710	16320
14710	17122
14710	17190
14711	14712
14711	27147
14712	23130
14712	27147
14763	14764
14763	33157
14765	14792
14765	17959
14770	14771
14770	20908
14771	17100
14772	17269
14772	31907
14772	31908
14773	22294
14776	14777
14776	22910
14776	22977
14777	18287
14779	21338
14792	17959
14792	29409
14805	21458
14805	21638
14821	14822
14821	17613
14821	34436
14824	17025
14824	17418
14825	18043
14825	18193
14825	18202
14840	14841
14841	24075
14841	24269
14860	16154
14860	18904
14860	31611
14860	32418
14860	32419
14863	16378
14863	22524
14871	22221
14871	27820
14871	28639
14871	38259
14872	19076
14872	22163
14930	15925
14930	23494
14955	14956
14964	16290
14964	17408
14964	21274
14964	21275
15055	18308
15060	15061
15060	15062
15060	15377
15060	17951
15060	18023
15061	15062
15061	20910
15061	32317
15061	32318
15061	32319
15062	15208
15062	16966
15062	32069
15069	21078
15069	31947
15076	15077
15076	15078
15077	15078
15078	31881
15078	32063
15078	32840
15078	32955
15090	34509
15094	15095
15095	20333
15097	15098
15106	15107
15106	15108
15107	15108
15108	20815
15108	24289
15108	30187
15110	15111
15111	18462
15111	22959
15111	26469
15114	15115
15114	15634
15116	15117
15116	34532
15116	34533
15130	17376
15130	17545
15130	19458
15130	24367
15142	15144
15144	21976
15144	21977
15153	15154
15153	15155
15153	15968
15154	15155
15155	21378
15155	31487
15158	17646
15158	32252
15158	32838
15158	32839
15183	15275
15183	15410
15183	15411
15183	15440
15183	17822
15183	31611
15185	15444
15185	25188
15185	32057
15199	33567
15208	15687
15208	15932
15208	18023
15208	19138
15208	19186
15211	15427
15211	16070
15223	15456
15231	15232
15231	15233
15231	20544
15231	34326
15232	15233
15233	27441
15262	17051
15262	32169
15272	15273
15272	15410
15272	31257
15272	32024
15273	20794
15273	20796
15275	15318
15275	23531
15275	24370
15285	18031
15285	24219
15285	24478
15285	24479
15292	22258
15292	28536
15292	34436
15292	37052
15292	37053
15292	37054
15305	15306
15305	15897
15305	20337
15306	19198
15309	31387
15318	17111
15325	31259
15325	32740
15325	32743
15328	17280
15333	15378
15333	23167
15344	34835
15369	16926
15369	33407
15378	19293
15378	30145
15378	30196
15380	30505
15380	30511
15380	32081
15380	33270
15380	33365
15380	35363
15390	33407
15390	33408
15396	20527
15396	32081
15396	37778
15402	15410
15402	17045
15402	33498
15405	20796
15405	20797
15410	15411
15428	15687
15428	16351
15428	17281
15428	18325
15428	18326
15428	20313
15429	16696
15429	24220
15429	24286
15444	17145
15444	32025
15444	32057
15456	20882
15456	20883
15456	22256
15462	18331
15462	27533
15462	27659
15499	20163
15499	24367
15599	16988
15599	32833
15603	16835
15603	27773
15630	15631
15634	17958
15634	17959
15635	15636
15635	15637
15635	15639
15636	15637
15636	15639
15636	32582
15637	15639
15639	15671
15639	22561
15653	21354
15653	23138
15653	23139
15660	17119
15661	16926
15661	20412
15665	15666
15665	15667
15665	21585
15666	15667
15677	15678
15678	20512
15678	25091
15678	29374
15687	15688
15687	15689
15687	19138
15687	20313
15688	15689
15690	15691
15690	15692
15690	19616
15691	15692
15692	23707
15692	32246
15696	15697
15696	15879
15704	24489
15704	24490
15704	24491
15704	25511
15704	32413
15714	18361
15716	15898
15727	22766
15727	24909
15727	34258
15729	15730
15729	22753
15730	31811
15731	17788
15731	17797
15731	22976
15731	25917
15731	29344
15752	17686
15752	18395
15752	19860
15757	17720
15757	18399
15757	20312
15770	15781
15770	15782
15781	15782
15781	25638
15781	30854
15781	32729
15782	19278
15782	30812
15782	30822
15787	25190
15787	34471
15811	20612
15811	22153
15811	22164
15813	15898
15826	19188
15852	16447
15852	22414
15869	15870
15869	23599
15869	27358
15886	20888
15893	24031
15897	20337
15898	16407
15898	17139
15898	18916
15913	15914
15913	17853
15913	20750
15913	20756
15913	37416
15913	37417
15930	15931
15930	31922
15931	15934
15931	15935
15931	15936
15931	15937
15932	15933
15932	18023
15932	19186
15932	20331
15934	15935
15934	15939
15935	15939
15936	15937
15938	22227
15938	23975
15938	34456
15943	17605
15943	19445
15943	21496
15948	16420
15948	22307
15954	19983
15955	16093
15955	16489
15955	21672
15958	16031
15958	16032
15958	16033
15958	16199
15958	22162
15958	22275
15958	27086
15966	15967
15966	16454
15966	18067
15966	27435
15967	16454
15967	18077
15967	20617
15967	22229
15968	20874
15968	21923
15968	28254
15968	28346
15968	28450
15969	16421
15969	23959
15969	27040
15969	27041
15971	16421
15973	16157
15974	16063
15974	16270
15984	16478
15988	15989
15988	16128
15988	16326
15988	16327
15989	31293
15991	16098
15991	20662
15997	15998
15998	16146
15998	16147
15998	16205
15998	16467
15998	27430
16029	24309
16029	35180
16031	16032
16031	16033
16031	16199
16031	16512
16031	27165
16032	16033
16032	16199
16033	16199
16034	27372
16034	27423
16034	32644
16034	37486
16045	19089
16045	21681
16045	25105
16052	23129
16063	16270
16063	16414
16063	16453
16068	16093
16068	16224
16068	38942
16068	38949
16068	38950
16070	16254
16070	16798
16070	28471
16087	16426
16087	20482
16087	28169
16087	28170
16087	32408
16087	32409
16088	16147
16088	16319
16088	18070
16091	16175
16091	16942
16093	16224
16093	27553
16096	16097
16096	16114
16096	16364
16096	18070
16097	16364
16098	20662
16109	16461
16109	16495
16109	24751
16109	39362
16113	16114
16113	19190
16113	20585
16113	21386
16113	21635
16117	16118
16117	21430
16118	17162
16118	21430
16118	22074
16124	17193
16124	19135
16124	19137
16124	19860
16124	20444
16128	16129
16128	20680
16128	32333
16128	32334
16131	20617
16131	21672
16139	19011
16139	22704
16139	26717
16146	16147
16146	35193
16146	35306
16147	16319
16147	35283
16154	20804
16154	28518
16154	31327
16154	31611
16157	16421
16157	16447
16182	16798
16199	27480
16199	28604
16205	27430
16206	21672
16206	23191
16207	18063
16207	22310
16210	18361
16210	31293
16226	16987
16230	23718
16234	16235
16234	27480
16235	17336
16254	27174
16254	35230
16270	22388
16271	20397
16271	27215
16274	17952
16274	18118
16274	19853
16275	16829
16275	24398
16283	20222
16283	20294
16283	29935
16283	37815
16314	16478
16314	38717
16314	38718
16320	17190
16320	24074
16320	24075
16320	24269
16320	24394
16326	16327
16350	16351
16350	16352
16350	21398
16350	39379
16351	16352
16351	17281
16351	20662
16351	31889
16351	31890
16354	21246
16354	28527
16354	28532
16354	36833
16356	22415
16356	23124
16356	25863
16356	28167
16356	28168
16368	30958
16378	22524
16378	22561
16378	30961
16378	30962
16407	18711
16407	18916
16407	18969
16407	20574
16414	16415
16414	16928
16420	28620
16421	23959
16447	22414
16447	22579
16454	35226
16478	23064
16489	21672
16489	23983
16495	21103
16495	33865
16499	19933
16499	20311
16511	16512
16512	27165
16548	16827
16548	18354
16548	19148
16587	17958
16587	21584
16662	16663
16662	42628
16662	42629
16662	42630
16662	42632
16663	16702
16663	42019
16663	42020
16696	16750
16696	41981
16696	41982
16696	41983
16701	16702
16701	16729
16702	16729
16702	42019
16702	42020
16719	41981
16719	41997
16719	41998
16750	24087
16750	24446
16778	17336
16778	17482
16778	20669
16778	21585
16778	22941
16782	16783
16783	28637
16783	32586
16785	19241
16787	16788
16788	26988
16794	26612
16794	26613
16794	27171
16794	32154
16798	24298
16800	21585
16810	19319
16813	31259
16821	16822
16822	22548
16822	30503
16822	32740
16822	33459
16829	16830
16829	26889
16830	27836
16830	31916
16834	16835
16834	16836
16835	16836
16835	27773
16836	24304
16837	16838
16838	17123
16838	30492
16838	30496
16838	32943
16843	18529
16843	19860
16844	16857
16847	16848
16847	16852
16847	17706
16847	24742
16848	19865
16857	21386
16868	20172
16868	23511
16868	25859
16868	25860
16878	16880
16878	16881
16880	16881
16881	16940
16881	17001
16881	43011
16919	24348
16919	27843
16919	27844
16919	28603
16926	18016
16926	30111
16926	30246
16926	33407
16928	20008
16928	42994
16928	42995
16930	16940
16930	43010
16934	17031
16937	16977
16937	17051
16937	33498
16937	33696
16940	17001
16940	43010
16943	24762
16943	30492
16945	25861
16945	25863
16973	26000
16973	31860
16977	30216
16981	16982
16981	26024
16981	39024
16987	16988
16987	17176
16988	32833
17001	43002
17025	17096
17025	17671
17025	32186
17044	17045
17051	33453
17071	17227
17071	17944
17088	17140
17088	17281
17090	17227
17095	22044
17096	22074
17096	32228
17097	32293
17099	17100
17100	20998
17111	18063
17116	25868
17119	17122
17119	17292
17122	17190
17122	23130
17122	31403
17123	21203
17123	22231
17123	25754
17139	20679
17140	17281
17140	22828
17145	17631
17156	17158
17158	20547
17162	17186
17162	17920
17162	18698
17162	20925
17182	24460
17182	24845
17182	32329
17182	32330
17186	17357
17186	17358
17186	18698
17193	17194
17193	19481
17193	20444
17194	17234
17194	17254
17194	17398
17194	20542
17214	22935
17214	31319
17218	19077
17218	22275
17227	17920
17235	17236
17235	17237
17236	17237
17237	21676
17237	22434
17237	22435
17248	20153
17248	23118
17256	23062
17269	17636
17280	18728
17280	18729
17281	17463
17304	17305
17304	27622
17304	32250
17357	17358
17365	21685
17365	29119
17376	17377
17383	22296
17383	24678
17383	27298
17383	27623
17388	19620
17388	29112
17396	24553
17398	22976
17408	17409
17408	18042
17417	19549
17442	17443
17442	20997
17442	20998
17443	20911
17443	20912
17446	21604
17446	32082
17446	32283
17446	32284
17446	32285
17446	32286
17458	19549
17458	20399
17470	19616
17470	32417
17506	17515
17506	17516
17506	17541
17506	17552
17514	17515
17514	17516
17514	17517
17515	17516
17515	17517
17515	17541
17516	17517
17516	17541
17516	27930
17522	17552
17522	18331
17522	22987
17522	27851
17522	27901
17533	17534
17533	17541
17533	21038
17533	21039
17534	28114
17540	19230
17540	28117
17545	23730
17552	27903
17562	17607
17562	25499
17569	24309
17569	27733
17582	18184
17582	27871
17582	27981
17596	19230
17596	27026
17596	27036
17596	27057
17596	27838
17605	19007
17605	19770
17605	24903
17607	25499
17607	27838
17609	18671
17609	22941
17609	22995
17613	23730
17613	23740
17631	31794
17633	18082
17633	19172
17633	19178
17636	17637
17636	17800
17646	17647
17646	32252
17646	32838
17646	32839
17646	34417
17647	25917
17647	32941
17657	17813
17657	19148
17657	24012
17657	24013
17657	26791
17668	17669
17668	21322
17671	32509
17673	23952
17673	25108
17673	34719
17686	20482
17700	22044
17700	32583
17706	20495
17706	24742
17720	27358
17720	32926
17728	22604
17731	19043
17731	32424
17731	39758
17731	39759
17752	20797
17752	23166
17752	23173
17752	31245
17775	20876
17775	21327
17775	21354
17775	21359
17786	19420
17786	23980
17788	19223
17788	22247
17788	22249
17788	22976
17788	25917
17797	29344
17810	17811
17811	19235
17811	22856
17811	32014
17813	35217
17822	31611
17822	33304
17838	17839
17839	17840
17840	23707
17853	37416
17853	37417
17928	17929
17928	17930
17929	17930
17929	21018
17929	21033
17930	23966
17930	32440
17934	26616
17944	20583
17944	20595
17946	17947
17946	18084
17946	18542
17946	18543
17947	18084
17947	18542
17947	18543
17947	18549
17951	20447
17951	32069
17952	24553
17952	26862
17952	30641
17957	19458
17957	38305
17958	17959
17958	21580
17958	21584
17959	19881
17959	19882
17981	30113
17981	31262
17981	33403
17981	33404
17995	30216
18016	22227
18016	30165
18016	30182
18016	30228
18023	19186
18023	33493
18031	24478
18031	24479
18042	18077
18042	22957
18042	31336
18042	31337
18043	18044
18043	18045
18044	18045
18044	18831
18052	18139
18062	18063
18063	22310
18077	18145
18077	18146
18077	31336
18077	31337
18082	19172
18083	18084
18083	18085
18084	18085
18084	18543
18098	21721
18098	21722
18118	19853
18118	21388
18129	21458
18129	21584
18129	22255
18129	23525
18129	23526
18138	19871
18138	23520
18138	24788
18138	24789
18138	29774
18139	19316
18139	23351
18143	18144
18144	18547
18144	18548
18144	20659
18144	23210
18145	18146
18171	26413
18171	30525
18171	30908
18171	35520
18190	18192
18190	18197
18190	18221
18190	19446
18190	21747
18190	29632
18192	18206
18192	18211
18192	19446
18193	18219
18197	18212
18197	18213
18197	27042
18200	19618
18200	19620
18205	18206
18205	21169
18208	26747
18209	22024
18209	28553
18212	18213
18221	18222
18258	18259
18258	22063
18308	24785
18308	26469
18308	27837
18325	18326
18331	27533
18331	27621
18331	27659
18346	20611
18347	18375
18349	19458
18349	20547
18354	19148
18354	19223
18354	23018
18354	23019
18361	31293
18395	20492
18395	20493
18439	26988
18441	26576
18445	18472
18445	30959
18445	33781
18462	18489
18462	22959
18472	26802
18489	20439
18489	20440
18497	35066
18505	28509
18505	28639
18505	32585
18505	38269
18505	38270
18517	30517
18521	18522
18521	18523
18521	18525
18521	18526
18521	18528
18521	18529
18522	18523
18526	19556
18526	19558
18528	18529
18542	18543
18547	18548
18547	28328
18555	27445
18564	28554
18564	29320
18596	18638
18620	18638
18620	19482
18620	20916
18620	21028
18624	18698
18624	18699
18624	18700
18627	18637
18627	19853
18627	21670
18631	20154
18631	20891
18640	18641
18641	20572
18641	20573
18657	18676
18657	18680
18657	18706
18670	18671
18670	18692
18670	22373
18671	22941
18675	22959
18675	33985
18675	33986
18676	18677
18676	18706
18677	18680
18677	18706
18680	18706
18680	33107
18692	28172
18692	28173
18698	18699
18698	18700
18699	18700
18729	22704
18733	20883
18746	20761
18785	20578
18785	21043
18816	20573
18816	23757
18821	22146
18821	23066
18859	28552
18859	29256
18859	35167
18902	19312
18902	19320
18988	22969
18988	25455
18988	25549
19007	19770
19011	22704
19011	26717
19043	20832
19043	33101
19071	19072
19076	23631
19076	23632
19077	22232
19077	31998
19085	21044
19089	19327
19135	19137
19137	22659
19137	37075
19138	20399
19138	20459
19148	26791
19177	19223
19188	27851
19188	31378
19190	20585
19198	23231
19205	20602
19220	27531
19220	38979
19220	38980
19223	22247
19223	23018
19223	23019
19223	25341
19230	27838
19230	27920
19230	27921
19235	22856
19239	19240
19240	22334
19261	25103
19265	23116
19265	23117
19277	19278
19293	19294
19293	19295
19294	19295
19312	19320
19312	19795
19312	19803
19316	23351
19316	24744
19317	22306
19320	21034
19321	34568
19321	34569
19322	19323
19322	21681
19322	25103
19328	23625
19328	23626
19328	25063
19367	27773
19367	29484
19367	30861
19420	23980
19420	25059
19446	26967
19446	36812
19496	19568
19549	20399
19549	29264
19556	19558
19556	29445
19563	28846
19568	23077
19577	23516
19590	21554
19590	29308
19612	19613
19612	20447
19618	19620
19618	35325
19620	35279
19746	21025
19746	21036
19770	24555
19770	24556
19802	19803
19802	25065
19803	25065
19853	21670
19855	19856
19855	23077
19855	25134
19855	29737
19856	29725
19856	29742
19856	29758
19857	19862
19857	19863
19857	19864
19857	19869
19857	25134
19860	25933
19862	19863
19862	19864
19863	19864
19868	29748
19868	29815
19868	29911
19868	29915
19871	23520
19876	19878
19876	26723
19878	35279
19881	19882
19895	21980
19897	25479
19897	27018
19897	36973
19912	21896
19912	23118
19912	26737
19988	29450
19988	29451
19988	29480
19989	20875
20001	20008
20008	42994
20008	42995
20039	43011
20039	43050
20154	34415
20160	20197
20160	21043
20160	32445
20163	24510
20170	20197
20170	20198
20170	20199
20172	20173
20197	20198
20197	20199
20197	32445
20198	20199
20199	22381
20200	20201
20200	20443
20200	20444
20221	20222
20222	20294
20331	31681
20333	20334
20333	27901
20333	34479
20337	20653
20363	25754
20363	32375
20372	20547
20397	26616
20397	27228
20399	20459
20429	20430
20429	20529
20429	32188
20439	20440
20443	20444
20447	20517
20453	20454
20453	33062
20454	33057
20454	33062
20454	33090
20456	20459
20482	28169
20482	28170
20492	20493
20495	23525
20495	23527
20511	20512
20512	29374
20527	24289
20527	33806
20527	33871
20529	32188
20529	32203
20529	32204
20530	20531
20530	32348
20530	34274
20530	35250
20530	36159
20530	42890
20543	20544
20543	20545
20543	20546
20544	20545
20544	20546
20544	34326
20544	35250
20544	35251
20545	20546
20560	27159
20572	20573
20573	20574
20573	20575
20573	23757
20574	20575
20574	28509
20575	25599
20575	29456
20578	21043
20579	20794
20579	23165
20583	20595
20585	22054
20611	22421
20611	22507
20611	39546
20611	39680
20617	22229
20617	27464
20640	20661
20643	20644
20653	34427
20659	23210
20680	32333
20680	32334
20718	28888
20726	20994
20726	21686
20767	21744
20767	28673
20767	29426
20791	20792
20791	20810
20791	30121
20792	20810
20794	20817
20794	23165
20796	20797
20796	20817
20796	30965
20797	30254
20797	33481
20815	20817
20815	20818
20815	23165
20815	29248
20817	20818
20817	23165
20818	22152
20818	31249
20818	32982
20829	20830
20829	20832
20829	23231
20829	33669
20831	20832
20832	23231
20832	33101
20874	21923
20875	26873
20882	20883
20882	20886
20883	20886
20886	20887
20886	20888
20887	20888
20889	33127
20908	35038
20910	37055
20911	20912
20911	21604
20911	21607
20911	25549
20916	20917
20916	20918
20916	21028
20916	22016
20917	20918
20976	20977
20994	21686
20997	20998
20999	21004
21000	28888
21018	21033
21018	43425
21018	43426
21025	25055
21025	25056
21028	30958
21033	25945
21036	22183
21038	21039
21042	23100
21044	22262
21053	24054
21053	24264
21053	24397
21053	24411
21053	24412
21053	29112
21078	21084
21078	31947
21169	34457
21203	25754
21212	27179
21212	27180
21212	31378
21246	21554
21274	21275
21322	21348
21322	21361
21322	22150
21322	22151
21322	22152
21338	21349
21338	21362
21341	21342
21341	21378
21341	21379
21349	21362
21354	21359
21355	21360
21355	21589
21355	21590
21359	23163
21359	23164
21360	21589
21360	21590
21360	21592
21386	21635
21398	39379
21426	39093
21426	39094
21458	21584
21458	21638
21458	22255
21458	23525
21458	23526
21496	24958
21519	22163
21584	22255
21584	23525
21584	23526
21585	22941
21589	21590
21589	21592
21589	21888
21604	21605
21604	21607
21605	27622
21605	33884
21605	33885
21645	21646
21645	34509
21646	34510
21672	23191
21676	21681
21684	29090
21686	23480
21686	24670
21688	27307
21721	21722
21722	36461
21736	34233
21736	38490
21747	29632
21774	21775
21774	24257
21774	24359
21774	24448
21774	24449
21774	24450
21795	26472
21795	26607
21795	26609
21795	26610
21800	26607
21802	21803
21802	21804
21803	21804
21804	31883
21823	26607
21823	35059
21891	21892
21891	21893
21892	21893
21893	21927
21893	21938
21893	21939
21894	21925
21894	21926
21894	21927
21894	24514
21894	24515
21896	23118
21925	21926
21925	21927
21925	24514
21925	24515
21925	43622
21926	21927
21926	43622
21941	21942
21942	29480
21942	33998
21943	22142
21943	22294
21943	24359
21949	24645
21949	34174
21949	34175
21980	23919
22016	23112
22016	23113
22016	25862
22033	22289
22033	26133
22033	26134
22033	26135
22033	34516
22044	31920
22044	31921
22044	31999
22044	32000
22063	22439
22074	32228
22077	39468
22119	22418
22123	22853
22132	23679
22132	23718
22132	30967
22137	25408
22137	25409
22137	28271
22137	28272
22137	28470
22146	23066
22146	25733
22150	22151
22150	22152
22151	22152
22162	27086
22163	39781
22163	39782
22163	39783
22163	39784
22232	31998
22238	22242
22241	22864
22241	39616
22242	22864
22242	39582
22249	22251
22249	22258
22254	22255
22255	23525
22255	23526
22275	27086
22275	27531
22289	22290
22289	34516
22294	28836
22298	22299
22298	24312
22298	24343
22298	24809
22298	24845
22298	33421
22299	22315
22299	23981
22299	26922
22301	34515
22301	34516
22301	34517
22307	24899
22315	23687
22315	23706
22315	23734
22315	23770
22315	37072
22350	22414
22391	22659
22407	39665
22414	22579
22415	28167
22415	28168
22415	28174
22418	22642
22418	22643
22434	22435
22439	22677
22450	22864
22450	25759
22450	39515
22450	39733
22450	39734
22450	39735
22488	22489
22489	39439
22507	39546
22507	39680
22534	22643
22534	39517
22548	22642
22548	33459
22561	30961
22561	30962
22582	39665
22602	24310
22642	22643
22642	33158
22643	39515
22643	39517
22659	37075
22668	23983
22704	26717
22785	39665
22818	39665
22856	32014
22864	39582
22864	39605
22864	39606
22864	39616
22910	22977
22930	23972
22935	25094
22935	31319
22935	34404
22969	25455
22973	23980
22973	23981
22976	25917
23018	23019
23064	36989
23064	37011
23077	26322
23081	32631
23081	32632
23081	37657
23100	23101
23100	23109
23101	23109
23112	23113
23116	23117
23119	23120
23119	25945
23119	30526
23120	25945
23120	30526
23124	25863
23129	24751
23129	27330
23129	36615
23129	39360
23129	39361
23130	27147
23133	23134
23133	28509
23133	33661
23138	38137
23163	23164
23166	23173
23167	30136
23173	32111
23173	33197
23173	33214
23173	33244
23174	23175
23174	30107
23174	30119
23174	30235
23175	30251
23175	34771
23175	34772
23177	23178
23178	26718
23210	23552
23288	31947
23516	31019
23519	24793
23519	25933
23519	30924
23520	24787
23520	24788
23520	24791
23525	23526
23525	23527
23531	38342
23531	38343
23531	38344
23579	42097
23625	23626
23631	23632
23638	23639
23638	23640
23638	37176
23639	23640
23639	30525
23639	30908
23639	37176
23640	37176
23670	23712
23679	23726
23679	30967
23687	23706
23687	23734
23687	23770
23706	23730
23706	23734
23707	23708
23712	23731
23718	24209
23718	37082
23730	23738
23730	25887
23731	23980
23734	37071
23770	23771
23838	23839
23839	28097
23859	23860
23859	23861
23859	24414
23860	23861
23860	31817
23952	23953
23953	32940
23972	23973
23980	23981
23981	26922
23983	27493
23983	27763
23983	27764
23983	28171
24002	26447
24002	26563
24002	28124
24002	30724
24012	24013
24041	27605
24052	24229
24052	42376
24053	24054
24054	24411
24054	24412
24054	24434
24054	27164
24056	24248
24056	24312
24056	24343
24074	24075
24074	24269
24074	24394
24075	24269
24075	24288
24075	24394
24087	24205
24087	24446
24143	24229
24143	24290
24209	37082
24229	24289
24229	24290
24237	31871
24237	32980
24237	32981
24237	32982
24257	24359
24257	24448
24257	24449
24257	24450
24264	24401
24269	24288
24286	24370
24288	24404
24289	24290
24289	33871
24298	24299
24304	27836
24309	27733
24312	24343
24314	30496
24348	27843
24348	27844
24356	24357
24356	37428
24359	24448
24359	24449
24359	24450
24361	24362
24362	36035
24362	36036
24398	24489
24400	24434
24400	24435
24400	24436
24400	24437
24411	24412
24434	24435
24434	24436
24434	24437
24435	24436
24435	24437
24436	24437
24448	24449
24448	24450
24449	24450
24460	24845
24460	32330
24478	24479
24478	31875
24487	27053
24487	27190
24489	24490
24489	24491
24490	24491
24508	25479
24510	24554
24514	24515
24514	29573
24514	35080
24514	35081
24553	26862
24553	30641
24555	24556
24616	27837
24644	24645
24678	25093
24678	25094
24678	25861
24678	27623
24751	27330
24758	24985
24759	31257
24759	33311
24759	33403
24765	33259
24775	32862
24775	33425
24785	25134
24787	24788
24788	24789
24793	25931
24793	25932
24793	30525
24809	24845
24809	33421
24809	42726
24845	32330
24845	33421
24847	34644
24897	24898
24897	24899
24897	24900
24897	31015
24897	34627
24897	34644
24898	24899
24898	24900
24898	34644
24899	24900
24899	34644
24900	34644
24909	34258
25041	25042
25041	25044
25041	34659
25042	25044
25042	34630
25042	34631
25042	34659
25044	34659
25055	25056
25063	30525
25063	37162
25063	37163
25063	37164
25063	37165
25064	25065
25064	25066
25064	32223
25064	32224
25065	25066
25066	25067
25066	27837
25066	30955
25093	25094
25093	25095
25093	31962
25093	32345
25094	25095
25094	34404
25105	29564
25105	29566
25105	29569
25105	29581
25134	29737
25134	29871
25181	27558
25181	29247
25188	25274
25188	32615
25188	32616
25274	32615
25274	32616
25303	28554
25303	29429
25303	33781
25398	25399
25398	25400
25398	32581
25398	41569
25398	41570
25399	25400
25408	25409
25455	28497
25455	35181
25599	29456
25638	30854
25758	25759
25759	39665
25759	39666
25776	32410
25859	25860
25861	25862
25861	25863
25862	25863
25862	25866
25885	25886
25917	32941
25931	25932
25945	30526
25954	25991
25954	25998
25991	25998
26000	27138
26000	27139
26024	26059
26024	26082
26024	39024
26036	26059
26036	26103
26059	26103
26079	26080
26133	26134
26133	26135
26134	26135
26134	31866
26197	26198
26197	36878
26306	26307
26306	27036
26322	26623
26469	27837
26469	30686
26470	26535
26470	30635
26535	35261
26563	28124
26566	26567
26566	26840
26576	26845
26576	36037
26612	26613
26615	31994
26615	31995
26616	26618
26616	26619
26736	26737
26737	26776
26747	29479
26776	38684
26776	38685
26813	30634
26845	26849
26845	36037
26862	30641
26954	26955
26954	26956
26955	26956
26956	26985
26956	26986
26985	26986
26988	28209
26988	35237
27018	36769
27018	36973
27026	27036
27026	27843
27030	27036
27039	27040
27040	27041
27040	27053
27053	27190
27138	27139
27171	32154
27173	27174
27173	27186
27174	27186
27179	27180
27186	31700
27186	38381
27186	38385
27253	27254
27253	27255
27253	27450
27253	43093
27254	27255
27254	43093
27254	43094
27254	43095
27255	27622
27306	28636
27306	28913
27306	31922
27323	27583
27323	27584
27372	27423
27441	30194
27464	28620
27480	28604
27533	27659
27558	27559
27558	29247
27558	29344
27558	29345
27558	29346
27583	27584
27622	33884
27622	33885
27763	27764
27820	28639
27820	38259
27836	31817
27836	31916
27837	30709
27843	27844
27901	34479
27901	36615
27901	36617
27920	27921
28062	28063
28167	28168
28169	28170
28172	28173
28209	30634
28209	33131
28209	35237
28271	28272
28272	28470
28497	35181
28497	38245
28497	38285
28509	28639
28509	33661
28509	34524
28518	31327
28518	31700
28518	38389
28532	34342
28534	28535
28534	28536
28534	28537
28535	28536
28535	28537
28536	28537
28553	31817
28553	31916
28570	30501
28573	30496
28573	31245
28573	31957
28573	31958
28603	35065
28610	29237
28636	28637
28636	28913
28637	32586
28637	34416
28639	38259
28661	28674
28661	29099
28668	37914
28669	31947
28669	38107
28669	38108
28669	38109
28673	28677
28673	29155
28846	29098
28846	29099
28846	29128
28908	28909
28908	28913
28913	31922
29050	29051
29098	29099
29098	29128
29099	29128
29115	29449
29155	37915
29155	37976
29256	35167
29344	29345
29344	29346
29345	29346
29345	30355
29345	30356
29374	33135
29374	33136
29450	29451
29480	33998
29564	29566
29564	29569
29564	29581
29566	29573
29566	29581
29573	35080
29573	35081
29725	31186
29725	31187
29725	31188
29748	29815
29748	29911
29748	29913
29814	29815
29814	29836
29814	29914
29815	29871
29871	29915
29913	29916
29913	29917
29913	29918
29916	29917
29916	29918
29917	29918
30103	30261
30103	34708
30105	30144
30105	30245
30106	30107
30106	34717
30107	30119
30107	30235
30107	34717
30111	30223
30111	30251
30118	30119
30118	30143
30119	30143
30119	30235
30121	30235
30121	30261
30121	33512
30131	30132
30131	30134
30132	30134
30132	30222
30132	30223
30143	30144
30144	30245
30145	30196
30165	34786
30187	33475
30196	34844
30216	30235
30222	30223
30245	33567
30245	33574
30245	33575
30261	34708
30283	30284
30283	30285
30284	30285
30355	30356
30492	30501
30492	30503
30496	31245
30501	33510
30501	33511
30503	32375
30503	32740
30503	33488
30505	30511
30505	33365
30505	35363
30511	33271
30511	33365
30511	35363
30521	30822
30525	30908
30525	30925
30634	33131
30639	30640
30811	30812
30812	30821
30812	30828
30812	38720
30820	30828
30827	30828
30827	33899
30827	39092
30828	38721
30828	43669
30886	30894
30886	30895
30886	30905
30886	37154
30886	37155
30894	30895
30894	30905
30895	30905
30925	30939
30925	30940
30939	30940
30948	37163
30961	30962
30965	30966
31014	31015
31014	31016
31014	34624
31014	34659
31015	31016
31015	34627
31015	34659
31016	34624
31016	34659
31245	33231
31249	32964
31249	32982
31249	33259
31259	32943
31259	33251
31336	31337
31455	31527
31700	38381
31700	38385
31700	38404
31700	38405
31809	31860
31809	32846
31809	33252
31817	31914
31817	31915
31817	31916
31860	33103
31862	31876
31862	32923
31862	32924
31862	32946
31862	32969
31866	31871
31866	38297
31866	38298
31866	38299
31871	38297
31871	38298
31871	38299
31871	39090
31871	39091
31875	31876
31876	32955
31876	32969
31881	31931
31881	32063
31881	32840
31881	32841
31881	32842
31883	39822
31883	39823
31883	39824
31883	39825
31883	39826
31895	32069
31914	31915
31920	31921
31922	31992
31925	31926
31925	31927
31925	31928
31925	31929
31925	31930
31925	31931
31926	31927
31926	31928
31926	31929
31926	31930
31927	31928
31927	31929
31927	31930
31928	31929
31928	31930
31929	31930
31931	32104
31931	32105
31931	32424
31931	32425
31931	32426
31947	38108
31947	38109
31973	31974
31973	32069
31974	32069
31994	31995
32024	34961
32081	33270
32081	33797
32082	32083
32096	32740
32104	32105
32106	32107
32106	32923
32203	32204
32223	32224
32252	32838
32252	32839
32283	32284
32283	32285
32284	32285
32317	32318
32317	32319
32318	32319
32333	32334
32335	32411
32348	34326
32348	35250
32348	42890
32367	34274
32375	33708
32375	33825
32375	33826
32408	32409
32410	33250
32410	33421
32424	32425
32424	32426
32425	32426
32581	32582
32581	41569
32581	41570
32584	32585
32584	32586
32585	32586
32585	38256
32585	38269
32585	38270
32615	32616
32615	35208
32631	32632
32729	36667
32743	32846
32743	33487
32838	32839
32840	32973
32840	33867
32840	33868
32840	38345
32841	32842
32846	33252
32846	33487
32862	33426
32923	32924
32926	35095
32943	33251
32943	33484
32943	33485
32972	32973
32973	38345
32980	32981
32980	32982
32981	32982
33101	36896
33101	36897
33127	41199
33135	33136
33197	33198
33197	33244
33243	33244
33250	33421
33271	33288
33271	33289
33288	33289
33311	33429
33311	33498
33365	35363
33403	33404
33407	33408
33425	34907
33429	33789
33429	33790
33429	33791
33458	33484
33479	33480
33479	33481
33480	33481
33484	33485
33510	33511
33567	33574
33567	33575
33574	33575
33789	33790
33789	33791
33790	33791
33825	33826
33867	33868
33884	33885
33899	39092
33906	34568
33906	42036
33985	33986
33997	33998
34174	34175
34176	34177
34176	42711
34176	42712
34177	42711
34177	42712
34233	38301
34233	38304
34233	38306
34233	38307
34233	38490
34243	34244
34274	34275
34274	34343
34274	34371
34274	34395
34275	42884
34275	42885
34275	42886
34326	34337
34326	35250
34326	35251
34342	34462
34342	36811
34343	34395
34436	37053
34462	36811
34515	34516
34515	34517
34516	34517
34532	34533
34568	34569
34568	42036
34630	34631
34771	34772
35080	35081
35193	35306
35231	35232
35231	35233
35232	35233
35233	38389
35233	38398
35250	35251
35250	42890
36035	36036
36159	39047
36159	39048
36159	39049
36615	36616
36615	36617
36722	36723
36723	42629
36723	42630
36723	42632
36723	42633
36736	36737
36811	36821
36811	36837
36820	36821
36878	38307
36878	38483
36878	38495
36878	38497
36896	36897
37052	37053
37053	37054
37080	37081
37082	38083
37154	37155
37162	37163
37162	37164
37162	37165
37163	37164
37163	37165
37163	38296
37164	37165
37416	37417
37416	39785
37416	39786
37914	37915
37914	37936
37915	37916
37915	37954
37915	37996
37936	37979
37936	37984
38107	38108
38107	43678
38107	43679
38108	38109
38108	43678
38108	43679
38245	38285
38269	38270
38297	38298
38297	38299
38298	38299
38299	39090
38299	39091
38301	38302
38302	38303
38304	38305
38304	38306
38307	38483
38307	38499
38381	38385
38389	38390
38389	38398
38390	38391
38404	38405
38483	38495
38483	38508
38684	38685
38717	38718
38942	38949
38942	38950
38949	38950
38979	38980
39047	39048
39047	39049
39048	39049
39090	39091
39093	39094
39360	39361
39468	39545
39468	39546
39545	39546
39546	39680
39605	39606
39665	39666
39666	39760
39666	39761
39733	39734
39733	39735
39734	39735
39758	39759
39760	39761
39781	39782
39781	39783
39781	39784
39782	39783
39782	39784
39783	39784
39785	39786
39822	39823
39822	39824
39822	39825
39822	39826
39823	39824
39823	39825
39823	39826
39824	39825
39824	39826
39825	39826
39849	39850
39849	39851
39850	39851
41367	41368
41367	41369
41368	41369
41370	41372
41370	41386
41370	41387
41372	41386
41372	41387
41386	41387
41569	41570
41981	41982
41981	41983
41981	41997
41981	41998
41997	41998
42019	42020
42628	42629
42628	42630
42628	42632
42629	42630
42629	42632
42629	42633
42630	42632
42630	42633
42632	42633
42711	42712
42726	42737
42884	42885
42884	42886
42885	42886
42994	42995
43011	43047
43011	43048
43011	43049
43011	43050
43047	43048
43047	43049
43048	43049
43094	43095
43425	43426
43678	43679
