22380	30660
22380	31739
22380	36144
29042	30660
30660	31733
30660	31734
30660	31735
30660	31736
30660	31739
30660	31740
30660	31752
30660	31753
30660	31766
30660	31767
30660	31770
30660	36143
30660	36144
30660	36145
30660	36146
30660	36147
30660	36148
30660	36149
30660	36150
30660	36151
31733	31734
31733	31739
31733	31752
31733	36146
31735	31736
31735	31739
31735	31740
31735	36143
31735	36145
31739	31740
31739	31752
31739	31753
31739	36143
31739	36144
31740	36145
31752	31753
31752	36146
31753	31770
31766	31767
36147	36148
36149	36150
36149	36151
36150	36151
