5819	7389
5819	32123
5819	32124
5819	32125
5819	32126
5819	32127
5819	32128
5819	32129
5819	32130
5819	32131
5819	32132
5819	32133
5819	32134
5819	32135
5819	32136
5819	32137
5819	32138
5819	32139
5819	32140
5819	32141
5819	32142
5819	32143
5819	32145
5819	32146
5819	32147
5819	32148
5819	32149
5819	32150
5819	32151
5819	32153
5819	32154
5819	32155
5819	32156
5819	32158
5819	32159
5819	32160
5819	32161
5819	32162
5819	32163
5819	32166
5819	32167
32128	32134
32128	32156
32146	32147
32148	32158
32148	34458
32160	32161
32160	32162
32161	32162
