0	1
0	2
0	3
0	4
0	5
0	6
0	7
0	8
0	9
0	10
0	11
0	12
0	13
0	14
0	15
0	16
3	17
3	18
3	7
3	19
3	20
3	21
3	22
3	23
3	0
3	24
3	25
3	26
21	1
21	2
21	27
21	28
21	23
21	29
21	17
21	18
21	7
21	30
21	19
21	20
21	24
21	26
21	31
21	22
21	32
21	33
21	34
21	25
21	16
21	3
33	2
33	21
32	27
32	21
32	25
32	7
32	4
35	36
26	37
26	38
26	39
26	23
26	3
26	18
26	7
26	19
26	20
26	24
26	17
26	22
26	21
26	40
26	25
40	41
40	39
40	42
40	38
40	18
40	43
40	26
43	40
44	45
44	18
44	7
42	40
38	40
38	18
38	26
18	37
18	1
18	38
18	23
18	6
18	7
18	25
18	19
18	20
18	24
18	26
18	44
18	17
18	45
18	22
18	21
18	40
18	15
18	46
18	47
18	48
18	16
18	3
7	37
7	1
7	23
7	0
7	3
7	4
7	6
7	45
7	18
7	19
7	20
7	24
7	26
7	8
7	44
7	17
7	32
7	22
7	21
7	11
7	47
7	12
7	13
7	15
7	46
7	49
7	16
7	25
50	1
50	51
50	52
52	53
52	50
39	40
39	26
41	40
15	37
15	45
15	18
15	7
15	6
15	46
15	47
15	14
15	23
15	0
15	16
15	49
15	25
49	15
49	7
49	25
25	37
25	1
25	23
25	3
25	45
25	18
25	7
25	19
25	20
25	24
25	26
25	17
25	32
25	22
25	21
25	46
25	47
25	49
25	14
25	6
25	15
48	18
34	1
34	31
34	2
34	28
34	21
19	2
19	45
19	23
19	3
19	54
19	5
19	17
19	18
19	7
19	20
19	24
19	26
19	55
19	22
19	21
19	25
2	28
2	0
2	54
2	19
2	31
2	21
2	33
2	34
16	6
16	18
16	7
16	37
16	21
16	0
16	9
16	15
16	11
37	6
37	1
37	18
37	7
37	46
37	47
37	23
37	16
37	45
37	15
37	25
37	26
1	37
1	0
1	29
1	6
1	18
1	7
1	30
1	51
1	50
1	24
1	28
1	21
1	34
1	25
23	37
23	3
23	45
23	18
23	7
23	19
23	20
23	24
23	26
23	17
23	22
23	21
23	11
23	15
23	25
6	37
6	1
6	18
6	7
6	45
6	47
6	46
6	0
6	16
6	15
6	25
45	6
45	18
45	7
45	44
45	5
45	46
45	19
45	23
45	15
45	37
45	25
45	11
4	7
4	32
4	0
56	57
56	36
56	58
56	59
56	60
56	61
36	57
36	58
36	59
36	60
36	62
36	51
36	63
36	35
36	61
36	64
36	56
46	37
46	45
46	18
46	7
46	6
46	47
46	15
46	25
47	37
47	18
47	7
47	6
47	46
47	14
47	15
47	25
14	47
14	0
14	9
14	15
14	10
14	25
30	1
30	21
29	1
29	21
58	57
58	36
58	59
58	60
58	61
58	56
59	57
59	36
59	58
59	60
59	61
59	56
65	66
65	62
54	55
54	2
54	19
66	65
66	62
60	57
60	36
60	58
60	59
60	61
60	56
53	52
5	45
5	19
5	0
62	36
62	66
62	65
62	51
62	63
62	67
62	64
11	45
11	7
11	23
11	0
11	9
11	16
8	7
8	0
22	23
22	3
22	17
22	18
22	7
22	19
22	20
22	24
22	26
22	21
22	25
12	0
12	7
12	13
13	12
13	0
13	7
28	1
28	21
28	24
28	34
28	2
31	21
31	34
31	2
24	28
24	18
24	7
24	19
24	17
24	1
24	22
24	23
24	20
24	21
24	3
24	25
24	26
68	63
27	21
27	32
20	17
20	18
20	7
20	23
20	22
20	19
20	21
20	3
20	24
20	25
20	26
57	36
57	58
57	59
57	60
57	61
57	56
64	36
64	67
64	62
64	51
64	63
17	18
17	7
17	23
17	22
17	19
17	20
17	21
17	3
17	24
17	25
17	26
67	62
67	64
67	51
67	63
51	1
51	36
51	67
51	62
51	50
51	63
51	64
63	68
63	36
63	67
63	62
63	51
63	64
9	14
9	0
9	10
9	16
9	11
10	9
10	14
10	0
61	57
61	36
61	58
61	59
61	60
61	56
55	19
55	54
