1786	0
443	0
1693	0
1371	0
973	0
892	0
767	0
27	0
141	0
1802	0
1663	0
1588	0
574	0
690	0
738	0
730	0
98	0
55	0
1646	0
896	0
525	0
273	0
187	0
1748	0
1419	0
957	0
274	0
9	0
1478	0
795	0
1092	0
578	0
248	0
603	0
381	0
35	0
946	0
1157	0
36	0
1288	0
804	0
1705	0
850	0
0	838
708	0
743	0
1380	0
1268	0
1728	0
1490	0
612	0
224	0
1202	0
289	0
7	0
433	0
1394	0
1742	0
1016	0
89	0
299	0
1384	0
1820	0
1643	0
1409	0
1270	0
1540	0
1226	0
62	0
82	0
1082	0
774	0
1421	0
245	0
39	0
1882	0
1637	0
1364	0
399	0
572	0
63	0
620	0
1602	0
108	0
1829	0
1776	0
1502	0
1351	0
1311	0
947	0
240	0
4	0
1770	0
1362	0
822	0
945	0
458	0
366	0
225	0
1828	0
406	0
684	0
1196	0
734	0
1566	0
231	0
0	374
1684	0
491	0
1338	0
204	0
1554	0
474	0
1175	0
0	617
1486	0
29	0
409	0
92	0
16	0
1337	0
1186	0
680	0
0	333
615	0
1647	0
1007	0
750	0
0	1920
0	1174
0	1045
1874	0
1439	0
1398	0
1197	0
1006	0
919	0
797	0
718	0
671	0
358	0
205	0
1319	0
1246	0
1073	0
1058	0
843	0
597	0
472	0
152	0
97	0
640	0
1187	0
985	0
1769	0
1766	0
1544	0
1102	0
229	0
495	0
505	0
215	0
174	0
941	0
1586	0
604	0
157	0
968	0
591	0
672	0
668	0
193	0
75	0
1181	0
1166	0
395	0
24	0
1048	0
350	0
1483	0
1247	0
423	0
343	0
137	0
697	0
338	0
1470	0
1162	0
1608	0
1564	0
790	0
1576	0
1541	0
116	0
970	0
853	0
761	0
11	0
0	1129
437	0
445	0
1107	0
1831	0
455	0
0	1919
244	0
1507	0
1146	0
401	0
43	0
1164	0
1763	0
202	0
1115	0
195	0
1041	0
1905	0
1424	0
466	0
1185	0
1011	0
271	0
0	1918
19	0
606	0
485	0
3	0
1314	0
1435	0
576	0
1898	0
607	0
1584	0
444	0
1790	0
1756	0
468	0
255	0
178	0
232	0
0	885
0	1917
1627	0
1724	0
1265	0
238	0
0	1916
0	1915
200	0
0	1914
0	448
1237	0
0	480
1373	0
902	0
0	1913
1245	0
0	579
710	0
638	0
0	1912
0	1911
1291	0
721	0
360	0
746	0
320	0
1388	0
1370	0
1680	0
1070	0
611	0
1900	0
1532	0
1254	0
1141	0
1069	0
714	0
649	0
584	0
110	0
1837	0
1654	0
583	0
1536	0
862	0
1379	0
549	0
951	0
6	0
52	0
217	0
1621	0
1312	0
127	0
541	0
609	0
0	348
0	1910
653	0
1292	0
601	0
139	0
776	0
1233	0
1498	0
1205	0
801	0
1667	0
467	0
1195	0
1903	0
731	0
1595	0
1085	0
1059	0
54	0
744	0
69	0
368	0
222	0
1302	0
1301	0
13	0
315	0
851	0
1659	0
819	0
1861	0
857	0
1308	0
477	0
805	0
0	1909
1119	0
1664	0
882	0
518	0
1592	0
0	1094
1235	0
969	0
737	0
1617	0
1324	0
977	0
536	0
0	1908
0	1907
136	0
1211	0
976	0
0	1906
1625	0
102	0
812	0
1112	0
728	0
1578	0
0	87
1449	0
1491	0
281	0
0	438
535	0
1084	0
188	0
1549	0
1191	0
720	0
0	390
308	0
0	1904
1834	0
326	0
0	317
1695	0
0	1902
613	0
646	0
0	534
302	0
756	0
1743	0
1780	0
1064	0
0	608
327	0
0	1901
1269	0
1251	0
1043	0
1051	0
17	0
278	0
0	794
1661	0
295	0
417	0
72	0
1342	0
287	0
1835	0
1096	0
557	0
1574	0
561	0
463	0
143	0
1590	0
1217	0
1098	0
322	0
166	0
494	0
8	0
592	0
364	0
1805	0
220	0
58	0
810	0
1725	0
980	0
700	0
1715	0
1636	0
94	0
754	0
460	0
1515	0
1180	0
185	0
871	0
1273	0
533	0
457	0
1099	0
1171	0
342	0
901	0
1216	0
1148	0
1114	0
86	0
140	0
1161	0
0	1899
1606	0
1583	0
1026	0
990	0
33	0
1791	0
1733	0
835	0
648	0
175	0
1818	0
1001	0
1581	0
556	0
1280	0
470	0
1580	0
1579	0
560	0
1812	0
558	0
924	0
974	0
0	1149
1083	0
1516	0
0	1897
1430	0
1068	0
0	1431
1027	0
489	0
1533	0
1774	0
1698	0
554	0
757	0
1669	0
0	1896
0	150
1641	0
1499	0
1401	0
1133	0
1018	0
893	0
1346	0
1219	0
427	0
1569	0
847	0
60	0
1348	0
593	0
452	0
1473	0
516	0
1543	0
1317	0
999	0
0	1147
1738	0
1222	0
421	0
138	0
1209	0
878	0
429	0
303	0
1130	0
1699	0
1103	0
852	0
624	0
1885	0
0	510
0	1895
820	0
201	0
380	0
226	0
275	0
569	0
1212	0
0	1894
0	1893
0	1892
85	0
636	0
1214	0
895	0
1587	0
170	0
0	163
1238	0
277	0
0	1279
581	0
12	0
1496	0
78	0
0	1891
0	1890
0	1889
0	1888
0	1887
1140	0
0	1886
540	0
182	0
162	0
0	269
1668	0
1080	0
913	0
252	0
80	0
923	0
109	0
1044	0
939	0
1740	0
1432	0
1416	0
1591	0
128	0
1062	0
1366	0
582	0
465	0
207	0
1454	0
1137	0
91	0
1328	0
972	0
0	1305
1775	0
0	61
530	0
773	0
74	0
1230	0
1024	0
0	1884
0	1883
0	1881
0	1880
1548	0
1531	0
1128	0
1500	0
1316	0
306	0
0	1879
355	0
0	1878
0	1877
0	1876
1501	0
1229	0
0	1875
922	0
71	0
1538	0
114	0
1255	0
105	0
18	0
877	0
0	1873
0	1872
0	1871
1466	0
1369	0
602	0
0	1870
1032	0
0	1869
0	1868
0	1867
1611	0
722	0
0	1866
0	84
0	1865
1234	0
0	1864
408	0
0	1863
0	1862
500	0
397	0
0	112
1461	0
0	1860
0	1859
823	0
0	1858
0	1857
0	1856
0	1855
0	1854
0	1853
0	1852
1723	0
1034	0
504	0
161	0
1714	0
788	0
99	0
935	0
918	0
570	0
101	0
407	0
1241	0
807	0
659	0
1653	0
1626	0
1049	0
1677	0
1067	0
931	0
411	0
622	0
79	0
1504	0
676	0
413	0
121	0
422	0
693	0
83	0
393	0
1028	0
724	0
1697	0
685	0
76	0
247	0
1814	0
1134	0
677	0
1158	0
10	0
144	0
376	0
854	0
1765	0
1163	0
811	0
106	0
1123	0
1760	0
1692	0
119	0
1194	0
704	0
1456	0
385	0
1339	0
1183	0
344	0
814	0
264	0
53	0
1619	0
230	0
190	0
529	0
1450	0
482	0
1340	0
675	0
0	265
0	1851
1691	0
1393	0
81	0
0	262
0	1850
0	1849
0	1848
770	0
471	0
47	0
1649	0
0	1847
0	548
158	0
490	0
522	0
497	0
0	1846
511	0
777	0
28	0
1761	0
186	0
1403	0
907	0
198	0
0	1845
1518	0
1487	0
1412	0
1737	0
643	0
1639	0
1111	0
272	0
0	1844
0	1843
266	0
1731	0
712	0
400	0
1709	0
1597	0
0	1842
0	1841
0	1840
203	0
0	1839
1411	0
1735	0
0	1838
1256	0
0	1836
0	860
1240	0
1050	0
937	0
1474	0
1056	0
391	0
577	0
1396	0
998	0
378	0
316	0
442	0
1152	0
416	0
45	0
663	0
236	0
1673	0
0	14
111	0
1425	0
0	1833
1275	0
0	1832
0	123
0	1830
107	0
943	0
667	0
1390	0
0	1827
0	1826
0	1825
614	0
1628	0
1218	0
651	0
331	0
298	0
1221	0
1717	0
0	183
1399	0
0	1824
0	1823
0	1822
135	0
1227	0
0	335
0	1552
0	1821
716	0
687	0
435	0
154	0
132	0
656	0
538	0
897	0
965	0
0	1819
0	1817
0	1816
1057	0
0	1815
872	0
1374	0
1299	0
1476	0
0	962
0	1813
623	0
431	0
0	1811
388	0
0	1810
0	1809
0	1808
0	1807
952	0
0	1806
0	1804
1169	0
357	0
1685	0
1038	0
456	0
695	0
981	0
1298	0
1154	0
1508	0
1035	0
567	0
414	0
173	0
1020	0
96	0
1690	0
1497	0
179	0
555	0
1012	0
996	0
1666	0
212	0
1000	0
155	0
22	0
1289	0
1511	0
0	1803
379	0
0	1801
707	0
681	0
0	1800
1397	0
0	1799
0	1798
0	1797
1694	0
1387	0
1385	0
0	1455
454	0
0	1796
459	0
1560	0
0	1795
0	1794
0	1793
0	1792
0	1213
747	0
440	0
439	0
1333	0
280	0
755	0
967	0
412	0
0	1789
702	0
0	1788
0	1787
0	618
0	1785
153	0
118	0
715	0
0	632
0	1784
0	1783
0	1782
0	1781
0	1779
0	1778
0	1777
279	0
159	0
93	0
312	0
176	0
910	0
661	0
983	0
156	0
0	1773
191	0
0	1772
0	1771
0	1768
0	1767
1283	0
1721	0
294	0
461	0
258	0
0	1764
117	0
0	1762
688	0
1744	0
0	462
0	745
0	1759
0	1758
749	0
1462	0
0	1757
354	0
0	1755
662	0
120	0
0	1754
0	1753
0	1752
1732	0
0	1613
0	1751
0	1741
0	329
0	1750
0	1749
0	1747
0	493
0	1746
0	1745
890	0
1573	0
1294	0
1167	0
1343	0
955	0
447	0
1378	0
1344	0
487	0
418	0
415	0
288	0
239	0
883	0
260	0
1093	0
1429	0
948	0
1290	0
113	0
424	0
237	0
1523	0
1285	0
206	0
1555	0
639	0
481	0
1136	0
881	0
1493	0
1358	0
509	0
1310	0
1263	0
1116	0
59	0
261	0
134	0
1153	0
1353	0
1404	0
1143	0
633	0
1395	0
0	1457
0	1739
1304	0
0	1736
1009	0
250	0
227	0
1232	0
1594	0
1445	0
1278	0
0	1734
283	0
628	0
263	0
1250	0
904	0
377	0
0	1730
0	1729
0	1727
1277	0
802	0
596	0
1447	0
1410	0
0	1726
300	0
0	650
831	0
0	1722
0	1720
1323	0
1272	0
816	0
0	1719
1481	0
246	0
1437	0
933	0
211	0
858	0
66	0
940	0
375	0
0	1718
77	0
827	0
971	0
1060	0
0	1716
301	0
241	0
492	0
243	0
944	0
670	0
475	0
859	0
324	0
894	0
542	0
297	0
0	1713
0	1712
0	1711
0	1710
546	0
0	1708
0	1707
0	1706
0	21
276	0
0	1704
313	0
0	1703
528	0
0	1702
867	0
0	1701
0	1179
0	1700
26	0
1672	0
0	1696
219	0
0	798
760	0
0	1689
0	1688
845	0
216	0
1345	0
837	0
1347	0
832	0
464	0
296	0
1117	0
1079	0
88	0
0	221
0	1687
887	0
889	0
0	1686
1350	0
37	0
196	0
197	0
0	806
476	0
689	0
975	0
573	0
0	1683
0	1682
0	654
0	1681
469	0
0	1679
0	1678
986	0
1365	0
0	1676
0	1675
1356	0
0	1674
0	1671
1332	0
0	899
441	0
657	0
855	0
1017	0
1015	0
486	0
0	1670
330	0
782	0
23	0
1407	0
0	1665
0	1662
0	1660
664	0
0	1658
0	1657
785	0
383	0
0	165
0	1656
0	1655
0	1652
0	1651
1210	0
565	0
0	903
0	1650
824	0
959	0
389	0
267	0
0	1648
1453	0
0	984
42	0
864	0
815	0
0	1645
0	1644
1021	0
1318	0
0	1642
0	1640
0	1638
909	0
0	1635
1535	0
0	1634
0	1633
0	1632
0	1631
0	1630
0	1629
786	0
1382	0
0	1624
0	1623
0	1622
0	1620
0	1618
0	1616
0	1615
498	0
1485	0
1427	0
1243	0
1223	0
989	0
826	0
478	0
394	0
1459	0
1423	0
869	0
1420	0
932	0
598	0
450	0
372	0
912	0
991	0
925	0
334	0
0	979
0	1614
352	0
836	0
0	1512
1443	0
1391	0
784	0
920	0
917	0
337	0
192	0
0	125
367	0
0	1612
915	0
0	1610
0	1609
713	0
0	1607
0	432
926	0
775	0
353	0
921	0
488	0
428	0
172	0
1002	0
351	0
0	1605
1106	0
0	1604
0	1603
0	1601
0	1600
0	1599
0	1598
483	0
0	1596
514	0
0	1593
1313	0
1489	0
1434	0
0	396
0	410
0	1589
751	0
0	1585
0	1582
0	1577
0	1575
115	0
0	1572
0	1571
0	1570
484	0
949	0
0	1568
0	1567
0	1565
0	1563
392	0
0	1562
0	1561
0	1559
0	1558
513	0
0	1557
1408	0
0	1556
0	1553
0	1551
148	0
580	0
386	0
0	1550
1422	0
0	698
0	1547
0	1546
0	1545
425	0
0	321
0	1467
1228	0
1151	0
0	1542
49	0
655	0
0	1539
0	719
168	0
590	0
0	1537
356	0
0	727
347	0
0	1534
270	0
0	346
0	1530
0	1529
963	0
0	1528
0	1527
0	1526
0	1525
19	1524
0	1524
0	210
0	1522
0	1521
0	875
218	0
0	1520
1042	0
46	0
0	1519
0	1517
0	1514
0	1513
0	1510
0	1509
0	1506
0	1505
0	1503
48	0
562	0
126	0
888	0
56	0
1066	0
523	0
1253	0
629	0
314	0
740	0
691	0
916	0
507	0
762	0
373	0
68	0
1	0
1357	0
1177	0
1113	0
876	0
863	0
665	0
1030	0
829	0
194	0
552	0
778	0
0	742
503	0
1258	0
905	0
880	0
34	0
626	0
340	0
1377	0
1090	0
914	0
694	0
146	0
997	0
717	0
0	841
868	0
723	0
768	0
67	0
634	0
1321	0
1019	0
1327	0
821	0
545	0
960	0
228	0
780	0
1257	0
70	0
0	1495
848	0
1306	0
131	0
929	0
387	0
599	0
0	1494
787	0
846	0
1367	0
0	1492
660	0
402	0
1441	0
284	0
0	1488
1074	0
621	0
849	0
856	0
635	0
766	0
1276	0
304	0
539	0
0	1484
0	1482
0	1480
0	1479
40	0
453	0
543	0
954	0
842	0
771	0
800	0
1368	0
1307	0
479	0
251	0
674	0
1320	0
783	0
404	0
0	1477
0	772
332	0
865	0
808	0
0	1475
130	0
537	0
519	0
0	1472
0	1471
0	1014
524	0
234	0
0	1469
884	0
1448	0
0	1468
527	0
0	1465
0	1464
1071	0
0	1463
0	1460
0	532
0	1458
73	0
652	0
758	0
0	1452
0	1451
900	0
290	0
1003	0
1004	0
1039	0
934	0
673	0
874	0
683	0
0	1446
0	1444
291	0
0	1442
551	0
0	1440
0	1438
0	589
0	1436
318	0
0	1433
0	531
0	1428
616	0
31	0
0	1426
765	0
0	1418
0	1417
0	1415
586	0
184	0
0	1414
958	0
0	1413
0	1284
741	0
588	0
834	0
594	0
0	1406
0	1405
0	1402
0	1400
32	0
796	0
0	1392
0	38
0	1389
735	0
631	0
726	0
449	0
1124	0
1072	0
1193	0
585	0
103	0
679	0
0	1386
0	692
0	1383
1033	0
1206	0
1075	0
336	0
0	1381
0	1208
341	0
0	1376
0	1375
1120	0
1031	0
0	1372
434	0
1252	0
361	0
625	0
1168	0
129	0
0	1363
0	1361
961	0
0	1360
0	1359
705	0
813	0
803	0
0	1355
0	1354
0	1352
1264	0
1025	0
365	0
15	0
0	1349
0	473
213	0
0	1341
189	0
0	1336
0	1335
0	1334
0	1331
0	1330
0	1329
0	1326
1192	0
319	0
0	1325
703	0
1244	0
0	1322
0	1315
512	0
171	0
866	0
0	169
0	1309
658	0
1036	0
0	1303
0	1300
0	1297
0	1296
0	1295
0	1293
982	0
725	0
0	1287
0	1286
732	0
0	1282
0	1281
0	1274
0	1271
0	1267
0	1266
0	1262
0	1261
0	1260
0	1259
764	0
566	0
1008	0
995	0
122	0
759	0
363	0
840	0
2	0
938	0
792	0
791	0
0	254
398	0
1013	0
927	0
781	0
208	0
0	993
293	0
0	1249
0	1248
0	1242
0	517
0	1239
451	0
426	0
0	1236
1010	0
595	0
0	627
0	1231
873	0
861	0
0	1225
0	1224
0	1220
544	0
936	0
789	0
833	0
978	0
0	1215
370	0
0	1207
0	987
0	1204
0	1203
0	1201
587	0
133	0
249	0
0	1200
0	1199
825	0
0	1198
147	0
0	1190
0	1189
879	0
177	0
371	0
0	686
268	0
0	1188
430	0
0	1184
0	1182
779	0
0	1178
0	1176
0	1173
0	1172
0	1170
0	1165
0	1160
0	1159
0	1156
0	1155
1101	0
988	0
1023	0
0	1150
964	0
145	0
0	1145
0	1144
0	1142
0	1139
0	1138
310	0
0	1135
0	1132
0	1131
0	1127
0	1126
645	0
0	1125
0	1122
0	1121
0	1118
44	0
953	0
0	1110
0	1109
0	1108
0	1105
0	1104
0	1100
0	1097
0	1095
0	928
0	1091
0	1089
0	1088
637	0
0	1087
0	1086
733	0
0	1081
0	1078
0	1077
0	1076
752	0
0	1065
0	1063
0	1061
0	1055
0	1054
0	1053
0	1052
0	739
0	1047
0	1046
25	0
508	0
839	0
992	0
323	0
242	0
95	0
65	0
950	0
180	0
0	1040
501	0
349	0
104	0
64	0
0	1037
209	0
600	0
328	0
282	0
235	0
0	1029
199	0
419	0
359	0
124	0
0	1022
515	0
286	0
214	0
259	0
345	0
257	0
619	0
0	1005
100	0
30	0
550	0
0	994
818	0
20	0
41	0
966	0
828	0
369	0
559	0
682	0
285	0
307	0
151	0
167	0
769	0
233	0
0	956
223	0
0	942
0	930
57	0
0	644
382	0
0	911
0	908
0	906
499	0
181	0
678	0
0	898
0	891
669	0
446	0
0	886
642	0
362	0
164	0
420	0
0	870
305	0
436	0
384	0
0	844
0	830
90	0
160	0
149	0
142	0
521	0
0	817
706	0
0	809
701	0
0	799
0	793
339	0
309	0
0	311
0	763
496	0
0	753
0	748
711	0
564	0
666	0
0	736
5	0
0	729
0	709
51	0
0	699
0	696
575	0
526	0
553	0
0	647
0	641
0	630
0	610
403	0
0	605
405	0
0	571
0	568
0	563
0	547
0	520
0	506
0	502
292	0
50	0
253	0
325	0
0	256
