14049	14118
14049	14132
14132	14180
14132	19087
14132	36386
14132	36387
14132	36388
14132	36389
14132	36390
14132	36392
14132	36393
14132	36394
14132	36395
14132	36396
14132	36397
14132	36398
14132	36399
14132	36400
14132	36401
14132	36402
14132	36403
14132	36404
14132	36405
14132	36406
14132	36407
14132	36408
14132	36409
14132	36410
19087	36405
36396	36397
36396	36398
36396	36399
36396	36400
36396	36401
36397	36398
36397	36399
36397	36400
36397	36401
36398	36399
36398	36400
36398	36401
36399	36400
36399	36401
36400	36401
36407	36408
