1203	4410
1203	6576
1203	15462
1203	15463
1203	15465
1203	15468
1203	15469
1203	15473
1203	15474
1203	15481
1203	15482
1203	15487
1203	15488
1203	15489
1203	15490
1203	15496
1203	15500
1203	15501
1203	15502
1203	15506
1203	15507
1203	15508
1203	15510
1203	15512
1203	15514
1203	15519
1203	15521
1203	15522
1203	15525
1203	15528
1203	15529
1203	15530
1203	15534
1203	15535
1203	15537
1203	15538
1203	15539
1203	15543
1203	15544
1203	15545
1203	15546
1203	15551
1203	15553
1203	15555
1203	15556
1203	15557
1203	15560
1203	15569
1203	15572
1203	15579
1203	15583
1203	15584
1203	15585
1203	15586
1203	15587
1203	15588
1203	15590
1203	15596
1203	15597
1203	15598
1203	15604
1203	15605
1203	15607
1203	15609
1203	15610
1203	15615
1203	15616
1203	15618
1203	15619
1203	15620
1203	15621
1203	15622
1203	15623
1203	15627
1203	15628
1203	15630
1203	15632
1203	15638
1203	15640
1203	15641
1203	15642
1203	15643
1203	15644
1203	15649
1203	15650
1203	15660
1203	15662
1203	15663
1203	15664
1203	15665
1203	15669
1203	15672
1203	15674
1203	15676
1203	15678
1203	15683
1203	15686
1203	15687
1203	15692
1203	15693
1203	15696
1203	15697
1203	15701
1203	15703
1203	15705
1203	15706
1203	15707
1203	15708
1203	15715
1203	15717
1203	15718
1203	15719
1203	15720
1203	15722
15463	15468
15463	15644
15469	15584
15469	15585
15469	15586
15469	15587
15469	15649
15469	33337
15469	33338
15473	15596
15473	15697
15473	33390
15473	33391
15473	33392
15473	33393
15474	15538
15474	15539
15482	33376
15482	33377
15482	33378
15507	15586
15507	15649
15507	15650
15507	15672
15507	33338
15507	33386
15507	33387
15530	15543
15530	15544
15538	15539
15543	15544
15553	15693
15555	15556
15556	15687
15584	15585
15584	15586
15584	15587
15585	15586
15585	15587
15586	15587
15586	15649
15586	15672
15596	15621
15596	15622
15596	33390
15596	33391
15596	33392
15596	33393
15607	31978
15607	31979
15615	15616
15621	15622
15649	15650
15649	15672
15649	33337
15649	33338
15649	33386
15649	33387
15662	15663
15662	15664
15663	15664
15707	15708
31978	31979
33337	33338
33338	33386
33338	33387
33376	33377
33376	33378
33377	33378
33386	33387
33390	33391
33390	33392
33390	33393
33391	33392
33391	33393
33392	33393
