0	1338
1	17672
2	17697
3	17698
4	17701
5	17702
6	17703
7	17704
8	17707
9	17708
10	17709
11	17710
12	17711
13	17713
14	17715
15	17716
16	17717
17	17718
18	17719
19	17720
20	17721
21	17723
22	17724
23	17725
24	17726
25	17728
26	17729
27	17730
28	17731
29	17732
30	17733
31	17734
32	17735
33	17736
34	17737
35	17739
36	17740
37	17741
38	17742
39	17743
40	17744
41	17746
42	17749
43	17750
44	17751
45	17752
46	17754
47	17755
48	17756
49	17757
50	17758
51	17759
52	17760
53	17764
54	17765
55	17766
56	17767
57	17771
58	17773
59	17673
60	17855
61	17856
62	17940
63	26625
64	26626
