0	190
1	17562
2	17563
3	17566
4	17567
5	17568
6	17569
7	17570
8	17571
9	17573
10	17574
11	17575
12	17576
13	17577
14	17580
15	17581
16	17582
17	17583
18	17584
19	17585
20	17586
21	17587
22	17589
23	17590
24	17592
25	17593
26	17594
27	17595
28	17596
29	17598
30	17601
31	17602
32	17603
33	17604
34	17605
35	17606
36	17607
37	17608
38	17610
39	17612
40	17613
41	17615
42	17616
43	17617
44	17618
45	17619
46	17620
47	17621
48	17622
49	17623
50	17624
51	17625
52	17626
53	17628
54	17629
55	17630
56	27132
57	27133
58	27134
59	27143
60	27144
61	27145
