1374	6677
1375	33276
1376	33277
1377	33278
1378	33279
1379	33280
1380	33281
1381	33282
1382	33283
1383	33285
1384	33286
1385	33287
1386	33288
1387	33289
1388	33290
1389	33291
1390	33293
1391	33294
1392	33295
1393	33296
1394	33297
1395	33299
1396	33300
1397	33301
1398	33302
1399	33303
1400	33304
1401	33305
1402	33306
1403	33307
1404	33308
1405	33309
1406	33310
1407	33311
1408	33312
1409	33313
1410	33315
1411	33316
1412	33318
1413	33319
1414	33320
1415	33321
1416	33322
1417	33323
1418	33324
1419	33325
1420	33326
1421	33327
1422	33328
1423	33329
1424	33330
1425	33331
1426	33332
1427	33333
1428	33334
1429	33335
1430	33336
1431	33337
1432	33338
1433	33339
1434	33340
1435	33341
1436	33342
1437	33343
1438	33344
1439	33345
1440	33346
1441	33347
1442	33348
1443	33349
1444	33350
1445	33351
1446	33352
1447	33353
1448	33354
1449	33355
1450	33356
1451	33357
1452	33359
1453	33360
1454	33361
1455	33362
1456	33363
1457	33364
1458	33365
1459	33366
1460	33367
1461	33368
1462	33370
1463	33372
1464	33373
1465	33374
1466	33375
1467	33377
1468	33378
1469	33379
1470	33381
1471	33382
1472	33383
1473	33385
1474	33386
1475	33387
1476	33388
1477	33389
1478	33390
1479	33392
1480	33394
1481	33395
1482	33396
1483	33397
1484	33398
1485	33399
1486	33400
1487	33401
1488	33402
1489	33403
1490	33404
1491	33405
1492	33406
1493	33407
1494	33408
1495	33409
1496	33410
1497	33411
1498	33412
1499	33413
1500	33414
1501	33415
1502	33416
1503	33417
1504	33418
1505	33419
1506	33420
1507	33421
1508	33422
1509	33482
1510	33483
1511	33484
1512	33485
1513	33486
