6677	33276
6677	33277
6677	33278
6677	33279
6677	33280
6677	33281
6677	33282
6677	33283
6677	33285
6677	33286
6677	33287
6677	33288
6677	33289
6677	33290
6677	33291
6677	33293
6677	33294
6677	33295
6677	33296
6677	33297
6677	33299
6677	33300
6677	33301
6677	33302
6677	33303
6677	33304
6677	33305
6677	33306
6677	33307
6677	33308
6677	33309
6677	33310
6677	33311
6677	33312
6677	33313
6677	33315
6677	33316
6677	33318
6677	33319
6677	33320
6677	33321
6677	33322
6677	33323
6677	33324
6677	33325
6677	33326
6677	33327
6677	33328
6677	33329
6677	33330
6677	33331
6677	33332
6677	33333
6677	33334
6677	33335
6677	33336
6677	33337
6677	33338
6677	33339
6677	33340
6677	33341
6677	33342
6677	33343
6677	33344
6677	33345
6677	33346
6677	33347
6677	33348
6677	33349
6677	33350
6677	33351
6677	33352
6677	33353
6677	33354
6677	33355
6677	33356
6677	33357
6677	33359
6677	33360
6677	33361
6677	33362
6677	33363
6677	33364
6677	33365
6677	33366
6677	33367
6677	33368
6677	33370
6677	33372
6677	33373
6677	33374
6677	33375
6677	33377
6677	33378
6677	33379
6677	33381
6677	33382
6677	33383
6677	33385
6677	33386
6677	33387
6677	33388
6677	33389
6677	33390
6677	33392
6677	33394
6677	33395
6677	33396
6677	33397
6677	33398
6677	33399
6677	33400
6677	33401
6677	33402
6677	33403
6677	33404
6677	33405
6677	33406
6677	33407
6677	33408
6677	33409
6677	33410
6677	33411
6677	33412
6677	33413
6677	33414
6677	33415
6677	33416
6677	33417
6677	33418
6677	33419
6677	33420
6677	33421
6677	33422
33372	33373
33372	33374
33373	33374
33373	33482
33373	33483
33373	33484
33373	33485
33373	33486
33482	33483
33482	33484
33482	33485
33482	33486
33483	33484
33483	33485
33483	33486
33484	33485
33484	33486
33485	33486
