1377	7972
1378	18876
1379	35704
1380	35705
1381	26700
1382	35707
1383	35709
1384	35710
1385	35711
1386	35712
1387	35713
1388	35714
1389	35715
1390	35716
1391	35717
1392	35718
1393	35719
1394	35720
1395	35721
1396	35722
1397	35723
1398	35724
1399	35725
1400	35726
1401	35727
1402	35728
1403	35729
1404	35730
1405	35731
1406	35732
1407	35733
1408	35734
1409	35735
1410	35736
1411	35737
1412	35738
1413	35739
1414	35740
1415	35741
1416	35742
1417	35743
1418	35744
1419	35745
1420	35746
1421	35747
1422	35706
1423	35708
