4880	10953
4881	10955
4882	10995
4883	13926
4884	10960
4885	10961
4886	11000
4887	24567
4888	36477
4889	10963
4890	10964
4891	10998
4892	10966
4893	10968
4894	17029
4895	26682
4896	35990
4897	35994
4898	36588
4899	10979
4900	13423
4901	26378
4902	10999
4903	26321
4904	35992
4905	36160
4906	12690
4907	13544
4908	13290
4909	13606
4910	35991
4911	36521
4912	13424
4913	34738
4914	36575
4915	36754
4916	36755
4917	13681
4918	26876
4919	13543
4920	13607
4921	13636
4922	13847
4923	36564
4924	17020
4925	36615
4926	26656
4927	26659
4928	26660
4929	36190
4930	36478
4931	36479
4932	36480
4933	26389
4934	26377
4935	26379
4936	26380
4937	26381
4938	26382
4939	26383
4940	36157
4941	36158
4942	36149
4943	36390
4944	36391
4945	36875
4946	36876
4947	36877
4948	33717
4949	33732
4950	36616
4951	36229
4952	36159
4953	36162
4954	36571
4955	36617
