0	0
1	1
2	2
3	3
4	4
5	5
6	6
7	7
8	8
9	9
10	10
11	11
12	12
13	13
14	14
15	15
17	17
16	16
19	19
18	18
21	21
20	20
23	23
22	22
25	25
24	24
27	27
26	26
29	29
28	28
31	31
30	30
34	34
35	35
32	32
33	33
38	38
39	39
36	36
37	37
42	42
43	43
40	40
41	41
46	46
47	47
44	44
45	45
51	51
50	50
49	49
48	48
55	55
54	54
53	53
52	52
59	59
58	58
57	57
56	56
63	63
62	62
61	61
60	60
68	68
69	69
70	70
71	71
64	64
65	65
66	66
67	67
76	76
77	77
78	78
79	79
72	72
73	73
74	74
75	75
85	85
84	84
87	87
86	86
81	81
80	80
83	83
82	82
93	93
92	92
95	95
94	94
89	89
88	88
91	91
90	90
102	102
103	103
100	100
101	101
98	98
99	99
96	96
97	97
110	110
111	111
108	108
109	109
106	106
107	107
104	104
105	105
119	119
118	118
117	117
116	116
115	115
114	114
113	113
112	112
127	127
126	126
125	125
124	124
123	123
122	122
121	121
120	120
137	137
136	136
139	139
138	138
141	141
140	140
143	143
142	142
129	129
128	128
131	131
130	130
133	133
132	132
135	135
134	134
152	152
153	153
154	154
155	155
156	156
157	157
158	158
159	159
144	144
145	145
146	146
147	147
148	148
149	149
150	150
151	151
171	171
170	170
169	169
168	168
175	175
174	174
173	173
172	172
163	163
162	162
161	161
160	160
167	167
166	166
165	165
164	164
186	186
187	187
184	184
185	185
190	190
191	191
188	188
189	189
178	178
179	179
176	176
177	177
182	182
183	183
180	180
181	181
205	205
204	204
207	207
206	206
201	201
200	200
203	203
202	202
197	197
196	196
199	199
198	198
193	193
192	192
195	195
194	194
220	220
221	221
222	222
223	223
216	216
217	217
218	218
219	219
212	212
213	213
214	214
215	215
208	208
209	209
210	210
211	211
239	239
238	238
237	237
236	236
235	235
234	234
233	233
232	232
231	231
230	230
229	229
228	228
227	227
226	226
225	225
224	224
254	254
255	255
252	252
253	253
250	250
251	251
248	248
249	249
246	246
247	247
244	244
245	245
242	242
243	243
240	240
241	241
275	275
274	274
273	273
272	272
279	279
278	278
277	277
276	276
283	283
282	282
281	281
280	280
287	287
286	286
285	285
284	284
258	258
259	259
256	256
257	257
262	262
263	263
260	260
261	261
266	266
267	267
264	264
265	265
270	270
271	271
268	268
269	269
305	305
304	304
307	307
306	306
309	309
308	308
311	311
310	310
313	313
312	312
315	315
314	314
317	317
316	316
319	319
318	318
288	288
289	289
290	290
291	291
292	292
293	293
294	294
295	295
296	296
297	297
298	298
299	299
300	300
301	301
302	302
303	303
343	343
342	342
341	341
340	340
339	339
338	338
337	337
336	336
351	351
350	350
349	349
348	348
347	347
346	346
345	345
344	344
326	326
327	327
324	324
325	325
322	322
323	323
320	320
321	321
334	334
335	335
332	332
333	333
330	330
331	331
328	328
329	329
373	373
372	372
375	375
374	374
369	369
368	368
371	371
370	370
381	381
380	380
383	383
382	382
377	377
376	376
379	379
378	378
356	356
357	357
358	358
359	359
352	352
353	353
354	354
355	355
364	364
365	365
366	366
367	367
360	360
361	361
362	362
363	363
410	410
411	411
408	408
409	409
414	414
415	415
412	412
413	413
402	402
403	403
400	400
401	401
406	406
407	407
404	404
405	405
395	395
394	394
393	393
392	392
399	399
398	398
397	397
396	396
387	387
386	386
385	385
384	384
391	391
390	390
389	389
388	388
440	440
441	441
442	442
443	443
444	444
445	445
446	446
447	447
432	432
433	433
434	434
435	435
436	436
437	437
438	438
439	439
425	425
424	424
427	427
426	426
429	429
428	428
431	431
430	430
417	417
416	416
419	419
418	418
421	421
420	420
423	423
422	422
478	478
479	479
476	476
477	477
474	474
475	475
472	472
473	473
470	470
471	471
468	468
469	469
466	466
467	467
464	464
465	465
463	463
462	462
461	461
460	460
459	459
458	458
457	457
456	456
455	455
454	454
453	453
452	452
451	451
450	450
449	449
448	448
508	508
509	509
510	510
511	511
504	504
505	505
506	506
507	507
500	500
501	501
502	502
503	503
496	496
497	497
498	498
499	499
493	493
492	492
495	495
494	494
489	489
488	488
491	491
490	490
485	485
484	484
487	487
486	486
481	481
480	480
483	483
482	482
550	550
551	551
548	548
549	549
546	546
547	547
544	544
545	545
558	558
559	559
556	556
557	557
554	554
555	555
552	552
553	553
567	567
566	566
565	565
564	564
563	563
562	562
561	561
560	560
575	575
574	574
573	573
572	572
571	571
570	570
569	569
568	568
516	516
517	517
518	518
519	519
512	512
513	513
514	514
515	515
524	524
525	525
526	526
527	527
520	520
521	521
522	522
523	523
533	533
532	532
535	535
534	534
529	529
528	528
531	531
530	530
541	541
540	540
543	543
542	542
537	537
536	536
539	539
538	538
610	610
611	611
608	608
609	609
614	614
615	615
612	612
613	613
618	618
619	619
616	616
617	617
622	622
623	623
620	620
621	621
627	627
626	626
625	625
624	624
631	631
630	630
629	629
628	628
635	635
634	634
633	633
632	632
639	639
638	638
637	637
636	636
576	576
577	577
578	578
579	579
580	580
581	581
582	582
583	583
584	584
585	585
586	586
587	587
588	588
589	589
590	590
591	591
593	593
592	592
595	595
594	594
597	597
596	596
599	599
598	598
601	601
600	600
603	603
602	602
605	605
604	604
607	607
606	606
687	687
686	686
685	685
684	684
683	683
682	682
681	681
680	680
679	679
678	678
677	677
676	676
675	675
674	674
673	673
672	672
702	702
703	703
700	700
701	701
698	698
699	699
696	696
697	697
694	694
695	695
692	692
693	693
690	690
691	691
688	688
689	689
653	653
652	652
655	655
654	654
649	649
648	648
651	651
650	650
645	645
644	644
647	647
646	646
641	641
640	640
643	643
642	642
668	668
669	669
670	670
671	671
664	664
665	665
666	666
667	667
660	660
661	661
662	662
663	663
656	656
657	657
658	658
659	659
747	747
746	746
745	745
744	744
751	751
750	750
749	749
748	748
739	739
738	738
737	737
736	736
743	743
742	742
741	741
740	740
762	762
763	763
760	760
761	761
766	766
767	767
764	764
765	765
754	754
755	755
752	752
753	753
758	758
759	759
756	756
757	757
713	713
712	712
715	715
714	714
717	717
716	716
719	719
718	718
705	705
704	704
707	707
706	706
709	709
708	708
711	711
710	710
728	728
729	729
730	730
731	731
732	732
733	733
734	734
735	735
720	720
721	721
722	722
723	723
724	724
725	725
726	726
727	727
821	821
820	820
823	823
822	822
817	817
816	816
819	819
818	818
829	829
828	828
831	831
830	830
825	825
824	824
827	827
826	826
804	804
805	805
806	806
807	807
800	800
801	801
802	802
803	803
812	812
813	813
814	814
815	815
808	808
809	809
810	810
811	811
791	791
790	790
789	789
788	788
787	787
786	786
785	785
784	784
799	799
798	798
797	797
796	796
795	795
794	794
793	793
792	792
774	774
775	775
772	772
773	773
770	770
771	771
768	768
769	769
782	782
783	783
780	780
781	781
778	778
779	779
776	776
777	777
881	881
880	880
883	883
882	882
885	885
884	884
887	887
886	886
889	889
888	888
891	891
890	890
893	893
892	892
895	895
894	894
864	864
865	865
866	866
867	867
868	868
869	869
870	870
871	871
872	872
873	873
874	874
875	875
876	876
877	877
878	878
879	879
851	851
850	850
849	849
848	848
855	855
854	854
853	853
852	852
859	859
858	858
857	857
856	856
863	863
862	862
861	861
860	860
834	834
835	835
832	832
833	833
838	838
839	839
836	836
837	837
842	842
843	843
840	840
841	841
846	846
847	847
844	844
845	845
956	956
957	957
958	958
959	959
952	952
953	953
954	954
955	955
948	948
949	949
950	950
951	951
944	944
945	945
946	946
947	947
941	941
940	940
943	943
942	942
937	937
936	936
939	939
938	938
933	933
932	932
935	935
934	934
929	929
928	928
931	931
930	930
926	926
927	927
924	924
925	925
922	922
923	923
920	920
921	921
918	918
919	919
916	916
917	917
914	914
915	915
912	912
913	913
911	911
910	910
909	909
908	908
907	907
906	906
905	905
904	904
903	903
902	902
901	901
900	900
899	899
898	898
897	897
896	896
1016	1016
1017	1017
1018	1018
1019	1019
1020	1020
1021	1021
1022	1022
1023	1023
1008	1008
1009	1009
1010	1010
1011	1011
1012	1012
1013	1013
1014	1014
1015	1015
1001	1001
1000	1000
1003	1003
1002	1002
1005	1005
1004	1004
1007	1007
1006	1006
993	993
992	992
995	995
994	994
997	997
996	996
999	999
998	998
986	986
987	987
984	984
985	985
990	990
991	991
988	988
989	989
978	978
979	979
976	976
977	977
982	982
983	983
980	980
981	981
971	971
970	970
969	969
968	968
975	975
974	974
973	973
972	972
963	963
962	962
961	961
960	960
967	967
966	966
965	965
964	964
1100	1100
1101	1101
1102	1102
1103	1103
1096	1096
1097	1097
1098	1098
1099	1099
1092	1092
1093	1093
1094	1094
1095	1095
1088	1088
1089	1089
1090	1090
1091	1091
1117	1117
1116	1116
1119	1119
1118	1118
1113	1113
1112	1112
1115	1115
1114	1114
1109	1109
1108	1108
1111	1111
1110	1110
1105	1105
1104	1104
1107	1107
1106	1106
1134	1134
1135	1135
1132	1132
1133	1133
1130	1130
1131	1131
1128	1128
1129	1129
1126	1126
1127	1127
1124	1124
1125	1125
1122	1122
1123	1123
1120	1120
1121	1121
1151	1151
1150	1150
1149	1149
1148	1148
1147	1147
1146	1146
1145	1145
1144	1144
1143	1143
1142	1142
1141	1141
1140	1140
1139	1139
1138	1138
1137	1137
1136	1136
1032	1032
1033	1033
1034	1034
1035	1035
1036	1036
1037	1037
1038	1038
1039	1039
1024	1024
1025	1025
1026	1026
1027	1027
1028	1028
1029	1029
1030	1030
1031	1031
1049	1049
1048	1048
1051	1051
1050	1050
1053	1053
1052	1052
1055	1055
1054	1054
1041	1041
1040	1040
1043	1043
1042	1042
1045	1045
1044	1044
1047	1047
1046	1046
1066	1066
1067	1067
1064	1064
1065	1065
1070	1070
1071	1071
1068	1068
1069	1069
1058	1058
1059	1059
1056	1056
1057	1057
1062	1062
1063	1063
1060	1060
1061	1061
1083	1083
1082	1082
1081	1081
1080	1080
1087	1087
1086	1086
1085	1085
1084	1084
1075	1075
1074	1074
1073	1073
1072	1072
1079	1079
1078	1078
1077	1077
1076	1076
1221	1221
1220	1220
1223	1223
1222	1222
1217	1217
1216	1216
1219	1219
1218	1218
1229	1229
1228	1228
1231	1231
1230	1230
1225	1225
1224	1224
1227	1227
1226	1226
1236	1236
1237	1237
1238	1238
1239	1239
1232	1232
1233	1233
1234	1234
1235	1235
1244	1244
1245	1245
1246	1246
1247	1247
1240	1240
1241	1241
1242	1242
1243	1243
1255	1255
1254	1254
1253	1253
1252	1252
1251	1251
1250	1250
1249	1249
1248	1248
1263	1263
1262	1262
1261	1261
1260	1260
1259	1259
1258	1258
1257	1257
1256	1256
1270	1270
1271	1271
1268	1268
1269	1269
1266	1266
1267	1267
1264	1264
1265	1265
1278	1278
1279	1279
1276	1276
1277	1277
1274	1274
1275	1275
1272	1272
1273	1273
1153	1153
1152	1152
1155	1155
1154	1154
1157	1157
1156	1156
1159	1159
1158	1158
1161	1161
1160	1160
1163	1163
1162	1162
1165	1165
1164	1164
1167	1167
1166	1166
1168	1168
1169	1169
1170	1170
1171	1171
1172	1172
1173	1173
1174	1174
1175	1175
1176	1176
1177	1177
1178	1178
1179	1179
1180	1180
1181	1181
1182	1182
1183	1183
1187	1187
1186	1186
1185	1185
1184	1184
1191	1191
1190	1190
1189	1189
1188	1188
1195	1195
1194	1194
1193	1193
1192	1192
1199	1199
1198	1198
1197	1197
1196	1196
1202	1202
1203	1203
1200	1200
1201	1201
1206	1206
1207	1207
1204	1204
1205	1205
1210	1210
1211	1211
1208	1208
1209	1209
1214	1214
1215	1215
1212	1212
1213	1213
1375	1375
1374	1374
1373	1373
1372	1372
1371	1371
1370	1370
1369	1369
1368	1368
1367	1367
1366	1366
1365	1365
1364	1364
1363	1363
1362	1362
1361	1361
1360	1360
1358	1358
1359	1359
1356	1356
1357	1357
1354	1354
1355	1355
1352	1352
1353	1353
1350	1350
1351	1351
1348	1348
1349	1349
1346	1346
1347	1347
1344	1344
1345	1345
1405	1405
1404	1404
1407	1407
1406	1406
1401	1401
1400	1400
1403	1403
1402	1402
1397	1397
1396	1396
1399	1399
1398	1398
1393	1393
1392	1392
1395	1395
1394	1394
1388	1388
1389	1389
1390	1390
1391	1391
1384	1384
1385	1385
1386	1386
1387	1387
1380	1380
1381	1381
1382	1382
1383	1383
1376	1376
1377	1377
1378	1378
1379	1379
1307	1307
1306	1306
1305	1305
1304	1304
1311	1311
1310	1310
1309	1309
1308	1308
1299	1299
1298	1298
1297	1297
1296	1296
1303	1303
1302	1302
1301	1301
1300	1300
1290	1290
1291	1291
1288	1288
1289	1289
1294	1294
1295	1295
1292	1292
1293	1293
1282	1282
1283	1283
1280	1280
1281	1281
1286	1286
1287	1287
1284	1284
1285	1285
1337	1337
1336	1336
1339	1339
1338	1338
1341	1341
1340	1340
1343	1343
1342	1342
1329	1329
1328	1328
1331	1331
1330	1330
1333	1333
1332	1332
1335	1335
1334	1334
1320	1320
1321	1321
1322	1322
1323	1323
1324	1324
1325	1325
1326	1326
1327	1327
1312	1312
1313	1313
1314	1314
1315	1315
1316	1316
1317	1317
1318	1318
1319	1319
1494	1494
1495	1495
1492	1492
1493	1493
1490	1490
1491	1491
1488	1488
1489	1489
1502	1502
1503	1503
1500	1500
1501	1501
1498	1498
1499	1499
1496	1496
1497	1497
1479	1479
1478	1478
1477	1477
1476	1476
1475	1475
1474	1474
1473	1473
1472	1472
1487	1487
1486	1486
1485	1485
1484	1484
1483	1483
1482	1482
1481	1481
1480	1480
1524	1524
1525	1525
1526	1526
1527	1527
1520	1520
1521	1521
1522	1522
1523	1523
1532	1532
1533	1533
1534	1534
1535	1535
1528	1528
1529	1529
1530	1530
1531	1531
1509	1509
1508	1508
1511	1511
1510	1510
1505	1505
1504	1504
1507	1507
1506	1506
1517	1517
1516	1516
1519	1519
1518	1518
1513	1513
1512	1512
1515	1515
1514	1514
1426	1426
1427	1427
1424	1424
1425	1425
1430	1430
1431	1431
1428	1428
1429	1429
1434	1434
1435	1435
1432	1432
1433	1433
1438	1438
1439	1439
1436	1436
1437	1437
1411	1411
1410	1410
1409	1409
1408	1408
1415	1415
1414	1414
1413	1413
1412	1412
1419	1419
1418	1418
1417	1417
1416	1416
1423	1423
1422	1422
1421	1421
1420	1420
1456	1456
1457	1457
1458	1458
1459	1459
1460	1460
1461	1461
1462	1462
1463	1463
1464	1464
1465	1465
1466	1466
1467	1467
1468	1468
1469	1469
1470	1470
1471	1471
1441	1441
1440	1440
1443	1443
1442	1442
1445	1445
1444	1444
1447	1447
1446	1446
1449	1449
1448	1448
1451	1451
1450	1450
1453	1453
1452	1452
1455	1455
1454	1454
1642	1642
1643	1643
1640	1640
1641	1641
1646	1646
1647	1647
1644	1644
1645	1645
1634	1634
1635	1635
1632	1632
1633	1633
1638	1638
1639	1639
1636	1636
1637	1637
1659	1659
1658	1658
1657	1657
1656	1656
1663	1663
1662	1662
1661	1661
1660	1660
1651	1651
1650	1650
1649	1649
1648	1648
1655	1655
1654	1654
1653	1653
1652	1652
1608	1608
1609	1609
1610	1610
1611	1611
1612	1612
1613	1613
1614	1614
1615	1615
1600	1600
1601	1601
1602	1602
1603	1603
1604	1604
1605	1605
1606	1606
1607	1607
1625	1625
1624	1624
1627	1627
1626	1626
1629	1629
1628	1628
1631	1631
1630	1630
1617	1617
1616	1616
1619	1619
1618	1618
1621	1621
1620	1620
1623	1623
1622	1622
1582	1582
1583	1583
1580	1580
1581	1581
1578	1578
1579	1579
1576	1576
1577	1577
1574	1574
1575	1575
1572	1572
1573	1573
1570	1570
1571	1571
1568	1568
1569	1569
1599	1599
1598	1598
1597	1597
1596	1596
1595	1595
1594	1594
1593	1593
1592	1592
1591	1591
1590	1590
1589	1589
1588	1588
1587	1587
1586	1586
1585	1585
1584	1584
1548	1548
1549	1549
1550	1550
1551	1551
1544	1544
1545	1545
1546	1546
1547	1547
1540	1540
1541	1541
1542	1542
1543	1543
1536	1536
1537	1537
1538	1538
1539	1539
1565	1565
1564	1564
1567	1567
1566	1566
1561	1561
1560	1560
1563	1563
1562	1562
1557	1557
1556	1556
1559	1559
1558	1558
1553	1553
1552	1552
1555	1555
1554	1554
1763	1763
1762	1762
1761	1761
1760	1760
1767	1767
1766	1766
1765	1765
1764	1764
1771	1771
1770	1770
1769	1769
1768	1768
1775	1775
1774	1774
1773	1773
1772	1772
1778	1778
1779	1779
1776	1776
1777	1777
1782	1782
1783	1783
1780	1780
1781	1781
1786	1786
1787	1787
1784	1784
1785	1785
1790	1790
1791	1791
1788	1788
1789	1789
1729	1729
1728	1728
1731	1731
1730	1730
1733	1733
1732	1732
1735	1735
1734	1734
1737	1737
1736	1736
1739	1739
1738	1738
1741	1741
1740	1740
1743	1743
1742	1742
1744	1744
1745	1745
1746	1746
1747	1747
1748	1748
1749	1749
1750	1750
1751	1751
1752	1752
1753	1753
1754	1754
1755	1755
1756	1756
1757	1757
1758	1758
1759	1759
1703	1703
1702	1702
1701	1701
1700	1700
1699	1699
1698	1698
1697	1697
1696	1696
1711	1711
1710	1710
1709	1709
1708	1708
1707	1707
1706	1706
1705	1705
1704	1704
1718	1718
1719	1719
1716	1716
1717	1717
1714	1714
1715	1715
1712	1712
1713	1713
1726	1726
1727	1727
1724	1724
1725	1725
1722	1722
1723	1723
1720	1720
1721	1721
1669	1669
1668	1668
1671	1671
1670	1670
1665	1665
1664	1664
1667	1667
1666	1666
1677	1677
1676	1676
1679	1679
1678	1678
1673	1673
1672	1672
1675	1675
1674	1674
1684	1684
1685	1685
1686	1686
1687	1687
1680	1680
1681	1681
1682	1682
1683	1683
1692	1692
1693	1693
1694	1694
1695	1695
1688	1688
1689	1689
1690	1690
1691	1691
1913	1913
1912	1912
1915	1915
1914	1914
1917	1917
1916	1916
1919	1919
1918	1918
1905	1905
1904	1904
1907	1907
1906	1906
1909	1909
1908	1908
1911	1911
1910	1910
1896	1896
1897	1897
1898	1898
1899	1899
1900	1900
1901	1901
1902	1902
1903	1903
1888	1888
1889	1889
1890	1890
1891	1891
1892	1892
1893	1893
1894	1894
1895	1895
1883	1883
1882	1882
1881	1881
1880	1880
1887	1887
1886	1886
1885	1885
1884	1884
1875	1875
1874	1874
1873	1873
1872	1872
1879	1879
1878	1878
1877	1877
1876	1876
1866	1866
1867	1867
1864	1864
1865	1865
1870	1870
1871	1871
1868	1868
1869	1869
1858	1858
1859	1859
1856	1856
1857	1857
1862	1862
1863	1863
1860	1860
1861	1861
1853	1853
1852	1852
1855	1855
1854	1854
1849	1849
1848	1848
1851	1851
1850	1850
1845	1845
1844	1844
1847	1847
1846	1846
1841	1841
1840	1840
1843	1843
1842	1842
1836	1836
1837	1837
1838	1838
1839	1839
1832	1832
1833	1833
1834	1834
1835	1835
1828	1828
1829	1829
1830	1830
1831	1831
1824	1824
1825	1825
1826	1826
1827	1827
1823	1823
1822	1822
1821	1821
1820	1820
1819	1819
1818	1818
1817	1817
1816	1816
1815	1815
1814	1814
1813	1813
1812	1812
1811	1811
1810	1810
1809	1809
1808	1808
1806	1806
1807	1807
1804	1804
1805	1805
1802	1802
1803	1803
1800	1800
1801	1801
1798	1798
1799	1799
1796	1796
1797	1797
1794	1794
1795	1795
1792	1792
1793	1793
2032	2032
2033	2033
2034	2034
2035	2035
2036	2036
2037	2037
2038	2038
2039	2039
2040	2040
2041	2041
2042	2042
2043	2043
2044	2044
2045	2045
2046	2046
2047	2047
2017	2017
2016	2016
2019	2019
2018	2018
2021	2021
2020	2020
2023	2023
2022	2022
2025	2025
2024	2024
2027	2027
2026	2026
2029	2029
2028	2028
2031	2031
2030	2030
2002	2002
2003	2003
2000	2000
2001	2001
2006	2006
2007	2007
2004	2004
2005	2005
2010	2010
2011	2011
2008	2008
2009	2009
2014	2014
2015	2015
2012	2012
2013	2013
1987	1987
1986	1986
1985	1985
1984	1984
1991	1991
1990	1990
1989	1989
1988	1988
1995	1995
1994	1994
1993	1993
1992	1992
1999	1999
1998	1998
1997	1997
1996	1996
1972	1972
1973	1973
1974	1974
1975	1975
1968	1968
1969	1969
1970	1970
1971	1971
1980	1980
1981	1981
1982	1982
1983	1983
1976	1976
1977	1977
1978	1978
1979	1979
1957	1957
1956	1956
1959	1959
1958	1958
1953	1953
1952	1952
1955	1955
1954	1954
1965	1965
1964	1964
1967	1967
1966	1966
1961	1961
1960	1960
1963	1963
1962	1962
1942	1942
1943	1943
1940	1940
1941	1941
1938	1938
1939	1939
1936	1936
1937	1937
1950	1950
1951	1951
1948	1948
1949	1949
1946	1946
1947	1947
1944	1944
1945	1945
1927	1927
1926	1926
1925	1925
1924	1924
1923	1923
1922	1922
1921	1921
1920	1920
1935	1935
1934	1934
1933	1933
1932	1932
1931	1931
1930	1930
1929	1929
1928	1928
2200	2200
2201	2201
2202	2202
2203	2203
2204	2204
2205	2205
2206	2206
2207	2207
2192	2192
2193	2193
2194	2194
2195	2195
2196	2196
2197	2197
2198	2198
2199	2199
2185	2185
2184	2184
2187	2187
2186	2186
2189	2189
2188	2188
2191	2191
2190	2190
2177	2177
2176	2176
2179	2179
2178	2178
2181	2181
2180	2180
2183	2183
2182	2182
2234	2234
2235	2235
2232	2232
2233	2233
2238	2238
2239	2239
2236	2236
2237	2237
2226	2226
2227	2227
2224	2224
2225	2225
2230	2230
2231	2231
2228	2228
2229	2229
2219	2219
2218	2218
2217	2217
2216	2216
2223	2223
2222	2222
2221	2221
2220	2220
2211	2211
2210	2210
2209	2209
2208	2208
2215	2215
2214	2214
2213	2213
2212	2212
2268	2268
2269	2269
2270	2270
2271	2271
2264	2264
2265	2265
2266	2266
2267	2267
2260	2260
2261	2261
2262	2262
2263	2263
2256	2256
2257	2257
2258	2258
2259	2259
2253	2253
2252	2252
2255	2255
2254	2254
2249	2249
2248	2248
2251	2251
2250	2250
2245	2245
2244	2244
2247	2247
2246	2246
2241	2241
2240	2240
2243	2243
2242	2242
2302	2302
2303	2303
2300	2300
2301	2301
2298	2298
2299	2299
2296	2296
2297	2297
2294	2294
2295	2295
2292	2292
2293	2293
2290	2290
2291	2291
2288	2288
2289	2289
2287	2287
2286	2286
2285	2285
2284	2284
2283	2283
2282	2282
2281	2281
2280	2280
2279	2279
2278	2278
2277	2277
2276	2276
2275	2275
2274	2274
2273	2273
2272	2272
2065	2065
2064	2064
2067	2067
2066	2066
2069	2069
2068	2068
2071	2071
2070	2070
2073	2073
2072	2072
2075	2075
2074	2074
2077	2077
2076	2076
2079	2079
2078	2078
2048	2048
2049	2049
2050	2050
2051	2051
2052	2052
2053	2053
2054	2054
2055	2055
2056	2056
2057	2057
2058	2058
2059	2059
2060	2060
2061	2061
2062	2062
2063	2063
2099	2099
2098	2098
2097	2097
2096	2096
2103	2103
2102	2102
2101	2101
2100	2100
2107	2107
2106	2106
2105	2105
2104	2104
2111	2111
2110	2110
2109	2109
2108	2108
2082	2082
2083	2083
2080	2080
2081	2081
2086	2086
2087	2087
2084	2084
2085	2085
2090	2090
2091	2091
2088	2088
2089	2089
2094	2094
2095	2095
2092	2092
2093	2093
2133	2133
2132	2132
2135	2135
2134	2134
2129	2129
2128	2128
2131	2131
2130	2130
2141	2141
2140	2140
2143	2143
2142	2142
2137	2137
2136	2136
2139	2139
2138	2138
2116	2116
2117	2117
2118	2118
2119	2119
2112	2112
2113	2113
2114	2114
2115	2115
2124	2124
2125	2125
2126	2126
2127	2127
2120	2120
2121	2121
2122	2122
2123	2123
2167	2167
2166	2166
2165	2165
2164	2164
2163	2163
2162	2162
2161	2161
2160	2160
2175	2175
2174	2174
2173	2173
2172	2172
2171	2171
2170	2170
2169	2169
2168	2168
2150	2150
2151	2151
2148	2148
2149	2149
2146	2146
2147	2147
2144	2144
2145	2145
2158	2158
2159	2159
2156	2156
2157	2157
2154	2154
2155	2155
2152	2152
2153	2153
2443	2443
2442	2442
2441	2441
2440	2440
2447	2447
2446	2446
2445	2445
2444	2444
2435	2435
2434	2434
2433	2433
2432	2432
2439	2439
2438	2438
2437	2437
2436	2436
2458	2458
2459	2459
2456	2456
2457	2457
2462	2462
2463	2463
2460	2460
2461	2461
2450	2450
2451	2451
2448	2448
2449	2449
2454	2454
2455	2455
2452	2452
2453	2453
2473	2473
2472	2472
2475	2475
2474	2474
2477	2477
2476	2476
2479	2479
2478	2478
2465	2465
2464	2464
2467	2467
2466	2466
2469	2469
2468	2468
2471	2471
2470	2470
2488	2488
2489	2489
2490	2490
2491	2491
2492	2492
2493	2493
2494	2494
2495	2495
2480	2480
2481	2481
2482	2482
2483	2483
2484	2484
2485	2485
2486	2486
2487	2487
2511	2511
2510	2510
2509	2509
2508	2508
2507	2507
2506	2506
2505	2505
2504	2504
2503	2503
2502	2502
2501	2501
2500	2500
2499	2499
2498	2498
2497	2497
2496	2496
2526	2526
2527	2527
2524	2524
2525	2525
2522	2522
2523	2523
2520	2520
2521	2521
2518	2518
2519	2519
2516	2516
2517	2517
2514	2514
2515	2515
2512	2512
2513	2513
2541	2541
2540	2540
2543	2543
2542	2542
2537	2537
2536	2536
2539	2539
2538	2538
2533	2533
2532	2532
2535	2535
2534	2534
2529	2529
2528	2528
2531	2531
2530	2530
2556	2556
2557	2557
2558	2558
2559	2559
2552	2552
2553	2553
2554	2554
2555	2555
2548	2548
2549	2549
2550	2550
2551	2551
2544	2544
2545	2545
2546	2546
2547	2547
2306	2306
2307	2307
2304	2304
2305	2305
2310	2310
2311	2311
2308	2308
2309	2309
2314	2314
2315	2315
2312	2312
2313	2313
2318	2318
2319	2319
2316	2316
2317	2317
2323	2323
2322	2322
2321	2321
2320	2320
2327	2327
2326	2326
2325	2325
2324	2324
2331	2331
2330	2330
2329	2329
2328	2328
2335	2335
2334	2334
2333	2333
2332	2332
2336	2336
2337	2337
2338	2338
2339	2339
2340	2340
2341	2341
2342	2342
2343	2343
2344	2344
2345	2345
2346	2346
2347	2347
2348	2348
2349	2349
2350	2350
2351	2351
2353	2353
2352	2352
2355	2355
2354	2354
2357	2357
2356	2356
2359	2359
2358	2358
2361	2361
2360	2360
2363	2363
2362	2362
2365	2365
2364	2364
2367	2367
2366	2366
2374	2374
2375	2375
2372	2372
2373	2373
2370	2370
2371	2371
2368	2368
2369	2369
2382	2382
2383	2383
2380	2380
2381	2381
2378	2378
2379	2379
2376	2376
2377	2377
2391	2391
2390	2390
2389	2389
2388	2388
2387	2387
2386	2386
2385	2385
2384	2384
2399	2399
2398	2398
2397	2397
2396	2396
2395	2395
2394	2394
2393	2393
2392	2392
2404	2404
2405	2405
2406	2406
2407	2407
2400	2400
2401	2401
2402	2402
2403	2403
2412	2412
2413	2413
2414	2414
2415	2415
2408	2408
2409	2409
2410	2410
2411	2411
2421	2421
2420	2420
2423	2423
2422	2422
2417	2417
2416	2416
2419	2419
2418	2418
2429	2429
2428	2428
2431	2431
2430	2430
2425	2425
2424	2424
2427	2427
2426	2426
2750	2750
2751	2751
2748	2748
2749	2749
2746	2746
2747	2747
2744	2744
2745	2745
2742	2742
2743	2743
2740	2740
2741	2741
2738	2738
2739	2739
2736	2736
2737	2737
2735	2735
2734	2734
2733	2733
2732	2732
2731	2731
2730	2730
2729	2729
2728	2728
2727	2727
2726	2726
2725	2725
2724	2724
2723	2723
2722	2722
2721	2721
2720	2720
2716	2716
2717	2717
2718	2718
2719	2719
2712	2712
2713	2713
2714	2714
2715	2715
2708	2708
2709	2709
2710	2710
2711	2711
2704	2704
2705	2705
2706	2706
2707	2707
2701	2701
2700	2700
2703	2703
2702	2702
2697	2697
2696	2696
2699	2699
2698	2698
2693	2693
2692	2692
2695	2695
2694	2694
2689	2689
2688	2688
2691	2691
2690	2690
2810	2810
2811	2811
2808	2808
2809	2809
2814	2814
2815	2815
2812	2812
2813	2813
2802	2802
2803	2803
2800	2800
2801	2801
2806	2806
2807	2807
2804	2804
2805	2805
2795	2795
2794	2794
2793	2793
2792	2792
2799	2799
2798	2798
2797	2797
2796	2796
2787	2787
2786	2786
2785	2785
2784	2784
2791	2791
2790	2790
2789	2789
2788	2788
2776	2776
2777	2777
2778	2778
2779	2779
2780	2780
2781	2781
2782	2782
2783	2783
2768	2768
2769	2769
2770	2770
2771	2771
2772	2772
2773	2773
2774	2774
2775	2775
2761	2761
2760	2760
2763	2763
2762	2762
2765	2765
2764	2764
2767	2767
2766	2766
2753	2753
2752	2752
2755	2755
2754	2754
2757	2757
2756	2756
2759	2759
2758	2758
2615	2615
2614	2614
2613	2613
2612	2612
2611	2611
2610	2610
2609	2609
2608	2608
2623	2623
2622	2622
2621	2621
2620	2620
2619	2619
2618	2618
2617	2617
2616	2616
2598	2598
2599	2599
2596	2596
2597	2597
2594	2594
2595	2595
2592	2592
2593	2593
2606	2606
2607	2607
2604	2604
2605	2605
2602	2602
2603	2603
2600	2600
2601	2601
2581	2581
2580	2580
2583	2583
2582	2582
2577	2577
2576	2576
2579	2579
2578	2578
2589	2589
2588	2588
2591	2591
2590	2590
2585	2585
2584	2584
2587	2587
2586	2586
2564	2564
2565	2565
2566	2566
2567	2567
2560	2560
2561	2561
2562	2562
2563	2563
2572	2572
2573	2573
2574	2574
2575	2575
2568	2568
2569	2569
2570	2570
2571	2571
2675	2675
2674	2674
2673	2673
2672	2672
2679	2679
2678	2678
2677	2677
2676	2676
2683	2683
2682	2682
2681	2681
2680	2680
2687	2687
2686	2686
2685	2685
2684	2684
2658	2658
2659	2659
2656	2656
2657	2657
2662	2662
2663	2663
2660	2660
2661	2661
2666	2666
2667	2667
2664	2664
2665	2665
2670	2670
2671	2671
2668	2668
2669	2669
2641	2641
2640	2640
2643	2643
2642	2642
2645	2645
2644	2644
2647	2647
2646	2646
2649	2649
2648	2648
2651	2651
2650	2650
2653	2653
2652	2652
2655	2655
2654	2654
2624	2624
2625	2625
2626	2626
2627	2627
2628	2628
2629	2629
2630	2630
2631	2631
2632	2632
2633	2633
2634	2634
2635	2635
2636	2636
2637	2637
2638	2638
2639	2639
2989	2989
2988	2988
2991	2991
2990	2990
2985	2985
2984	2984
2987	2987
2986	2986
2981	2981
2980	2980
2983	2983
2982	2982
2977	2977
2976	2976
2979	2979
2978	2978
3004	3004
3005	3005
3006	3006
3007	3007
3000	3000
3001	3001
3002	3002
3003	3003
2996	2996
2997	2997
2998	2998
2999	2999
2992	2992
2993	2993
2994	2994
2995	2995
2959	2959
2958	2958
2957	2957
2956	2956
2955	2955
2954	2954
2953	2953
2952	2952
2951	2951
2950	2950
2949	2949
2948	2948
2947	2947
2946	2946
2945	2945
2944	2944
2974	2974
2975	2975
2972	2972
2973	2973
2970	2970
2971	2971
2968	2968
2969	2969
2966	2966
2967	2967
2964	2964
2965	2965
2962	2962
2963	2963
2960	2960
2961	2961
3049	3049
3048	3048
3051	3051
3050	3050
3053	3053
3052	3052
3055	3055
3054	3054
3041	3041
3040	3040
3043	3043
3042	3042
3045	3045
3044	3044
3047	3047
3046	3046
3064	3064
3065	3065
3066	3066
3067	3067
3068	3068
3069	3069
3070	3070
3071	3071
3056	3056
3057	3057
3058	3058
3059	3059
3060	3060
3061	3061
3062	3062
3063	3063
3019	3019
3018	3018
3017	3017
3016	3016
3023	3023
3022	3022
3021	3021
3020	3020
3011	3011
3010	3010
3009	3009
3008	3008
3015	3015
3014	3014
3013	3013
3012	3012
3034	3034
3035	3035
3032	3032
3033	3033
3038	3038
3039	3039
3036	3036
3037	3037
3026	3026
3027	3027
3024	3024
3025	3025
3030	3030
3031	3031
3028	3028
3029	3029
2852	2852
2853	2853
2854	2854
2855	2855
2848	2848
2849	2849
2850	2850
2851	2851
2860	2860
2861	2861
2862	2862
2863	2863
2856	2856
2857	2857
2858	2858
2859	2859
2869	2869
2868	2868
2871	2871
2870	2870
2865	2865
2864	2864
2867	2867
2866	2866
2877	2877
2876	2876
2879	2879
2878	2878
2873	2873
2872	2872
2875	2875
2874	2874
2822	2822
2823	2823
2820	2820
2821	2821
2818	2818
2819	2819
2816	2816
2817	2817
2830	2830
2831	2831
2828	2828
2829	2829
2826	2826
2827	2827
2824	2824
2825	2825
2839	2839
2838	2838
2837	2837
2836	2836
2835	2835
2834	2834
2833	2833
2832	2832
2847	2847
2846	2846
2845	2845
2844	2844
2843	2843
2842	2842
2841	2841
2840	2840
2912	2912
2913	2913
2914	2914
2915	2915
2916	2916
2917	2917
2918	2918
2919	2919
2920	2920
2921	2921
2922	2922
2923	2923
2924	2924
2925	2925
2926	2926
2927	2927
2929	2929
2928	2928
2931	2931
2930	2930
2933	2933
2932	2932
2935	2935
2934	2934
2937	2937
2936	2936
2939	2939
2938	2938
2941	2941
2940	2940
2943	2943
2942	2942
2882	2882
2883	2883
2880	2880
2881	2881
2886	2886
2887	2887
2884	2884
2885	2885
2890	2890
2891	2891
2888	2888
2889	2889
2894	2894
2895	2895
2892	2892
2893	2893
2899	2899
2898	2898
2897	2897
2896	2896
2903	2903
2902	2902
2901	2901
2900	2900
2907	2907
2906	2906
2905	2905
2904	2904
2911	2911
2910	2910
2909	2909
2908	2908
3284	3284
3285	3285
3286	3286
3287	3287
3280	3280
3281	3281
3282	3282
3283	3283
3292	3292
3293	3293
3294	3294
3295	3295
3288	3288
3289	3289
3290	3290
3291	3291
3269	3269
3268	3268
3271	3271
3270	3270
3265	3265
3264	3264
3267	3267
3266	3266
3277	3277
3276	3276
3279	3279
3278	3278
3273	3273
3272	3272
3275	3275
3274	3274
3318	3318
3319	3319
3316	3316
3317	3317
3314	3314
3315	3315
3312	3312
3313	3313
3326	3326
3327	3327
3324	3324
3325	3325
3322	3322
3323	3323
3320	3320
3321	3321
3303	3303
3302	3302
3301	3301
3300	3300
3299	3299
3298	3298
3297	3297
3296	3296
3311	3311
3310	3310
3309	3309
3308	3308
3307	3307
3306	3306
3305	3305
3304	3304
3216	3216
3217	3217
3218	3218
3219	3219
3220	3220
3221	3221
3222	3222
3223	3223
3224	3224
3225	3225
3226	3226
3227	3227
3228	3228
3229	3229
3230	3230
3231	3231
3201	3201
3200	3200
3203	3203
3202	3202
3205	3205
3204	3204
3207	3207
3206	3206
3209	3209
3208	3208
3211	3211
3210	3210
3213	3213
3212	3212
3215	3215
3214	3214
3250	3250
3251	3251
3248	3248
3249	3249
3254	3254
3255	3255
3252	3252
3253	3253
3258	3258
3259	3259
3256	3256
3257	3257
3262	3262
3263	3263
3260	3260
3261	3261
3235	3235
3234	3234
3233	3233
3232	3232
3239	3239
3238	3238
3237	3237
3236	3236
3243	3243
3242	3242
3241	3241
3240	3240
3247	3247
3246	3246
3245	3245
3244	3244
3165	3165
3164	3164
3167	3167
3166	3166
3161	3161
3160	3160
3163	3163
3162	3162
3157	3157
3156	3156
3159	3159
3158	3158
3153	3153
3152	3152
3155	3155
3154	3154
3148	3148
3149	3149
3150	3150
3151	3151
3144	3144
3145	3145
3146	3146
3147	3147
3140	3140
3141	3141
3142	3142
3143	3143
3136	3136
3137	3137
3138	3138
3139	3139
3199	3199
3198	3198
3197	3197
3196	3196
3195	3195
3194	3194
3193	3193
3192	3192
3191	3191
3190	3190
3189	3189
3188	3188
3187	3187
3186	3186
3185	3185
3184	3184
3182	3182
3183	3183
3180	3180
3181	3181
3178	3178
3179	3179
3176	3176
3177	3177
3174	3174
3175	3175
3172	3172
3173	3173
3170	3170
3171	3171
3168	3168
3169	3169
3097	3097
3096	3096
3099	3099
3098	3098
3101	3101
3100	3100
3103	3103
3102	3102
3089	3089
3088	3088
3091	3091
3090	3090
3093	3093
3092	3092
3095	3095
3094	3094
3080	3080
3081	3081
3082	3082
3083	3083
3084	3084
3085	3085
3086	3086
3087	3087
3072	3072
3073	3073
3074	3074
3075	3075
3076	3076
3077	3077
3078	3078
3079	3079
3131	3131
3130	3130
3129	3129
3128	3128
3135	3135
3134	3134
3133	3133
3132	3132
3123	3123
3122	3122
3121	3121
3120	3120
3127	3127
3126	3126
3125	3125
3124	3124
3114	3114
3115	3115
3112	3112
3113	3113
3118	3118
3119	3119
3116	3116
3117	3117
3106	3106
3107	3107
3104	3104
3105	3105
3110	3110
3111	3111
3108	3108
3109	3109
3527	3527
3526	3526
3525	3525
3524	3524
3523	3523
3522	3522
3521	3521
3520	3520
3535	3535
3534	3534
3533	3533
3532	3532
3531	3531
3530	3530
3529	3529
3528	3528
3542	3542
3543	3543
3540	3540
3541	3541
3538	3538
3539	3539
3536	3536
3537	3537
3550	3550
3551	3551
3548	3548
3549	3549
3546	3546
3547	3547
3544	3544
3545	3545
3557	3557
3556	3556
3559	3559
3558	3558
3553	3553
3552	3552
3555	3555
3554	3554
3565	3565
3564	3564
3567	3567
3566	3566
3561	3561
3560	3560
3563	3563
3562	3562
3572	3572
3573	3573
3574	3574
3575	3575
3568	3568
3569	3569
3570	3570
3571	3571
3580	3580
3581	3581
3582	3582
3583	3583
3576	3576
3577	3577
3578	3578
3579	3579
3459	3459
3458	3458
3457	3457
3456	3456
3463	3463
3462	3462
3461	3461
3460	3460
3467	3467
3466	3466
3465	3465
3464	3464
3471	3471
3470	3470
3469	3469
3468	3468
3474	3474
3475	3475
3472	3472
3473	3473
3478	3478
3479	3479
3476	3476
3477	3477
3482	3482
3483	3483
3480	3480
3481	3481
3486	3486
3487	3487
3484	3484
3485	3485
3489	3489
3488	3488
3491	3491
3490	3490
3493	3493
3492	3492
3495	3495
3494	3494
3497	3497
3496	3496
3499	3499
3498	3498
3501	3501
3500	3500
3503	3503
3502	3502
3504	3504
3505	3505
3506	3506
3507	3507
3508	3508
3509	3509
3510	3510
3511	3511
3512	3512
3513	3513
3514	3514
3515	3515
3516	3516
3517	3517
3518	3518
3519	3519
3406	3406
3407	3407
3404	3404
3405	3405
3402	3402
3403	3403
3400	3400
3401	3401
3398	3398
3399	3399
3396	3396
3397	3397
3394	3394
3395	3395
3392	3392
3393	3393
3423	3423
3422	3422
3421	3421
3420	3420
3419	3419
3418	3418
3417	3417
3416	3416
3415	3415
3414	3414
3413	3413
3412	3412
3411	3411
3410	3410
3409	3409
3408	3408
3436	3436
3437	3437
3438	3438
3439	3439
3432	3432
3433	3433
3434	3434
3435	3435
3428	3428
3429	3429
3430	3430
3431	3431
3424	3424
3425	3425
3426	3426
3427	3427
3453	3453
3452	3452
3455	3455
3454	3454
3449	3449
3448	3448
3451	3451
3450	3450
3445	3445
3444	3444
3447	3447
3446	3446
3441	3441
3440	3440
3443	3443
3442	3442
3338	3338
3339	3339
3336	3336
3337	3337
3342	3342
3343	3343
3340	3340
3341	3341
3330	3330
3331	3331
3328	3328
3329	3329
3334	3334
3335	3335
3332	3332
3333	3333
3355	3355
3354	3354
3353	3353
3352	3352
3359	3359
3358	3358
3357	3357
3356	3356
3347	3347
3346	3346
3345	3345
3344	3344
3351	3351
3350	3350
3349	3349
3348	3348
3368	3368
3369	3369
3370	3370
3371	3371
3372	3372
3373	3373
3374	3374
3375	3375
3360	3360
3361	3361
3362	3362
3363	3363
3364	3364
3365	3365
3366	3366
3367	3367
3385	3385
3384	3384
3387	3387
3386	3386
3389	3389
3388	3388
3391	3391
3390	3390
3377	3377
3376	3376
3379	3379
3378	3378
3381	3381
3380	3380
3383	3383
3382	3382
3826	3826
3827	3827
3824	3824
3825	3825
3830	3830
3831	3831
3828	3828
3829	3829
3834	3834
3835	3835
3832	3832
3833	3833
3838	3838
3839	3839
3836	3836
3837	3837
3811	3811
3810	3810
3809	3809
3808	3808
3815	3815
3814	3814
3813	3813
3812	3812
3819	3819
3818	3818
3817	3817
3816	3816
3823	3823
3822	3822
3821	3821
3820	3820
3792	3792
3793	3793
3794	3794
3795	3795
3796	3796
3797	3797
3798	3798
3799	3799
3800	3800
3801	3801
3802	3802
3803	3803
3804	3804
3805	3805
3806	3806
3807	3807
3777	3777
3776	3776
3779	3779
3778	3778
3781	3781
3780	3780
3783	3783
3782	3782
3785	3785
3784	3784
3787	3787
3786	3786
3789	3789
3788	3788
3791	3791
3790	3790
3766	3766
3767	3767
3764	3764
3765	3765
3762	3762
3763	3763
3760	3760
3761	3761
3774	3774
3775	3775
3772	3772
3773	3773
3770	3770
3771	3771
3768	3768
3769	3769
3751	3751
3750	3750
3749	3749
3748	3748
3747	3747
3746	3746
3745	3745
3744	3744
3759	3759
3758	3758
3757	3757
3756	3756
3755	3755
3754	3754
3753	3753
3752	3752
3732	3732
3733	3733
3734	3734
3735	3735
3728	3728
3729	3729
3730	3730
3731	3731
3740	3740
3741	3741
3742	3742
3743	3743
3736	3736
3737	3737
3738	3738
3739	3739
3717	3717
3716	3716
3719	3719
3718	3718
3713	3713
3712	3712
3715	3715
3714	3714
3725	3725
3724	3724
3727	3727
3726	3726
3721	3721
3720	3720
3723	3723
3722	3722
3707	3707
3706	3706
3705	3705
3704	3704
3711	3711
3710	3710
3709	3709
3708	3708
3699	3699
3698	3698
3697	3697
3696	3696
3703	3703
3702	3702
3701	3701
3700	3700
3690	3690
3691	3691
3688	3688
3689	3689
3694	3694
3695	3695
3692	3692
3693	3693
3682	3682
3683	3683
3680	3680
3681	3681
3686	3686
3687	3687
3684	3684
3685	3685
3673	3673
3672	3672
3675	3675
3674	3674
3677	3677
3676	3676
3679	3679
3678	3678
3665	3665
3664	3664
3667	3667
3666	3666
3669	3669
3668	3668
3671	3671
3670	3670
3656	3656
3657	3657
3658	3658
3659	3659
3660	3660
3661	3661
3662	3662
3663	3663
3648	3648
3649	3649
3650	3650
3651	3651
3652	3652
3653	3653
3654	3654
3655	3655
3647	3647
3646	3646
3645	3645
3644	3644
3643	3643
3642	3642
3641	3641
3640	3640
3639	3639
3638	3638
3637	3637
3636	3636
3635	3635
3634	3634
3633	3633
3632	3632
3630	3630
3631	3631
3628	3628
3629	3629
3626	3626
3627	3627
3624	3624
3625	3625
3622	3622
3623	3623
3620	3620
3621	3621
3618	3618
3619	3619
3616	3616
3617	3617
3613	3613
3612	3612
3615	3615
3614	3614
3609	3609
3608	3608
3611	3611
3610	3610
3605	3605
3604	3604
3607	3607
3606	3606
3601	3601
3600	3600
3603	3603
3602	3602
3596	3596
3597	3597
3598	3598
3599	3599
3592	3592
3593	3593
3594	3594
3595	3595
3588	3588
3589	3589
3590	3590
3591	3591
3584	3584
3585	3585
3586	3586
3587	3587
4065	4065
4064	4064
4067	4067
4066	4066
4069	4069
4068	4068
4071	4071
4070	4070
4073	4073
4072	4072
4075	4075
4074	4074
4077	4077
4076	4076
4079	4079
4078	4078
4080	4080
4081	4081
4082	4082
4083	4083
4084	4084
4085	4085
4086	4086
4087	4087
4088	4088
4089	4089
4090	4090
4091	4091
4092	4092
4093	4093
4094	4094
4095	4095
4035	4035
4034	4034
4033	4033
4032	4032
4039	4039
4038	4038
4037	4037
4036	4036
4043	4043
4042	4042
4041	4041
4040	4040
4047	4047
4046	4046
4045	4045
4044	4044
4050	4050
4051	4051
4048	4048
4049	4049
4054	4054
4055	4055
4052	4052
4053	4053
4058	4058
4059	4059
4056	4056
4057	4057
4062	4062
4063	4063
4060	4060
4061	4061
4005	4005
4004	4004
4007	4007
4006	4006
4001	4001
4000	4000
4003	4003
4002	4002
4013	4013
4012	4012
4015	4015
4014	4014
4009	4009
4008	4008
4011	4011
4010	4010
4020	4020
4021	4021
4022	4022
4023	4023
4016	4016
4017	4017
4018	4018
4019	4019
4028	4028
4029	4029
4030	4030
4031	4031
4024	4024
4025	4025
4026	4026
4027	4027
3975	3975
3974	3974
3973	3973
3972	3972
3971	3971
3970	3970
3969	3969
3968	3968
3983	3983
3982	3982
3981	3981
3980	3980
3979	3979
3978	3978
3977	3977
3976	3976
3990	3990
3991	3991
3988	3988
3989	3989
3986	3986
3987	3987
3984	3984
3985	3985
3998	3998
3999	3999
3996	3996
3997	3997
3994	3994
3995	3995
3992	3992
3993	3993
3944	3944
3945	3945
3946	3946
3947	3947
3948	3948
3949	3949
3950	3950
3951	3951
3936	3936
3937	3937
3938	3938
3939	3939
3940	3940
3941	3941
3942	3942
3943	3943
3961	3961
3960	3960
3963	3963
3962	3962
3965	3965
3964	3964
3967	3967
3966	3966
3953	3953
3952	3952
3955	3955
3954	3954
3957	3957
3956	3956
3959	3959
3958	3958
3914	3914
3915	3915
3912	3912
3913	3913
3918	3918
3919	3919
3916	3916
3917	3917
3906	3906
3907	3907
3904	3904
3905	3905
3910	3910
3911	3911
3908	3908
3909	3909
3931	3931
3930	3930
3929	3929
3928	3928
3935	3935
3934	3934
3933	3933
3932	3932
3923	3923
3922	3922
3921	3921
3920	3920
3927	3927
3926	3926
3925	3925
3924	3924
3884	3884
3885	3885
3886	3886
3887	3887
3880	3880
3881	3881
3882	3882
3883	3883
3876	3876
3877	3877
3878	3878
3879	3879
3872	3872
3873	3873
3874	3874
3875	3875
3901	3901
3900	3900
3903	3903
3902	3902
3897	3897
3896	3896
3899	3899
3898	3898
3893	3893
3892	3892
3895	3895
3894	3894
3889	3889
3888	3888
3891	3891
3890	3890
3854	3854
3855	3855
3852	3852
3853	3853
3850	3850
3851	3851
3848	3848
3849	3849
3846	3846
3847	3847
3844	3844
3845	3845
3842	3842
3843	3843
3840	3840
3841	3841
3871	3871
3870	3870
3869	3869
3868	3868
3867	3867
3866	3866
3865	3865
3864	3864
3863	3863
3862	3862
3861	3861
3860	3860
3859	3859
3858	3858
3857	3857
3856	3856
