0	88
1	12715
2	12716
3	12717
4	12718
5	12719
6	12720
7	12721
8	12722
9	12723
10	12725
11	12726
12	12727
13	12728
14	12729
15	12730
16	12731
17	12732
18	12733
19	12734
20	12736
21	12737
22	12739
23	12740
24	12741
25	12742
26	12743
27	12744
28	12745
29	12747
30	12748
31	12751
32	12752
33	12753
34	12754
35	12755
36	12756
37	12757
38	12758
39	12759
40	12760
41	12762
42	12763
43	12765
44	12766
45	12768
46	12769
47	12772
48	12773
49	12774
50	12776
51	12777
52	12778
53	12781
54	12782
55	12783
56	12784
57	12785
58	12787
59	12788
60	12789
61	12790
62	12791
63	12792
64	12793
65	12794
66	12795
67	12796
68	12797
69	12798
70	12799
71	12800
72	12801
73	12803
74	12807
75	12808
76	12809
77	12811
78	12812
79	12813
80	12814
81	12815
82	12816
83	12817
84	12820
85	12821
86	12822
87	12824
88	12825
89	12827
90	12828
91	12829
92	12831
93	12832
94	12833
95	12834
96	12835
97	12836
98	12838
99	12839
100	12840
101	12842
102	12843
103	12844
104	12845
105	12846
106	12847
107	12849
108	12850
109	12851
110	12852
111	12853
112	12854
113	12855
114	12857
115	12858
116	12859
117	12860
118	12861
119	29447
120	29448
121	29449
122	29450
123	29451
124	29452
125	29453
126	29454
127	29455
128	29456
129	29457
130	29458
131	29459
132	29460
133	29461
134	29462
135	29463
136	29464
137	29465
138	29468
139	29469
140	29470
141	29471
142	29472
143	29473
144	29474
145	29475
146	29476
