2426	7542
2426	10342
2426	13496
2426	13497
2426	13498
2426	13500
2426	13501
2426	13502
2426	13503
2426	13504
2426	13505
2426	13506
2426	13509
2426	13511
2426	13514
2426	13515
2426	13516
2426	13518
2426	13519
2426	13522
2426	13523
2426	13525
2426	13526
2426	13528
2426	13530
2426	13532
2426	13533
2426	13535
2426	13539
2426	13542
2426	13543
2426	13544
2426	13545
13514	33612
13514	33613
13514	33614
13514	33615
13514	33616
13519	13528
33612	33613
33613	33614
33613	33615
33613	33616
33614	33615
33614	33616
33615	33616
