2598	8566
2599	15554
2600	15564
2601	15593
2602	22736
2603	22958
2604	22985
2605	23335
2606	23457
2607	31484
2608	31487
2609	31489
2610	31490
2611	31494
2612	31495
2613	31496
2614	31497
2615	31498
2616	31499
2617	31500
2618	31504
2619	31505
2620	31508
2621	31510
2622	31511
2623	31512
2624	31513
2625	31514
2626	31515
2627	31516
2628	31517
2629	31518
2630	31519
2631	31520
2632	31523
2633	31524
2634	31525
2635	31526
2636	31527
2637	31529
2638	31530
2639	31533
2640	31534
2641	31535
2642	31537
2643	31538
2644	31539
2645	31540
2646	31541
2647	31542
2648	31543
2649	31545
2650	31549
2651	31551
2652	31552
2653	22972
2654	31653
