8566	15554
8566	15564
8566	15593
8566	22736
8566	22958
8566	22985
8566	23335
8566	23457
8566	31484
8566	31487
8566	31489
8566	31490
8566	31494
8566	31495
8566	31496
8566	31497
8566	31498
8566	31499
8566	31500
8566	31504
8566	31505
8566	31508
8566	31510
8566	31511
8566	31512
8566	31513
8566	31514
8566	31515
8566	31516
8566	31517
8566	31518
8566	31519
8566	31520
8566	31523
8566	31524
8566	31525
8566	31526
8566	31527
8566	31529
8566	31530
8566	31533
8566	31534
8566	31535
8566	31537
8566	31538
8566	31539
8566	31540
8566	31541
8566	31542
8566	31543
8566	31545
8566	31549
8566	31551
8566	31552
22972	22985
31496	31497
31514	31515
31514	31516
31514	31517
31515	31516
31515	31517
31516	31517
31534	31535
31539	31653
