654	1097
655	3802
656	7400
657	7479
658	7491
659	9214
660	9935
661	11178
662	11179
663	11181
664	11183
665	11184
666	11185
667	11186
668	11189
669	11192
670	11194
671	11199
672	11200
673	11201
674	11203
675	11206
676	11208
677	11210
678	11211
679	11212
680	11217
681	11218
682	11219
683	11220
684	11221
685	11222
686	11223
687	11224
688	11225
689	11228
690	11230
691	11231
692	11232
693	11234
694	11235
695	11236
696	11237
697	11239
698	11241
699	11243
700	11244
701	11246
702	11247
703	11249
704	11250
705	11251
706	11252
707	11253
708	8852
709	18648
710	18649
711	22114
712	23571
713	20512
714	33055
715	33056
716	33057
717	33058
718	15753
