1353	3370
1354	25259
1355	25260
1356	25262
1357	25263
1358	25267
1359	25269
1360	25270
1361	25271
1362	25272
1363	25273
1364	25275
1365	25278
1366	25279
1367	25280
1368	25281
1369	25283
1370	25284
1371	25285
1372	25286
1373	25287
1374	25288
1375	25289
1376	25291
1377	25293
1378	25296
1379	25297
1380	25298
1381	25299
1382	25300
1383	25302
1384	25303
1385	25304
1386	25307
1387	25308
1388	25310
1389	25311
1390	25312
1391	25313
1392	25317
1393	25318
1394	25319
1395	25320
1396	25321
1397	25323
1398	25324
1399	33718
1400	33734
1401	33735
1402	33736
1403	33737
1404	33733
1405	33721
1406	33722
1407	33723
1408	33724
1409	33717
1410	33719
1411	33720
