3370	25259
3370	25260
3370	25262
3370	25263
3370	25267
3370	25269
3370	25270
3370	25271
3370	25272
3370	25273
3370	25275
3370	25278
3370	25279
3370	25280
3370	25281
3370	25283
3370	25284
3370	25285
3370	25286
3370	25287
3370	25288
3370	25289
3370	25291
3370	25293
3370	25296
3370	25297
3370	25298
3370	25299
3370	25300
3370	25302
3370	25303
3370	25304
3370	25307
3370	25308
3370	25310
3370	25311
3370	25312
3370	25313
3370	25317
3370	25318
3370	25319
3370	25320
3370	25321
3370	25323
3370	25324
25259	33718
25262	25302
25262	25307
25284	33734
25284	33735
25284	33736
25284	33737
25304	33733
25310	25311
25310	25312
25311	25312
25321	25323
25321	25324
25321	33721
25321	33722
25321	33723
25321	33724
25323	25324
25323	33721
25324	33721
33717	33718
33717	33719
33718	33719
33718	33720
33719	33720
33722	33723
33722	33724
33723	33724
33734	33735
33734	33736
33734	33737
33735	33736
33735	33737
33736	33737
