654	2515
655	2516
656	11575
657	11576
658	12738
659	12739
660	12741
661	12745
662	12746
663	12748
664	12750
665	12751
666	12752
667	12753
668	12759
669	12761
670	12762
671	12763
672	12764
673	12765
674	12766
675	12769
676	12770
677	12771
678	12773
679	12774
680	12776
681	12778
682	12779
683	12780
684	12781
685	12783
686	12784
687	12787
688	12788
689	12789
690	12791
691	12793
692	12794
693	12797
694	12798
695	12802
696	12803
697	12805
698	12806
699	12807
700	12808
701	12810
702	12811
703	12814
704	12815
705	12816
706	12817
707	12818
708	12819
709	12820
710	12821
711	12822
712	12823
713	12824
714	12825
715	12827
716	12828
717	12829
718	12830
719	12831
720	12832
721	12833
722	12835
723	12836
724	12837
725	12838
726	12840
727	17650
728	24797
729	29989
730	26032
731	29986
