2515	2516
2515	11575
2515	11576
2515	12738
2515	12739
2515	12741
2515	12745
2515	12746
2515	12748
2515	12750
2515	12751
2515	12752
2515	12753
2515	12759
2515	12761
2515	12762
2515	12763
2515	12764
2515	12765
2515	12766
2515	12769
2515	12770
2515	12771
2515	12773
2515	12774
2515	12776
2515	12778
2515	12779
2515	12780
2515	12781
2515	12783
2515	12784
2515	12787
2515	12788
2515	12789
2515	12791
2515	12793
2515	12794
2515	12797
2515	12798
2515	12802
2515	12803
2515	12805
2515	12806
2515	12807
2515	12808
2515	12810
2515	12811
2515	12814
2515	12815
2515	12816
2515	12817
2515	12818
2515	12819
2515	12820
2515	12821
2515	12822
2515	12823
2515	12824
2515	12825
2515	12827
2515	12828
2515	12829
2515	12830
2515	12831
2515	12832
2515	12833
2515	12835
2515	12836
2515	12837
2515	12838
2515	12840
11575	11576
12759	17650
12762	17650
12765	24797
12773	29989
12783	12784
12818	12819
12818	12820
12819	12820
12824	26032
12827	12828
12827	12829
12828	12829
12836	29986
