1439	7490
1439	16015
1439	16016
1439	16018
1439	16019
1439	16020
1439	16023
1439	16024
1439	16026
1439	16027
1439	16028
1439	16029
1439	16033
1439	16034
1439	16035
1439	16038
1439	16039
1439	16044
1439	16045
1439	16046
1439	16047
1439	16049
1439	16050
1439	16052
1439	16054
1439	16055
1439	16056
1439	16058
1439	16059
1439	16060
1439	16061
1439	16064
1439	16065
1439	16066
1439	16069
1439	16071
1439	16072
1439	16073
1439	16075
16018	16019
16018	16020
16019	16020
16023	16024
16023	28205
16027	16028
16027	16029
16027	16046
16027	16058
16027	16059
16027	16060
16027	16061
16027	16064
16027	16065
16028	16029
16033	16034
16034	33667
16046	16064
16046	16065
16054	16055
16054	16056
16055	16056
16058	16059
16058	16060
16058	16061
16059	16060
16059	16061
16060	16061
16064	16065
16071	16072
16071	16073
16072	16073
28205	28206
