2020	23909
2020	23910
2020	23912
2020	23913
2020	23917
2020	23919
2020	23920
2020	23921
2020	23922
2020	23923
2020	23925
2020	23928
2020	23929
2020	23930
2020	23931
2020	23933
2020	23934
2020	23935
2020	23936
2020	23937
2020	23938
2020	23939
2020	23941
2020	23943
2020	23946
2020	23947
2020	23948
2020	23949
2020	23950
2020	23952
2020	23953
2020	23954
2020	23957
2020	23958
2020	23960
2020	23961
2020	23962
2020	23963
2020	23967
2020	23968
2020	23969
2020	23970
2020	23971
2020	23973
2020	23974
23909	32368
23912	23952
23912	23957
23934	32384
23934	32385
23934	32386
23934	32387
23954	32383
23960	23961
23960	23962
23961	23962
23971	23973
23971	23974
23971	32371
23971	32372
23971	32373
23971	32374
23973	23974
23973	32371
23974	32371
32367	32368
32367	32369
32368	32369
32368	32370
32369	32370
32372	32373
32372	32374
32373	32374
32384	32385
32384	32386
32384	32387
32385	32386
32385	32387
32386	32387
