566	15157
566	15163
566	15164
566	15165
566	15166
566	15171
566	15172
566	15178
566	15179
566	15182
566	15185
566	15186
566	15187
566	15191
566	15194
566	15197
566	15201
566	15205
566	15206
566	15211
566	15217
566	15218
566	15220
566	15222
566	15223
566	15224
566	15231
566	15233
566	15237
566	15238
566	15239
566	15240
566	15241
566	15243
566	15244
566	15245
566	15246
566	15253
566	15254
566	15256
566	15257
566	15262
566	15265
566	15267
566	15275
566	15276
566	15278
566	15279
566	15280
566	15281
566	15287
566	15295
566	15298
566	15299
566	15300
566	15301
566	15302
566	15304
566	15305
566	15306
566	15312
566	15313
566	15315
566	15316
566	15317
566	15319
566	15320
566	15321
566	15322
566	15325
566	15326
566	15328
566	15329
566	15330
566	15332
566	15335
566	15336
566	15340
566	15341
566	15342
566	15343
566	15346
566	15350
566	15351
566	15353
566	15354
566	15355
566	15356
566	15358
566	15359
566	15360
566	15362
566	15363
566	15364
566	15365
566	15368
566	15369
566	15371
566	15373
566	15374
566	15375
566	15376
566	15377
566	15378
566	15380
566	15382
566	15383
566	15386
566	15387
566	15388
566	15389
566	15398
566	15399
566	15400
566	15401
566	15403
566	15405
566	15409
566	15410
566	15411
566	15412
566	15413
566	15414
566	15418
566	15419
566	15422
566	15423
566	15427
566	15428
566	15429
566	15430
566	15431
566	15432
566	15433
566	15436
566	15437
566	15438
566	15439
566	15442
566	15444
566	15446
566	15447
566	15449
566	15457
566	15458
566	15465
566	15466
566	15467
566	15468
566	15469
566	15470
566	15471
566	15472
566	15473
566	15474
566	15475
566	15477
566	15479
566	15481
566	15482
566	15486
566	15488
566	15489
566	15490
566	15492
566	15497
566	15498
566	15499
566	15500
566	15502
566	15504
566	15506
566	15508
566	15510
566	15512
566	15513
566	15514
566	15515
566	15516
566	15517
566	15518
566	15520
566	15522
566	15523
566	15526
566	15527
566	15528
566	15530
566	15531
566	15534
566	15537
566	15538
566	15541
566	15542
566	15543
566	15544
566	15545
566	15546
566	15547
566	15550
566	15554
566	15556
566	15558
566	15560
566	15561
566	15563
566	15564
566	15566
566	15571
566	15572
566	15573
566	15575
566	15576
566	15577
566	15579
566	15580
566	15583
566	15584
566	15586
566	15587
566	15588
566	15589
566	15590
566	15592
566	15595
566	15597
566	15598
566	15599
566	15603
566	15604
566	15608
566	15609
15164	15165
15185	15186
15245	15246
15253	15254
15319	15320
15319	15321
15319	15322
15320	15321
15320	15322
15321	15322
15328	15329
15351	31561
15353	31529
15364	31512
15364	31513
15364	31514
15418	15419
15428	15429
15436	15437
15436	15438
15437	15438
15522	31560
31512	31513
31512	31514
31513	31514
31560	31562
31560	31563
