4486	5404
4486	5405
4486	5442
4486	5468
4486	7985
4486	28971
5404	5405
13563	13564
13563	13565
13564	13565
13565	28968
13565	28969
13565	28970
13565	28971
13565	28972
28968	28969
28968	28970
28968	28971
28968	28972
28969	28970
28969	28971
28969	28972
28969	28973
28969	28974
28969	28975
28969	28976
28969	28977
28969	28978
28969	28979
28969	28980
28969	28981
28969	28982
28969	28983
28969	28984
28969	28985
28969	28986
28969	28987
28970	28971
28970	28972
28970	28973
28970	28974
28970	28975
28970	28976
28970	28977
28970	28978
28970	28979
28970	28980
28970	28981
28970	28982
28970	28983
28970	28984
28970	28985
28970	28986
28970	28987
28971	28972
28973	28977
28973	28980
28973	28982
28973	28987
28974	28975
28974	28976
28975	28976
28977	28980
28978	28979
28981	28983
28981	28984
28981	28985
28981	28986
28983	28984
28984	28985
28984	28986
28985	28986
