191	561
192	6150
193	6151
194	6160
195	6176
196	6182
197	6193
198	6202
199	6217
200	6220
201	6222
202	6223
203	6229
204	6250
205	6254
206	6268
207	6270
208	6271
209	6279
210	6285
211	6298
212	6299
213	6300
214	6314
215	6315
216	6322
217	6326
218	6329
219	6331
220	6335
221	6336
222	6337
223	6339
224	6344
225	6349
226	6351
227	6355
228	6358
229	6360
230	6362
231	6363
232	6364
233	6365
234	6371
235	6373
236	6376
237	6377
238	6384
239	6385
240	6391
241	6396
242	6399
243	6400
244	6410
245	6415
246	6421
247	6424
248	6440
249	6442
250	6443
251	6445
252	6446
253	6450
254	6452
255	6458
256	6467
257	6468
258	6472
259	6477
260	6483
261	6495
262	6499
263	6506
264	6507
265	6508
266	6509
267	6521
268	6522
269	6524
270	6527
271	6529
272	6532
273	6546
274	6547
275	6548
276	6552
277	6554
278	6559
279	6560
280	6561
281	6566
282	6573
283	6578
284	6579
285	6580
286	6586
287	6593
288	6594
289	6598
290	6599
291	6600
292	6608
293	6609
294	6612
295	6615
296	6617
297	6648
298	6649
299	6650
300	6659
301	6661
302	6671
303	6673
304	6675
305	6679
306	6680
307	6689
308	6691
309	6703
310	6706
311	6715
312	33666
313	33667
314	33668
315	33669
316	33670
317	33671
318	33676
319	33677
320	33678
321	33679
322	33680
323	33681
324	33682
325	33683
326	33687
327	33684
328	33685
329	33686
330	33688
331	33689
332	33690
333	33691
334	33692
335	33693
336	33694
