561	6150
561	6151
561	6160
561	6176
561	6182
561	6193
561	6202
561	6217
561	6220
561	6222
561	6223
561	6229
561	6250
561	6254
561	6268
561	6270
561	6271
561	6279
561	6285
561	6298
561	6299
561	6300
561	6314
561	6315
561	6322
561	6326
561	6329
561	6331
561	6335
561	6336
561	6337
561	6339
561	6344
561	6349
561	6351
561	6355
561	6358
561	6360
561	6362
561	6363
561	6364
561	6365
561	6371
561	6373
561	6376
561	6377
561	6384
561	6385
561	6391
561	6396
561	6399
561	6400
561	6410
561	6415
561	6421
561	6424
561	6440
561	6442
561	6443
561	6445
561	6446
561	6450
561	6452
561	6458
561	6467
561	6468
561	6472
561	6477
561	6483
561	6495
561	6499
561	6506
561	6507
561	6508
561	6509
561	6521
561	6522
561	6524
561	6527
561	6529
561	6532
561	6546
561	6547
561	6548
561	6552
561	6554
561	6559
561	6560
561	6561
561	6566
561	6573
561	6578
561	6579
561	6580
561	6586
561	6593
561	6594
561	6598
561	6599
561	6600
561	6608
561	6609
561	6612
561	6615
561	6617
561	6648
561	6649
561	6650
561	6659
561	6661
561	6671
561	6673
561	6675
561	6679
561	6680
561	6689
561	6691
561	6703
561	6706
561	6715
6151	6160
6298	6299
6298	6300
6299	6300
6335	6336
6335	6337
6336	6337
6362	6363
6362	6364
6362	6365
6363	6364
6363	6365
6364	6365
6373	33666
6373	33667
6373	33668
6373	33669
6373	33670
6373	33671
6445	6446
6467	6468
6506	6507
6506	6508
6507	6508
6507	33676
6507	33677
6507	33678
6507	33679
6508	33676
6508	33677
6508	33678
6508	33679
6706	33680
6706	33681
6706	33682
6706	33683
6706	33687
33666	33667
33666	33668
33667	33668
33669	33670
33669	33671
33670	33671
33676	33677
33676	33678
33676	33679
33677	33678
33677	33679
33678	33679
33680	33681
33680	33682
33680	33683
33680	33684
33680	33685
33680	33686
33680	33687
33680	33688
33680	33689
33680	33690
33681	33682
33681	33683
33681	33684
33681	33685
33681	33686
33681	33687
33681	33688
33681	33689
33681	33690
33682	33683
33682	33684
33682	33685
33682	33686
33682	33687
33682	33688
33682	33689
33682	33690
33683	33684
33683	33685
33683	33689
33684	33685
33684	33689
33685	33686
33685	33687
33685	33688
33685	33689
33685	33690
33686	33687
33686	33688
33686	33689
33686	33690
33687	33688
33687	33689
33687	33690
33687	33691
33687	33692
33687	33693
33687	33694
33688	33689
33688	33690
33689	33690
33691	33692
33691	33693
33691	33694
33692	33693
33692	33694
33693	33694
