4765	18152
4765	18182
4765	18188
4765	18240
4765	18460
4765	18462
4765	18465
4765	18467
4765	18468
4765	18470
4765	18471
4765	18472
4765	18477
4765	18479
4765	18480
4765	18481
4765	18482
4765	18483
4765	18484
4765	18486
4765	18487
4765	18488
4765	18490
4765	18494
4765	18495
4765	18496
4765	18497
4765	18498
4765	18499
4765	18500
4765	18501
4765	18504
4765	18505
4765	18506
4765	18508
4765	18509
4765	18510
4765	18512
4765	18514
4765	18515
4765	18524
4765	18525
4765	18529
4765	18530
4765	18535
4765	18536
4765	18539
4765	18540
4765	18542
4765	18543
4765	18544
4765	18545
18150	18151
18150	18152
18151	18152
18151	18190
18152	18190
18460	18468
18460	18490
18460	18525
18460	18543
18460	18544
18460	29812
18468	29812
18486	18487
18486	18488
18487	18488
18496	18497
18496	18498
18496	18499
18497	18498
18497	18499
18498	18499
18506	18542
18543	18544
