26526	26527
26526	26528
26526	26529
26526	26530
26526	26531
26526	26532
26526	26533
26526	26534
26526	26536
26527	26528
26527	26529
26527	26530
26527	26531
26527	26532
26527	26533
26527	26534
26527	26536
26528	26529
26528	26530
26528	26531
26528	26532
26528	26533
26528	26534
26528	26536
26529	26531
26529	26532
26529	26533
26529	26534
26531	26532
26531	26533
26534	26535
26534	26536
26534	26537
26534	26541
26534	26542
26534	26543
26534	26546
26535	26536
26535	26537
26535	26541
26535	26542
26535	26543
26535	26546
26536	26537
26536	26541
26536	26542
26536	26543
26536	26546
26537	26541
26537	26542
26537	26543
26537	26546
26541	26542
26541	26543
26541	26546
26542	26543
26542	26546
26543	26546
