15361	24645
15361	24657
15361	24658
15361	24659
15361	24660
15361	24661
15361	24662
15361	24666
15361	24667
15361	24668
15361	24669
15361	24674
15361	33735
15361	33736
15361	33737
15361	33738
15361	33739
15361	33740
15361	33741
24645	24660
24645	24666
24645	24667
24645	24668
24645	24669
24645	33738
24645	33739
24657	24658
24657	24659
24657	24660
24657	24661
24657	24662
24658	24659
24658	24660
24658	24661
24658	24662
24659	24660
24659	24661
24659	24662
24660	24661
24660	24662
24661	24662
24666	24667
24666	24668
24666	24669
24666	33740
24666	33741
24667	24668
24667	24669
24668	24669
33735	33736
33735	33737
33736	33737
33738	33739
33740	33741
