0	566
1	15157
2	15163
3	15164
4	15165
5	15166
6	15171
7	15172
8	15178
9	15179
10	15182
11	15185
12	15186
13	15187
14	15191
15	15194
16	15197
17	15201
18	15205
19	15206
20	15211
21	15217
22	15218
23	15220
24	15222
25	15223
26	15224
27	15231
28	15233
29	15237
30	15238
31	15239
32	15240
33	15241
34	15243
35	15244
36	15245
37	15246
38	15253
39	15254
40	15256
41	15257
42	15262
43	15265
44	15267
45	15275
46	15276
47	15278
48	15279
49	15280
50	15281
51	15287
52	15295
53	15298
54	15299
55	15300
56	15301
57	15302
58	15304
59	15305
60	15306
61	15312
62	15313
63	15315
64	15316
65	15317
66	15319
67	15320
68	15321
69	15322
70	15325
71	15326
72	15328
73	15329
74	15330
75	15332
76	15335
77	15336
78	15340
79	15341
80	15342
81	15343
82	15346
83	15350
84	15351
85	15353
86	15354
87	15355
88	15356
89	15358
90	15359
91	15360
92	15362
93	15363
94	15364
95	15365
96	15368
97	15369
98	15371
99	15373
100	15374
101	15375
102	15376
103	15377
104	15378
105	15380
106	15382
107	15383
108	15386
109	15387
110	15388
111	15389
112	15398
113	15399
114	15400
115	15401
116	15403
117	15405
118	15409
119	15410
120	15411
121	15412
122	15413
123	15414
124	15418
125	15419
126	15422
127	15423
128	15427
129	15428
130	15429
131	15430
132	15431
133	15432
134	15433
135	15436
136	15437
137	15438
138	15439
139	15442
140	15444
141	15446
142	15447
143	15449
144	15457
145	15458
146	15465
147	15466
148	15467
149	15468
150	15469
151	15470
152	15471
153	15472
154	15473
155	15474
156	15475
157	15477
158	15479
159	15481
160	15482
161	15486
162	15488
163	15489
164	15490
165	15492
166	15497
167	15498
168	15499
169	15500
170	15502
171	15504
172	15506
173	15508
174	15510
175	15512
176	15513
177	15514
178	15515
179	15516
180	15517
181	15518
182	15520
183	15522
184	15523
185	15526
186	15527
187	15528
188	15530
189	15531
190	15534
191	15537
192	15538
193	15541
194	15542
195	15543
196	15544
197	15545
198	15546
199	15547
200	15550
201	15554
202	15556
203	15558
204	15560
205	15561
206	15563
207	15564
208	15566
209	15571
210	15572
211	15573
212	15575
213	15576
214	15577
215	15579
216	15580
217	15583
218	15584
219	15586
220	15587
221	15588
222	15589
223	15590
224	15592
225	15595
226	15597
227	15598
228	15599
229	15603
230	15604
231	15608
232	15609
233	31561
234	31529
235	31512
236	31513
237	31514
238	31560
239	31562
240	31563
0	566
1	15157
2	15163
3	15164
4	15165
5	15166
6	15171
7	15172
8	15178
9	15179
10	15182
11	15185
12	15186
13	15187
14	15191
15	15194
16	15197
17	15201
18	15205
19	15206
20	15211
21	15217
22	15218
23	15220
24	15222
25	15223
26	15224
27	15231
28	15233
29	15237
30	15238
31	15239
32	15240
33	15241
34	15243
35	15244
36	15245
37	15246
38	15253
39	15254
40	15256
41	15257
42	15262
43	15265
44	15267
45	15275
46	15276
47	15278
48	15279
49	15280
50	15281
51	15287
52	15295
53	15298
54	15299
55	15300
56	15301
57	15302
58	15304
59	15305
60	15306
61	15312
62	15313
63	15315
64	15316
65	15317
66	15319
67	15320
68	15321
69	15322
70	15325
71	15326
72	15328
73	15329
74	15330
75	15332
76	15335
77	15336
78	15340
79	15341
80	15342
81	15343
82	15346
83	15350
84	15351
85	15353
86	15354
87	15355
88	15356
89	15358
90	15359
91	15360
92	15362
93	15363
94	15364
95	15365
96	15368
97	15369
98	15371
99	15373
100	15374
101	15375
102	15376
103	15377
104	15378
105	15380
106	15382
107	15383
108	15386
109	15387
110	15388
111	15389
112	15398
113	15399
114	15400
115	15401
116	15403
117	15405
118	15409
119	15410
120	15411
121	15412
122	15413
123	15414
124	15418
125	15419
126	15422
127	15423
128	15427
129	15428
130	15429
131	15430
132	15431
133	15432
134	15433
135	15436
136	15437
137	15438
138	15439
139	15442
140	15444
141	15446
142	15447
143	15449
144	15457
145	15458
146	15465
147	15466
148	15467
149	15468
150	15469
151	15470
152	15471
153	15472
154	15473
155	15474
156	15475
157	15477
158	15479
159	15481
160	15482
161	15486
162	15488
163	15489
164	15490
165	15492
166	15497
167	15498
168	15499
169	15500
170	15502
171	15504
172	15506
173	15508
174	15510
175	15512
176	15513
177	15514
178	15515
179	15516
180	15517
181	15518
182	15520
183	15522
184	15523
185	15526
186	15527
187	15528
188	15530
189	15531
190	15534
191	15537
192	15538
193	15541
194	15542
195	15543
196	15544
197	15545
198	15546
199	15547
200	15550
201	15554
202	15556
203	15558
204	15560
205	15561
206	15563
207	15564
208	15566
209	15571
210	15572
211	15573
212	15575
213	15576
214	15577
215	15579
216	15580
217	15583
218	15584
219	15586
220	15587
221	15588
222	15589
223	15590
224	15592
225	15595
226	15597
227	15598
228	15599
229	15603
230	15604
231	15608
232	15609
233	31561
234	31529
235	31512
236	31513
237	31514
238	31560
239	31562
240	31563
