7374	30480
7374	30508
7374	31529
7374	31530
7374	31531
7374	31532
7374	31533
24076	30508
30479	30480
30480	30508
30480	31529
30480	31530
30480	31531
30480	31532
30480	31533
30480	34336
30480	35684
30480	35685
30480	35686
30480	35687
30480	35689
30480	35690
30480	35691
30484	30508
30484	31530
30484	35687
30484	35689
30508	31529
30508	31530
30508	31531
30508	31532
30508	31533
30508	34331
30508	34336
30508	35684
30508	35685
30508	35686
30508	35687
30508	35688
30508	35689
31529	31530
31529	31531
31529	31532
31529	31533
31529	35684
31529	35685
31529	35686
31530	31531
31530	31532
31530	31533
31530	35684
31530	35685
31530	35686
31530	35687
31530	35688
31530	35689
31531	31532
31531	31533
31532	31533
31533	34331
34336	35690
34336	35691
34336	35692
34336	35693
34336	35694
34336	35695
34336	35696
34336	35697
35684	35685
35684	35686
35685	35686
35687	35688
35687	35689
35688	35689
35690	35691
35692	35693
35692	35694
35692	35695
35692	35696
35692	35697
35693	35694
35693	35695
35693	35696
35693	35697
35694	35695
35694	35696
35694	35697
35695	35696
35695	35697
35696	35697
