1528	13246
1528	13247
1528	13251
1528	13252
1528	13254
1528	13255
1528	13256
1528	13261
1528	13263
1528	13264
1528	13266
1528	13267
1528	13268
1528	13271
1528	13272
1528	13273
1528	13274
1528	13275
1528	13276
1528	13277
1528	13278
1528	13280
1528	13281
1528	13283
1528	13284
1528	13285
1528	13286
1528	13287
1528	13290
1528	13293
1528	13294
1528	13295
1528	13297
1528	13298
1528	13299
1528	13300
1528	13301
1528	13303
1528	13307
1528	13308
1528	13310
1528	13311
1528	13312
1528	13313
1528	13314
1528	13315
1528	13316
1528	13317
1528	13318
1528	13319
1528	13320
1528	13321
1528	13324
1528	13325
1528	13326
13261	33139
13261	33140
13261	33141
13271	13297
13271	13324
13297	13324
13312	33160
13312	33161
13312	33162
13317	13318
13317	13319
13318	13319
33139	33140
33139	33141
33140	33141
33160	33161
33160	33162
33161	33162
