1
1
4982
4983
4984
4301
4985
4161
2
2
1
4986
4987
3670
4988
3
4989
4
5
6
4990
218
7
7
8
2620
9
10
11
2240
3992
3874
12
4379
2686
3118
13
13
837
14
4991
4992
15
16
1217
17
18
19
4993
2629
20
3447
4994
4843
4995
4194
21
4996
4997
138
1278
22
4998
2208
4999
5000
5001
5002
5003
23
5004
24
1090
1308
5005
598
5006
25
4168
3432
181
26
26
1638
27
27
28
4108
148
5007
5008
5009
5010
29
30
5011
31
3058
4496
659
5012
2753
2247
3677
2179
5013
32
33
34
35
35
3511
5014
36
37
37
38
40
5015
5016
5017
4065
189
5018
39
4125
526
5019
40
5020
5021
41
42
1469
43
5022
5023
44
45
46
47
2721
5024
48
5025
5026
3546
49
50
50
4051
161
51
5027
4169
5028
5029
5030
52
4068
53
4078
4349
54
3985
5031
694
55
55
4495
2953
56
3216
3669
57
3242
5032
5033
58
59
60
60
61
62
63
5034
64
64
5035
167
5036
65
2711
5037
66
5038
1267
5039
67
5040
2791
68
69
2349
450
5041
70
5042
5043
1591
71
2023
5044
72
4638
73
1985
5045
5046
2955
3610
74
75
5047
5048
5049
1247
5050
2157
4592
76
5051
77
1405
77
1881
5052
5053
347
4637
5054
5055
78
3085
79
79
5056
80
5057
2375
2047
81
82
83
84
84
552
5058
5059
85
86
87
2366
88
89
86
5060
5061
90
5062
3051
91
5063
92
5064
93
93
1066
426
2638
5065
94
5066
95
96
96
7
1569
97
725
5067
98
5068
674
99
1191
5069
5070
643
2075
5071
100
4388
5072
101
69
5073
5074
5075
102
1953
5076
103
5077
104
104
105
1541
3527
5078
5079
633
4815
1081
5080
106
5081
107
108
109
109
5082
110
2191
5083
5084
4048
111
111
112
1586
4589
5085
5086
113
5087
5088
114
5089
5090
5091
115
2874
116
5092
5093
2364
5094
2295
5095
661
4101
117
118
119
120
121
122
123
5096
3764
124
2911
5097
3917
125
5098
5099
126
126
3618
5100
5101
3630
4208
2579
2340
127
5102
2596
116
5103
1182
5104
5105
5106
128
2951
5107
5108
5109
129
130
131
5110
132
5111
5112
607
4865
133
5113
5114
134
135
5115
5116
5117
5118
5119
5120
3284
4948
136
5121
137
138
5122
2109
1930
5123
5124
5125
2567
5126
5127
5128
5129
3617
100
139
140
5130
5131
141
142
5132
5133
143
1356
144
145
2754
356
1900
5134
2902
5135
137
71
4555
146
147
5136
5137
5138
148
5139
5140
149
5141
150
150
151
2311
152
3855
4074
153
154
154
155
153
153
1549
156
4697
3813
157
2854
158
159
5142
5143
4572
5144
5145
5146
160
161
4833
5147
3147
162
5148
5149
151
5150
3056
5151
5152
163
5153
5154
164
5155
5156
5157
4095
165
1938
5158
5159
3554
4342
166
167
5160
5161
5162
3275
157
157
5163
5164
5165
168
5166
169
170
2035
540
2568
4401
5167
5168
5169
2470
5170
308
171
172
5171
5172
5173
3038
173
1539
2456
171
174
174
175
175
1754
5174
5175
587
176
177
5176
5177
1576
178
1822
172
179
2314
180
181
171
5178
182
5179
1773
5180
4129
5181
5182
183
183
184
5183
185
5184
186
4762
5185
187
177
5186
1793
3991
5187
188
175
5188
5189
4438
189
81
206
4080
190
5190
191
3849
5191
192
193
5192
3713
194
194
195
196
197
5193
2840
198
199
200
201
300
5194
5195
202
202
5196
5197
1183
203
5198
5199
5200
5201
343
5202
204
205
1528
206
5203
207
4527
208
209
209
2477
210
211
1149
212
5204
213
5205
214
5206
1339
363
215
216
5207
217
1317
218
219
220
5208
5209
5210
5211
5212
4249
1204
221
222
223
5213
18
224
5214
198
5215
5216
5217
3028
225
5218
2090
1037
274
5219
5220
5221
226
227
242
899
228
229
5222
2294
230
230
1749
231
232
232
4386
5223
5224
233
5225
1292
234
235
2826
236
5226
5227
237
237
5228
4456
349
5229
200
5230
5231
238
239
5232
240
241
4362
5233
571
5234
242
2038
243
244
245
5235
5236
1181
246
5237
5238
247
247
5239
1941
248
5240
249
250
251
5241
5242
5243
3210
5244
136
2589
3343
2609
252
249
5245
2003
5246
3337
5247
3999
253
5248
18
254
255
256
5249
253
5250
1205
5251
5252
5253
257
258
3372
5254
259
260
261
352
5255
3953
2927
262
5256
326
2605
263
2729
5257
264
265
265
5258
5259
4568
4073
3378
2909
5260
266
267
268
4226
260
269
1928
4189
270
1872
271
4331
5261
5262
272
5263
1804
5264
273
5265
274
275
276
276
5266
4155
5267
277
3722
5268
5269
1498
278
278
43
3966
279
977
280
280
261
411
5270
281
281
282
2198
1275
362
5271
5272
34
283
2028
5273
5274
5275
3388
1821
284
4423
285
3132
4
286
5276
3498
1598
287
288
289
5277
5278
5279
5280
678
290
3594
291
292
293
294
295
296
5281
297
298
288
299
39
5282
3319
3507
23
300
5283
301
5284
5285
5286
5287
302
3274
293
303
318
5288
2310
304
305
5289
5290
306
3772
307
308
309
309
310
311
312
313
35
314
288
315
315
316
317
317
318
297
5291
5292
3311
5293
5294
5295
5296
5297
2254
5298
1735
319
5299
320
321
3330
1492
1526
1949
5300
5301
322
323
323
5302
2680
5303
324
5304
5305
5306
325
325
326
327
3751
2183
5307
328
328
5308
4826
5309
5310
330
975
5311
329
330
331
5312
5313
332
5314
333
5315
334
335
1252
4263
5316
5317
5318
336
4084
337
5319
5320
5321
338
338
5322
5323
339
2793
666
4521
269
848
5324
1208
1797
5325
269
4494
2966
5326
5327
340
341
342
5328
343
5329
4099
5330
1300
344
5331
345
225
346
1212
347
5332
5333
348
349
5334
4272
5335
350
350
5336
5337
351
2720
5338
3469
3002
5339
5340
352
5341
5342
5343
353
1653
354
355
355
5344
5345
444
5346
5347
356
5348
357
5349
3597
358
358
2528
2448
5350
5351
359
1322
360
159
361
5352
5353
362
5354
363
5355
1726
5356
5357
1755
410
5358
4557
5359
223
5360
5361
5362
2479
364
364
5363
5364
5365
191
365
4766
5366
1990
366
5367
5368
5369
734
367
5370
5371
5372
5373
2163
368
5374
5375
5376
201
369
370
5377
497
5378
371
207
3045
3701
5379
5380
344
344
1968
5381
223
5382
4980
2134
208
372
373
205
374
374
375
5383
5384
1587
376
377
378
5385
5386
379
380
5387
381
382
383
2821
2269
1674
384
2901
385
386
387
388
389
389
390
5388
391
1209
5389
392
1103
393
2994
5390
394
5391
4426
395
396
396
5392
397
5393
108
4646
3086
2922
5394
398
5395
399
5396
1253
2904
400
5397
5398
401
5399
4540
402
5400
1844
3207
403
5401
404
2718
5402
3678
405
219
5403
5404
3650
5405
406
407
5406
5407
408
409
410
1937
368
411
412
5408
4329
413
414
5409
415
2434
416
416
417
418
5410
419
419
3743
5411
5412
5413
420
421
5414
1762
5415
422
246
5416
5417
4020
423
5418
5419
5420
4818
424
424
425
5421
5422
426
427
5423
5424
428
428
3522
5425
5426
1147
5427
429
1706
1239
5428
3297
5429
430
3168
431
431
5430
432
5431
8
433
434
5432
435
5433
4010
5434
5435
5436
436
5437
4103
3883
437
5438
5439
5440
3273
1414
5441
438
438
438
439
5442
3181
5443
5444
5445
440
441
1982
5446
5447
3071
5448
5449
1789
442
443
5450
3944
1807
444
445
5451
5452
5453
5454
162
4935
5455
635
446
5456
447
2830
5457
3940
383
448
449
450
5458
5459
274
74
454
5460
2928
5461
451
2628
4676
1293
5462
5463
452
453
454
455
455
524
4288
456
457
458
1558
459
5464
5465
5466
460
4569
5467
461
5468
5469
5470
5471
5472
5473
462
454
1672
463
5474
453
5475
464
417
465
466
5476
5477
5478
5479
5480
3948
5481
467
465
4519
2244
5482
5483
468
468
5484
459
5485
1428
472
2094
469
464
464
3209
470
471
381
2692
5486
5487
5488
5489
1289
5490
5491
5492
5493
5494
472
5495
473
473
3441
474
475
476
5496
208
477
5497
5498
48
2898
5499
478
478
478
479
480
481
482
483
321
484
4629
485
485
486
487
488
5500
4192
5501
489
498
5502
5503
5504
5505
290
2978
5506
5507
5508
490
726
491
5509
4970
492
2116
5510
493
5511
494
495
496
5512
4098
497
498
499
499
5513
5514
5515
5516
739
1450
5517
348
429
137
1130
500
5518
2238
2436
5519
5520
501
5521
3373
502
1075
503
503
504
5522
5523
505
506
5524
507
5525
5526
5527
451
508
5528
509
509
4810
401
1274
5529
5530
5531
2516
510
511
4203
512
4230
513
5532
5533
514
303
515
515
516
516
5534
517
988
518
518
519
520
4337
305
305
5535
5536
521
5537
5538
522
523
524
1124
430
1939
211
211
550
5539
5540
1035
5541
525
525
567
5542
526
527
528
5543
5544
529
530
530
5545
5546
531
5547
5548
2006
5549
176
532
5550
533
176
534
534
535
536
537
538
1004
538
539
539
5551
4450
540
263
541
541
3128
542
5552
5553
639
622
2624
5554
5555
4641
543
544
545
1068
546
546
5556
547
4882
547
935
4061
5557
332
548
846
549
550
550
551
5558
552
552
314
553
431
3385
3208
5559
554
5560
1616
5561
555
555
3176
4640
5562
5563
5564
5565
5566
5567
556
400
557
5568
558
558
559
790
560
561
562
563
5569
5570
564
564
565
2397
566
4530
567
3283
968
568
5571
5572
569
570
571
5573
572
573
573
574
574
2990
575
5574
833
576
577
5575
578
3672
5576
579
580
5577
581
581
5578
3003
582
5579
5580
5581
5582
3150
583
583
5583
584
5584
5585
775
585
585
586
587
588
588
589
589
590
5586
708
5587
5588
15
5589
5590
4029
5591
591
591
586
3351
592
5592
5593
5594
593
593
593
5595
5596
5597
5598
646
2920
594
1223
630
595
596
597
597
598
1141
599
599
5599
5600
5601
600
600
600
601
601
5602
5603
602
603
604
604
605
606
606
607
5604
5605
5606
3331
892
980
608
5607
609
5608
5609
610
5610
611
611
612
613
613
614
615
615
770
5611
5612
616
616
617
817
618
5613
619
620
620
599
599
599
621
622
5614
5615
5616
623
943
1378
5617
624
5618
3277
625
625
5619
626
627
627
627
628
628
431
629
3939
630
630
631
631
632
633
633
634
634
621
5620
83
2312
635
5621
636
5622
637
638
638
533
797
5623
5624
639
640
641
5625
642
624
763
4260
643
644
644
1373
645
645
645
638
646
647
4879
5626
648
649
649
650
5627
2071
5628
651
428
3653
652
653
5629
5630
5631
5632
587
5633
654
655
656
657
1348
658
658
659
4500
660
660
661
661
662
5634
663
663
664
3266
665
237
665
666
3371
681
595
667
668
668
5635
669
669
5636
670
671
4004
5637
5638
5639
672
673
674
5640
5641
675
676
5642
2913
5643
5644
5645
5646
5647
677
677
4057
4453
5648
5649
5650
5651
1865
678
5652
1151
4899
5653
5654
679
211
670
641
5655
5656
5657
1084
5658
24
5659
5660
1705
5661
5662
680
680
994
681
515
5663
5664
5665
799
5666
5667
2810
682
239
683
527
684
684
685
2880
686
687
687
5668
5669
254
5670
1027
688
689
135
690
690
5671
5672
691
691
692
693
694
515
695
696
696
697
698
5673
1417
773
5674
699
699
5675
5676
5677
700
701
701
702
703
704
704
5678
5679
5680
2424
5681
5682
705
705
706
707
708
709
709
710
5683
5684
711
712
713
713
5685
714
4376
715
715
211
716
717
1908
718
719
2402
720
720
721
721
722
722
723
723
701
3799
5686
5687
724
724
1863
725
5688
726
727
2317
3756
728
729
5689
883
885
738
730
730
731
731
731
732
514
1866
733
5690
734
735
736
5691
737
738
739
740
5692
5693
741
742
743
743
744
744
3171
745
745
746
624
747
1143
748
748
5694
749
749
136
750
2870
751
5695
752
752
752
5696
5697
5698
5699
4236
5700
2798
753
5701
5702
5703
5704
754
755
5705
5706
5707
756
756
757
5708
5709
5710
644
5711
5712
101
5713
3054
758
5714
759
1502
5715
5716
1559
760
760
761
762
762
762
527
2500
5717
763
4487
5718
5719
764
765
765
764
766
767
5720
5721
5722
5723
5724
768
5725
5726
769
5727
5728
971
770
771
5729
5730
5731
5732
5733
1626
5734
5735
5736
3577
772
676
1060
773
5737
5738
555
4210
5739
5740
2457
774
775
776
5741
777
777
778
778
5742
5743
5744
5745
5746
2460
779
5747
5748
780
1384
5749
781
782
783
783
784
784
784
785
785
231
786
787
788
5750
789
789
5751
790
790
5752
1119
3692
5753
791
5754
5755
5756
5757
3969
5758
792
5759
793
5760
794
5761
5762
3068
795
4728
796
542
797
797
729
729
729
798
2471
716
5763
799
800
685
5764
5765
801
5766
802
802
803
5767
5768
5769
5770
5771
804
805
5772
806
4378
807
807
5773
5774
4746
808
808
132
5775
463
809
5776
5777
810
5778
4973
710
5779
5780
1328
5781
811
812
5782
4092
777
813
813
813
814
654
815
5783
816
5784
817
659
731
731
5785
818
4252
3405
5786
819
820
5787
821
821
822
1389
823
1682
5788
785
824
825
825
5789
3060
826
2679
574
5790
5791
827
827
5792
5793
498
5794
5795
828
5796
5797
5798
5799
5800
5801
136
829
829
829
830
830
831
832
5802
5803
833
834
835
630
1049
667
5804
5805
2755
836
595
431
837
837
705
705
838
838
798
5806
874
5807
839
840
840
5808
841
841
4142
842
3719
843
843
680
844
845
846
847
847
847
847
5809
5810
848
556
691
849
850
836
656
5811
5812
851
724
5813
852
853
853
5814
5815
854
855
856
856
5816
2610
5817
1933
613
773
857
857
5818
5819
5820
5821
5822
5823
858
858
859
5824
860
861
862
862
541
541
770
5825
3461
5826
863
864
543
865
865
866
5827
867
2217
5828
1033
1635
5829
5830
5831
5832
5833
5834
5835
868
869
870
2114
5836
5837
5838
3781
5839
871
5840
5841
735
944
872
1552
873
874
787
875
518
518
567
5842
5843
653
5844
4306
2449
4009
5845
5846
876
877
878
5847
5848
5849
5850
5851
5852
879
880
880
3621
881
881
5853
5854
2342
5855
882
883
882
2815
884
1571
5856
5857
5858
5859
5860
5861
5862
5863
885
5864
886
887
887
5865
1120
5866
5867
888
1758
4421
2924
5868
5869
5870
889
890
1184
5871
5872
5873
5874
5875
3021
891
5876
5877
637
5878
5879
5880
892
332
893
894
895
599
599
896
732
443
5881
5882
5883
5884
897
263
898
5885
899
900
900
4914
5886
901
5887
902
5888
5889
1337
1756
840
840
5890
5891
903
5892
904
905
948
5893
997
349
906
906
5894
907
565
5895
5896
908
946
5897
909
3437
910
3599
5898
911
5899
1421
912
913
914
914
914
915
915
916
916
917
917
5900
918
647
919
919
919
5901
5902
5903
5904
5905
5906
5907
1028
98
920
920
572
572
921
131
922
922
5908
923
924
211
5909
1459
5910
4182
226
5911
4470
634
925
5912
5913
5914
5915
1041
926
926
640
927
5916
5917
928
5918
5919
929
930
931
931
788
932
5920
999
933
934
934
888
5921
4347
126
29
1005
5922
935
499
936
936
936
1416
5923
937
5924
938
939
2884
5925
940
940
941
5926
4819
942
5927
1468
943
944
945
945
946
947
947
948
788
949
949
950
951
952
566
924
109
110
110
5928
715
715
5929
5930
953
953
5931
902
605
1857
2789
954
954
728
955
5932
692
5933
5934
2376
5935
2274
5936
5937
956
956
957
2096
693
958
958
1401
177
5938
959
959
959
937
5939
5940
536
641
5941
5942
5943
5944
5945
960
960
960
729
961
962
720
963
964
964
5946
2257
5947
5948
643
643
965
966
966
966
318
5949
967
968
716
2085
5950
969
5951
3293
673
5952
970
971
972
973
974
974
975
976
4181
5953
5954
5955
5956
977
5957
978
978
5958
5959
5960
979
979
5961
5962
980
5963
981
982
982
5964
2084
983
983
984
5965
985
985
5966
5967
5968
5969
986
986
986
987
579
988
989
989
989
990
991
1442
968
992
992
992
519
969
5970
5971
5972
3426
5973
993
994
836
995
5974
5975
5976
5977
846
1162
5978
5979
5980
561
496
5981
2645
996
122
5982
5983
997
998
998
5984
5985
999
893
893
4857
802
725
1000
1000
1001
1002
1003
1003
1004
1004
1005
519
1006
1006
1006
843
469
469
1029
395
1007
1007
4601
5986
1008
1008
5987
1009
1009
5988
1010
1011
1011
1012
1012
1013
622
5989
2150
1014
1015
1016
1017
1017
1018
1018
1018
830
1019
1020
1021
1022
1023
1023
3619
5990
1024
5991
1013
1025
5992
931
574
574
1026
5993
5994
599
1027
1027
1028
1029
5995
1057
5996
1030
549
1031
640
1032
5997
1033
1033
535
5998
5999
6000
1034
1034
1035
519
1036
6001
6002
1037
6003
1038
1039
1039
6004
1040
1041
6005
446
1042
1043
3710
1044
6006
997
1045
1045
6007
6008
6009
6010
372
6011
6012
6013
1453
1046
6014
6015
1047
1048
1048
1048
1049
6016
1050
1051
1051
6017
1052
1053
1161
1054
1055
1055
1056
1056
1057
935
16
1058
6018
785
6019
1059
1060
6020
6021
6022
6023
6024
1061
1062
1062
6025
6026
1063
6027
6028
2982
1064
137
6029
6030
6031
6032
6033
1369
2149
1065
6034
6035
6036
1066
1066
1784
6037
6038
2802
3117
387
1067
1739
6039
6040
6041
6042
6043
6044
1068
1069
205
351
1070
1070
6045
6046
2227
6047
48
6048
1071
48
6049
614
6050
3587
4227
2694
4104
6051
1849
1072
6052
1073
6053
1074
6054
6055
1075
6056
4947
4324
348
6057
4137
6058
6059
431
1076
2588
3429
1077
1078
6060
1234
2378
4536
6061
1076
6062
1515
1079
6063
6064
1080
6065
6066
6067
6068
1080
3144
3043
433
6069
337
1081
1082
1083
6070
242
6071
2853
255
6072
1082
4909
6073
1927
439
1084
6074
2961
671
6075
1085
1085
3980
353
6076
173
6077
1086
2472
1086
1087
1088
1089
6078
1090
1091
6079
122
6080
1092
6081
1093
34
1094
6082
4217
1694
1095
1095
1096
1097
1097
1097
1496
1098
1098
802
523
761
6083
6084
1099
882
3400
6085
6086
1100
6087
1884
6088
6089
6090
6091
6092
347
3930
6093
1101
1101
6094
4616
1911
1102
1103
1313
6095
6096
1104
1914
1105
1105
1106
6097
1786
6098
1107
6099
1286
6100
6101
4258
1108
1103
1109
6102
337
6103
1030
1110
6104
6105
1111
2287
2786
184
184
6106
106
6107
6108
1112
1113
6109
1114
1115
4196
6110
1116
1658
1117
569
4016
1158
1118
845
1119
2226
6111
1122
2790
1120
1120
1129
1121
1122
6112
2298
6113
428
4957
572
1153
3784
2200
1144
1123
6114
6115
6116
6117
1124
6118
6119
6120
6121
6122
6123
6124
6125
6126
6127
1137
6128
1125
1125
6129
1126
6130
6131
6132
6133
1127
1133
1940
1128
955
1129
6134
6135
1130
6136
1131
1131
1135
569
1120
1132
6137
1133
1133
1134
1135
1136
4148
4484
1137
1574
6138
1138
1139
859
1140
6139
6140
6141
1141
6142
1142
6143
6144
6145
2379
6146
6147
28
1888
1143
2535
6148
6149
4571
1115
2921
6150
1144
2148
303
1145
904
1146
6151
1147
3004
6152
24
1148
1149
6153
1117
614
2159
1572
6154
6155
512
6156
1138
6157
6158
4017
1150
6159
6160
6161
1151
6162
1152
1153
1243
6163
6164
6165
6166
3974
1154
1155
708
1151
2360
1156
6167
1142
1157
1158
6168
1159
6169
1160
6170
1161
1158
6171
1162
1139
6172
3457
6173
2724
1166
480
1171
1163
1164
933
316
6174
6175
6176
2230
6177
6178
845
6179
1165
6180
224
6181
1166
1167
6182
1168
1168
6183
4693
476
6184
6185
6186
6187
6188
6189
1169
1170
1171
1172
1172
6190
2167
1173
1174
2313
1162
2529
6191
1175
1128
6192
1176
1158
1177
374
1178
1178
191
1139
1179
1179
6193
6194
6195
4630
6196
6197
1180
1181
373
656
1182
435
1183
1184
1370
4186
1185
1185
6198
6199
311
1368
3353
3393
6200
425
1186
6201
6202
2862
2824
4417
2974
1187
6203
1188
6204
23
6205
1189
1222
3440
3140
6206
3302
1190
1191
1199
1192
1546
1193
6207
3573
3105
3571
6208
1194
1294
4574
6209
3049
1195
1196
2281
1197
1198
1198
3304
6210
2132
377
1199
6211
2569
6212
1096
6213
4578
6214
1168
1200
6215
6216
1201
1202
1202
706
1103
6217
4475
2095
6218
6219
6220
3545
1203
1204
6221
1106
6222
488
488
6223
1205
6224
2656
6225
6226
458
2602
6227
4631
6228
6229
75
6230
1031
385
95
6231
6232
589
1206
1207
6233
6234
6235
6236
6237
1208
1209
6238
6239
6240
6241
1475
6242
6243
1127
1210
6244
1211
6245
1212
2774
4787
6246
6247
6248
6249
6250
6251
375
1213
42
1214
6252
6253
6254
1215
1215
1215
6255
6256
1216
72
2324
1217
1218
4556
4289
2220
6257
3269
6258
1219
6259
6260
864
1220
1220
6261
6262
4683
6263
3127
6264
6265
6266
302
6267
2144
1221
706
2970
1217
2571
1615
1721
6268
1222
4537
6269
2026
219
1223
1224
790
1093
1230
1225
461
1287
6270
6271
1226
1227
338
1570
6272
6273
1228
1229
1230
6274
1231
2136
1232
1233
1307
1234
6275
6276
6277
6278
480
157
329
2738
6279
1235
1236
1237
6280
6281
1238
6282
6283
1239
1240
6284
1241
1242
1243
6285
6286
6287
6288
6289
1244
31
6290
1245
6291
6292
1246
6293
3365
1247
4946
6294
1248
4170
1249
1250
6295
1251
1252
1915
2512
1253
1254
6296
6297
1809
6298
662
6299
6300
1255
1256
1257
1258
1265
2936
6301
1259
6302
1260
1261
1262
6303
6304
1263
3188
4841
1916
6305
1264
2948
1265
6306
1266
1267
734
6307
1268
6308
6309
6310
6311
1269
1270
6312
4673
3679
849
57
2608
1271
1272
1273
1274
1274
1275
6313
6314
6315
6316
1276
6317
6318
6319
1261
6320
6321
1277
6322
6323
6324
1279
1278
6325
6326
6327
489
149
6328
6329
6330
1440
1956
4709
1279
6331
1280
1281
1282
2393
2059
6332
6333
3555
6334
6335
281
6336
1283
6337
451
398
1284
1285
2882
2416
6338
778
1286
6339
6340
1506
1287
6341
1288
1289
6342
1290
1291
1292
1292
6343
1293
6344
1993
27
4771
3544
790
6345
1294
6346
6347
1654
1295
3001
1296
1297
1298
1262
6348
1299
1297
1300
3737
4097
1301
2275
1230
6349
1302
1303
1303
523
6350
1304
1297
4868
1892
304
6351
2687
924
564
1305
1306
1306
1307
1308
6352
6353
1309
6354
6355
420
1218
6356
3579
6357
6358
1310
2517
1311
1311
6359
6360
2743
4812
3031
1312
1312
4229
6361
6362
6363
80
3521
3456
1313
1147
6364
6365
2049
1775
80
1314
2305
6366
6367
397
3446
4666
6368
1315
6369
4348
1316
1317
1323
1318
6370
549
6371
1319
6372
1320
1321
6373
6374
6375
1322
1323
1324
6376
1325
4451
1326
1326
1326
2705
1327
1327
4406
6377
1328
1328
6378
4441
2138
1290
6379
3226
2770
6380
6381
6382
1329
6383
1330
6384
6385
6386
1331
665
1333
1332
6387
2702
6388
1333
1648
1334
1334
224
1335
2591
6389
1336
6390
4671
6391
6392
1337
1338
1339
1340
213
1341
1341
6393
1449
1342
6394
1343
6395
1344
6396
6397
6398
1761
6399
1345
1346
6400
1347
1348
1357
1349
186
1350
6401
6402
1371
1351
1352
6403
1353
1352
6404
1354
1752
6405
4442
6406
6407
1355
1355
6408
4758
4528
6409
6410
6411
1895
1356
1357
6412
4050
1358
6413
6414
1359
3141
1360
1360
6415
4966
1361
1362
1362
1361
6416
6417
6418
6419
1363
2188
2689
6420
2216
1364
4523
6421
6422
1254
1365
6423
6424
1366
240
6425
1556
1367
1368
2763
1369
1370
1371
1372
1373
1374
4277
6426
1375
2502
1376
1377
411
1378
6427
1379
1379
1380
1381
2873
1382
6428
1383
1383
6429
6430
1384
6431
382
799
6432
1385
1386
6433
1348
170
1387
6434
6435
6436
6437
596
1388
6438
787
2067
2935
6439
1150
6440
1518
6441
4144
930
6442
1382
1846
6443
6444
6445
6446
6447
1389
6448
2708
689
689
801
1390
2214
861
6449
1391
1392
6450
2703
2696
6451
1393
6452
6453
4796
455
1486
1237
1394
1395
2722
90
6454
36
1396
6455
1397
1398
1399
1399
1400
1401
4686
6456
1402
75
4853
1403
1404
1404
1405
6457
6458
1406
1406
6459
1407
6460
4262
6461
1408
6462
6463
6464
3825
6465
6466
1409
1410
168
6467
6468
6469
6470
1411
3835
1936
6471
1412
6472
1413
6473
1414
1415
1415
1416
3059
6474
1417
1362
1362
6475
6476
1418
1419
6477
2325
2695
1420
6478
6479
3844
1420
1421
1422
1423
1424
6480
6481
454
6482
641
1425
6483
1426
6484
1427
6485
1419
1428
1429
1430
1430
981
6486
4691
6487
981
3460
6488
540
1431
1432
6489
441
6490
1433
1433
1435
1434
2769
1435
6491
1436
1437
3229
6492
1438
1439
6493
1440
1441
6494
6495
1986
2052
3396
6496
1442
6497
6498
6499
6500
6501
6502
1443
2251
6503
6504
6505
166
6506
6507
6508
489
6509
6510
1444
6511
6512
3667
6513
6514
1609
6515
6516
1350
6517
1445
6518
6519
6520
1446
1447
1448
1449
1450
1451
1452
1452
4953
2343
6521
1453
6522
6523
1454
397
6524
1455
1456
1456
3689
1457
6525
3509
4158
1458
6526
4416
6527
6528
6529
6530
6531
6532
6533
1459
1460
6534
6535
6536
1461
6537
6538
6539
1462
6540
6541
1597
6542
6543
2031
6544
327
4721
1394
6545
1463
1463
6546
6547
6548
1994
6549
6550
1663
6551
2942
6552
6553
1464
535
6554
1465
1465
6555
1466
1175
483
3990
1467
1466
1466
6556
6557
1468
6558
2775
1469
1621
666
4404
4647
1470
1470
1471
1472
27
1516
6559
6560
6561
1473
660
6562
1474
6563
6564
6565
6566
1475
6567
1476
1477
1478
1479
1480
6568
506
6569
2954
1472
6570
1481
1481
1792
1472
812
1482
1482
1681
6571
6572
1519
1472
1483
1484
1484
1484
1476
6573
6574
6575
1485
1485
1485
1486
1508
1487
1503
4174
6576
6577
1495
1488
816
1489
6578
1490
6579
1491
6580
3902
6581
1493
1492
1493
6582
1494
6583
6584
1495
1495
6585
6586
4706
1496
3963
6587
6588
6589
3345
6590
1497
4769
6591
6592
1498
6593
1499
1500
1500
238
812
6594
6595
3726
1501
1495
1488
1502
1503
1504
6596
1505
6597
6598
6599
1476
1506
6600
3340
44
1335
1507
196
1508
1508
1509
3852
1510
2745
501
1511
6601
1512
1513
1514
1515
6602
2777
732
4012
506
6603
605
6604
3656
1608
535
535
1856
1516
1713
331
3289
605
1498
17
2618
1517
605
4274
2193
1518
2086
1519
1520
1520
6605
6606
359
3434
1521
1522
1523
4223
6607
6608
352
6609
6610
6611
6612
1524
6613
6614
1715
1525
1525
1526
6615
1527
881
6616
978
2249
6617
6618
6619
6620
697
2284
6621
328
6622
4463
1528
1529
1530
1531
1532
1526
1533
1291
364
1534
1535
1535
1536
6623
6624
1114
6625
364
1537
6626
6627
6628
1551
6629
6630
6631
1538
6632
470
1520
1539
6633
6634
6635
6636
6637
1540
725
1541
6638
1542
6639
1543
6640
1544
6641
6642
6643
6644
1545
6645
6646
1546
1547
147
1548
1548
1549
6647
6648
6649
6650
1550
6651
6652
420
743
2133
6653
122
3280
1718
6654
6655
6656
792
1551
6657
1552
1553
1553
6658
774
1549
59
1554
1555
1555
1556
6659
6660
6661
15
1539
6662
1557
4242
97
1558
1559
6663
6664
3492
1560
6665
6666
6667
6668
125
1561
1561
6669
6670
6671
1669
1173
1562
1562
6672
348
199
6673
1736
6674
3769
6675
6676
6677
6678
1563
6679
6680
6681
1978
6682
3408
6683
595
6684
555
6685
6686
1564
528
680
1565
25
6687
528
1566
4115
1567
6688
572
1568
393
4529
830
1569
3681
622
1570
1568
1571
711
4286
6689
6690
6691
2073
4929
1572
1572
1573
1573
6692
1574
1138
6693
6694
1575
1575
1576
1238
1238
6695
1577
6696
2391
6697
1144
1578
2759
1579
2546
372
6698
4870
2337
1580
1580
6699
6700
1139
6701
6702
147
4806
6703
6704
1581
6705
6706
6707
6708
6709
6710
6711
2229
1574
6712
1582
6713
6714
6715
1583
6716
4052
1584
6717
6718
6719
6720
1585
6721
6722
6723
6724
6725
1586
1587
6726
1778
404
404
6727
1588
4888
6728
1283
1283
6729
6730
1589
6731
1590
1591
1592
6732
2034
2004
1593
1594
6733
1595
1596
1597
1069
1598
1598
3146
1599
6734
2223
1600
6735
1599
181
4520
3897
1601
1167
2002
6736
1602
1602
1603
6737
6738
1603
1604
6739
2070
6740
2338
1605
133
2995
6741
811
6742
537
1606
4726
2574
1607
90
6743
4273
1608
6744
6745
1609
6746
6747
1610
2352
6748
1611
1612
6749
6750
1613
1578
956
6751
1614
6752
2409
1615
1616
1523
6753
4315
1617
1618
3778
6754
716
1619
1620
6755
1621
1622
6756
1623
6757
4023
6758
246
1624
1625
1625
1626
1626
6759
1627
1628
2727
1628
1629
6760
1630
1631
1632
6761
1626
1633
6762
1634
1635
6763
6764
1636
1637
1040
6765
1597
3029
6766
3391
496
6767
2801
6768
1396
1638
6769
6770
6771
4821
450
1457
1639
1639
6772
1791
2635
1514
6773
1640
1640
1150
6774
6775
1641
897
1642
6776
3416
6777
1643
6778
6779
6780
3090
757
6781
3738
1091
1644
1645
313
6782
1646
1646
1647
1647
6783
6784
6785
1384
6786
2383
1648
1649
6787
1650
6788
6789
1651
1652
1652
1261
597
6790
6791
6792
6793
6794
1436
4579
6795
6796
6797
6798
6799
6800
1653
6801
6802
3808
1654
1522
2268
1655
6803
6804
2263
1656
1657
6805
1658
1659
6806
6807
1660
1661
672
6808
1662
1367
6809
6810
6811
6812
670
1663
2175
1664
1665
6813
6814
6815
6816
113
6817
1364
1666
1667
739
6818
6819
6820
6821
2063
1817
6822
6823
1530
6824
6825
6826
6827
1418
1668
6828
1669
6829
906
1670
1066
6830
6831
1497
6832
6833
1671
6834
1111
3483
2669
1672
1673
6835
1674
6836
1675
1676
1676
6837
2032
2018
6838
1677
6839
6840
1235
6841
2506
6842
6843
6844
1678
2857
1679
6845
6846
3412
6847
1680
6848
1680
6849
6850
6851
6852
1681
6853
1682
6854
1683
6855
6856
1684
1684
1685
1685
6857
1686
164
3007
6858
6859
6860
4299
1687
1687
1688
1688
3943
3526
1689
6861
6862
6863
2289
6864
1690
6865
1401
6866
1691
6867
6868
4621
2286
6869
6870
1692
6871
3508
1256
6872
1693
1694
1695
1696
6873
6874
1697
6875
1698
1118
6876
6877
964
3241
1699
6878
1700
77
1701
6879
6880
6881
1702
1703
1704
6882
6883
1705
6884
1706
6885
4705
6886
1707
6887
6888
6889
6890
6891
1609
1473
6892
6893
6894
666
1708
6895
6896
1233
6897
2079
469
266
1709
3238
6898
6899
6900
6901
6902
1253
1253
1710
6903
2808
1711
6904
6905
2272
2088
6906
6907
6908
6909
6910
439
378
6911
1712
1713
1714
1714
1715
1716
6912
6913
2710
1717
1718
6914
6915
3624
1719
1426
890
1426
906
2387
29
797
1720
6916
6917
1721
1722
1723
6918
1724
1720
6919
1725
6920
390
6921
1726
390
6922
3494
389
6923
887
6924
6925
6926
3496
1086
2248
429
500
6927
1727
2737
6928
609
2878
6929
6930
1728
5
6931
1728
1728
1729
1842
2795
2255
720
4280
6932
1730
1731
1731
335
2971
670
6933
4785
6934
1732
873
984
454
3249
3560
1733
6935
1734
1732
1735
6936
6937
1736
1736
1737
3731
1979
1738
6938
1739
446
1740
6939
6940
1741
1742
6941
1743
1743
6942
3649
1744
313
6943
6944
6945
6946
3041
6947
4789
6948
1542
6949
1100
398
3690
1745
6950
6951
6952
1746
6953
6954
2420
6955
1747
1748
6956
3259
1749
1750
6957
3732
6958
1751
1752
4585
1753
1273
6959
6960
6961
1754
1755
4141
6962
1756
1757
6963
6964
6965
1758
1759
2483
1760
1761
2962
6966
6967
1762
4626
6968
6969
1763
6970
1753
6971
179
6972
1764
3223
6973
1765
6974
6975
217
1766
1767
1767
6976
1768
1768
1768
6977
6978
1769
1770
6979
1289
1289
1771
6980
2380
4447
6981
1772
6982
1773
6983
6984
6985
2326
6986
1774
6987
1065
1775
1776
6988
6989
1450
6990
1777
1778
6991
6992
6993
1779
1780
1400
1781
1782
6994
1783
1783
6995
1784
1785
4053
6996
1786
6997
6998
6999
3198
7000
1787
7001
7002
7003
7004
392
7005
7006
1607
7007
1788
1789
7008
2039
3162
1075
498
1823
1174
1790
1791
1792
1793
862
7009
7010
3538
1418
3475
4188
4727
1165
1794
7011
480
1795
162
1796
7012
7013
1797
1798
1799
7014
7015
1397
1800
1593
7016
15
7017
3356
1801
7018
494
733
2736
1130
2952
7019
1770
1834
1195
7020
4972
7021
7022
1802
1206
1803
3979
7023
7024
1804
1805
1806
30
1638
1807
2121
7025
1808
1201
987
7026
7027
2064
763
7028
1809
1810
7029
7030
7031
7032
7033
425
7034
7035
7036
7037
1811
7038
7039
1493
7040
7041
7042
3816
7043
7044
2277
3750
1812
7045
7046
81
1813
3014
7047
7048
1814
7049
7050
4364
7051
7052
1815
1816
1816
3775
3320
7053
7054
1817
7055
437
7056
1818
1818
432
1819
1820
7057
74
1821
476
7058
4341
442
7059
7060
1822
7061
1823
1824
1825
7062
1826
7063
7064
7065
1827
7066
7067
7068
249
2426
3941
4489
1828
1829
703
805
1830
7069
131
1831
7070
1832
7071
1833
7072
1834
1835
2505
1836
1836
7073
1752
7074
2867
1837
1837
2401
1836
7075
7076
1838
7077
7078
7079
1839
1840
1841
1842
7080
3190
7081
835
3588
3499
7082
7083
1843
7084
1380
1844
3376
2833
1845
7085
1846
1847
1848
7086
3406
7087
7088
607
7089
7090
1849
98
1483
1850
7091
1851
589
1852
7092
7093
7094
884
712
7095
7096
1852
1853
1854
7097
499
1667
7098
7099
2482
7100
7101
7102
1855
807
4588
7103
2697
787
1856
2178
1857
2918
3647
1858
1858
2639
230
1859
1859
1859
671
1860
1861
1862
7104
1863
2151
7105
1864
7106
4224
1849
7107
1865
7108
1866
777
7109
7110
7111
1051
1871
988
680
7112
1867
1868
1869
1846
7113
7114
7115
7116
7117
7118
7119
1384
660
660
7120
1870
1871
7121
1872
4730
506
7122
1873
3762
7123
1874
1874
1875
1872
1876
1324
1877
921
7124
1878
382
1548
7125
1550
3893
465
7126
4157
7127
1879
1880
1880
3130
1881
7128
7129
7130
7131
4934
1882
7132
7133
50
7134
3487
7135
7136
7137
1883
1884
7138
7139
1885
1886
7140
1887
7141
7142
7143
7144
7145
1888
1889
1890
1890
1890
1413
7146
7147
7148
7149
7150
1224
3422
4735
361
7151
3637
7152
7153
7154
7155
1891
7156
7157
1892
7158
7159
1893
7160
1894
1559
1895
1895
7161
7162
1896
1654
7163
1897
7164
7165
1132
877
7166
1898
4625
4702
7167
1899
282
4276
1900
1901
7168
7169
1902
1903
1021
1904
1413
1905
1512
1906
1907
7170
1908
1909
1910
7171
1911
1317
1563
7172
1912
1913
7173
3755
1914
1997
1793
1716
7174
7175
7176
1915
2765
1196
7177
7178
7179
1916
7180
7181
121
1921
7182
3924
1917
3867
3657
7183
1552
1918
7184
121
121
7185
1919
1920
1921
3220
7186
23
101
7187
7188
1922
7189
1923
7190
7191
7192
4323
1474
7193
7194
7195
7196
7197
913
1924
7198
7199
7200
7201
2318
1925
4443
1926
7202
7203
180
7204
1030
1917
1917
7205
1925
7206
1927
7207
1928
866
23
7208
1929
7209
7210
7211
1584
1584
1930
7212
187
7213
7214
1931
7215
331
7216
2103
1932
7217
1933
1933
1934
7218
1935
1936
1937
1938
1939
7219
7220
7221
1940
1941
1942
7222
7223
4468
4660
4856
1943
1943
1943
7224
7225
7226
7227
1944
7228
7229
7230
445
1945
7231
7232
7233
7234
2947
7235
7236
7237
7238
7239
2507
1946
725
7240
114
1946
187
1947
1947
1948
7241
3183
1949
1950
7242
7243
1951
3109
1952
1953
1954
1954
1955
7244
7245
1956
3318
3646
863
388
7246
1957
4713
7247
1958
3648
648
1959
7248
1960
1961
1961
7249
2603
420
7250
7251
7252
7253
7254
1612
7255
1962
7256
3856
7257
7258
2536
1963
7259
1964
4711
1965
4382
7260
1966
7261
7262
1967
1967
3876
1968
1969
553
1970
7263
7264
1971
1972
7265
1973
7266
2215
7267
7268
7269
495
3840
1974
796
7270
1975
363
7271
271
271
1361
470
1976
7272
7273
7274
7275
1977
1978
1979
7276
7277
7278
7279
3439
7280
1980
1464
1464
1981
7281
7282
7283
7284
2187
4799
1982
7285
7286
1983
7287
1984
1985
1986
1986
3348
7288
7289
1987
149
1098
7290
7291
7292
3349
493
1988
7293
1989
7294
2827
1990
3920
7295
1991
1991
4114
7296
7297
1992
7298
1993
1788
7299
1994
1995
7300
7301
7302
7303
1996
7304
1997
1998
1999
4645
2000
2701
1931
3397
3081
2001
582
1093
7305
4618
301
7306
2002
7307
7308
3169
2003
4304
7309
2004
7310
2033
2005
674
1490
7311
7312
1375
2006
1025
7313
7314
7315
2007
2008
2008
7316
479
2009
1240
2010
3478
274
2503
2011
4109
3668
453
7317
4425
3017
7318
7319
7320
7321
453
7322
2012
7323
7324
2799
1417
7325
4871
7326
2013
3415
7327
7328
7329
4501
3067
2014
7330
2015
2463
1438
2016
7331
4905
2017
2018
4744
802
7332
7333
2019
2020
7334
7335
7336
1198
1278
3083
88
11
7337
3203
7338
7339
7340
7341
7342
4233
4245
2021
7343
2022
1757
2023
2023
2024
2024
2025
2443
2026
2027
2048
2028
7344
7345
7346
2029
445
7347
7348
2030
7349
2031
7350
2032
2033
7351
1498
7352
7353
2433
3523
7354
1708
7355
7356
7357
7358
11
2034
1708
1708
2518
2035
7359
1275
7360
1931
2036
3172
269
269
7361
7362
2037
464
222
2038
2119
387
7363
4143
7364
2039
1462
2632
1966
3290
2040
2041
2042
315
2043
2044
7365
7366
2758
2849
2045
2045
2046
1295
7367
7368
7369
2047
7370
7371
2256
7372
2048
7373
7374
2049
7375
7376
7377
4183
7378
2050
7379
7380
7381
7382
7383
4195
1270
2051
7384
7385
2052
7386
7387
7388
4307
7389
3278
7390
7391
2053
2054
2055
2056
2057
7392
7393
7394
2058
2534
7395
7396
7397
2072
7398
7399
7400
2059
7401
7402
7403
7404
2060
2061
2062
7405
2063
7406
1576
1530
2748
2064
2065
7407
2066
1642
7408
7409
2067
2068
7410
2069
7411
2070
2331
2559
7412
2071
7413
7414
2072
2073
7415
1400
7416
2074
4111
7417
7418
7419
2075
2076
2077
7420
2078
7421
1704
7422
269
2079
7423
1934
7424
3300
2080
1514
927
7425
2081
2082
2083
7426
7427
2084
7428
2085
2086
2087
7429
2156
2087
2140
2088
2079
3384
2089
2090
7430
7431
2091
2092
2092
2369
979
7432
2093
2093
3044
2094
7433
7434
3307
7435
2093
7436
7437
3727
2095
2096
2931
2097
4232
2098
7438
7439
7440
2099
7441
7442
7443
2100
2101
7444
2102
2103
2103
281
7445
2104
7446
2105
2106
7447
7448
4256
7449
2052
7450
2107
2108
2108
2109
7451
2110
2111
7452
7453
2112
2649
2113
7454
2114
2040
1550
1243
180
2115
1945
3556
7455
7456
2116
1995
7457
7458
2117
2118
2119
2120
7459
7460
2121
2121
2122
2123
218
7461
2124
2125
2126
1676
7462
2127
2128
7463
2129
2130
7464
2129
7465
7466
2131
7467
2132
481
1913
887
2133
2134
1799
7468
3623
2135
3215
2136
7469
2137
570
2138
4933
7470
2139
7471
7472
2140
7473
7474
2141
2141
2141
2169
2090
7475
2142
7476
7477
1653
7478
7479
7480
4448
7481
7482
2930
333
1604
2143
2143
7483
213
2144
2145
2899
4449
636
2146
7484
2147
2148
2148
7485
2149
4597
7486
2150
2151
2152
2153
7487
2154
2155
7488
1924
28
2156
2157
2158
2158
2159
7489
7490
2160
7491
7492
4011
7493
7494
7495
7496
7497
518
7498
7499
7500
7501
2161
2162
2164
2163
2164
3264
2165
1084
1084
2166
7502
7503
2167
7504
7505
4775
3153
7506
2168
7507
7508
2169
7509
7510
2170
7511
2171
2171
2172
7512
1989
2173
2174
2175
7513
7514
2176
2177
2178
7515
112
2179
2180
2181
2181
2182
2183
3753
34
2184
7516
7517
2166
7518
7519
7520
2185
2186
4733
7521
2187
2188
2673
7522
2108
1680
2189
2190
2190
1929
7523
2191
2191
255
2891
2192
2193
2193
7524
7525
7526
2194
2194
2194
7527
1412
7528
2195
2196
357
1102
7529
1034
7530
1827
2197
7531
2140
2198
2439
2199
7532
7533
7534
4619
7535
7536
7537
7538
7539
7540
7541
3398
2200
2972
7542
7543
7544
7545
7546
7547
2201
2202
2203
2204
1609
7548
1083
2205
2206
2209
7549
2207
7550
7551
7552
7553
1801
7554
2208
2209
2210
7555
7556
937
7557
792
2211
2211
2212
2213
2213
686
597
7558
2214
7559
1771
2215
7560
2216
7561
7562
7563
7564
7565
2214
7566
2217
1689
2218
7567
2219
399
7568
7569
188
2220
7570
1644
2221
3576
7571
4445
7572
855
7573
7574
2222
7575
4392
2794
7576
7577
2691
7578
7579
7580
7581
270
2223
7582
1923
2654
4204
2224
7583
1504
2224
2225
7584
7585
7586
733
2226
2227
2227
589
2228
7587
2229
2230
2036
7588
7589
7590
600
2231
2231
2232
7591
970
597
7592
1579
7593
2174
2233
2233
7594
1994
2234
7595
7596
2231
2235
1924
3268
3395
2236
2236
2513
3982
2237
2237
7597
7598
4532
7599
7600
7601
808
2238
2239
7602
2713
213
2240
2241
1480
7603
2242
2243
1017
2890
1881
4069
3566
2244
7604
4389
7605
7606
941
464
2245
2246
2346
7607
7608
1535
7609
2247
7610
7611
7612
7613
7614
2248
3465
7615
7616
2249
2250
7617
2251
2180
2252
2253
7618
2254
2255
7619
7620
2256
4327
2257
2887
2258
7621
7622
436
269
7623
7624
1375
2259
2260
7625
7626
2261
2262
34
7627
7628
2263
2264
7629
7630
7631
7632
7633
1386
7634
1195
2265
2266
2266
2267
3864
2268
2269
2270
2271
7635
2272
7636
7637
7638
134
486
7639
7640
7641
1812
1130
825
7642
2273
7643
2274
7644
366
2275
2276
7645
7646
2480
7647
4056
7648
580
7649
2277
2278
2279
2279
2280
1947
7650
7651
3048
7652
2281
7653
2282
7654
801
2647
7655
2283
7656
7657
1244
7658
2284
7659
7660
1258
7661
7662
2170
2732
2285
2399
2286
2287
2943
2288
880
2289
361
1382
7663
1925
2290
7664
2291
4613
2292
2100
2293
2294
4656
782
2295
7665
7666
3430
12
2296
7667
7668
2297
2298
1162
2299
7669
7670
2300
2234
2301
7671
2302
7672
2151
7673
7674
2303
2304
95
3932
7675
849
2305
4358
7676
2306
2307
3433
1914
2273
7677
7678
2484
3535
2308
7679
7680
7681
1838
7682
2115
7683
1838
7684
1977
2906
7685
3683
1550
2309
1835
2128
7686
7687
7688
7689
7690
4614
2310
3281
7691
7692
7693
7694
7695
7696
7697
689
293
4880
2897
7698
7699
2311
2137
982
7700
7701
7702
7703
2312
1100
512
845
7704
7705
2313
2314
7706
1889
1144
4734
7707
4228
4184
1128
3970
2315
1873
2316
7708
2317
7709
1539
3466
3824
2318
7710
1673
2254
2319
2320
3061
2321
2321
7711
1947
1739
3206
2322
2273
2323
2324
3379
7712
7713
2325
2325
2326
4045
7714
7715
7716
7717
7718
2614
1275
2327
1923
2328
2329
7719
2330
7720
7721
2331
7722
1533
2332
2332
7723
7724
1324
7725
7726
2869
7727
2333
2333
7728
7729
7730
7731
7732
7733
7734
383
4891
2334
2334
7735
7736
7737
7738
169
95
2335
3191
7739
1301
497
2336
2337
7740
2338
7741
2339
4396
2040
2340
7742
1011
7743
2341
2342
2343
123
7744
2344
7745
7746
2594
2345
2346
2347
2348
7747
1384
7748
2349
1724
7749
7750
7751
7752
2700
2350
7753
1534
2351
2352
7754
7755
233
7756
7757
2353
2355
4346
2354
2355
2356
2356
2357
7758
2337
2358
2359
7759
7760
2577
2360
858
2361
7761
2362
7762
2363
2364
2365
1835
1835
1997
2366
2052
7763
7764
2367
2368
2369
1590
59
2370
2371
7765
2262
2372
262
2373
7766
2315
7767
7768
7769
7770
7771
2374
2053
7772
7773
3834
7774
2375
1469
2376
2377
2378
1469
548
3157
7775
7776
1544
7777
2326
1532
1532
2379
7778
2380
2381
7779
7780
7781
2382
2383
2384
3096
7782
7783
7784
2042
7785
2385
2386
2387
1025
7786
2388
930
2389
2390
2390
2391
2392
2393
2394
7787
2145
3491
2395
2396
1726
1726
2741
2397
2358
2398
1022
7788
1020
7789
2399
2399
2400
2400
7790
1392
7791
7792
2401
242
2402
7793
7794
7795
413
2403
2403
1828
4062
2404
7796
7797
7798
3082
2405
2406
2407
7799
3270
7800
7801
48
2408
2409
596
7802
2410
7803
7804
2411
7805
2412
7806
2413
7807
2414
3201
7808
2415
7809
2576
2416
7810
2417
353
7811
4503
7812
408
2418
2419
485
4782
1482
7813
467
1430
7814
2420
1447
1797
1529
7815
2421
7816
7817
7818
7819
2422
7820
7821
3913
2545
4219
3271
7822
7823
1403
2423
7824
7825
7826
7827
7828
2424
7829
2425
700
2426
2427
467
467
2428
897
3720
7830
7831
7832
1476
2429
2550
7833
7834
2488
2229
2430
2430
2431
2432
2087
3949
2733
2433
7835
2434
4617
2435
2436
7836
2968
2437
2437
7837
2438
2385
7838
7839
2439
2440
209
293
4469
2441
2442
7840
7841
7842
3350
55
7843
2443
2444
1991
7844
7845
1733
2445
1575
1760
2446
2098
1771
2447
2441
7846
7847
3074
2448
7848
2449
3205
2266
1341
7849
7850
1559
7851
414
7852
3224
2450
7853
7854
4542
1129
2234
2451
7855
2452
433
2453
2454
2454
7856
2455
2455
7857
7858
3254
7859
7860
7861
2300
2456
2457
2458
7862
3346
2459
2459
2460
7863
7864
2461
2461
2462
2462
1870
1870
2463
7865
1637
7866
2460
601
3413
2464
1030
7867
7868
1087
7869
4250
2465
2466
2467
7870
2468
4055
7871
2469
2470
4634
7872
2471
2472
2473
2473
2473
80
2474
2475
7873
7874
2476
2467
2477
7875
4893
1657
1657
7876
1260
922
2993
1716
2478
2478
2479
2480
363
641
2481
2481
7877
7878
7879
7880
2104
2482
2483
2484
2485
7881
7882
2486
2487
2488
7883
2489
2490
2491
866
7884
7885
2493
4846
7886
2492
2896
2493
4695
2494
2494
7887
7888
7889
2495
3263
2480
7890
7891
2496
7892
1518
2497
2497
2498
7893
7894
7895
2184
7896
2166
2499
2500
923
1660
7897
2501
2502
1212
7898
2503
7899
2504
7900
4336
7901
7902
1146
7903
283
2297
2297
7904
1622
2505
2506
1244
2167
2507
7905
1454
1454
2508
7906
7907
4007
2358
2175
359
2509
2510
7908
2511
7909
7910
1231
2512
7911
3744
2323
7912
7913
2513
2621
2514
7914
7915
2515
2516
7916
7917
2517
7918
1300
2518
7919
7920
3255
2467
1992
7921
7922
467
2397
1820
7923
4173
760
7924
2519
7925
2520
1037
7926
2521
7927
7928
7929
7930
7931
7932
1828
2522
1683
1683
2523
2524
7933
7934
7935
7936
7937
7938
7939
7940
2525
2525
213
2552
7941
7942
4577
7943
7944
2383
2526
7945
2527
2527
7946
1489
2459
7947
7948
7949
2528
7950
1892
7951
7952
2529
2288
408
2308
2530
2531
7953
2532
2533
3196
1540
2534
2534
7954
2535
7955
7956
7957
7958
7959
917
2536
1693
397
1271
348
348
7960
3632
2537
2495
7961
7962
2538
7963
1087
7964
2306
2779
2539
2540
993
4963
2541
7965
2542
2543
897
2544
7966
1059
7967
1105
2280
1297
7968
7969
7970
7971
7972
7973
7974
480
1123
2545
7975
7976
4459
1918
2546
2547
7977
316
2548
2549
2549
7978
2977
7979
2550
7980
4234
7981
7982
2551
7983
2199
7984
7985
7986
7987
7988
2552
2553
2553
1753
3471
7989
7990
2554
2555
2556
353
3055
2445
2445
1626
49
2965
1722
7991
7992
7993
7994
7995
7996
7997
7998
7999
2716
8000
2557
8001
2082
8002
8003
1192
1192
8004
2558
3165
3149
2559
2749
3156
2560
2561
8005
2074
4428
4106
8006
2562
8007
2563
2045
8008
8009
2855
8010
8011
8012
2704
8013
8014
2564
2565
2566
1366
687
2567
8015
8016
542
2568
3960
2569
2015
2657
3866
8017
2570
3175
391
2571
2572
8018
8019
8020
1177
4606
8021
3327
8022
1926
3386
2549
459
3404
2650
8023
3782
2300
8024
8025
2573
2352
762
2139
3651
8026
2574
8027
3097
271
2387
2575
447
286
8028
2576
2577
4755
3517
1127
8029
2578
3244
8030
4152
2579
8031
2580
2182
1410
2581
143
8032
2582
8033
3519
491
2583
2583
2584
2030
8034
8035
2585
2586
8036
8037
2587
2986
4911
8038
2588
2589
4875
2699
2590
8039
2005
94
2591
8040
1630
8041
2592
8042
3324
1172
2593
8043
2594
2595
8044
8045
8046
4024
2596
119
3978
8047
8048
695
8049
8050
2597
8051
2598
8052
8053
2599
2492
8054
8055
8056
432
2600
2601
2602
4607
8057
2603
2604
8058
8059
3628
3367
374
8060
2605
8061
2606
8062
2607
2608
8063
2609
872
2610
3666
8064
4131
2611
4476
2612
8065
8066
4898
8067
3516
8068
8069
8070
2613
8071
8072
8073
886
8074
2330
8075
1654
2614
2615
8076
2616
94
2617
8077
1996
1942
1599
2618
8078
4869
2619
2584
1069
8079
8080
4608
8081
8082
8083
3080
8084
8085
1609
2620
2621
8086
4107
3115
4793
8087
8088
3012
2997
1173
2622
8089
8090
2623
2623
3142
2624
4100
4042
2338
8091
1640
8092
8093
2625
2626
4287
8094
8095
8096
2359
8097
2817
2627
2628
2178
2629
8098
8099
3921
8100
8101
4752
2378
4332
3257
8102
2630
8103
8104
4326
8105
8106
8107
2631
8108
4545
8109
4365
8110
2632
8111
8112
8113
8114
102
2859
2039
8115
4312
8116
8117
2633
277
2634
3747
8118
8119
8120
2635
8121
8122
102
797
8123
2636
2637
4187
8124
3688
695
2638
2570
4590
8125
2639
3036
2640
8126
4246
8127
8128
2641
725
3111
2051
8129
8130
8131
4171
8132
8133
2642
2591
8134
2643
8135
2644
2645
3025
8136
183
1902
2646
8137
725
993
2647
3809
8138
2648
2648
8139
2331
8140
2649
1070
4000
2650
3091
617
2459
3288
846
8141
2651
2652
2653
2654
8142
8143
1225
8144
8145
8146
2655
8147
8148
3362
1814
8149
2656
2657
8150
3448
1200
8151
160
2578
2850
8152
2658
30
2659
8153
8154
2660
8155
8156
8157
8158
1019
2661
2661
1825
2662
152
3192
2663
2664
2665
1436
1
8159
1007
2666
2667
8160
8161
2668
2330
2449
8162
8163
8164
2669
202
2670
8165
2671
2592
2672
2673
2674
2675
8166
2676
2677
1775
4008
2678
8167
2679
1902
518
1773
2680
1067
1308
2681
2682
1315
8168
2683
2684
8169
2685
2686
8170
609
1815
8171
8172
2687
8173
2688
8174
2689
8175
8176
2690
2691
8177
8178
2692
8179
3474
8180
8181
2050
2230
2981
2693
8182
2694
2695
2696
8183
2697
2698
2699
2177
466
8184
8185
2700
728
2863
395
1864
1701
8186
2701
2702
2703
2694
2704
8187
2705
3636
1218
8188
304
2706
2039
2707
1990
8189
2708
8190
2709
8191
8192
2710
8193
1357
2711
2712
2713
8194
2714
2715
2716
8195
2717
2718
4371
2719
1497
2720
2721
8196
8197
8198
8199
3481
8200
2685
1858
2722
2723
1239
8201
3246
1809
8202
2724
8203
2725
1128
8204
2726
8205
2727
8206
60
2728
2729
2804
36
54
2730
2731
8207
2732
2733
8208
1913
8209
2682
8210
8211
2734
8212
2735
2736
378
8213
2737
2738
4836
2739
2740
1271
8214
8215
2741
4049
8216
2475
2742
1815
2743
1814
807
518
2744
8217
8218
8219
8220
2745
2746
2747
2748
3558
8221
8222
2749
2750
2608
8223
2490
2751
2752
8224
8225
2484
2753
3250
2137
8226
8227
2754
2755
8228
2756
2757
2758
2759
8229
2760
2761
2762
8230
131
2763
2764
626
8231
2765
2766
2767
3166
2768
1828
8232
2734
8233
3306
2769
2770
1981
2771
4478
8234
2772
317
8235
2773
2774
2775
8236
2776
350
8237
2777
2778
2779
2973
2780
934
8238
8239
8240
1274
2206
2781
2782
2782
8241
8242
8243
8244
2783
2677
2784
2784
2785
2786
1970
2787
8245
1698
8246
3361
3686
8247
2788
3039
2789
2051
2790
2791
1247
2792
2793
8248
8249
444
2794
8250
2791
8251
8252
8253
4598
2795
1270
8254
2796
8255
11
3387
1257
8256
2053
450
2316
138
2797
8257
2798
8258
8259
1727
2799
580
8260
8261
8262
8263
2800
2801
2801
8264
2428
2527
8265
3580
1204
8266
2802
8267
8268
1642
8269
8270
2803
4405
1641
1642
2804
2805
8271
8272
2009
2806
8273
2807
2808
8274
2110
4330
832
2096
8275
2809
8276
8277
8278
2810
3671
2811
8279
3837
3814
2812
2703
2813
8280
8281
8282
2814
2815
2816
2817
2812
2818
8283
2819
2817
2217
2820
8284
425
2821
8285
2822
2823
1843
2824
2088
8286
1324
8287
2825
2826
8288
2827
1574
2828
8289
2829
8290
493
1612
2830
2831
2832
2833
8291
2834
2835
8292
1564
2836
8293
82
2837
2838
1233
771
2839
2840
1460
1460
8294
8295
8296
8297
2739
8298
8299
2841
8300
1505
8301
8302
8303
8304
2842
8305
3131
3972
8306
8307
8308
2843
2843
8309
8310
445
2844
2622
2845
2846
2847
30
2848
8311
2849
2850
1797
3894
2851
329
1083
8312
8313
2852
1534
2853
2854
8314
1172
2855
2856
2857
2858
4118
4878
2908
2859
8315
2292
2860
2861
1531
870
2862
2863
8316
2864
2865
8317
1952
8318
1094
2866
8319
4586
4486
2867
2868
2869
8320
2870
381
2724
8321
2871
8322
8323
2872
2669
8324
8325
2873
4030
4921
8326
2874
4251
4661
934
8327
636
2875
1530
1180
2864
8328
436
388
2876
2877
8329
8330
2878
2879
12
3070
8331
8332
8333
2880
8334
8335
2881
1989
1581
8336
3424
615
8337
2882
353
2732
2883
8338
8339
2992
734
2884
2885
8340
8341
8342
2886
2459
8343
4317
2887
2888
2889
2890
8344
1706
8345
2891
1163
2892
2893
2894
2895
4534
8346
8347
4387
2048
8348
2896
2897
8349
1194
8350
2895
2898
2024
8351
8352
8353
301
2899
8354
8355
2900
496
8356
2055
8357
44
2717
8358
2901
8359
941
8360
2902
2903
8361
2904
8362
8363
8364
2905
8365
2906
2907
2908
2909
8366
8367
8368
2910
1071
2911
3358
2912
8369
8370
2913
2914
8371
3077
2915
8372
2916
8373
2917
8374
2918
2919
8375
8376
2920
8377
8378
2921
2922
2923
2924
8379
8380
165
8381
2925
8382
2926
2927
2928
1535
2929
1824
4611
2930
8383
2931
2932
2933
2934
2935
3537
2889
3133
4583
4270
4248
2936
3486
8384
2937
8385
2369
1453
8386
8387
2938
8388
1641
2939
4296
2940
2941
4313
4354
8389
2942
8390
8391
8392
3673
2943
1773
1628
2944
2945
486
2946
2947
8393
8394
2948
3436
2949
2469
8395
2950
2951
2952
8396
2953
1609
2954
8397
812
2955
8398
2956
2957
8399
2958
2959
2960
466
8400
2655
2961
2962
3098
8401
8402
8403
2963
2964
1733
8404
2965
8405
8406
2783
254
2966
1470
8407
8408
8409
8410
8411
8412
8413
8414
1554
2310
2644
2967
596
1007
2968
2969
8415
2970
1556
2971
8416
1162
8417
8418
2144
2972
2528
2973
8419
8420
276
3792
8421
2974
8422
2975
2976
8423
3411
1953
2317
380
8424
8425
8426
2977
2978
1235
2979
2218
2336
2980
1880
2981
2982
8427
2983
8428
8429
1634
420
8430
1532
2984
2985
8431
2182
2986
2987
2988
2989
8432
2990
8433
8434
2991
2131
2992
2993
2994
2995
2996
2344
8435
2997
8436
3211
1819
8437
8438
4244
1862
2998
2999
606
2692
2351
3000
3001
8439
1837
3002
2716
8440
8441
3003
8442
3004
3933
3005
8443
3006
3007
3008
3009
3010
8444
3011
2913
1023
3012
3013
8445
3014
3015
2960
570
3848
3016
3017
8446
3018
3019
3020
3000
3021
8447
1403
3022
3023
3024
3025
3644
8448
3026
8449
8450
8451
3027
8452
3028
8453
4678
3029
8454
3125
8455
3030
3031
3032
8456
8457
8458
2145
3033
3034
3035
1454
3036
3037
3038
8459
4432
3039
3040
2292
8460
3041
3042
3043
8461
8462
3557
8463
3044
3045
3046
2311
8464
8465
396
3047
1040
8466
3048
3072
3049
3050
3051
8467
2939
308
8468
581
3052
3053
1418
8469
157
8470
3054
8471
8472
2305
8473
3055
2022
8474
8475
3056
3057
8476
3058
2321
3059
3060
8477
3061
3062
3063
1790
3064
8478
8479
8480
862
3065
8481
3066
3067
3068
3069
8482
3070
3071
1471
2616
8483
3072
841
8484
8485
8486
1639
2338
2877
3073
3074
3075
695
8487
8488
3076
3077
3078
3079
8489
3080
3081
1106
3082
3083
3084
3085
3086
3087
2236
3088
3089
2934
2932
4488
8490
1701
3090
3276
3091
3092
3093
3094
8491
2602
3095
653
3096
2910
3097
1271
3869
3098
8492
2593
3099
8493
8494
1963
8495
3100
8496
8497
3101
1945
3102
3103
1579
8498
8499
8500
8501
3104
3105
4967
8502
110
8503
3106
8504
8505
3104
8506
8507
3107
2133
3108
8508
8509
8510
3217
64
8511
1819
3109
3110
1263
8512
8513
3111
8514
3078
3112
3113
3114
8515
8516
3115
8517
3116
3117
8518
8519
8520
8521
8522
465
8523
3118
3119
8524
8525
3120
8526
4591
8527
2646
166
8528
3121
8529
3122
3123
8530
8531
8532
3124
8533
1291
3125
3126
1194
1339
3127
8534
8535
3128
1762
3129
3130
8536
3131
8537
8538
8539
2661
3132
8540
8541
3133
1406
3134
3057
3135
8542
3136
3137
1257
2995
2699
3138
8543
3506
8544
3139
8545
3140
3141
3142
3143
3144
8546
3145
3146
3147
3148
2904
3149
1138
3150
3151
3152
3153
1650
4032
8547
8548
17
3154
4543
2128
8549
3155
3156
3157
3158
8550
2246
3036
8551
3159
451
2347
8552
760
3160
8553
8554
3161
3162
3163
2239
3052
3164
3165
8555
3166
2802
3167
3168
8556
3169
1438
3170
8557
3171
3172
676
8558
8559
3173
8560
3174
3175
3176
8561
8562
3177
3823
8563
8564
3178
8565
1150
3179
8566
8567
3180
8568
286
3181
3182
1833
8569
8570
3183
230
8571
3184
8572
8573
3185
3459
4076
8574
2638
2342
8575
2622
3186
8576
1231
1856
2672
3187
3188
3189
3505
2330
8577
3539
8578
8579
3190
4635
8580
8581
8582
3800
6
2432
3191
3192
3193
3194
3195
3015
3196
8583
2545
3197
783
8584
3198
2479
3199
923
3200
3201
8585
3202
2609
8586
392
8587
3203
2873
3204
3205
3206
8588
8589
4140
3207
8590
39
3185
3208
3209
3210
3211
8591
3212
8592
3213
349
3997
8593
8594
105
2993
2464
3214
2812
8595
8596
94
1945
3215
8597
3216
3217
3218
8598
8599
8600
3219
8601
3220
8602
2761
3221
3222
8603
3223
3224
3123
8604
8605
2535
3225
3226
3227
2392
3228
3229
3230
3231
8606
1752
8607
3232
8608
3233
8609
3234
3235
8610
8611
3236
2906
8612
3237
8613
4238
8614
1132
2064
3238
3239
8615
2061
3240
8616
1229
2626
4848
3241
1558
3708
3017
3242
8617
3309
282
8618
3243
8619
8620
3244
8621
8622
2515
8623
872
3785
3245
2287
3246
3247
3248
3230
2952
3249
8624
2971
3250
2915
8625
3251
8626
3252
8627
2935
2509
1288
8628
8629
2330
1596
8630
8631
3253
3214
3254
3255
8632
3256
8633
84
3257
3258
3259
8634
8635
8636
2096
3260
3261
8637
461
8638
760
8639
3262
798
3263
3264
993
2188
8640
8641
1615
8642
3265
8643
3266
3235
3267
3711
8644
8645
3268
3269
8646
2036
4525
3270
3271
4028
8647
8648
8649
3272
3273
1172
3274
4027
2138
3275
3276
3159
2551
4719
2474
2998
3277
3278
8650
4291
8651
3279
3280
3281
1369
3282
1419
8652
8653
3283
8654
1576
2128
8655
3284
8656
8657
8658
3285
1827
3286
8659
8660
8661
3287
3288
444
3289
8662
3290
3291
3292
3293
8663
8664
8665
3294
510
8666
3295
3296
3297
3298
3299
2272
448
3300
1144
8667
3301
2764
3302
869
3303
8668
8669
8670
8671
3304
3305
3306
8672
1445
3838
8673
366
2693
8674
8675
3307
3308
3309
3310
3311
3312
512
3313
3314
8676
3315
3041
3140
1456
1147
2289
8677
3316
3081
3317
1181
8678
2693
419
8679
8680
1689
3903
8681
8682
3318
3319
3320
2505
3321
8683
3322
3323
3324
8684
3325
3326
2057
8685
4502
3327
2916
8686
3502
2603
8687
3328
3329
3330
3331
4001
3332
3044
208
8688
3128
3333
1002
8689
8690
3334
3335
8691
8692
8693
3336
3337
8694
3338
1771
2418
3339
296
8695
8696
3340
3277
3341
3342
1352
3343
3344
3345
4881
8697
2019
4215
4783
8698
934
3346
3347
8699
8700
8701
8702
8703
3348
8704
8705
3349
1906
8706
3261
3350
3351
52
3352
3353
3354
8707
8708
8709
8710
8711
3355
848
8712
8713
3356
8714
3357
3358
8715
8716
3359
2381
8717
3360
3361
8718
8719
4207
3362
3363
3364
3365
8720
8721
8722
717
2979
1945
3366
8723
2332
3367
364
8724
110
3368
8725
8726
8727
3369
1254
3370
8728
266
8729
2712
8730
8731
8732
8733
3371
3372
3373
3374
3375
3376
8734
8735
2351
4791
3377
8736
3378
8737
2466
3379
3380
3145
8738
3715
378
8739
3381
3382
3383
2706
3384
3385
3386
3387
3388
2732
3389
8740
97
3390
2509
2831
3391
4096
2870
3663
2181
3392
8741
2684
3393
3394
3395
260
2597
3396
8742
8743
3397
3398
8744
4849
8745
8746
2111
8747
585
8748
1603
4664
8749
8750
3399
3400
8751
3401
3402
4231
3403
2074
3404
3148
8752
8753
8754
3405
8755
1178
8756
4737
1315
3406
8757
8758
351
2206
8759
8760
8761
8762
3407
3408
2355
8763
3409
3410
8764
3411
3412
8765
3413
2884
3706
2768
2966
8766
3414
8767
3415
337
8768
3896
3416
3658
1322
2795
3417
362
3418
3274
3419
3420
3421
3367
3422
3423
2488
3424
8769
8770
3257
1940
8771
4778
3425
8772
3771
8773
3426
4518
3427
8774
3428
3429
8775
3430
3431
585
3432
3433
8776
3434
2745
8777
3435
8778
3210
8779
3436
8780
8781
3437
8782
8783
2015
8784
3438
4794
8785
3439
3440
2347
3340
8786
3441
1701
3442
8787
3102
8788
3595
3052
311
4474
2454
8789
3443
3444
8790
8791
2842
8792
409
8793
8794
8795
3445
3446
3202
3395
94
3447
8796
8797
3448
3449
3101
2144
8798
8799
8800
3450
3451
3311
8801
1656
3203
8802
8803
8804
3452
1608
3453
8805
3454
3455
8806
8807
8808
3456
3457
1366
8809
8810
3458
3459
2488
3460
446
8811
3387
3322
3461
1082
8812
8813
8814
3105
8815
8816
3462
3463
1687
8817
123
8818
3464
2305
8819
3086
4906
2832
3091
432
4725
8820
8821
8822
3465
3466
3467
99
3468
297
8823
3469
8824
8825
3819
8826
3470
1801
3471
8827
3472
3144
2182
3473
3474
8828
2463
8829
8830
4538
3475
8831
136
3476
3459
2372
8832
3477
8833
2921
3478
722
4116
3479
8834
8835
538
3480
3481
3482
8836
3483
3484
8837
8838
3444
8839
1321
3485
8840
8841
2971
4884
2589
8842
3333
8843
3486
8844
1395
3487
8845
3488
8846
3489
8847
3490
3491
3492
3493
2576
2306
8848
3011
2481
8849
3494
2249
3495
3592
8850
8851
3496
2457
2876
3497
8852
3498
3499
3500
3501
3502
8853
2865
3503
2994
3504
8854
381
1938
1584
276
3505
3506
1536
2933
3507
8855
49
3508
3509
3510
2313
3511
3512
8856
3513
3514
8857
1863
3515
3516
3517
52
3518
8858
8859
8860
2311
3519
8861
260
265
8862
2686
8863
1000
8864
8865
3520
3521
2905
8866
3522
8867
2131
8868
1217
8869
3523
8870
8871
3456
8872
3524
8873
4689
8874
390
3181
8875
3525
2884
8876
3526
8877
4165
2940
2482
3527
8878
3528
2884
3241
3529
823
2942
8879
4471
75
8880
2112
8881
3530
3531
8882
8883
3532
8884
8885
3533
1172
3534
3535
3492
2403
3536
1456
3537
4302
3538
3539
708
8886
3540
8887
247
2705
2490
3541
2610
8888
249
3962
3542
1049
3539
3543
8889
2917
213
3544
3545
8890
8891
8892
3515
8893
3546
8894
8895
8896
3547
8897
8898
3548
8899
1529
3251
3952
8900
3549
261
8901
8902
1629
3550
2436
8903
3551
1009
3552
3553
8904
8905
8906
3554
8907
8908
3555
2600
8909
3531
8910
8911
3556
8912
8913
4402
8914
3557
8915
3558
3697
8916
3559
3560
3429
2868
1927
8917
3561
8918
3562
3563
3564
1303
3565
3566
3567
3568
1625
393
8919
3569
3570
8920
3571
3572
3573
3373
8921
8922
8923
2701
3574
8924
8925
3287
8926
3053
8927
3684
3794
3847
3575
8928
8929
8930
2882
8931
3576
3577
8932
8933
3578
3579
8934
3580
514
2753
2263
2604
948
1629
3581
8935
8936
2695
570
2503
4750
8937
8938
3582
1757
8939
8940
3
3583
3875
8941
2047
3584
8942
1206
3585
2655
3459
2509
8943
3586
2281
8944
308
3587
3162
3588
3353
8945
3589
8946
3590
4887
8947
8948
3591
8949
3592
2708
8950
3593
3594
8951
8952
2160
8953
3595
1531
3317
3955
3596
8954
8955
2238
2736
3597
8956
3598
8957
3599
2342
1650
3330
3600
8958
2985
8959
8960
3601
1812
3602
3603
3604
3605
3606
3607
3608
8961
3609
2933
2770
3610
8962
8963
3611
3612
8964
8965
3613
8966
8967
3080
1106
3614
3615
4977
8968
3616
8969
2729
3617
3618
8970
3619
3291
8971
3620
3621
4159
8972
3622
3194
8973
2536
2734
3533
2565
1684
3623
1654
8974
3624
3625
65
3626
3627
2115
8975
3628
8976
8977
3629
3471
3366
3630
3631
8978
8979
3378
8980
3632
94
3207
8981
3633
8982
3634
3635
3359
3831
3636
8983
8984
3637
8985
1515
8986
3638
98
3639
3640
3641
1599
934
8987
8988
1412
8989
3642
8990
8991
3643
2633
3644
3645
3646
4801
3647
3423
3648
3649
1153
3650
3651
1270
1660
8992
3652
8993
8994
8995
8996
3534
8997
3653
8998
3654
3655
3656
3657
943
8999
9000
3658
3659
2001
761
3660
9001
9002
3661
3662
3663
3664
9003
9004
9005
2879
3665
2718
9006
9007
9008
4548
3666
9009
1260
2081
473
1236
4113
9010
3667
3668
9011
3669
9012
975
9013
3670
9014
112
3671
2896
3672
9015
62
3673
3055
3674
3646
3675
2759
9016
9017
3676
3677
2042
2243
3678
9018
3839
1824
3679
9019
3680
9020
9021
3681
3245
3682
3683
9022
3798
9023
2941
3684
1673
9024
3685
9025
2513
3686
3687
9026
3673
4015
9027
3688
9028
3689
3690
2437
9029
3691
9030
9031
3692
441
9032
2761
9033
3157
2682
2
3693
3389
9034
9035
2988
9036
9037
3068
3694
1837
9038
3188
3319
3695
9039
2832
9040
3696
9041
2262
3697
9042
9043
3698
9044
3699
3700
1936
3701
3702
3703
1497
9045
4047
2132
4907
9046
3704
9047
9048
1789
3705
9049
2292
3706
3707
9050
3159
3708
3709
3710
3588
3711
9051
9052
2780
9053
1480
3712
3713
3132
3714
3715
3716
3717
1883
9054
9055
1596
3718
9056
9057
3719
2454
3720
3369
3721
9058
9059
3722
9060
9061
3723
2027
9062
9063
9064
1301
1539
9065
3724
153
9066
9067
3725
3726
3727
3728
3729
9068
9069
9070
9071
1312
9072
9073
1191
3745
4526
3730
9074
9075
3731
9076
3421
9077
3732
3137
1182
1292
2663
9078
1125
9079
9080
9081
1297
3733
9082
3734
9083
653
3735
9084
9085
1528
3698
734
3736
9086
9087
1729
3737
3935
9088
3738
9089
3739
1118
1339
9090
9091
9092
3740
1523
3741
9093
3742
9094
3743
3744
1348
1625
1163
663
3745
9095
9096
3531
3746
9097
9098
2087
2094
9099
3126
2124
9100
902
343
9101
3504
3747
9102
9103
2977
3748
9104
3749
9105
9106
9107
3197
3750
49
361
3751
3752
2851
9108
3753
3754
3755
3756
3757
3758
9109
9110
4064
3759
2593
3760
2477
9111
9112
3266
9113
3761
1802
9114
9115
4390
3762
3763
9116
3712
3764
2306
3020
3658
9117
3765
9118
9119
2098
3766
4605
9120
3767
9121
3768
3769
9122
3770
9123
3771
9124
2460
9125
3772
3686
9126
3926
9127
9128
1996
9129
9130
9131
9132
3773
3774
3775
316
9133
9134
2470
9135
2092
2891
2515
9136
3776
3497
2649
3126
9137
9138
3777
3778
2651
3779
9139
9140
9141
9142
2200
9143
9144
3780
3781
3782
3223
3994
790
9145
3783
9146
3784
9147
9148
9149
9150
1426
3131
9151
9152
3180
3785
3786
3787
9153
9154
3205
3788
2057
2493
2880
9155
9156
3351
1736
9157
3211
1525
3789
1077
2057
3790
2450
3791
4303
3792
2356
2916
9158
3793
3593
3259
9159
3931
9160
46
2971
142
3794
3795
9161
2198
729
3796
3796
3797
2512
9162
9163
3798
640
3573
4564
3799
577
9164
2971
3800
9165
9166
3801
325
9167
3802
1831
3803
9168
3804
3805
3178
3390
9169
9170
3442
9171
2067
3806
4369
9172
9173
9174
9175
9176
9177
3807
137
9178
774
3808
9179
3809
3810
9180
3811
2149
3288
9181
9182
3812
3813
601
9183
9184
9185
9186
1790
9187
518
3814
9188
9189
3815
9190
9191
3741
3546
3816
9192
9193
9194
3817
1022
2301
3818
3819
60
3193
3820
9195
2597
3821
3062
2124
774
4149
9196
3822
2223
3823
9197
9198
1199
1612
1862
9199
130
544
3014
1437
9200
4153
2925
9201
2859
2933
2543
3824
1306
3629
2167
9202
3825
304
3826
3827
9203
9204
3828
2029
3829
9205
289
9206
9207
9208
3830
3599
9209
1162
3232
1374
1814
3831
9210
3832
3833
9211
3444
4662
3834
3336
3835
3836
3837
9212
2137
3838
3839
9213
115
3830
4335
3840
3841
2979
2701
3842
1969
3316
4333
2830
1324
3843
453
4310
3844
4600
3845
9214
3846
2820
4679
3847
3848
3849
3850
9215
1902
2345
3851
3852
9216
3853
9217
786
1784
1348
9218
1804
3854
4535
3855
51
3856
9219
1002
9220
9221
2443
9222
1764
3857
9223
3858
2555
917
3859
9224
3860
3861
3344
3862
2592
3951
9225
3863
9226
3094
3317
3864
9227
3865
1969
80
857
9228
9229
9230
3866
9231
3867
466
9232
9233
3868
3869
3870
1181
2680
3871
9234
3872
9235
3873
3874
9236
9237
9238
9239
3875
3876
9240
3877
3878
3879
3406
1753
3772
9241
9242
3880
2418
3141
9243
9244
3881
3882
3568
9245
9246
3883
3884
3885
9247
3886
2870
1952
3887
9248
9249
9250
3888
9251
3252
3889
4483
9252
9253
9254
2888
3890
9255
9256
406
9257
9258
4559
3513
1995
3891
9259
2832
9260
1797
3428
3892
1640
9261
3893
9262
1212
1206
9263
3894
4176
9264
9265
9266
3895
3503
2274
2517
3896
3897
9267
3218
3898
3899
14
14
1076
9268
3900
3901
3902
3823
9269
9270
9271
9272
3365
3903
3904
2469
9273
9274
9275
2082
3327
3905
1008
3906
9276
9277
3125
9278
884
9279
3907
9280
2228
9281
3908
4485
9282
4202
2767
3909
3910
2767
9283
2959
9284
3911
2893
3912
3913
9285
3914
3915
3916
3917
9286
3918
3919
3920
3921
9287
3922
3451
3923
3924
3925
9288
2777
9289
3575
3002
9290
1134
9291
3926
9292
3927
3928
3076
3185
3651
3929
3930
3931
9293
1689
3932
3933
3934
2779
9294
3250
3653
1861
3935
9295
3679
9296
9297
3936
9298
3937
2654
3961
666
2710
9299
3938
489
2718
4842
9300
9301
3939
9302
9303
3940
2517
3941
1764
3942
3943
373
3944
9304
9305
3945
2852
9306
3946
3947
9307
3948
1692
4398
9308
3949
9309
9310
9311
9312
3950
9313
9314
9315
4267
9316
4780
2497
3951
3042
3952
2443
3953
9317
9318
432
480
4903
1049
2916
3954
9319
3955
3956
3510
9320
3957
3296
3036
3958
9321
9322
1843
3959
3363
1835
3960
1865
9323
9324
9325
9326
9327
3961
9328
3962
2805
3963
3964
3965
9329
3966
3967
9330
9331
3968
3969
3970
3774
80
2985
239
9332
3151
3098
9333
9334
1305
3971
3972
4216
3973
3974
2029
9335
3975
3976
352
9336
3977
3978
9337
9338
1663
3174
3979
3980
3981
9339
9340
2967
9341
4670
3003
9342
2092
3982
9343
2659
3983
3226
3072
1311
419
9344
3984
9345
3985
1937
2592
3662
3986
3856
1105
9346
3089
396
9347
3987
3988
2166
2164
3989
3990
2449
3991
9348
3937
3992
9349
3993
4761
3497
9350
9351
2780
2400
9352
3994
9353
3995
1635
3609
3996
3997
3998
3999
9354
2594
9355
2188
9356
4000
9357
2976
3792
604
9358
9359
4001
4002
9360
9361
253
9362
4003
9363
9364
4004
9365
4005
4006
2308
9366
2220
4007
239
2629
4008
3514
3390
9367
4009
4010
4218
9368
2868
9369
9370
9371
289
4011
9372
9373
9374
4012
4013
4014
9375
3640
4015
1333
9376
4639
611
395
9377
4016
3870
3362
9378
9379
3540
2743
4005
9380
4017
9381
9382
4553
9383
4018
4019
9384
4020
877
380
9385
3223
9386
9387
9388
3709
1190
9389
9390
4021
9391
3939
3178
9392
2094
215
4022
9393
4023
184
9394
2783
9395
9396
3875
4024
9397
4025
1369
4026
4027
262
9398
4028
4029
4030
4031
3639
9399
9400
256
3089
9401
9402
9403
3011
4032
9404
451
4033
4034
4035
4036
9405
1527
4037
609
9406
9407
9408
808
4038
4039
1639
9409
4040
9410
2372
4041
9411
9412
4042
3802
3090
4027
9413
2565
1534
9414
9415
4043
4044
4045
4046
4047
2563
4048
4049
4050
3095
9416
9417
3596
4051
3603
9418
2079
2978
3131
4052
4053
3838
3702
9419
2879
9420
9421
4054
2970
4055
9422
9423
4056
3482
4057
9424
3755
4759
9425
4058
4059
3174
3609
9426
4060
9427
9428
4061
3815
64
4062
9429
4063
191
4064
9430
149
9431
4936
4065
4066
4067
9432
3502
9433
649
4068
4069
4070
9434
3854
9435
4071
9436
4072
4073
4074
4075
9437
9438
3389
4076
4077
9439
2174
9440
85
4078
4079
9441
9442
9443
4080
9444
2917
9445
9446
2724
4081
9447
1372
9448
4082
3398
4008
4083
191
3013
4053
4060
9449
1593
9450
9451
1996
2611
4547
3778
4084
4085
3077
487
4055
4086
2880
4087
9452
4088
9453
4089
3661
9454
4090
9455
4091
9456
9457
9458
4092
4093
428
4094
4095
4096
4097
9459
9460
9461
9462
2988
4098
9463
3620
4099
4100
9464
4101
4102
9465
9466
9467
4103
3170
4104
375
30
9468
4035
9469
2177
4105
782
3161
4106
4107
4319
9470
3311
9471
4108
9472
4109
2593
4110
9473
4111
3234
4112
4113
4114
9474
4089
2462
9475
9476
9477
4570
3197
1138
2305
4115
2149
3806
9478
2607
9479
2616
3514
4116
3305
9480
9481
9482
9483
9484
2886
9485
9486
9487
9488
2365
4117
1835
1864
9489
4118
9490
4119
1410
2811
1633
4120
4121
9491
9492
2236
9493
9494
3970
4122
9495
2044
2368
4123
9496
1642
3487
9497
3880
9498
1500
3488
9499
3539
4124
1222
9500
9501
3079
9502
9503
3268
2647
9504
4125
9505
443
4126
9506
9507
4127
3045
2643
9508
1067
4128
2217
4129
1584
1394
3893
4130
1419
2550
1222
3865
4131
3472
2866
4132
3274
4133
123
4134
787
9509
3683
4135
869
4136
3372
4137
9510
9511
9512
9513
4138
9514
4139
9515
4140
4141
3201
9516
1239
2563
4142
4143
4144
4145
3648
3697
1198
4146
3955
4147
9517
9518
4148
9519
9520
9521
9522
4149
3222
9523
3964
9524
9525
4150
4151
4152
1178
9526
1864
4153
9527
4154
9528
856
4155
9529
3359
4156
9530
4144
4157
87
4158
4159
4160
4161
4002
429
375
4162
9531
9532
9533
3955
2139
9534
2226
9535
3924
4163
1653
287
9536
3153
9537
4164
4165
4166
2472
9538
4167
3584
3960
9539
9540
9541
4168
2757
9542
9543
2852
4169
4170
75
4171
9544
4172
4173
4174
1663
636
2852
3828
3503
9545
4175
4176
4177
4109
1970
1537
4178
3208
1551
9546
2433
4179
4180
9547
3719
4492
4181
9548
9549
4182
2814
469
4183
1090
9550
4184
9551
262
9552
9553
9554
2516
9555
3882
9556
54
55
4185
4186
9557
4187
3140
4188
3871
9558
9559
4773
3324
9560
3812
9561
4189
4190
9562
2383
3083
3178
2738
4191
2052
4192
1597
4193
9563
9564
4194
3575
3483
3653
9565
880
4195
1375
9566
9567
4196
4197
1291
4198
3709
4199
230
2455
4200
434
4201
4202
1284
9568
1255
285
4203
9569
1483
4204
2981
4015
9570
3866
9571
9572
152
9573
9574
4205
4206
9575
9576
3292
4207
361
9577
4208
4209
9578
2564
1175
9579
2643
9580
4210
4074
126
9581
3544
4211
9582
4212
4213
9583
9584
4214
4215
4216
4217
4218
3043
4145
4219
4220
4221
303
9585
1632
9586
9587
9588
4222
9589
9590
2607
9591
9592
4223
4224
9593
9594
9595
3986
2376
4225
4226
4227
9596
4228
334
510
9597
4229
4230
3011
764
9598
4231
4122
2925
9599
4232
3663
4233
2449
9600
9601
4234
4235
1531
1874
4380
4236
4200
9602
439
4237
4142
9603
9604
9605
9606
9607
4238
855
9608
9609
9610
4271
4239
9611
3272
9612
9613
4007
3362
9614
4240
9615
4241
2395
9616
182
4242
9617
9618
9619
9620
4243
9621
9622
4244
9623
4245
4923
2486
9624
4246
3387
4247
9625
3471
1118
4248
9626
9627
9628
9629
9630
9631
4249
1066
2284
9632
2355
3197
4068
575
4250
3240
9633
2868
4251
4189
3995
4252
9634
4253
4254
814
9635
9636
3216
2269
9637
2450
3911
9638
9639
4255
3184
2944
4256
9640
4257
4258
2763
3102
9641
9642
9643
4259
9644
3839
4260
556
4037
2428
9645
1223
9646
9647
9648
4261
9649
65
4262
1604
9650
9651
4263
3684
485
9652
1067
9653
9654
9655
1633
3533
4264
4560
4265
4266
3834
1963
1610
9656
3649
9657
4267
4268
4975
9658
9659
4269
1222
9660
1981
3897
9661
9662
2890
9663
4270
165
4271
4272
4273
9664
3076
9665
4274
9666
4275
9667
3915
2300
9668
4276
3159
1069
9669
1713
9670
4277
2509
2762
3714
563
4278
4279
9671
4280
4281
4282
9672
4283
1297
9673
4284
9674
1167
9675
9676
2892
9677
4168
2855
3446
4285
9678
4286
4287
4288
3308
9679
4289
1489
3943
4290
9680
1669
4291
1708
4292
4255
3916
802
4293
3476
4294
9681
4343
1196
4295
9682
243
9683
9684
174
9685
4296
9686
4297
9687
9688
3518
4060
9689
9690
4524
4298
1207
4299
9691
9692
1467
3183
4300
1360
4855
4301
2746
2577
4302
3633
2840
3779
9693
681
2620
9694
4303
3030
4304
9695
2555
9696
9697
278
9698
9699
4305
2134
4306
4307
2818
3681
4143
9700
9701
9702
9703
9704
9705
2933
9706
883
4308
9707
9708
9709
3275
9710
9711
4309
9712
9713
243
290
2745
9714
4310
3446
9715
3616
4311
3262
4312
3561
2024
9716
4313
880
4314
4078
3482
51
9717
4315
3101
3457
9718
4316
9719
1630
3264
9720
9721
4317
4318
9722
9723
4319
2921
9724
9725
4320
3770
3746
9726
4321
4322
4323
9727
4324
3418
9728
4325
9729
9730
253
481
4326
4141
4327
2938
4050
4328
4328
2654
2170
3875
681
4030
4329
3855
9731
4330
4331
4332
9732
9733
487
3076
1851
9734
2181
1850
4333
4334
1448
9735
4116
2323
3030
4335
3887
4336
9736
4337
2866
4016
1067
9737
1593
9738
9739
9740
9741
4338
4339
4340
4341
9742
9743
9744
4342
9745
1217
3414
9746
913
9747
4343
4344
465
2606
4092
9748
4345
9749
4346
9750
39
3810
9751
4226
9752
3529
4347
4399
2077
3985
448
9753
3762
3220
9754
2819
205
1992
4348
4349
1372
9755
2805
1196
1531
9756
3280
2721
9757
4350
9758
4351
215
4352
9759
4353
2167
2824
1729
4242
3307
9760
9761
4354
4355
4356
9762
2163
1559
4357
4358
3437
9763
4359
4360
2601
4361
9764
3685
4115
9765
4187
2967
4142
9766
9767
4362
1721
2236
9768
2841
9769
9770
4363
4364
4365
9771
9772
9773
4366
3070
3050
727
4367
2159
9774
4368
2336
4408
9775
3298
4900
3981
9776
9777
3629
4369
4370
4371
3
2638
9778
4372
9779
4373
4374
142
9780
1930
9781
9782
9783
3614
1263
9784
4375
1217
9785
9786
3069
9787
4376
4377
9788
9789
9790
4378
677
4379
4380
9791
3323
2369
4170
4291
9792
4065
9793
4381
3558
2027
2856
4382
1611
125
4383
526
1354
4384
3123
4385
4386
4387
2685
3515
4388
4312
9794
9795
4209
4389
9796
3362
9797
9798
4390
4391
3950
9799
3921
2306
1128
4392
2128
4393
4394
3367
4395
4396
2094
9800
4877
9801
120
9802
9803
3865
4397
3652
1385
1596
4398
2258
835
9804
4399
223
4400
9805
9806
4401
4402
9807
1087
4403
4404
4148
9808
9809
9810
3594
9811
4405
4406
4407
4408
2575
2104
4407
9812
9813
9814
861
9815
575
9816
4409
9817
9818
1563
4410
3396
1683
9819
9820
9821
9822
2259
9823
4411
4029
9824
3052
4412
4413
4414
9825
4415
4416
9826
9827
3148
4417
3184
9828
9829
2015
4058
2372
1519
9830
9831
138
711
4418
956
3235
9832
1689
4419
3904
4420
4324
9833
4421
4422
4423
1165
4424
3657
64
4425
4317
2739
2496
2631
2154
4902
9834
4426
480
2188
9835
9836
2889
302
9837
9838
540
1016
2492
1457
4427
4428
9839
9840
9841
9842
9843
4429
4430
3367
1195
4431
380
4432
2690
3748
1355
4433
9844
4434
9845
4435
3078
9846
4436
3280
4400
4437
9847
529
4438
2091
9848
3050
3973
9849
3584
3604
4439
2696
3012
1851
3027
4074
9850
2579
9851
4440
4441
4174
2881
4225
9852
2188
9853
4028
286
4442
9854
9855
4443
4444
4172
544
4445
2190
9856
9857
2682
1185
4446
3284
9858
276
3633
9859
9860
9861
9862
2687
9863
9864
4447
9865
3896
9866
4448
9867
1207
4449
2564
9868
1200
9869
3072
9870
4035
4610
2388
9871
4450
9872
4451
670
9873
9874
9875
4452
9876
4183
4594
3297
4453
2824
2392
4454
9877
9878
436
4455
9879
4456
9880
4457
2195
4458
3871
9881
9882
9883
9884
4459
3980
4460
3874
4461
1066
4462
9885
4463
4464
9886
2684
9887
4038
4274
2456
2375
802
890
3556
4465
4890
2237
9888
4466
9889
9890
4467
9891
9892
9893
4468
3004
4469
9894
3579
9895
4470
4471
2851
869
2493
9896
9897
4472
3202
9898
9899
9900
2182
4473
9901
4428
9902
9903
9904
3978
666
4234
1183
3000
1802
4474
4145
2764
3078
2308
3675
750
4475
4476
9905
9906
3126
2081
3472
9907
9908
1068
4477
4478
3660
9909
4479
4480
4481
3754
9910
2677
238
3795
3404
9911
9912
9913
9914
9915
4482
9916
9917
4483
1801
3100
182
4484
4485
4486
2099
2705
9918
3257
9919
4487
3474
1735
9920
4386
9921
9922
4400
4488
1495
9923
864
3593
4566
978
4104
1209
9924
253
9925
4251
4489
9926
4233
9927
9928
4490
4491
3224
2158
4492
4493
1370
3012
378
4494
2539
9929
9930
9931
9932
9933
9934
4495
86
64
2682
4496
3269
2707
9935
2012
2395
4497
4498
3488
3979
9936
9937
4499
4500
4239
4501
4502
9938
4503
1538
618
4020
1729
9939
9940
4504
4505
1454
9941
9942
9943
4506
3607
1770
4250
9944
4001
9945
9946
3460
4507
9947
9948
4508
3564
4509
4510
9949
2259
4511
9950
4512
4366
4851
4513
4514
9951
9952
3034
9953
1498
4515
3369
304
9954
1145
9955
3049
9956
9957
3883
4516
4517
4518
9958
4519
4520
3941
4521
9959
9960
4522
9961
9962
62
4463
9963
4523
3252
4524
9964
4525
4526
1725
4527
4528
9965
9966
3910
2466
4219
4529
9967
4530
4267
9968
3463
9969
4531
9970
3704
4920
4532
9971
9972
4533
9973
4534
3651
9974
877
9975
218
4026
4457
9976
9977
4502
9978
4535
9979
9980
4536
3973
4537
3620
9981
4538
9982
1883
4539
4540
4541
4373
4542
601
9983
4543
9984
9985
3994
9986
4544
3350
197
4545
9987
4546
9988
9989
4547
2819
4548
2440
9990
4549
9991
1824
2820
9992
4550
796
9993
9994
9995
4551
3430
9996
9997
4552
4553
4554
9998
4076
1352
9999
10000
3399
10001
4555
4556
10002
10003
4557
10004
10005
4558
3746
4559
2517
10006
2628
4560
2224
4561
1086
4562
3468
4563
10007
10008
859
10009
10010
1845
4564
4565
3274
4566
10011
4026
2096
4567
10012
10013
4568
3342
4569
4273
4570
10014
4571
19
2478
4572
10015
1294
4542
10016
10017
4573
1111
2724
4574
3399
235
3005
4575
4000
3112
3915
10018
3103
10019
1703
3171
2111
75
2982
1515
10020
4576
4241
4577
4475
4578
3471
4579
3414
10021
4580
10022
2733
10023
10024
1224
4581
3052
1290
3362
4582
1354
3652
10025
3336
10026
3406
4583
4584
4585
10027
3472
10028
4535
2722
4586
4587
10029
10030
934
4588
115
4470
10031
4098
4589
10032
4590
1505
10033
4591
3777
10034
3605
3424
4592
4593
3038
10035
10036
10037
4594
4595
4238
10038
3191
10039
3003
4499
10040
4596
4432
2720
1835
4597
10041
2077
2842
4598
1100
10042
3934
599
4599
10043
10044
4600
1187
3326
500
10045
4483
2432
10046
3818
10047
10048
2476
10049
3202
10050
4431
2706
112
4601
2275
4602
10051
10052
10053
10054
10055
4603
10056
4304
4604
355
4605
10057
3296
1090
1274
10058
4606
10059
4607
10060
10061
1064
4608
10062
4609
10063
10064
3550
10065
10066
4610
10067
10068
2079
1385
10069
4556
165
4611
4612
2188
4184
10070
1307
10071
3178
4613
4614
4615
4616
10072
4617
4618
3799
4619
4620
10073
4177
2021
4040
4518
4621
309
4622
2996
1287
4227
4623
10074
4624
4348
10075
2565
1982
2623
4625
10076
189
4293
10077
10078
4626
2741
4627
10079
10080
10081
4628
4629
10082
10083
3089
2483
4177
4630
1870
10084
10085
4631
4632
10086
1536
4353
10087
4504
4633
10088
1167
10089
3659
431
2368
10090
10091
4468
10092
4634
2413
60
10093
4230
10094
10095
4444
10096
2234
10097
10098
4635
1530
4636
745
4637
3429
1467
10099
10100
4491
466
4638
4639
2470
3070
10101
3170
2464
3461
1395
1827
4640
10102
10103
2950
10104
4641
4481
2208
2973
609
4583
3015
4642
10105
4643
10106
1892
4416
4644
10107
4645
4646
10108
4647
2852
3596
4648
4649
4650
10109
10110
4651
10111
3865
3696
10112
543
3616
4652
10113
10114
3688
4653
4654
2944
10115
4655
10116
10117
10118
10119
4656
10120
10121
4657
1369
10122
10123
2828
1223
4658
4472
4659
1536
4660
2488
1352
10124
10125
10126
4661
10127
10128
10129
10130
4662
10131
3568
4592
3304
10132
446
4663
4664
4665
2167
10133
3176
4666
4103
801
1556
10134
4667
10135
32
2730
2009
10136
4668
3068
1471
10137
10138
3656
10139
2568
10140
3512
10141
4669
10142
10143
4670
3193
10144
2167
2167
4671
4672
1229
4673
10145
10146
4043
334
4076
2938
10147
4674
1442
4675
2140
4144
668
10148
2079
4676
2767
10149
4677
179
3584
10150
3797
10151
10152
2514
10153
10154
2293
3104
1178
4678
4573
3867
390
10155
10156
10157
10158
4679
4680
2300
10159
4681
4682
10160
10161
3057
10162
1207
2617
4683
10163
10164
10165
1212
4684
3870
10166
4685
10167
3650
4686
1806
10168
10169
10170
3196
4582
4532
4687
2546
4641
3185
4688
4646
1634
4689
4042
10171
2964
4690
2484
4691
10172
2269
4692
2876
2409
10173
2039
4335
2546
10174
1554
10175
2986
1700
4693
4694
4202
205
4695
3117
2473
4696
10176
4021
2176
10177
401
2693
2915
10178
4697
4698
651
10179
10180
3564
4279
2044
10181
10182
251
10183
10184
869
4699
580
3910
2538
4279
296
10185
10186
4534
10187
10188
2751
4700
4701
10189
10190
4702
1542
10191
4703
10192
10193
10194
10195
10196
1011
10197
892
2167
3172
798
4704
1497
2633
4705
3956
4706
10198
2096
4707
739
10199
1874
4708
10200
1474
4709
4710
10201
3593
10202
10203
10204
10205
4711
4448
238
4591
4712
1076
10206
10207
10208
10209
3505
4713
3166
4068
4714
4715
2258
4716
10210
10211
1849
10212
4717
4718
10213
4719
4720
4721
3597
101
10214
2659
3230
414
379
4722
10215
4723
1991
4724
728
4725
108
173
10216
4726
131
4804
2179
1648
3322
10217
4694
1418
10218
1546
10219
4727
4254
10220
4728
2567
4729
4730
4731
1646
133
10221
2622
2111
1795
10222
4635
10223
4732
10224
10225
4733
4734
1700
3191
10226
10227
10228
10229
147
2666
10230
3290
2518
4735
3240
2611
1149
10231
10232
4736
4737
4738
4336
10233
10234
10235
4739
10236
1435
4740
3741
4741
10237
1321
1561
10238
3821
4742
3510
1921
10239
4743
4744
4472
4407
4745
10240
4746
2762
1921
3463
4714
4747
4748
4749
270
2571
2584
2775
1926
3367
3023
10241
3290
2695
10242
3628
1978
4750
10243
10244
4751
4752
10245
2779
2004
4753
10246
10247
3311
10248
10249
10250
4754
10251
3473
10252
4755
4719
4119
1306
300
3216
4192
2043
3775
4756
3528
10253
4757
1957
10254
2872
10255
2490
10256
3069
1238
1451
4408
4758
4759
4760
3865
4761
2345
10257
10258
4762
4763
4764
3951
3779
10259
10260
4765
4766
4220
1534
1257
93
4767
1047
134
3748
10261
4768
10262
3163
4769
3005
4770
10263
2364
3698
3749
4737
10264
3976
1388
10265
4100
4771
10266
10267
3197
4772
4256
1287
3887
4773
3749
4774
4775
4746
3557
10268
10269
10270
1476
4776
10271
4777
4444
3442
10272
10273
666
2782
10274
85
725
3128
4778
4779
10275
4140
249
10276
786
4621
3933
4613
4780
2950
3591
4781
3480
4782
1200
4783
1743
3576
4784
4499
4785
2644
3079
4786
2527
10277
4787
3634
10278
1699
10279
4473
4788
3038
3719
169
10280
10281
10282
4789
10283
10284
4174
10285
4790
1552
4791
10286
4792
10287
1486
4793
3094
4558
2754
510
1727
2847
10288
4794
1305
4152
10289
4795
10290
10291
883
422
10292
10293
1801
10294
1864
4796
10295
10296
3904
4797
3806
10297
4798
10298
4799
10299
4777
10300
4800
858
10301
4300
3817
4189
10302
4319
4801
3959
10303
10304
4802
10305
4803
10306
2907
10307
4399
10308
3814
2154
4332
4154
3001
10309
2239
2242
10310
4804
1527
4721
1991
10311
3818
4805
10312
10313
10314
4806
10315
10316
3697
3
1080
10317
3456
636
4807
87
4500
10318
426
10319
822
4808
4809
2818
2830
10320
4225
1649
4810
10321
10322
10323
4811
4812
3568
3294
4813
1719
2850
4459
4814
4815
4816
3481
3617
4817
4818
2600
10324
10325
4426
10326
2893
39
4171
4819
2365
4820
2500
10327
4821
609
10328
4822
4823
4824
800
4825
3964
4826
3185
407
2115
10329
442
2601
10330
4896
10331
3831
2049
3264
1063
3660
3535
4827
10332
3804
10333
2623
4828
2656
4274
1574
10334
1656
10335
10336
2605
10337
4829
10338
4830
177
4831
10339
4832
4833
934
1447
2856
2758
4834
10340
10341
4835
1954
4544
4836
4837
10342
4838
10343
10344
3748
10345
4850
4839
10346
10347
4840
4841
2217
2277
2413
10348
2968
1172
4842
10349
10350
4843
10351
1864
10352
3947
13
10353
4844
10354
3856
4845
4846
10355
10356
3064
2598
10357
941
3610
3935
4773
4847
4573
4848
10358
4300
10359
3582
4849
934
4850
764
4851
321
653
4852
4853
3639
10360
4854
1470
4855
10361
2496
10362
4856
10363
580
10364
4857
10365
4858
10366
4859
407
2266
10367
4860
10368
4078
857
218
1254
10369
10370
10371
4837
3482
10372
2187
2827
10373
10374
4861
3146
4664
3772
2918
10375
10376
10377
10378
4862
10379
10380
4823
4863
10381
4864
4865
4866
10382
4867
3930
10383
2859
4868
3469
10384
3686
10385
4145
2872
4544
4578
10386
2074
4360
4650
10387
4869
10388
4870
4871
4257
4872
10389
4873
1178
102
10390
280
10391
4241
760
4874
3344
2907
4754
10392
3786
2966
10393
3475
10394
1942
4638
2486
4875
10395
10396
10397
4876
110
4877
10398
4878
4879
4880
4881
4882
10399
10400
2003
2811
2679
10401
1581
3795
10402
10403
4883
10404
1142
3150
3170
2843
2055
4613
10405
4884
4429
3234
10406
10407
4885
2184
4886
3848
10408
4887
10409
4230
3610
10410
3272
4888
4889
10411
2372
10412
10413
2206
1906
10414
1677
4617
10415
10416
858
4890
2755
4891
10417
10418
4892
10419
2300
2905
10420
1640
123
4100
4569
10421
376
4893
10422
4894
1853
10423
10424
10425
1493
4895
4378
4896
10426
10427
10428
10429
3429
4108
10430
662
10431
311
4897
4898
10432
406
4851
10433
10434
10435
3958
2381
4899
96
10436
10437
2500
4051
1452
10438
4900
3320
10439
2249
4414
10440
10441
4043
1647
10442
10443
187
10444
10445
4901
10446
10447
4527
4902
2486
4903
4904
4663
32
10448
2928
3137
3351
2470
4905
10449
10450
3583
10451
4906
10452
10453
243
1807
10454
443
10455
2397
4110
10456
3451
4907
916
35
10457
10458
1853
4908
4909
10459
4211
10460
3920
10461
1953
4910
3423
10462
10463
2176
4911
2048
558
2622
10464
10465
10466
3298
10467
10468
2846
4912
2853
4913
2828
10469
4914
4915
4916
10470
2921
2206
10471
17
10472
727
10473
10474
10475
3482
3832
10476
10477
10478
75
10479
4917
1082
10480
10481
10482
10483
10484
2555
3772
1414
10485
10486
902
10487
2760
3976
823
2357
10488
4918
4919
4920
4317
10489
4002
4921
3170
4922
4204
3844
4871
4067
2718
4521
4899
10490
2300
95
3832
10491
2193
10492
4404
4923
10493
4924
975
3513
4925
1236
3262
4926
4927
2188
519
4928
4257
2852
4929
4930
10494
10495
4931
4932
10496
4611
10497
1184
10498
10499
10500
4933
10501
3607
4705
10502
10503
10504
4934
10505
10506
2439
3082
4935
10507
1714
3561
3640
10508
10509
1267
3433
2622
4720
3230
10510
4766
4936
4937
4938
262
1591
10511
1540
3259
4939
1384
4940
10512
3698
4941
4823
10513
4942
4943
10514
4944
4872
3316
2847
4945
4946
2028
10515
4115
10516
1607
4947
1448
461
10517
10518
3283
4948
4634
4639
4949
10519
2112
10520
1503
10521
4215
434
4196
4299
10522
3363
4525
3716
3184
10523
10524
10525
10526
10527
10528
10529
4129
3274
4950
10530
595
4757
10531
4557
4951
4952
2935
10532
10533
4309
1842
10534
4953
4954
4955
3244
10535
4761
3032
4956
10536
1065
10537
10538
10539
2134
4957
10540
4958
4527
10541
4038
2531
2814
1471
4959
10542
10543
4687
3512
3302
4960
4848
10544
3180
10545
10546
4900
4961
2639
4962
10547
4963
10548
4883
4579
4964
10549
4965
4966
1368
10550
4967
10551
10552
440
335
4968
10553
1908
4969
10554
2672
4948
1700
4970
2852
4971
4972
4973
2940
1083
4974
4975
10555
4314
4976
10556
4977
3762
10557
3262
10558
4353
4978
10559
4979
10560
4980
1814
2418
2752
3046
10561
10562
162
447
4326
10563
3399
3934
10564
10565
4466
3348
3572
10566
4600
4981
10567
3386
10568
10569
4057
3127
4903
