0	216
1	9347
2	9349
3	9367
4	9377
5	9390
6	9399
7	9400
8	9406
9	9407
10	9411
11	9412
12	9413
13	9414
14	9415
15	9417
16	9418
17	9419
18	9422
19	9423
20	9425
21	9426
22	9427
23	9430
24	9431
25	9433
26	9434
27	9436
28	9437
29	9441
30	9442
31	9443
32	9444
33	9445
34	9446
35	9447
36	9448
37	9449
38	9450
39	9454
40	9455
41	9456
42	9457
43	9458
44	9464
45	9466
46	9467
47	9468
48	9469
49	9470
50	9471
51	9472
52	9473
53	9474
54	9477
55	9478
56	9483
57	9484
58	9486
59	22960
60	25187
61	25188
62	25189
63	25190
64	25191
65	25192
66	25193
67	25194
68	25195
69	25196
70	25197
