0	1
0	2
0	3
0	4
0	5
0	6
0	7
0	8
0	9
0	10
0	11
0	12
0	13
0	14
0	15
0	16
0	17
0	18
0	19
0	20
0	21
0	22
0	23
0	24
0	25
0	26
0	27
0	28
0	29
0	30
0	31
0	32
0	33
0	34
0	35
0	36
0	37
0	38
0	39
0	40
0	41
0	42
0	43
0	44
0	45
0	46
0	47
0	48
0	49
0	50
0	51
0	52
0	53
0	54
0	55
0	56
0	57
0	58
1	16
3	59
13	52
13	53
13	60
13	61
20	62
20	63
20	64
20	65
20	66
20	67
20	68
20	69
20	70
21	22
34	47
39	40
39	54
52	53
53	60
53	61
60	61
62	63
62	64
62	65
62	66
62	67
62	68
62	69
62	70
63	64
63	67
65	66
68	69
68	70
69	70
