25430	26219
25430	35730
25430	42841
25430	42972
25430	43026
25430	43027
25430	43033
25430	43034
25430	43035
25430	43036
25430	43037
25430	43038
25430	43039
25430	43040
25430	43041
25430	43042
25430	43043
25430	43044
25430	43045
26218	26219
26218	26220
26219	26220
35728	35729
35728	35730
35729	35730
35730	42841
35730	42967
43026	43027
43033	43034
43033	43035
43034	43035
43034	43045
43035	43045
43037	43038
43037	43039
43037	43040
43037	43041
43037	43042
43037	43043
43037	43044
43038	43039
43040	43041
43040	43042
43041	43042
43043	43044
