0	90
1	13980
2	13989
3	13994
4	13995
5	13996
6	13997
7	14005
8	14006
9	14008
10	14012
11	14014
12	14018
13	14019
14	14023
15	14027
16	14028
17	14031
18	14032
19	14034
20	14035
21	14037
22	14038
23	14042
24	14043
25	14044
26	14045
27	14046
28	14048
29	14049
30	14051
31	14054
32	14055
33	14056
34	14063
35	14067
36	14069
37	14070
38	14074
39	14075
40	14077
41	14078
42	14079
43	14080
44	14081
45	14084
46	14086
47	14088
48	14090
49	14096
50	14098
51	14104
52	14105
53	14106
54	14111
55	14112
56	14113
57	14114
58	14115
59	14116
60	14117
61	14118
62	14123
63	14124
64	14125
65	14128
66	14129
67	14130
68	14131
69	14135
70	14139
