0	117
1	4120
2	4121
3	4122
4	4124
5	4125
6	4126
7	4127
8	4128
9	4129
10	4131
11	4132
12	4133
13	4134
14	4135
15	4137
16	4139
17	4140
18	4141
19	4144
20	4145
21	4146
22	4147
23	4149
24	4150
25	4152
26	4153
27	4154
28	4155
29	4158
30	4160
31	4161
32	4162
33	4163
34	4164
35	4165
36	4166
37	4168
38	4169
39	4170
40	4173
41	4174
42	4175
43	4178
44	4181
45	4182
46	4183
47	4184
48	4186
49	4188
50	4189
51	4191
52	4192
53	4193
54	4195
55	4196
56	4197
57	4201
58	4202
59	4203
60	4204
61	4205
62	4206
63	4207
64	4208
65	4209
66	4210
67	4212
68	4213
69	4214
