0	0
1	1
2	2
3	3
4	4
5	5
6	6
7	7
8	8
9	9
10	10
11	11
12	12
13	13
14	14
15	15
17	17
16	16
19	19
18	18
21	21
20	20
23	23
22	22
25	25
24	24
27	27
26	26
29	29
28	28
31	31
30	30
34	34
35	35
32	32
33	33
38	38
39	39
36	36
37	37
42	42
43	43
40	40
41	41
46	46
47	47
44	44
45	45
51	51
50	50
49	49
48	48
55	55
54	54
53	53
52	52
59	59
58	58
57	57
56	56
63	63
62	62
61	61
60	60
68	68
69	69
70	70
71	71
64	64
65	65
66	66
67	67
76	76
77	77
78	78
79	79
72	72
73	73
74	74
75	75
85	85
84	84
87	87
86	86
81	81
80	80
83	83
82	82
93	93
92	92
94	94
89	89
88	88
91	91
90	90
101	102
102	103
99	100
100	101
97	98
98	99
95	96
96	97
109	110
110	111
107	108
108	109
105	106
106	107
103	104
104	105
117	118
116	117
115	116
114	115
113	114
112	113
111	112
124	127
123	125
122	124
121	123
120	122
119	121
118	120
134	137
133	136
136	139
135	138
138	141
137	140
140	143
139	142
126	129
125	128
128	131
127	130
130	133
129	132
132	135
131	134
149	152
150	153
151	154
152	156
153	157
154	158
141	144
142	145
143	146
144	147
145	148
146	149
147	150
148	151
166	171
165	170
164	169
163	168
169	175
168	174
167	172
158	163
157	162
156	161
155	160
162	167
161	166
160	165
159	164
180	186
181	187
178	184
179	185
183	190
182	189
172	178
173	179
170	176
171	177
176	182
177	183
174	180
175	181
197	205
196	204
198	206
193	201
192	200
195	203
194	202
189	197
188	196
191	199
190	198
185	193
184	192
187	195
186	194
211	220
212	221
207	216
208	217
209	218
210	219
203	212
204	213
205	214
206	215
199	208
200	209
201	210
202	211
227	239
226	237
225	236
224	235
223	234
222	233
221	232
220	231
219	230
218	229
217	228
216	227
215	226
214	225
213	224
238	255
237	250
235	248
236	249
234	246
232	244
233	245
230	242
231	243
228	240
229	241
258	275
257	274
256	273
255	272
262	279
261	278
260	277
259	276
266	283
265	282
264	281
263	280
270	287
269	286
268	285
267	284
241	258
242	259
239	256
240	257
245	262
246	263
243	260
244	261
249	266
250	267
247	264
248	265
253	270
254	271
251	268
252	269
287	305
286	304
289	307
288	306
291	309
290	308
292	310
293	312
294	314
295	316
297	319
296	318
271	288
272	289
273	290
274	291
275	292
276	293
277	294
278	295
279	296
280	297
281	298
282	299
283	300
284	301
285	302
319	342
318	341
317	340
316	339
315	338
314	337
313	336
326	350
325	349
324	348
323	347
322	346
321	345
320	344
304	326
305	327
302	324
303	325
300	322
301	323
298	320
299	321
312	334
310	332
311	333
308	330
309	331
306	328
307	329
347	373
346	372
349	375
348	374
343	369
342	368
345	371
344	370
353	382
351	377
350	376
352	378
331	356
332	357
333	359
327	352
328	353
329	354
330	355
338	364
339	365
340	366
341	367
334	360
335	361
336	362
337	363
379	410
380	411
377	408
378	409
381	412
382	413
372	402
373	403
370	400
371	401
376	406
374	404
375	405
365	395
364	394
363	393
362	392
369	399
368	398
367	397
366	396
357	387
356	386
355	385
354	384
361	391
360	390
359	389
358	388
403	440
404	441
405	444
406	446
398	432
399	433
400	434
401	436
402	437
392	425
391	424
394	427
393	426
396	429
395	428
397	430
384	417
383	416
386	419
385	418
388	421
387	420
390	423
389	422
431	476
432	477
430	474
428	472
429	473
426	468
427	469
425	466
423	464
424	465
422	463
421	462
420	461
419	460
418	459
417	458
416	457
415	456
414	455
413	454
412	453
411	452
410	451
409	450
408	449
407	448
449	504
448	501
446	496
447	498
444	492
445	494
441	489
443	491
442	490
438	485
437	484
440	487
439	486
434	481
433	480
436	483
435	482
487	550
488	551
485	548
486	549
483	546
484	547
481	544
482	545
495	558
496	559
493	556
494	557
491	554
492	555
489	552
490	553
504	567
503	566
502	565
501	564
500	563
499	562
498	561
497	560
510	574
509	572
508	571
507	570
506	569
505	568
454	516
455	517
456	518
457	519
450	512
451	513
452	514
453	515
462	524
463	525
464	526
458	520
459	521
460	522
461	523
470	533
469	532
472	535
471	534
466	529
465	528
468	531
467	530
478	541
477	540
480	543
479	542
474	537
473	536
476	539
475	538
543	610
544	611
541	608
542	609
547	614
548	615
545	612
546	613
551	618
552	619
549	616
550	617
554	623
553	620
558	627
557	626
556	625
555	624
561	630
560	629
559	628
564	634
563	633
562	632
565	636
511	576
512	577
513	578
514	579
515	580
516	581
517	582
518	583
519	584
520	585
521	586
522	587
523	588
524	589
525	590
527	593
526	592
529	595
528	594
531	597
530	596
532	598
534	601
533	600
536	603
535	602
538	605
537	604
540	607
539	606
609	687
608	685
607	684
606	683
605	682
604	681
603	680
602	678
601	677
600	676
599	675
598	674
597	673
596	672
619	703
618	700
617	698
616	696
615	695
614	692
612	690
613	691
610	688
611	689
579	653
578	652
581	655
580	654
575	649
574	648
577	651
576	650
571	645
570	644
573	647
572	646
567	641
566	640
569	643
568	642
593	668
594	669
595	671
590	664
591	665
592	666
586	660
587	661
588	662
589	663
582	656
583	657
584	658
585	659
653	747
652	746
651	745
650	744
656	750
655	749
654	748
646	738
645	737
644	736
649	743
648	742
647	740
662	760
659	755
657	752
658	753
660	756
661	757
628	713
627	712
630	715
629	714
631	716
621	705
620	704
623	707
622	706
625	709
624	708
626	710
639	728
640	730
641	731
642	732
643	733
632	720
633	721
634	722
635	724
636	725
637	726
638	727
708	821
707	820
710	823
709	822
704	816
706	819
705	818
713	828
711	824
712	826
695	804
696	805
697	806
692	800
693	801
694	802
701	812
702	813
703	814
698	808
699	809
700	810
685	790
684	789
683	788
682	787
681	786
680	785
679	784
691	797
690	796
689	795
688	794
687	793
686	792
669	774
670	775
667	772
668	773
665	770
666	771
663	768
664	769
677	782
678	783
675	780
676	781
673	778
674	779
671	776
672	777
748	880
749	888
750	890
737	864
738	865
739	866
740	868
741	869
742	870
743	872
744	873
745	874
746	877
747	878
730	850
729	849
728	848
732	854
731	852
736	859
735	858
734	857
733	856
716	834
714	832
715	833
719	838
720	839
717	836
718	837
723	842
724	843
721	840
722	841
726	846
727	847
725	844
794	952
793	951
790	944
791	945
792	946
788	941
787	940
789	942
786	937
785	936
783	933
782	932
784	934
779	929
778	928
781	931
780	930
776	926
777	927
774	924
775	925
772	920
773	921
771	919
769	916
770	917
767	914
768	915
765	912
766	913
764	911
763	909
762	908
761	907
760	905
759	904
758	903
757	902
756	901
755	900
754	899
753	898
752	897
751	896
822	1016
823	1018
824	1021
818	1008
819	1009
820	1010
821	1012
816	1000
817	1002
812	993
811	992
813	994
815	999
814	998
808	986
807	984
810	990
809	988
804	978
803	976
806	982
805	980
800	968
802	974
801	973
797	962
796	961
795	960
799	966
798	964
894	1100
895	1101
896	1102
897	1103
890	1096
891	1097
892	1098
893	1099
886	1092
887	1093
888	1094
889	1095
882	1088
883	1089
884	1090
885	1091
910	1116
911	1118
907	1113
906	1112
909	1115
908	1114
903	1109
902	1108
905	1111
904	1110
899	1105
898	1104
901	1107
900	1106
926	1134
924	1132
925	1133
922	1130
923	1131
920	1128
921	1129
918	1126
919	1127
916	1124
917	1125
914	1122
915	1123
912	1120
913	1121
938	1150
937	1146
936	1145
935	1144
934	1143
933	1142
932	1141
931	1140
930	1139
929	1138
928	1137
927	1136
833	1032
834	1033
835	1034
836	1035
837	1036
838	1037
839	1038
825	1024
826	1025
827	1026
828	1027
829	1028
830	1029
831	1030
832	1031
848	1049
847	1048
850	1051
849	1050
852	1053
851	1052
854	1055
853	1054
841	1041
840	1040
843	1043
842	1042
845	1045
844	1044
846	1046
865	1066
866	1067
863	1064
864	1065
869	1070
870	1071
867	1068
868	1069
857	1058
858	1059
855	1056
856	1057
861	1062
862	1063
859	1060
860	1061
880	1083
879	1082
878	1080
881	1084
874	1075
873	1074
872	1073
871	1072
877	1078
876	1077
875	1076
997	1221
996	1220
999	1223
998	1222
993	1217
992	1216
995	1219
994	1218
1004	1229
1003	1228
1006	1231
1005	1230
1000	1224
1002	1227
1001	1226
1011	1236
1012	1237
1013	1238
1007	1232
1008	1233
1009	1234
1010	1235
1016	1244
1017	1245
1014	1240
1015	1241
1024	1254
1023	1253
1022	1252
1021	1251
1020	1250
1019	1249
1018	1248
1029	1263
1028	1260
1027	1258
1026	1257
1025	1256
1032	1268
1031	1266
1030	1264
1034	1276
1033	1272
940	1153
939	1152
942	1155
941	1154
944	1157
943	1156
946	1159
945	1158
948	1161
947	1160
950	1163
949	1162
952	1165
951	1164
954	1167
953	1166
955	1168
956	1169
957	1170
958	1172
959	1173
960	1174
961	1175
962	1176
963	1177
964	1181
968	1187
967	1186
966	1185
965	1184
972	1191
971	1190
970	1189
969	1188
975	1194
974	1193
973	1192
978	1198
977	1197
976	1196
981	1202
982	1203
979	1200
980	1201
984	1206
983	1205
987	1210
985	1208
986	1209
990	1214
991	1215
988	1212
989	1213
1112	1375
1111	1373
1110	1372
1109	1370
1108	1369
1107	1368
1106	1366
1105	1365
1104	1364
1103	1363
1102	1362
1101	1360
1100	1358
1099	1357
1098	1355
1096	1352
1097	1353
1094	1350
1095	1351
1092	1348
1093	1349
1091	1346
1089	1344
1090	1345
1131	1404
1132	1407
1130	1401
1129	1400
1128	1397
1126	1393
1125	1392
1127	1395
1124	1388
1121	1384
1122	1385
1123	1386
1117	1380
1118	1381
1119	1382
1120	1383
1113	1376
1114	1377
1115	1378
1116	1379
1061	1307
1060	1306
1059	1305
1058	1304
1064	1310
1063	1309
1062	1308
1054	1299
1053	1298
1052	1297
1051	1296
1057	1303
1056	1302
1055	1300
1045	1290
1046	1291
1043	1288
1044	1289
1049	1294
1050	1295
1047	1292
1048	1293
1037	1282
1038	1283
1035	1280
1036	1281
1041	1286
1042	1287
1039	1284
1040	1285
1087	1337
1086	1336
1088	1338
1079	1329
1078	1328
1081	1331
1080	1330
1083	1333
1082	1332
1085	1335
1084	1334
1072	1320
1073	1321
1074	1322
1075	1324
1076	1325
1077	1326
1065	1312
1066	1313
1067	1314
1068	1315
1069	1316
1070	1317
1071	1318
1191	1492
1192	1493
1190	1490
1188	1488
1189	1489
1197	1502
1195	1500
1196	1501
1194	1499
1193	1497
1181	1478
1180	1477
1179	1476
1178	1474
1177	1473
1176	1472
1187	1486
1186	1484
1185	1483
1184	1482
1183	1481
1182	1480
1207	1520
1208	1522
1209	1523
1210	1530
1202	1508
1199	1505
1198	1504
1201	1507
1200	1506
1206	1516
1204	1513
1203	1512
1205	1515
1149	1426
1150	1427
1147	1424
1148	1425
1153	1430
1151	1428
1152	1429
1155	1434
1154	1433
1135	1410
1134	1409
1133	1408
1139	1415
1138	1414
1137	1413
1136	1412
1143	1419
1142	1418
1141	1417
1140	1416
1146	1423
1145	1421
1144	1420
1168	1456
1169	1457
1170	1458
1171	1459
1172	1460
1173	1461
1174	1465
1175	1466
1157	1441
1156	1440
1159	1443
1158	1442
1160	1444
1161	1446
1163	1449
1162	1448
1164	1451
1166	1453
1165	1452
1167	1455
1304	1642
1302	1640
1303	1641
1305	1644
1306	1645
1297	1634
1298	1635
1295	1632
1296	1633
1301	1638
1299	1636
1300	1637
1312	1656
1309	1650
1308	1649
1307	1648
1311	1654
1310	1652
1277	1608
1278	1609
1279	1610
1280	1611
1281	1613
1282	1614
1283	1615
1270	1600
1271	1601
1272	1602
1273	1603
1274	1604
1275	1606
1276	1607
1292	1627
1291	1626
1293	1629
1294	1630
1285	1617
1284	1616
1287	1619
1286	1618
1288	1620
1290	1623
1289	1622
1253	1582
1254	1583
1251	1580
1252	1581
1249	1578
1250	1579
1248	1576
1247	1574
1245	1572
1246	1573
1243	1570
1244	1571
1241	1568
1242	1569
1269	1599
1268	1598
1267	1597
1266	1596
1265	1595
1264	1594
1263	1593
1262	1592
1261	1590
1260	1589
1259	1588
1258	1587
1257	1586
1256	1585
1255	1584
1223	1548
1224	1549
1225	1550
1226	1551
1219	1544
1220	1545
1221	1546
1222	1547
1215	1540
1216	1541
1217	1542
1218	1543
1211	1536
1212	1537
1213	1538
1214	1539
1239	1565
1238	1564
1240	1566
1235	1561
1234	1560
1237	1563
1236	1562
1232	1557
1231	1556
1233	1558
1228	1553
1227	1552
1230	1555
1229	1554
1377	1763
1376	1762
1375	1761
1374	1760
1381	1767
1380	1766
1379	1765
1378	1764
1383	1770
1382	1768
1385	1778
1384	1777
1352	1729
1351	1728
1354	1733
1353	1732
1356	1735
1355	1734
1358	1737
1357	1736
1359	1739
1360	1740
1361	1743
1362	1744
1363	1745
1364	1746
1365	1747
1366	1748
1367	1749
1368	1750
1369	1751
1370	1752
1371	1753
1372	1755
1373	1756
1341	1700
1340	1699
1339	1698
1338	1697
1337	1696
1346	1710
1345	1708
1344	1706
1343	1705
1342	1704
1348	1716
1347	1713
1350	1724
1349	1720
1318	1669
1317	1668
1320	1671
1319	1670
1314	1665
1313	1664
1316	1667
1315	1666
1324	1677
1323	1676
1326	1679
1325	1678
1321	1672
1322	1674
1331	1685
1332	1686
1327	1680
1328	1681
1329	1682
1330	1683
1333	1688
1334	1689
1335	1690
1336	1691
1462	1913
1461	1912
1463	1914
1458	1905
1457	1904
1459	1907
1460	1908
1455	1896
1456	1899
1451	1888
1452	1890
1453	1891
1454	1892
1449	1883
1448	1881
1447	1880
1450	1884
1446	1874
1445	1873
1444	1872
1441	1866
1439	1864
1440	1865
1443	1870
1442	1868
1435	1858
1436	1859
1433	1856
1434	1857
1438	1862
1437	1860
1431	1852
1432	1855
1430	1849
1429	1848
1427	1844
1428	1846
1425	1841
1424	1840
1426	1842
1423	1837
1419	1832
1420	1833
1421	1834
1422	1835
1416	1828
1417	1829
1418	1830
1412	1824
1413	1825
1414	1826
1415	1827
1411	1822
1410	1821
1409	1820
1408	1818
1407	1817
1406	1816
1405	1815
1404	1814
1403	1813
1402	1812
1401	1810
1400	1809
1399	1808
1398	1806
1397	1804
1396	1802
1394	1800
1395	1801
1392	1798
1393	1799
1390	1796
1391	1797
1388	1794
1389	1795
1386	1792
1387	1793
1511	2033
1512	2041
1513	2043
1506	2016
1508	2019
1507	2018
1509	2021
1510	2024
1503	2000
1504	2001
1505	2006
1498	1986
1497	1984
1501	1991
1500	1989
1499	1988
1502	1992
1494	1972
1495	1974
1491	1969
1492	1970
1493	1971
1496	1978
1486	1957
1485	1956
1483	1952
1484	1954
1490	1964
1488	1961
1487	1960
1489	1962
1479	1942
1477	1940
1478	1941
1476	1938
1475	1937
1482	1950
1481	1948
1480	1944
1470	1926
1469	1925
1468	1924
1467	1923
1466	1922
1465	1921
1464	1920
1474	1932
1473	1930
1472	1929
1471	1928
1653	2200
1654	2201
1655	2202
1656	2203
1657	2204
1658	2205
1659	2206
1645	2192
1646	2193
1647	2194
1648	2195
1649	2196
1650	2197
1651	2198
1652	2199
1639	2185
1638	2184
1641	2187
1640	2186
1643	2189
1642	2188
1644	2190
1631	2177
1630	2176
1633	2179
1632	2178
1635	2181
1634	2180
1637	2183
1636	2182
1684	2234
1682	2232
1683	2233
1686	2239
1685	2236
1677	2226
1675	2224
1676	2225
1680	2230
1681	2231
1678	2228
1679	2229
1671	2219
1670	2218
1669	2217
1668	2216
1674	2223
1673	2222
1672	2220
1663	2211
1662	2210
1661	2209
1660	2208
1667	2215
1666	2214
1665	2213
1664	2212
1706	2264
1707	2265
1708	2266
1709	2267
1703	2260
1704	2261
1705	2262
1700	2256
1701	2257
1702	2258
1699	2253
1698	2252
1696	2249
1695	2248
1697	2250
1692	2245
1691	2244
1694	2247
1693	2246
1688	2241
1687	2240
1690	2243
1689	2242
1725	2298
1723	2292
1724	2293
1722	2290
1720	2288
1721	2289
1719	2283
1718	2281
1717	2280
1716	2279
1715	2277
1714	2276
1713	2275
1712	2274
1711	2273
1710	2272
1531	2065
1530	2064
1533	2067
1532	2066
1535	2069
1534	2068
1537	2071
1536	2070
1539	2073
1538	2072
1541	2075
1540	2074
1543	2077
1542	2076
1545	2079
1544	2078
1514	2048
1515	2049
1516	2050
1517	2051
1518	2052
1519	2053
1520	2054
1521	2055
1522	2056
1523	2057
1524	2058
1525	2059
1526	2060
1527	2061
1528	2062
1529	2063
1564	2099
1563	2098
1562	2097
1561	2096
1568	2103
1567	2102
1566	2101
1565	2100
1572	2107
1571	2106
1570	2105
1569	2104
1575	2111
1574	2110
1573	2108
1548	2082
1549	2083
1546	2080
1547	2081
1552	2086
1553	2087
1550	2084
1551	2085
1556	2090
1557	2091
1554	2088
1555	2089
1560	2094
1558	2092
1559	2093
1597	2133
1596	2132
1599	2135
1598	2134
1593	2129
1592	2128
1595	2131
1594	2130
1603	2140
1604	2142
1601	2137
1600	2136
1602	2138
1580	2116
1581	2117
1582	2118
1583	2119
1576	2112
1577	2113
1578	2114
1579	2115
1588	2124
1589	2125
1590	2126
1591	2127
1584	2120
1585	2121
1586	2122
1587	2123
1624	2165
1623	2164
1622	2162
1621	2161
1620	2160
1629	2174
1628	2171
1627	2170
1626	2169
1625	2168
1611	2150
1612	2151
1609	2148
1610	2149
1607	2146
1608	2147
1605	2144
1606	2145
1619	2159
1617	2156
1618	2157
1615	2154
1616	2155
1613	2152
1614	2153
1838	2443
1837	2442
1836	2441
1835	2440
1842	2447
1841	2446
1840	2445
1839	2444
1830	2435
1829	2434
1828	2433
1827	2432
1834	2439
1833	2438
1832	2437
1831	2436
1851	2458
1852	2459
1849	2456
1850	2457
1855	2462
1853	2460
1854	2461
1845	2450
1846	2451
1843	2448
1844	2449
1847	2452
1848	2453
1863	2472
1865	2475
1864	2474
1866	2476
1857	2465
1856	2464
1859	2467
1858	2466
1861	2469
1860	2468
1862	2470
1871	2488
1872	2492
1873	2493
1874	2495
1867	2480
1868	2481
1869	2484
1870	2486
1885	2510
1884	2508
1883	2507
1882	2506
1881	2505
1880	2502
1879	2501
1878	2500
1877	2498
1876	2497
1875	2496
1890	2522
1889	2520
1888	2516
1887	2514
1886	2512
1900	2542
1898	2536
1899	2538
1896	2533
1895	2532
1897	2535
1892	2529
1891	2528
1894	2531
1893	2530
1903	2556
1904	2557
1902	2555
1901	2544
1728	2306
1729	2307
1726	2304
1727	2305
1732	2310
1733	2311
1730	2308
1731	2309
1736	2314
1737	2315
1734	2312
1735	2313
1740	2318
1738	2316
1739	2317
1744	2323
1743	2322
1742	2321
1741	2320
1748	2327
1747	2326
1746	2325
1745	2324
1752	2331
1751	2330
1750	2329
1749	2328
1755	2335
1754	2334
1753	2332
1756	2336
1757	2337
1758	2338
1759	2339
1760	2340
1761	2341
1762	2342
1763	2343
1764	2344
1765	2345
1766	2346
1767	2348
1768	2349
1769	2350
1771	2353
1770	2352
1772	2354
1774	2357
1773	2356
1776	2359
1775	2358
1778	2361
1777	2360
1779	2362
1780	2365
1787	2374
1785	2372
1786	2373
1783	2370
1784	2371
1781	2368
1782	2369
1794	2382
1792	2380
1793	2381
1790	2378
1791	2379
1788	2376
1789	2377
1801	2390
1800	2389
1799	2388
1798	2387
1797	2386
1796	2385
1795	2384
1806	2398
1805	2397
1804	2394
1803	2393
1802	2392
1811	2404
1812	2405
1813	2406
1814	2407
1807	2400
1808	2401
1809	2402
1810	2403
1818	2412
1819	2413
1820	2414
1815	2408
1816	2409
1817	2410
1824	2421
1823	2420
1821	2417
1822	2418
1826	2428
1825	2427
2056	2750
2055	2748
2054	2745
2053	2743
2051	2740
2052	2741
2049	2738
2050	2739
2047	2736
2048	2737
2046	2732
2045	2730
2044	2729
2043	2728
2042	2727
2041	2726
2040	2725
2039	2724
2038	2723
2037	2722
2036	2721
2035	2720
2034	2716
2030	2712
2031	2713
2032	2714
2033	2715
2027	2708
2028	2709
2029	2711
2023	2704
2024	2705
2025	2706
2026	2707
2020	2701
2019	2700
2022	2703
2021	2702
2016	2697
2015	2696
2018	2699
2017	2698
2012	2693
2011	2692
2014	2695
2013	2694
2009	2689
2008	2688
2010	2690
2082	2813
2081	2802
2080	2800
2078	2793
2077	2792
2079	2796
2075	2786
2074	2785
2073	2784
2076	2789
2071	2776
2072	2778
2066	2768
2067	2769
2068	2770
2069	2771
2070	2772
2064	2761
2063	2760
2065	2765
2058	2753
2057	2752
2060	2755
2059	2754
2061	2756
2062	2758
1954	2614
1953	2613
1952	2612
1951	2611
1950	2610
1949	2609
1948	2608
1959	2620
1958	2619
1957	2618
1956	2617
1955	2616
1940	2598
1941	2599
1938	2596
1939	2597
1936	2594
1937	2595
1934	2592
1935	2593
1947	2606
1946	2604
1944	2602
1945	2603
1942	2600
1943	2601
1926	2581
1925	2580
1927	2582
1922	2577
1921	2576
1924	2579
1923	2578
1932	2589
1931	2588
1933	2590
1929	2585
1928	2584
1930	2586
1909	2564
1910	2565
1911	2566
1912	2567
1905	2560
1906	2561
1907	2562
1908	2563
1917	2572
1918	2573
1919	2574
1920	2575
1913	2568
1914	2569
1915	2570
1916	2571
2002	2674
2001	2673
2000	2672
2005	2678
2004	2677
2003	2676
2007	2683
2006	2680
1989	2658
1990	2659
1987	2656
1988	2657
1993	2662
1994	2663
1991	2660
1992	2661
1996	2666
1997	2667
1995	2664
1999	2671
1998	2668
1976	2641
1975	2640
1978	2643
1977	2642
1980	2645
1979	2644
1981	2646
1983	2649
1982	2648
1985	2651
1984	2650
1986	2652
1960	2624
1961	2625
1962	2626
1963	2627
1964	2628
1965	2629
1966	2630
1967	2631
1968	2632
1969	2633
1970	2634
1971	2635
1972	2636
1973	2637
1974	2639
2182	2989
2181	2988
2183	2990
2180	2985
2179	2980
2176	2977
2175	2976
2178	2979
2177	2978
2189	3007
2188	3002
2187	2998
2184	2992
2185	2993
2186	2994
2168	2955
2167	2954
2166	2953
2165	2952
2164	2950
2163	2949
2162	2948
2161	2946
2160	2945
2159	2944
2173	2970
2174	2971
2172	2968
2171	2966
2170	2962
2169	2960
2202	3043
2203	3044
2205	3065
2204	3057
2197	3018
2196	3016
2198	3022
2192	3010
2191	3009
2190	3008
2195	3015
2194	3013
2193	3012
2201	3032
2200	3026
2199	3024
2111	2852
2112	2853
2108	2848
2109	2849
2110	2850
2115	2860
2116	2861
2113	2856
2114	2858
2120	2869
2119	2868
2121	2870
2118	2865
2117	2864
2125	2879
2123	2873
2122	2872
2124	2874
2089	2822
2090	2823
2087	2820
2088	2821
2085	2818
2086	2819
2083	2816
2084	2817
2097	2830
2095	2828
2096	2829
2093	2826
2094	2827
2091	2824
2092	2825
2104	2838
2103	2837
2102	2836
2101	2835
2100	2834
2099	2833
2098	2832
2107	2847
2106	2845
2105	2844
2146	2912
2147	2913
2148	2914
2149	2915
2150	2916
2151	2920
2152	2924
2153	2926
2154	2929
2155	2932
2156	2936
2157	2938
2158	2942
2128	2882
2129	2883
2126	2880
2127	2881
2132	2886
2130	2884
2131	2885
2135	2890
2133	2888
2134	2889
2138	2894
2139	2895
2136	2892
2137	2893
2141	2898
2140	2896
2143	2902
2142	2900
2145	2906
2144	2904
2369	3284
2365	3280
2366	3281
2367	3282
2368	3283
2373	3292
2370	3288
2371	3289
2372	3291
2357	3268
2358	3270
2354	3265
2353	3264
2356	3267
2355	3266
2363	3277
2362	3276
2364	3278
2359	3272
2361	3275
2360	3274
2383	3314
2382	3312
2378	3301
2377	3300
2376	3299
2375	3297
2374	3296
2381	3309
2380	3305
2379	3304
2320	3216
2321	3217
2322	3218
2323	3219
2324	3220
2325	3222
2326	3224
2327	3225
2328	3226
2329	3227
2330	3228
2331	3229
2305	3201
2304	3200
2307	3203
2306	3202
2309	3205
2308	3204
2311	3207
2310	3206
2313	3209
2312	3208
2315	3211
2314	3210
2317	3213
2316	3212
2319	3215
2318	3214
2346	3250
2344	3248
2345	3249
2348	3254
2347	3253
2350	3258
2351	3259
2349	3256
2352	3260
2334	3235
2333	3234
2332	3232
2338	3239
2337	3238
2336	3237
2335	3236
2341	3243
2340	3241
2339	3240
2343	3246
2342	3245
2282	3164
2283	3166
2280	3160
2281	3162
2277	3156
2279	3159
2278	3158
2275	3153
2274	3152
2276	3154
2271	3148
2272	3150
2273	3151
2268	3144
2269	3145
2270	3147
2264	3140
2265	3141
2266	3142
2267	3143
2260	3136
2261	3137
2262	3138
2263	3139
2303	3198
2302	3196
2301	3195
2300	3189
2299	3187
2298	3186
2297	3185
2296	3184
2295	3181
2293	3178
2294	3179
2291	3176
2292	3177
2290	3174
2288	3172
2289	3173
2286	3170
2287	3171
2284	3168
2285	3169
2230	3097
2229	3096
2231	3098
2233	3101
2232	3100
2234	3102
2222	3089
2221	3088
2224	3091
2223	3090
2226	3093
2225	3092
2228	3095
2227	3094
2214	3080
2215	3081
2216	3082
2217	3083
2218	3084
2219	3085
2220	3086
2206	3072
2207	3073
2208	3074
2209	3075
2210	3076
2211	3077
2212	3078
2213	3079
2258	3130
2257	3129
2256	3128
2259	3134
2252	3123
2251	3122
2250	3121
2249	3120
2255	3127
2254	3125
2253	3124
2245	3114
2243	3112
2244	3113
2247	3118
2248	3119
2246	3116
2237	3106
2238	3107
2235	3104
2236	3105
2241	3110
2242	3111
2239	3108
2240	3109
2491	3527
2490	3522
2489	3521
2488	3520
2493	3534
2492	3531
2497	3540
2496	3538
2494	3536
2495	3537
2500	3550
2499	3548
2498	3544
2504	3556
2501	3552
2503	3555
2502	3554
2505	3560
2506	3568
2507	3571
2508	3580
2458	3459
2457	3458
2456	3457
2455	3456
2462	3463
2461	3462
2460	3461
2459	3460
2465	3467
2464	3466
2463	3464
2466	3468
2469	3474
2467	3472
2468	3473
2470	3478
2472	3482
2471	3480
2473	3484
2474	3488
2476	3491
2475	3490
2477	3492
2478	3494
2480	3497
2479	3496
2482	3499
2481	3498
2483	3500
2484	3504
2485	3506
2486	3509
2487	3517
2439	3406
2438	3404
2437	3402
2435	3400
2436	3401
2433	3398
2434	3399
2432	3396
2431	3395
2429	3392
2430	3393
2445	3416
2444	3414
2443	3412
2442	3410
2441	3409
2440	3408
2450	3436
2449	3432
2447	3429
2448	3430
2446	3424
2453	3448
2454	3450
2451	3441
2452	3443
2394	3338
2395	3339
2392	3336
2393	3337
2397	3342
2398	3343
2396	3340
2386	3330
2387	3331
2384	3328
2385	3329
2390	3334
2391	3335
2388	3332
2389	3333
2407	3354
2406	3353
2405	3352
2410	3359
2409	3358
2408	3356
2401	3346
2400	3345
2399	3344
2404	3350
2403	3349
2402	3348
2419	3368
2420	3370
2421	3372
2422	3373
2411	3360
2412	3361
2413	3362
2414	3363
2415	3364
2416	3365
2417	3366
2418	3367
2428	3384
2424	3377
2423	3376
2425	3379
2427	3381
2426	3380
2626	3826
2625	3824
2621	3810
2620	3808
2622	3812
2624	3818
2623	3817
2614	3792
2615	3793
2616	3794
2617	3797
2618	3800
2619	3803
2609	3776
2610	3779
2611	3781
2612	3784
2613	3787
2606	3764
2608	3770
2607	3768
2604	3749
2603	3748
2602	3747
2601	3746
2600	3745
2599	3744
2605	3754
2595	3732
2592	3728
2593	3730
2594	3731
2597	3742
2598	3743
2596	3736
2586	3717
2585	3716
2587	3719
2583	3713
2582	3712
2584	3714
2590	3724
2591	3726
2588	3720
2589	3722
2581	3705
2580	3697
2579	3696
2577	3691
2578	3692
2572	3682
2573	3683
2571	3680
2576	3686
2574	3684
2575	3685
2570	3674
2565	3665
2564	3664
2567	3667
2566	3666
2568	3668
2569	3670
2560	3656
2561	3660
2562	3661
2563	3662
2554	3648
2555	3649
2556	3650
2557	3651
2558	3652
2559	3654
2553	3644
2552	3642
2551	3641
2550	3640
2549	3638
2548	3637
2547	3634
2546	3633
2545	3632
2543	3628
2544	3629
2541	3624
2542	3625
2540	3622
2538	3620
2539	3621
2537	3618
2535	3616
2536	3617
2533	3613
2532	3612
2534	3614
2529	3608
2531	3611
2530	3610
2526	3605
2525	3604
2528	3607
2527	3606
2523	3601
2522	3600
2524	3603
2520	3596
2521	3597
2517	3592
2518	3593
2519	3594
2513	3588
2514	3589
2515	3590
2516	3591
2509	3584
2510	3585
2511	3586
2512	3587
2708	4067
2709	4070
2701	4034
2700	4033
2699	4032
2703	4039
2702	4036
2704	4043
2705	4044
2706	4048
2707	4062
2696	4005
2694	4001
2695	4003
2697	4009
2698	4025
2683	3973
2682	3972
2681	3971
2680	3970
2679	3969
2678	3968
2687	3983
2686	3981
2685	3978
2684	3976
2689	3987
2688	3984
2693	3999
2692	3996
2691	3994
2690	3993
2673	3944
2674	3945
2669	3936
2670	3937
2671	3939
2672	3941
2675	3953
2676	3954
2677	3956
2662	3914
2661	3913
2663	3916
2659	3907
2657	3904
2658	3905
2660	3911
2668	3934
2665	3923
2664	3920
2667	3927
2666	3925
2652	3887
2649	3880
2650	3881
2651	3882
2646	3877
2647	3878
2648	3879
2642	3872
2643	3873
2644	3874
2645	3875
2656	3893
2653	3889
2655	3891
2654	3890
2637	3853
2635	3850
2636	3851
2633	3848
2634	3849
2632	3846
2630	3844
2631	3845
2628	3842
2629	3843
2627	3840
2641	3868
2640	3858
2639	3857
2638	3856
2976	4400
2977	4401
2978	4402
2979	4403
2980	4404
2981	4405
2982	4408
2983	4410
2984	4412
2985	4413
2986	4415
2961	4385
2960	4384
2963	4387
2962	4386
2965	4389
2964	4388
2967	4391
2966	4390
2969	4393
2968	4392
2971	4395
2970	4394
2973	4397
2972	4396
2975	4399
2974	4398
2948	4370
2949	4371
2946	4368
2947	4369
2952	4374
2953	4375
2950	4372
2951	4373
2956	4378
2957	4379
2954	4376
2955	4377
2958	4380
2959	4381
2934	4355
2933	4354
2932	4353
2931	4352
2938	4359
2937	4358
2936	4357
2935	4356
2941	4362
2940	4361
2939	4360
2945	4367
2944	4366
2943	4365
2942	4364
3023	4468
3019	4464
3020	4465
3021	4466
3022	4467
3025	4476
3026	4478
3024	4475
3015	4452
3013	4449
3012	4448
3014	4450
3018	4460
3016	4456
3017	4458
3005	4438
3003	4436
3004	4437
3002	4434
3000	4432
3001	4433
3010	4446
3011	4447
3009	4444
3008	4442
3006	4440
3007	4441
2993	4422
2992	4421
2991	4420
2990	4419
2989	4418
2988	4417
2987	4416
2999	4430
2998	4429
2997	4428
2996	4426
2995	4425
2994	4424
3070	4536
3071	4538
3065	4529
3066	4530
3068	4533
3067	4532
3069	4534
3059	4520
3060	4521
3061	4522
3062	4523
3063	4524
3064	4526
3052	4512
3053	4513
3054	4514
3055	4515
3056	4516
3057	4517
3058	4518
3049	4506
3048	4505
3047	4504
3051	4509
3050	4508
3043	4498
3042	4497
3041	4496
3046	4502
3045	4501
3044	4500
3036	4490
3037	4491
3034	4488
3035	4489
3039	4494
3040	4495
3038	4492
3029	4482
3030	4483
3027	4480
3028	4481
3033	4486
3031	4484
3032	4485
3092	4602
3091	4588
3090	4584
3088	4580
3089	4582
3086	4576
3087	4578
3085	4571
3084	4569
3083	4566
3082	4562
3081	4560
3080	4556
3079	4554
3077	4552
3078	4553
3076	4550
3075	4548
3074	4546
3072	4544
3073	4545
2745	4131
2744	4130
2743	4129
2742	4128
2749	4135
2748	4134
2747	4133
2746	4132
2753	4139
2752	4138
2751	4137
2750	4136
2757	4143
2756	4142
2755	4141
2754	4140
2760	4146
2761	4147
2758	4144
2759	4145
2764	4150
2765	4151
2762	4148
2763	4149
2768	4154
2769	4155
2766	4152
2767	4153
2772	4158
2773	4159
2770	4156
2771	4157
2711	4097
2710	4096
2713	4099
2712	4098
2715	4101
2714	4100
2717	4103
2716	4102
2719	4105
2718	4104
2721	4107
2720	4106
2723	4109
2722	4108
2725	4111
2724	4110
2726	4112
2727	4113
2728	4114
2729	4115
2730	4116
2731	4117
2732	4118
2733	4119
2734	4120
2735	4121
2736	4122
2737	4123
2738	4124
2739	4125
2740	4126
2741	4127
2813	4199
2812	4198
2811	4197
2810	4196
2809	4195
2808	4194
2807	4193
2806	4192
2819	4206
2818	4205
2817	4204
2816	4202
2815	4201
2814	4200
2825	4214
2824	4212
2822	4210
2823	4211
2820	4208
2821	4209
2829	4222
2830	4223
2828	4220
2826	4216
2827	4217
2779	4165
2778	4164
2781	4167
2780	4166
2775	4161
2774	4160
2777	4163
2776	4162
2787	4173
2786	4172
2789	4175
2788	4174
2783	4169
2782	4168
2785	4171
2784	4170
2794	4180
2795	4181
2796	4182
2797	4183
2790	4176
2791	4177
2792	4178
2793	4179
2802	4188
2803	4189
2804	4190
2805	4191
2798	4184
2799	4185
2800	4186
2801	4187
2869	4266
2867	4264
2868	4265
2872	4270
2870	4268
2871	4269
2861	4258
2862	4259
2859	4256
2860	4257
2865	4262
2866	4263
2863	4260
2864	4261
2882	4282
2881	4281
2880	4280
2885	4286
2884	4285
2883	4284
2876	4275
2875	4274
2874	4273
2873	4272
2879	4278
2878	4277
2877	4276
2839	4232
2840	4233
2841	4234
2842	4235
2843	4236
2844	4237
2845	4238
2846	4239
2831	4224
2832	4225
2833	4226
2834	4227
2835	4228
2836	4229
2837	4230
2838	4231
2855	4249
2854	4248
2856	4250
2857	4252
2858	4254
2848	4241
2847	4240
2850	4243
2849	4242
2852	4245
2851	4244
2853	4246
2923	4332
2924	4333
2922	4330
2921	4328
2920	4327
2918	4324
2919	4325
2916	4322
2917	4323
2914	4320
2915	4321
2930	4346
2929	4345
2928	4342
2927	4340
2926	4337
2925	4336
2897	4300
2898	4301
2899	4302
2900	4303
2893	4296
2894	4297
2895	4298
2896	4299
2890	4292
2891	4293
2892	4294
2886	4288
2887	4289
2888	4290
2889	4291
2912	4317
2913	4318
2910	4313
2909	4312
2911	4314
2906	4309
2905	4308
2908	4311
2907	4310
2902	4305
2901	4304
2904	4307
2903	4306
3293	4887
3291	4884
3292	4885
3289	4882
3290	4883
3287	4880
3288	4881
3295	4892
3294	4888
3279	4871
3278	4870
3277	4869
3276	4868
3275	4867
3274	4866
3273	4865
3272	4864
3286	4878
3285	4877
3284	4876
3283	4875
3282	4874
3281	4873
3280	4872
3306	4912
3307	4913
3310	4924
3308	4920
3309	4921
3300	4901
3299	4900
3301	4903
3297	4897
3296	4896
3298	4898
3303	4905
3302	4904
3305	4907
3304	4906
3323	4946
3321	4944
3322	4945
3324	4950
3325	4952
3327	4959
3326	4957
3314	4931
3313	4930
3312	4929
3311	4928
3316	4935
3315	4932
3319	4938
3318	4937
3317	4936
3320	4940
3337	4976
3338	4977
3339	4980
3340	4984
3341	4987
3342	4988
3329	4961
3328	4960
3331	4963
3330	4962
3332	4964
3333	4966
3334	4968
3336	4973
3335	4972
3354	5019
3353	5016
3352	5012
3351	5009
3350	5008
3348	5002
3349	5003
3347	5000
3346	4998
3345	4996
3344	4994
3343	4992
3366	5054
3365	5046
3363	5040
3364	5042
3361	5037
3362	5038
3359	5032
3360	5034
3357	5028
3358	5029
3355	5025
3356	5027
3377	5083
3376	5080
3374	5072
3375	5077
3373	5066
3372	5064
3369	5059
3367	5056
3368	5057
3370	5062
3371	5063
3382	5113
3381	5105
3378	5089
3379	5091
3380	5095
3098	4613
3097	4612
3099	4614
3094	4609
3093	4608
3096	4611
3095	4610
3105	4621
3104	4620
3107	4623
3106	4622
3101	4617
3100	4616
3103	4619
3102	4618
3112	4628
3113	4629
3114	4630
3115	4631
3108	4624
3109	4625
3110	4626
3111	4627
3119	4636
3120	4637
3121	4638
3122	4639
3116	4632
3117	4633
3118	4634
3130	4647
3129	4646
3128	4645
3127	4644
3126	4643
3125	4642
3124	4641
3123	4640
3136	4654
3135	4653
3134	4651
3133	4650
3132	4649
3131	4648
3140	4660
3141	4661
3139	4658
3137	4656
3138	4657
3146	4670
3147	4671
3145	4668
3144	4666
3142	4664
3143	4665
3149	4673
3148	4672
3151	4675
3150	4674
3152	4676
3153	4678
3155	4681
3154	4680
3157	4683
3156	4682
3159	4685
3158	4684
3161	4687
3160	4686
3162	4688
3163	4690
3164	4692
3165	4693
3166	4694
3167	4696
3168	4697
3169	4698
3170	4699
3171	4700
3172	4701
3173	4702
3176	4706
3175	4705
3174	4704
3179	4711
3178	4709
3177	4708
3181	4713
3180	4712
3184	4718
3183	4717
3182	4716
3187	4722
3185	4720
3186	4721
3189	4726
3190	4727
3188	4724
3193	4730
3194	4731
3191	4728
3192	4729
3195	4732
3208	4748
3209	4749
3210	4750
3211	4751
3204	4744
3205	4745
3206	4746
3207	4747
3200	4740
3201	4741
3202	4742
3203	4743
3196	4736
3197	4737
3198	4738
3199	4739
3224	4764
3225	4767
3221	4761
3220	4760
3223	4763
3222	4762
3217	4757
3216	4756
3219	4759
3218	4758
3213	4753
3212	4752
3215	4755
3214	4754
3235	4782
3234	4780
3232	4776
3233	4777
3231	4774
3230	4772
3228	4770
3229	4771
3226	4768
3227	4769
3243	4798
3242	4793
3241	4792
3240	4789
3239	4788
3238	4786
3237	4785
3236	4784
3249	4808
3250	4811
3251	4812
3252	4814
3244	4800
3245	4801
3246	4803
3247	4804
3248	4805
3258	4825
3259	4826
3254	4817
3253	4816
3255	4818
3256	4820
3257	4822
3265	4842
3264	4840
3266	4844
3267	4845
3260	4833
3263	4838
3261	4836
3262	4837
3271	4860
3270	4851
3269	4849
3268	4848
3617	5498
3616	5494
3614	5488
3615	5490
3612	5481
3613	5483
3611	5476
3609	5473
3608	5472
3610	5474
3607	5468
3605	5464
3606	5465
3604	5460
3603	5458
3601	5456
3602	5457
3600	5454
3599	5453
3598	5452
3597	5450
3596	5448
3595	5446
3594	5445
3593	5444
3592	5443
3591	5442
3590	5441
3589	5440
3587	5432
3588	5434
3586	5424
3582	5417
3581	5416
3584	5419
3583	5418
3585	5422
3575	5409
3574	5408
3577	5411
3576	5410
3579	5413
3578	5412
3580	5414
3573	5403
3571	5400
3572	5401
3567	5392
3568	5393
3570	5398
3569	5396
3563	5387
3562	5386
3561	5385
3560	5384
3566	5390
3565	5389
3564	5388
3556	5379
3555	5378
3554	5377
3553	5376
3559	5382
3558	5381
3557	5380
3665	5622
3663	5617
3662	5616
3664	5619
3656	5606
3654	5600
3655	5602
3660	5612
3661	5614
3657	5608
3658	5610
3659	5611
3653	5596
3652	5594
3651	5592
3649	5574
3648	5572
3647	5570
3645	5568
3646	5569
3650	5580
3643	5555
3644	5557
3636	5536
3637	5537
3638	5538
3639	5539
3640	5540
3641	5542
3642	5544
3632	5522
3631	5521
3630	5520
3633	5524
3634	5528
3635	5534
3620	5506
3618	5504
3619	5505
3623	5510
3621	5508
3622	5509
3625	5514
3626	5515
3624	5512
3628	5518
3629	5519
3627	5517
3472	5230
3471	5228
3470	5227
3469	5226
3468	5224
3467	5222
3466	5221
3465	5220
3464	5219
3463	5218
3462	5217
3461	5216
3482	5242
3483	5243
3480	5240
3481	5241
3478	5238
3479	5239
3477	5236
3475	5234
3476	5235
3473	5232
3474	5233
3449	5197
3448	5196
3450	5198
3445	5193
3444	5192
3447	5195
3446	5194
3442	5188
3443	5190
3439	5185
3438	5184
3441	5187
3440	5186
3460	5214
3457	5208
3458	5209
3459	5210
3455	5204
3456	5205
3451	5200
3452	5201
3453	5202
3454	5203
3424	5163
3423	5162
3422	5161
3421	5160
3428	5167
3427	5166
3426	5165
3425	5164
3416	5155
3415	5154
3414	5153
3413	5152
3420	5159
3419	5158
3418	5157
3417	5156
3435	5178
3434	5176
3436	5180
3437	5181
3431	5170
3432	5171
3429	5168
3430	5169
3433	5175
3392	5129
3391	5128
3394	5131
3393	5130
3396	5133
3395	5132
3398	5135
3397	5134
3384	5121
3383	5120
3386	5123
3385	5122
3388	5125
3387	5124
3390	5127
3389	5126
3406	5144
3407	5145
3408	5146
3409	5147
3410	5148
3411	5149
3412	5150
3399	5136
3400	5137
3401	5138
3402	5139
3403	5140
3404	5142
3405	5143
3546	5350
3547	5351
3545	5348
3543	5346
3544	5347
3541	5344
3542	5345
3549	5354
3548	5352
3550	5362
3552	5369
3551	5368
3528	5316
3529	5318
3530	5319
3524	5312
3525	5313
3526	5314
3527	5315
3534	5324
3535	5326
3531	5320
3532	5321
3533	5323
3537	5329
3536	5328
3538	5330
3540	5339
3539	5338
3510	5282
3508	5280
3509	5281
3513	5286
3511	5284
3512	5285
3516	5290
3514	5288
3515	5289
3518	5298
3517	5296
3520	5303
3519	5300
3522	5307
3521	5304
3523	5309
3484	5248
3485	5249
3486	5250
3487	5252
3488	5253
3489	5254
3490	5255
3491	5256
3492	5257
3493	5258
3494	5259
3495	5260
3496	5262
3498	5265
3497	5264
3500	5267
3499	5266
3502	5269
3501	5268
3504	5271
3503	5270
3506	5273
3505	5272
3507	5275
3834	5968
3829	5961
3828	5960
3833	5967
3832	5966
3831	5965
3830	5964
3826	5954
3825	5953
3824	5952
3827	5956
3845	6008
3841	6000
3842	6002
3843	6005
3844	6007
3839	5993
3840	5999
3836	5985
3835	5984
3837	5988
3838	5990
3807	5916
3806	5914
3804	5912
3805	5913
3802	5908
3803	5909
3800	5906
3801	5907
3798	5904
3799	5905
3797	5902
3796	5900
3795	5896
3794	5894
3793	5892
3792	5891
3791	5890
3790	5889
3789	5888
3823	5950
3820	5941
3821	5942
3822	5943
3818	5936
3819	5937
3817	5934
3815	5929
3814	5928
3816	5930
3813	5925
3812	5924
3809	5921
3808	5920
3811	5923
3810	5922
3868	6100
3866	6082
3865	6080
3867	6090
3873	6129
3874	6132
3869	6112
3870	6114
3871	6115
3872	6117
3857	6038
3856	6034
3855	6033
3859	6046
3858	6044
3850	6020
3848	6018
3849	6019
3846	6016
3847	6017
3853	6028
3854	6029
3852	6026
3851	6024
3863	6068
3864	6077
3860	6049
3861	6050
3862	6056
3715	5704
3717	5707
3716	5706
3718	5708
3709	5697
3708	5696
3711	5699
3710	5698
3713	5701
3712	5700
3714	5702
3724	5720
3725	5722
3726	5724
3719	5712
3720	5713
3721	5714
3722	5716
3723	5718
3732	5738
3731	5736
3733	5742
3730	5731
3729	5730
3728	5729
3727	5728
3734	5745
3677	5645
3676	5644
3678	5646
3674	5641
3673	5640
3675	5643
3671	5637
3670	5636
3672	5638
3667	5633
3666	5632
3669	5635
3668	5634
3686	5660
3687	5661
3688	5663
3684	5656
3685	5657
3682	5653
3683	5654
3679	5648
3680	5649
3681	5650
3699	5678
3698	5677
3697	5676
3696	5674
3695	5672
3694	5670
3693	5668
3692	5667
3691	5666
3690	5665
3689	5664
3707	5695
3706	5690
3704	5688
3705	5689
3702	5686
3703	5687
3701	5682
3700	5680
3770	5824
3771	5825
3772	5828
3773	5832
3774	5837
3775	5840
3776	5842
3777	5845
3778	5846
3779	5848
3780	5851
3781	5854
3782	5856
3783	5860
3784	5864
3785	5870
3786	5872
3787	5879
3788	5880
3739	5764
3740	5765
3741	5766
3735	5760
3736	5761
3737	5762
3738	5763
3746	5772
3747	5773
3748	5774
3742	5768
3743	5769
3744	5770
3745	5771
3751	5780
3752	5782
3750	5777
3749	5776
3754	5785
3753	5784
3755	5787
3759	5796
3760	5797
3758	5795
3756	5792
3757	5793
3764	5806
3765	5807
3763	5804
3762	5802
3761	5801
3768	5815
3767	5814
3766	5808
3769	5819
4157	6568
4158	6569
4159	6572
4152	6561
4153	6562
4154	6563
4155	6564
4156	6567
4162	6585
4161	6584
4163	6588
4160	6581
4144	6538
4145	6539
4142	6536
4143	6537
4146	6541
4138	6530
4139	6531
4136	6528
4137	6529
4141	6534
4140	6532
4151	6556
4149	6547
4148	6546
4147	6545
4150	6550
4181	6639
4180	6634
4179	6629
4178	6624
4183	6641
4182	6640
4184	6642
4173	6604
4172	6603
4170	6600
4171	6601
4169	6598
4167	6596
4168	6597
4165	6594
4166	6595
4164	6592
4177	6621
4176	6618
4175	6616
4174	6610
4085	6433
4084	6432
4086	6434
4088	6437
4087	6436
4089	6438
4091	6441
4090	6440
4092	6444
4093	6448
4094	6449
4095	6450
4096	6453
4097	6454
4098	6455
4099	6456
4100	6458
4101	6459
4102	6460
4060	6403
4059	6402
4058	6401
4057	6400
4064	6407
4063	6406
4062	6405
4061	6404
4068	6411
4067	6410
4066	6409
4065	6408
4071	6414
4070	6413
4069	6412
4074	6418
4075	6419
4072	6416
4073	6417
4077	6422
4078	6423
4076	6420
4081	6426
4082	6427
4079	6424
4080	6425
4083	6428
4123	6500
4125	6503
4124	6502
4121	6497
4120	6496
4122	6498
4127	6505
4126	6504
4128	6506
4131	6516
4132	6517
4133	6518
4134	6519
4129	6512
4130	6515
4135	6520
4108	6469
4107	6468
4106	6467
4105	6466
4104	6465
4103	6464
4112	6475
4111	6474
4110	6473
4109	6472
4116	6485
4115	6483
4113	6480
4114	6481
4119	6494
4117	6488
4118	6489
4020	6330
4019	6329
4021	6332
4015	6321
4014	6320
4018	6327
4017	6326
4016	6325
4009	6314
4010	6315
4008	6312
4013	6318
4011	6316
4012	6317
4004	6306
4005	6307
4002	6304
4003	6305
4006	6308
4007	6309
3999	6297
3998	6296
4000	6298
4001	6303
3993	6289
3992	6288
3995	6291
3994	6290
3996	6292
3997	6294
3986	6280
3987	6281
3988	6282
3989	6283
3990	6284
3991	6286
3979	6272
3980	6273
3981	6274
3982	6276
3983	6277
3984	6278
3985	6279
4056	6394
4055	6393
4054	6390
4053	6388
4052	6384
4050	6378
4051	6379
4049	6375
4047	6372
4048	6373
4046	6370
4044	6368
4045	6369
4043	6364
4041	6360
4042	6363
4039	6357
4038	6356
4040	6358
4035	6353
4034	6352
4037	6355
4036	6354
4033	6348
4029	6344
4030	6345
4031	6346
4032	6347
4026	6340
4027	6342
4028	6343
4022	6336
4023	6337
4024	6338
4025	6339
3922	6194
3923	6195
3920	6192
3921	6193
3924	6196
3925	6197
3926	6200
3927	6201
3929	6206
3928	6205
3909	6179
3908	6178
3907	6177
3906	6176
3913	6183
3912	6182
3911	6181
3910	6180
3916	6186
3915	6185
3914	6184
3919	6191
3918	6189
3917	6188
3891	6160
3892	6161
3893	6162
3894	6163
3895	6164
3896	6165
3897	6166
3898	6167
3899	6168
3900	6169
3901	6170
3902	6171
3903	6172
3904	6174
3905	6175
3876	6145
3875	6144
3878	6147
3877	6146
3880	6149
3879	6148
3882	6151
3881	6150
3884	6153
3883	6152
3886	6155
3885	6154
3888	6157
3887	6156
3890	6159
3889	6158
3974	6260
3972	6258
3973	6259
3971	6256
3978	6270
3976	6268
3977	6269
3975	6264
3964	6246
3963	6245
3962	6244
3961	6243
3960	6242
3959	6241
3958	6240
3970	6254
3969	6253
3968	6252
3967	6251
3966	6250
3965	6248
3950	6229
3951	6231
3946	6224
3947	6225
3948	6226
3949	6227
3955	6236
3956	6237
3957	6238
3952	6232
3953	6233
3954	6235
3935	6213
3934	6212
3937	6215
3936	6214
3931	6209
3930	6208
3933	6211
3932	6210
3943	6221
3942	6220
3945	6223
3944	6222
3939	6217
3938	6216
3941	6219
3940	6218
4337	7048
4336	7046
4334	7044
4335	7045
4333	7042
4331	7040
4332	7041
4342	7068
4341	7064
4340	7060
4339	7058
4338	7056
4344	7079
4343	7074
4347	7098
4346	7091
4345	7090
4351	7112
4348	7104
4349	7108
4350	7109
4353	7121
4352	7120
4356	7148
4354	7136
4355	7137
4300	6919
4299	6918
4298	6916
4297	6915
4296	6914
4295	6913
4294	6912
4302	6925
4301	6921
4308	6935
4306	6932
4307	6933
4305	6930
4303	6928
4304	6929
4310	6940
4309	6936
4314	6948
4312	6945
4311	6944
4313	6946
4316	6956
4315	6955
4317	6960
4318	6970
4321	6979
4320	6978
4319	6976
4323	6981
4322	6980
4324	6984
4325	6996
4326	6997
4327	7000
4328	7008
4329	7013
4330	7014
4270	6808
4269	6801
4268	6800
4265	6796
4266	6797
4267	6798
4261	6792
4262	6793
4263	6794
4264	6795
4258	6788
4259	6790
4260	6791
4254	6784
4255	6785
4256	6786
4257	6787
4283	6834
4282	6833
4281	6832
4280	6830
4278	6828
4279	6829
4276	6824
4277	6825
4275	6822
4274	6820
4273	6819
4271	6816
4272	6817
4291	6868
4289	6856
4290	6858
4284	6848
4285	6849
4286	6850
4287	6852
4288	6853
4293	6896
4292	6881
4203	6676
4204	6677
4205	6678
4200	6672
4201	6673
4202	6674
4209	6685
4206	6680
4207	6681
4208	6682
4190	6661
4189	6660
4192	6663
4191	6662
4186	6657
4185	6656
4188	6659
4187	6658
4198	6669
4197	6668
4199	6670
4194	6665
4193	6664
4196	6667
4195	6666
4223	6710
4222	6706
4220	6704
4221	6705
4227	6716
4226	6714
4224	6712
4225	6713
4215	6694
4214	6693
4213	6692
4212	6691
4211	6689
4210	6688
4219	6701
4218	6700
4217	6697
4216	6696
4238	6736
4239	6737
4240	6744
4241	6745
4242	6747
4229	6721
4228	6720
4231	6723
4230	6722
4232	6725
4233	6726
4235	6729
4234	6728
4236	6730
4237	6732
4251	6770
4249	6768
4250	6769
4252	6775
4253	6780
4245	6754
4244	6753
4243	6752
4246	6756
4247	6763
4248	6764
4537	7652
4533	7622
4531	7616
4532	7617
4534	7624
4535	7633
4536	7640
4527	7593
4528	7601
4529	7602
4530	7611
4516	7554
4514	7552
4515	7553
4518	7558
4519	7559
4517	7557
4522	7570
4521	7569
4520	7568
4523	7573
4525	7578
4524	7577
4526	7580
4509	7528
4510	7531
4507	7520
4508	7522
4512	7544
4513	7546
4511	7536
4501	7502
4500	7499
4499	7498
4498	7497
4497	7494
4496	7493
4495	7491
4494	7490
4493	7488
4506	7518
4505	7517
4504	7513
4503	7508
4502	7504
4490	7465
4489	7464
4485	7456
4486	7460
4488	7463
4487	7462
4492	7487
4491	7472
4475	7435
4474	7434
4473	7433
4472	7432
4477	7437
4476	7436
4469	7427
4468	7426
4467	7425
4466	7424
4471	7431
4470	7428
4482	7448
4484	7454
4483	7453
4478	7440
4479	7441
4481	7446
4480	7444
4465	7410
4463	7392
4464	7400
4459	7381
4458	7380
4456	7376
4457	7378
4461	7388
4462	7390
4460	7384
4454	7364
4455	7365
4451	7360
4452	7362
4453	7363
4447	7347
4446	7344
4448	7351
4449	7352
4450	7356
4443	7330
4442	7329
4444	7337
4445	7341
4438	7312
4439	7316
4441	7321
4440	7320
4426	7296
4427	7297
4428	7298
4429	7299
4430	7300
4431	7301
4432	7302
4433	7304
4434	7305
4435	7307
4436	7309
4437	7310
4425	7291
4424	7284
4423	7273
4422	7272
4421	7271
4420	7270
4419	7268
4418	7267
4417	7266
4416	7264
4415	7258
4412	7248
4413	7249
4414	7251
4411	7246
4408	7241
4407	7240
4410	7243
4409	7242
4404	7237
4403	7236
4406	7239
4405	7238
4400	7232
4402	7235
4401	7234
4398	7226
4399	7227
4396	7224
4397	7225
4391	7216
4392	7217
4395	7222
4393	7220
4394	7221
4389	7210
4388	7209
4387	7208
4390	7214
4384	7203
4383	7202
4382	7201
4381	7200
4386	7205
4385	7204
4377	7192
4378	7193
4379	7194
4380	7199
4371	7184
4372	7185
4373	7187
4374	7188
4375	7189
4376	7190
4366	7177
4365	7176
4367	7178
4369	7181
4368	7180
4370	7183
4358	7169
4357	7168
4360	7171
4359	7170
4362	7173
4361	7172
4364	7175
4363	7174
4646	8135
4647	8140
4648	8144
4649	8164
4638	8070
4636	8068
4637	8069
4635	8065
4640	8079
4639	8074
4642	8082
4641	8080
4643	8089
4644	8097
4645	8104
4630	8009
4629	8008
4627	8000
4628	8004
4633	8027
4632	8019
4631	8016
4634	8048
4616	7948
4615	7946
4614	7942
4613	7941
4612	7939
4611	7937
4610	7936
4618	7957
4617	7952
4622	7977
4621	7972
4619	7968
4620	7971
4626	7993
4623	7984
4624	7986
4625	7987
4605	7898
4601	7872
4602	7875
4603	7880
4604	7884
4609	7920
4606	7906
4607	7908
4608	7916
4593	7829
4590	7825
4589	7824
4592	7827
4591	7826
4585	7808
4586	7809
4588	7820
4587	7816
4600	7863
4599	7861
4598	7859
4597	7856
4595	7842
4594	7841
4596	7848
4579	7768
4580	7773
4575	7760
4576	7761
4577	7764
4578	7766
4570	7745
4569	7744
4571	7746
4573	7749
4572	7748
4574	7750
4584	7793
4582	7779
4581	7776
4583	7780
4553	7705
4554	7706
4551	7696
4552	7697
4548	7693
4547	7692
4550	7695
4549	7694
4546	7689
4545	7688
4543	7685
4542	7684
4544	7686
4539	7681
4538	7680
4541	7683
4540	7682
4568	7741
4567	7738
4566	7737
4565	7731
4564	7728
4563	7724
4562	7722
4561	7721
4560	7720
4559	7719
4558	7716
4557	7714
4556	7713
4555	7712
5094	8800
5095	8801
5096	8802
5097	8804
5098	8805
5099	8806
5100	8807
5101	8808
5102	8809
5103	8812
5104	8813
5105	8815
5107	8817
5106	8816
5109	8821
5108	8820
5111	8825
5110	8824
5112	8831
5071	8770
5072	8771
5069	8768
5070	8769
5075	8774
5076	8775
5073	8772
5074	8773
5079	8778
5077	8776
5078	8777
5082	8782
5080	8780
5081	8781
5086	8787
5085	8786
5084	8785
5083	8784
5089	8791
5088	8790
5087	8788
5092	8795
5091	8793
5090	8792
5093	8796
5046	8740
5047	8741
5048	8742
5049	8743
5042	8736
5043	8737
5044	8738
5045	8739
5053	8748
5054	8749
5055	8751
5050	8744
5051	8745
5052	8746
5061	8757
5060	8756
5062	8758
5057	8753
5056	8752
5059	8755
5058	8754
5068	8765
5067	8764
5064	8761
5063	8760
5066	8763
5065	8762
5019	8710
5020	8711
5017	8708
5018	8709
5015	8706
5016	8707
5013	8704
5014	8705
5027	8718
5025	8716
5026	8717
5023	8714
5024	8715
5021	8712
5022	8713
5034	8726
5033	8725
5032	8724
5031	8723
5030	8722
5029	8721
5028	8720
5041	8734
5040	8733
5039	8732
5038	8731
5037	8730
5036	8729
5035	8728
5186	8937
5185	8936
5188	8939
5187	8938
5182	8929
5181	8928
5183	8930
5184	8933
5190	8954
5189	8945
5166	8906
5165	8905
5164	8904
5170	8911
5169	8910
5168	8909
5167	8908
5159	8899
5158	8898
5157	8897
5156	8896
5163	8903
5162	8902
5161	8901
5160	8900
5178	8922
5179	8923
5180	8925
5173	8914
5174	8915
5171	8912
5172	8913
5177	8918
5175	8916
5176	8917
5144	8873
5143	8872
5146	8875
5145	8874
5141	8869
5140	8868
5142	8870
5137	8865
5136	8864
5139	8867
5138	8866
5153	8888
5154	8889
5155	8890
5151	8884
5152	8886
5147	8880
5148	8881
5149	8882
5150	8883
5125	8846
5124	8845
5123	8844
5122	8842
5121	8841
5120	8840
5119	8838
5118	8837
5117	8836
5116	8835
5115	8834
5114	8833
5113	8832
5134	8862
5135	8863
5133	8860
5132	8859
5131	8857
5130	8854
5128	8850
5129	8851
5126	8848
5127	8849
5258	9074
5257	9073
5259	9078
5260	9086
5254	9058
5252	9056
5253	9057
5255	9062
5256	9067
5247	9041
5246	9040
5248	9042
5249	9046
5251	9049
5250	9048
5232	9024
5233	9025
5234	9026
5235	9027
5236	9028
5237	9029
5238	9030
5239	9031
5240	9032
5241	9033
5242	9035
5243	9036
5244	9037
5245	9039
5230	9011
5229	9009
5228	9008
5231	9017
5219	8998
5220	8999
5217	8996
5218	8997
5215	8994
5216	8995
5213	8992
5214	8993
5226	9006
5227	9007
5224	9004
5225	9005
5223	9002
5221	9000
5222	9001
5209	8981
5208	8980
5205	8976
5207	8979
5206	8978
5212	8988
5211	8985
5210	8984
5195	8964
5196	8965
5197	8967
5191	8960
5192	8961
5193	8962
5194	8963
5202	8972
5203	8973
5204	8975
5198	8968
5199	8969
5200	8970
5201	8971
5308	9203
5307	9193
5306	9184
5305	9176
5303	9168
5304	9169
5300	9161
5299	9160
5301	9162
5302	9164
5294	9153
5293	9152
5296	9155
5295	9154
5297	9156
5298	9158
5292	9144
5291	9140
5289	9138
5290	9139
5288	9136
5287	9133
5286	9132
5285	9128
5284	9127
5283	9124
5282	9123
5281	9122
5280	9121
5279	9120
5278	9113
5275	9108
5276	9109
5277	9110
5272	9104
5273	9105
5274	9106
5271	9101
5270	9100
5268	9097
5267	9096
5269	9098
5265	9093
5264	9092
5266	9094
5262	9089
5261	9088
5263	9090
4713	8262
4714	8263
4711	8260
4712	8261
4709	8258
4710	8259
4707	8256
4708	8257
4721	8270
4722	8271
4719	8268
4720	8269
4717	8266
4718	8267
4715	8264
4716	8265
4729	8278
4728	8277
4727	8276
4726	8275
4725	8274
4724	8273
4723	8272
4735	8285
4734	8284
4733	8283
4732	8282
4731	8281
4730	8280
4740	8292
4741	8293
4742	8294
4736	8288
4737	8289
4738	8290
4739	8291
4746	8300
4747	8301
4748	8303
4743	8296
4744	8297
4745	8298
4753	8308
4750	8305
4749	8304
4752	8307
4751	8306
4756	8317
4755	8316
4758	8319
4757	8318
4754	8314
4652	8194
4653	8195
4650	8192
4651	8193
4656	8198
4657	8199
4654	8196
4655	8197
4660	8202
4661	8203
4658	8200
4659	8201
4664	8206
4665	8207
4662	8204
4663	8205
4669	8211
4668	8210
4667	8209
4666	8208
4673	8215
4672	8214
4671	8213
4670	8212
4677	8219
4676	8218
4675	8217
4674	8216
4680	8222
4679	8221
4678	8220
4681	8224
4682	8225
4683	8226
4684	8227
4685	8228
4686	8229
4687	8230
4688	8231
4689	8232
4690	8233
4691	8234
4692	8235
4693	8236
4694	8237
4695	8238
4697	8241
4696	8240
4699	8243
4698	8242
4700	8244
4701	8246
4703	8249
4702	8248
4704	8250
4705	8252
4706	8254
4824	8398
4823	8397
4822	8396
4821	8394
4820	8393
4819	8392
4818	8391
4817	8390
4816	8389
4815	8388
4814	8387
4813	8386
4812	8385
4811	8384
4835	8413
4833	8410
4834	8411
4831	8408
4832	8409
4830	8407
4828	8404
4829	8405
4827	8403
4825	8400
4826	8401
4846	8428
4844	8425
4843	8424
4845	8426
4841	8421
4840	8420
4842	8422
4837	8417
4836	8416
4839	8419
4838	8418
4849	8440
4850	8441
4851	8442
4847	8432
4848	8433
4769	8330
4768	8329
4767	8328
4773	8335
4772	8334
4771	8333
4770	8332
4762	8323
4761	8322
4760	8321
4759	8320
4766	8327
4765	8326
4764	8325
4763	8324
4783	8347
4781	8344
4782	8345
4786	8350
4787	8351
4784	8348
4785	8349
4776	8338
4777	8339
4774	8336
4775	8337
4780	8342
4778	8340
4779	8341
4797	8361
4796	8360
4798	8362
4800	8365
4799	8364
4789	8353
4788	8352
4791	8355
4790	8354
4793	8357
4792	8356
4795	8359
4794	8358
4807	8376
4808	8377
4809	8380
4810	8383
4801	8368
4802	8370
4803	8371
4804	8372
4805	8373
4806	8374
4925	8532
4922	8529
4921	8528
4924	8531
4923	8530
4928	8540
4929	8542
4927	8537
4926	8536
4910	8516
4911	8517
4912	8518
4913	8519
4906	8512
4907	8513
4908	8514
4909	8515
4918	8524
4919	8525
4920	8526
4914	8520
4915	8521
4916	8522
4917	8523
4943	8564
4942	8562
4941	8561
4940	8560
4945	8570
4944	8569
4934	8548
4935	8549
4932	8546
4933	8547
4930	8544
4931	8545
4939	8556
4938	8555
4936	8552
4937	8553
4869	8465
4868	8464
4871	8467
4870	8466
4873	8469
4872	8468
4875	8471
4874	8470
4876	8472
4878	8475
4877	8474
4879	8477
4880	8478
4852	8448
4853	8449
4854	8450
4855	8451
4856	8452
4857	8453
4858	8454
4859	8455
4860	8456
4861	8457
4862	8458
4863	8459
4864	8460
4865	8461
4866	8462
4867	8463
4898	8499
4897	8498
4896	8497
4895	8496
4900	8501
4899	8500
4902	8506
4901	8504
4905	8511
4904	8509
4903	8508
4883	8482
4884	8483
4881	8480
4882	8481
4887	8486
4885	8484
4886	8485
4890	8490
4891	8491
4888	8488
4889	8489
4893	8494
4894	8495
4892	8492
5001	8668
5002	8670
4999	8664
5000	8666
4997	8660
4998	8663
4994	8656
4995	8657
4996	8658
4993	8652
4991	8648
4992	8650
4989	8645
4990	8646
4987	8641
4986	8640
4988	8642
5012	8691
5011	8689
5010	8685
5009	8684
5008	8681
5007	8680
5006	8676
5005	8674
5004	8673
5003	8672
4965	8600
4966	8602
4967	8605
4959	8592
4960	8593
4961	8594
4962	8596
4963	8597
4964	8598
4954	8585
4953	8584
4955	8586
4957	8589
4956	8588
4958	8590
4947	8577
4946	8576
4949	8579
4948	8578
4951	8581
4950	8580
4952	8582
4982	8634
4983	8635
4985	8638
4984	8637
4979	8626
4980	8627
4978	8624
4981	8628
4975	8618
4974	8617
4977	8621
4976	8620
4970	8610
4969	8609
4968	8608
4973	8614
4972	8613
4971	8612
5643	9768
5644	9769
5645	9770
5646	9771
5640	9764
5641	9765
5642	9766
5636	9760
5637	9761
5638	9762
5639	9763
5656	9789
5654	9785
5653	9784
5655	9786
5650	9780
5652	9783
5651	9782
5647	9776
5649	9779
5648	9778
5623	9742
5621	9740
5622	9741
5619	9738
5620	9739
5617	9736
5618	9737
5616	9734
5614	9732
5615	9733
5612	9730
5613	9731
5610	9728
5611	9729
5635	9757
5634	9756
5633	9755
5632	9754
5631	9752
5630	9751
5629	9750
5628	9748
5627	9747
5626	9746
5625	9745
5624	9744
5681	9832
5682	9833
5683	9835
5684	9836
5685	9838
5686	9839
5676	9824
5677	9825
5678	9827
5679	9828
5680	9829
5688	9852
5687	9840
5665	9802
5666	9803
5664	9801
5668	9806
5667	9804
5659	9794
5660	9795
5657	9792
5658	9793
5663	9798
5661	9796
5662	9797
5675	9818
5671	9810
5670	9809
5669	9808
5674	9814
5673	9813
5672	9812
5707	9889
5706	9888
5709	9900
5708	9896
5710	9904
5696	9863
5695	9862
5694	9861
5693	9860
5692	9859
5691	9858
5690	9857
5689	9856
5700	9868
5699	9867
5698	9865
5697	9864
5702	9874
5701	9873
5705	9884
5704	9882
5703	9880
5724	9953
5725	9960
5726	9982
5713	9922
5712	9921
5711	9920
5714	9924
5715	9928
5716	9935
5718	9938
5717	9937
5719	9942
5721	9946
5720	9944
5723	9950
5722	9949
5762	10042
5761	10041
5760	10040
5759	10036
5758	10032
5757	10026
5755	10024
5756	10025
5754	10022
5753	10020
5751	10018
5752	10019
5749	10016
5750	10017
5748	10013
5746	10008
5747	10010
5744	10005
5743	10004
5745	10006
5740	10001
5739	10000
5742	10003
5741	10002
5737	9996
5738	9997
5734	9992
5735	9993
5736	9994
5731	9988
5732	9990
5733	9991
5727	9984
5728	9985
5729	9986
5730	9987
5781	10103
5780	10082
5779	10080
5777	10073
5778	10078
5775	10064
5776	10069
5769	10056
5770	10057
5771	10058
5772	10059
5773	10060
5774	10062
5763	10048
5764	10049
5765	10050
5766	10051
5767	10052
5768	10053
5798	10163
5797	10161
5799	10168
5795	10146
5794	10145
5793	10144
5796	10152
5791	10132
5792	10133
5790	10128
5786	10117
5785	10116
5783	10113
5782	10112
5784	10115
5789	10124
5788	10121
5787	10120
5806	10224
5805	10216
5803	10193
5804	10194
5800	10176
5801	10181
5802	10182
5319	9226
5320	9227
5317	9224
5318	9225
5323	9230
5324	9231
5321	9228
5322	9229
5311	9218
5312	9219
5309	9216
5310	9217
5315	9222
5316	9223
5313	9220
5314	9221
5335	9242
5334	9241
5333	9240
5338	9246
5337	9245
5336	9244
5328	9235
5327	9234
5326	9233
5325	9232
5332	9239
5331	9238
5330	9237
5329	9236
5347	9256
5348	9257
5349	9258
5350	9259
5351	9260
5352	9261
5353	9262
5354	9263
5339	9248
5340	9249
5341	9250
5342	9251
5343	9252
5344	9253
5345	9254
5346	9255
5362	9273
5361	9272
5364	9277
5363	9276
5356	9265
5355	9264
5357	9266
5359	9269
5358	9268
5360	9270
5378	9294
5379	9295
5376	9292
5377	9293
5374	9290
5375	9291
5372	9288
5373	9289
5370	9286
5371	9287
5368	9284
5369	9285
5367	9282
5365	9280
5366	9281
5390	9309
5389	9308
5388	9307
5387	9306
5386	9305
5385	9304
5384	9302
5383	9300
5382	9298
5381	9297
5380	9296
5397	9324
5398	9326
5395	9320
5396	9321
5394	9316
5391	9312
5392	9313
5393	9314
5404	9341
5402	9336
5403	9339
5401	9332
5400	9329
5399	9328
5408	9347
5407	9346
5406	9345
5405	9344
5412	9351
5411	9350
5410	9349
5409	9348
5416	9355
5415	9354
5414	9353
5413	9352
5419	9358
5418	9357
5417	9356
5422	9362
5420	9360
5421	9361
5424	9366
5425	9367
5423	9364
5428	9370
5426	9368
5427	9369
5430	9374
5431	9375
5429	9372
5433	9377
5432	9376
5434	9378
5435	9380
5437	9383
5436	9382
5439	9385
5438	9384
5441	9387
5440	9386
5442	9391
5443	9392
5444	9393
5445	9394
5446	9397
5447	9400
5448	9401
5449	9404
5457	9415
5456	9414
5455	9413
5454	9412
5453	9411
5452	9410
5451	9409
5450	9408
5460	9418
5459	9417
5458	9416
5462	9426
5463	9427
5461	9424
5468	9438
5466	9436
5467	9437
5465	9435
5464	9432
5472	9444
5473	9446
5470	9441
5469	9440
5471	9443
5476	9452
5474	9449
5475	9450
5478	9460
5479	9462
5480	9463
5477	9456
5481	9464
5503	9497
5502	9496
5505	9501
5504	9500
5506	9503
5497	9489
5496	9488
5499	9491
5498	9490
5501	9493
5500	9492
5489	9480
5490	9481
5491	9482
5492	9483
5493	9484
5494	9485
5495	9486
5482	9472
5483	9473
5484	9474
5485	9475
5486	9476
5487	9477
5488	9478
5521	9530
5520	9528
5522	9535
5518	9523
5517	9521
5516	9520
5519	9526
5515	9514
5513	9512
5514	9513
5509	9507
5507	9504
5508	9505
5511	9510
5512	9511
5510	9508
5544	9564
5543	9560
5541	9557
5540	9556
5542	9558
5538	9553
5537	9552
5539	9554
5535	9548
5536	9549
5531	9544
5532	9545
5533	9546
5534	9547
5527	9540
5528	9541
5529	9542
5530	9543
5523	9536
5524	9537
5525	9538
5526	9539
5555	9598
5554	9592
5553	9591
5552	9587
5551	9582
5550	9578
5549	9576
5548	9573
5547	9571
5545	9568
5546	9569
5565	9616
5566	9617
5567	9618
5568	9619
5569	9620
5570	9624
5571	9625
5572	9626
5573	9628
5556	9600
5558	9603
5557	9602
5560	9605
5559	9604
5561	9606
5562	9608
5563	9611
5564	9612
5584	9650
5582	9648
5583	9649
5587	9654
5585	9652
5586	9653
5588	9661
5577	9635
5576	9634
5575	9633
5574	9632
5579	9638
5578	9636
5580	9640
5581	9647
5598	9684
5599	9685
5600	9686
5601	9687
5596	9680
5597	9682
5603	9692
5602	9691
5591	9669
5589	9664
5590	9666
5594	9677
5593	9676
5595	9678
5592	9674
5608	9714
5609	9721
5605	9700
5604	9697
5607	9706
5606	9704
6207	10992
6205	10984
6206	10988
6203	10976
6204	10980
6199	10968
6200	10969
6202	10974
6201	10972
6197	10962
6196	10961
6198	10964
6192	10953
6191	10952
6195	10958
6194	10957
6193	10956
6189	10945
6188	10944
6190	10949
6186	10932
6187	10934
6184	10928
6185	10930
6182	10924
6183	10927
6181	10920
6180	10917
6179	10916
6178	10913
6177	10912
6176	10910
6175	10909
6174	10907
6172	10904
6173	10905
6170	10900
6171	10901
6168	10898
6169	10899
6166	10896
6167	10897
6165	10894
6164	10893
6163	10892
6162	10890
6161	10889
6160	10888
6159	10886
6158	10885
6157	10884
6156	10883
6155	10882
6154	10881
6153	10880
6149	10865
6148	10864
6150	10868
6151	10872
6152	10874
6142	10850
6143	10851
6144	10852
6145	10856
6146	10860
6147	10862
6137	10834
6136	10833
6135	10832
6139	10838
6138	10836
6140	10841
6141	10846
6126	10818
6127	10819
6124	10816
6125	10817
6129	10822
6130	10823
6128	10820
6132	10826
6131	10824
6134	10831
6133	10828
6120	10804
6121	10806
6118	10801
6117	10800
6119	10802
6123	10812
6122	10810
6111	10788
6112	10790
6113	10791
6108	10784
6109	10785
6110	10786
6114	10792
6115	10793
6116	10794
6103	10775
6102	10773
6101	10772
6100	10771
6099	10770
6098	10769
6097	10768
6107	10782
6106	10778
6105	10777
6104	10776
6090	10758
6091	10759
6088	10756
6089	10757
6087	10754
6085	10752
6086	10753
6096	10766
6095	10764
6094	10762
6092	10760
6093	10761
6278	11244
6276	11233
6277	11238
6279	11248
6280	11249
6273	11209
6270	11200
6271	11203
6272	11204
6274	11218
6275	11220
6267	11180
6266	11168
6269	11190
6268	11188
6262	11144
6261	11141
6260	11140
6257	11137
6256	11136
6259	11139
6258	11138
6265	11164
6263	11152
6264	11155
6250	11111
6249	11108
6252	11114
6251	11112
6253	11120
6254	11125
6255	11130
6240	11072
6241	11074
6242	11077
6243	11081
6244	11082
6245	11085
6246	11088
6247	11090
6248	11093
6227	11044
6228	11045
6226	11042
6225	11040
6232	11054
6231	11052
6230	11051
6229	11048
6238	11062
6237	11061
6236	11060
6235	11058
6234	11057
6233	11056
6239	11068
6212	11012
6213	11014
6208	11008
6209	11009
6210	11010
6211	11011
6216	11020
6217	11021
6214	11016
6215	11018
6222	11029
6221	11028
6218	11024
6220	11027
6219	11026
6224	11033
6223	11032
5958	10454
5957	10452
5955	10450
5956	10451
5954	10448
5953	10444
5952	10443
5951	10442
5950	10441
5949	10440
5948	10437
5947	10436
5946	10434
5945	10433
5944	10432
5965	10489
5964	10485
5962	10480
5963	10481
5961	10476
5959	10464
5960	10466
5923	10395
5921	10392
5922	10393
5925	10398
5924	10396
5917	10386
5915	10384
5916	10385
5920	10391
5918	10388
5919	10389
5910	10379
5909	10378
5908	10377
5907	10376
5914	10383
5913	10382
5912	10381
5911	10380
5902	10371
5901	10370
5900	10369
5899	10368
5906	10375
5905	10374
5904	10373
5903	10372
5942	10424
5943	10425
5938	10416
5939	10417
5940	10418
5941	10419
5933	10408
5934	10410
5936	10413
5935	10412
5937	10414
5927	10401
5926	10400
5929	10403
5928	10402
5931	10405
5930	10404
5932	10406
5879	10324
5878	10323
5877	10322
5876	10321
5875	10320
5882	10334
5881	10332
5880	10329
5868	10310
5867	10308
5865	10306
5866	10307
5863	10304
5864	10305
5873	10316
5874	10317
5871	10314
5872	10315
5869	10312
5870	10313
5896	10356
5893	10352
5895	10355
5894	10354
5898	10364
5897	10360
5887	10340
5883	10336
5884	10337
5885	10338
5886	10339
5892	10348
5888	10344
5889	10345
5890	10346
5891	10347
5825	10259
5824	10258
5823	10257
5822	10256
5828	10262
5827	10261
5826	10260
5832	10267
5831	10266
5830	10265
5829	10264
5835	10270
5834	10269
5833	10268
5809	10242
5810	10243
5807	10240
5808	10241
5813	10246
5814	10247
5811	10244
5812	10245
5817	10250
5818	10251
5815	10248
5816	10249
5821	10254
5819	10252
5820	10253
5852	10289
5851	10288
5854	10291
5853	10290
5856	10293
5855	10292
5857	10295
5858	10296
5860	10299
5859	10298
5861	10300
5862	10302
5836	10272
5837	10273
5838	10274
5839	10275
5840	10276
5841	10277
5842	10278
5843	10279
5844	10280
5845	10281
5846	10282
5847	10283
5848	10284
5849	10285
5850	10287
6075	10703
6073	10697
6072	10696
6074	10698
6070	10692
6071	10695
6068	10688
6069	10690
6078	10708
6079	10710
6076	10704
6077	10706
6082	10730
6081	10729
6080	10720
6084	10745
6083	10736
6047	10632
6048	10637
6049	10639
6043	10625
6042	10624
6045	10629
6044	10628
6046	10630
6056	10648
6057	10649
6058	10650
6059	10651
6060	10654
6050	10640
6051	10641
6052	10642
6053	10643
6054	10644
6055	10645
6067	10668
6064	10659
6063	10658
6062	10657
6061	10656
6066	10661
6065	10660
6012	10565
6013	10566
6014	10567
6009	10560
6010	10561
6011	10562
6019	10572
6020	10573
6015	10568
6016	10569
6017	10570
6018	10571
6024	10580
6025	10582
6021	10576
6023	10579
6022	10578
6028	10588
6029	10590
6026	10584
6027	10586
6033	10599
6031	10594
6032	10595
6030	10592
6035	10604
6034	10600
6039	10612
6038	10611
6037	10609
6036	10608
6041	10618
6040	10616
5966	10496
5967	10497
5968	10498
5969	10499
5970	10500
5971	10501
5972	10502
5973	10503
5974	10504
5975	10506
5976	10507
5977	10508
5978	10510
5980	10513
5979	10512
5982	10515
5981	10514
5984	10517
5983	10516
5985	10518
5987	10521
5986	10520
5989	10523
5988	10522
5990	10525
5993	10530
5994	10531
5991	10528
5992	10529
5996	10534
5995	10532
5998	10538
5997	10536
5999	10540
6002	10546
6001	10545
6000	10544
6006	10551
6005	10550
6004	10549
6003	10548
6007	10552
6008	10556
6557	11959
6556	11952
6558	11960
6555	11940
6554	11936
6551	11927
6549	11922
6550	11923
6548	11920
6553	11933
6552	11928
6542	11911
6541	11910
6540	11906
6539	11905
6538	11904
6547	11919
6546	11916
6545	11915
6544	11914
6543	11912
6567	12022
6565	12006
6566	12011
6564	11986
6563	11984
6559	11970
6560	11973
6561	11976
6562	11981
6520	11837
6519	11832
6517	11825
6518	11826
6516	11820
6513	11816
6514	11817
6515	11818
6509	11812
6510	11813
6511	11814
6512	11815
6506	11808
6507	11809
6508	11810
6505	11805
6504	11803
6503	11797
6502	11796
6501	11794
6500	11793
6499	11792
6498	11788
6497	11786
6496	11784
6494	11782
6495	11783
6492	11780
6493	11781
6490	11778
6491	11779
6488	11776
6489	11777
6537	11898
6536	11881
6534	11876
6535	11879
6532	11858
6531	11856
6533	11860
6529	11850
6527	11848
6528	11849
6530	11852
6523	11842
6524	11843
6521	11840
6522	11841
6526	11847
6525	11845
6601	12192
6603	12213
6602	12208
6597	12164
6598	12167
6595	12161
6594	12160
6596	12163
6599	12170
6600	12176
6607	12258
6606	12256
6608	12272
6604	12233
6605	12234
6583	12076
6582	12071
6581	12068
6580	12067
6585	12083
6584	12082
6575	12044
6573	12041
6574	12042
6571	12036
6572	12038
6568	12032
6569	12033
6570	12034
6579	12058
6578	12054
6576	12048
6577	12050
6593	12136
6592	12128
6590	12108
6586	12096
6587	12097
6588	12098
6589	12100
6591	12112
6369	11410
6370	11411
6368	11408
6372	11415
6371	11412
6375	11418
6373	11416
6374	11417
6376	11420
6377	11421
6360	11395
6359	11394
6358	11393
6357	11392
6362	11398
6361	11396
6364	11403
6363	11400
6367	11406
6366	11405
6365	11404
6386	11440
6387	11441
6388	11442
6389	11444
6390	11447
6391	11452
6379	11425
6378	11424
6380	11426
6381	11428
6382	11430
6384	11433
6383	11432
6385	11438
6400	11474
6399	11472
6403	11486
6402	11484
6401	11483
6396	11462
6395	11461
6394	11460
6393	11457
6392	11456
6398	11471
6397	11464
6406	11509
6407	11510
6405	11504
6404	11493
6306	11291
6305	11290
6304	11289
6303	11288
6307	11292
6299	11283
6298	11282
6297	11281
6296	11280
6302	11286
6301	11285
6300	11284
6291	11274
6292	11275
6289	11272
6290	11273
6294	11278
6295	11279
6293	11276
6283	11266
6284	11267
6281	11264
6282	11265
6287	11270
6288	11271
6285	11268
6286	11269
6325	11323
6322	11313
6321	11312
6323	11316
6324	11318
6316	11304
6317	11306
6318	11307
6319	11309
6320	11310
6308	11296
6309	11297
6310	11298
6311	11299
6312	11300
6313	11301
6314	11302
6315	11303
6345	11358
6344	11356
6343	11355
6342	11352
6341	11348
6340	11345
6339	11344
6338	11342
6337	11340
6336	11338
6334	11336
6335	11337
6332	11334
6333	11335
6330	11332
6331	11333
6328	11330
6329	11331
6326	11328
6327	11329
6356	11385
6355	11384
6354	11382
6353	11376
6351	11370
6352	11371
6349	11365
6350	11367
6346	11360
6347	11361
6348	11362
6462	11649
6461	11648
6463	11651
6465	11653
6464	11652
6466	11654
6467	11656
6468	11659
6469	11664
6470	11665
6471	11666
6472	11667
6473	11668
6474	11687
6475	11688
6478	11695
6477	11694
6476	11692
6482	11717
6479	11712
6481	11715
6480	11714
6483	11722
6484	11732
6486	11745
6485	11744
6487	11753
6415	11528
6416	11529
6417	11530
6418	11531
6419	11532
6408	11520
6409	11521
6410	11522
6411	11523
6412	11524
6413	11525
6414	11526
6424	11544
6425	11546
6426	11549
6421	11537
6420	11536
6422	11540
6423	11542
6430	11564
6427	11552
6428	11553
6429	11556
6434	11577
6433	11576
6435	11581
6432	11570
6431	11568
6446	11596
6443	11592
6444	11594
6445	11595
6440	11588
6441	11589
6442	11591
6436	11584
6437	11585
6438	11586
6439	11587
6452	11614
6451	11608
6448	11601
6447	11600
6450	11603
6449	11602
6458	11626
6457	11624
6456	11622
6455	11620
6454	11619
6453	11617
6460	11644
6459	11635
7059	13137
7060	13140
7061	13144
7062	13147
7050	13121
7049	13120
7052	13123
7051	13122
7054	13125
7053	13124
7055	13126
7056	13129
7057	13131
7058	13135
7067	13171
7066	13169
7068	13179
7064	13153
7063	13152
7065	13160
7032	13076
7029	13072
7030	13074
7031	13075
7036	13086
7037	13087
7033	13080
7034	13081
7035	13082
7024	13061
7023	13060
7025	13062
7020	13057
7019	13056
7022	13059
7021	13058
7028	13068
7026	13064
7027	13066
7048	13111
7046	13104
7047	13105
7042	13095
7041	13094
7040	13093
7039	13092
7038	13088
7045	13100
7044	13098
7043	13096
7090	13272
7091	13276
7089	13265
7085	13248
7086	13249
7087	13250
7088	13252
7095	13296
7096	13302
7093	13282
7092	13281
7094	13285
7080	13208
7078	13201
7077	13200
7079	13202
7076	13198
7075	13192
7073	13188
7074	13190
7069	13184
7070	13185
7071	13186
7072	13187
7084	13240
7083	13237
7082	13220
7081	13216
6944	12867
6943	12866
6942	12865
6941	12864
6946	12869
6945	12868
6948	12873
6947	12872
6950	12878
6949	12876
6953	12882
6951	12880
6952	12881
6954	12884
6956	12890
6955	12888
6957	12893
6959	12897
6958	12896
6960	12898
6961	12900
6962	12904
6963	12906
6964	12914
6965	12916
6966	12920
6904	12807
6903	12806
6902	12805
6901	12804
6900	12803
6899	12802
6898	12801
6897	12800
6911	12815
6910	12813
6909	12812
6908	12811
6907	12810
6906	12809
6905	12808
6917	12822
6916	12820
6914	12818
6915	12819
6912	12816
6913	12817
6921	12831
6920	12829
6919	12826
6918	12824
6926	12837
6927	12838
6923	12833
6922	12832
6925	12835
6924	12834
6933	12845
6932	12844
6929	12841
6928	12840
6931	12843
6930	12842
6937	12853
6938	12854
6939	12855
6934	12848
6935	12849
6936	12850
6940	12856
7004	13002
7005	13003
7002	13000
7003	13001
7007	13006
7006	13005
6999	12994
6997	12992
6998	12993
7001	12998
7000	12996
7013	13018
7012	13016
7010	13010
7009	13009
7008	13008
7011	13015
7017	13032
7014	13024
7015	13029
7016	13030
7018	13045
6976	12940
6977	12941
6974	12936
6975	12937
6973	12935
6971	12932
6972	12933
6969	12930
6970	12931
6967	12928
6968	12929
6983	12958
6982	12956
6981	12952
6980	12948
6979	12945
6978	12944
6989	12968
6990	12971
6987	12965
6988	12966
6984	12960
6985	12962
6986	12963
6996	12985
6995	12981
6994	12980
6992	12977
6991	12976
6993	12978
6851	12660
6850	12658
6849	12656
6845	12646
6844	12645
6843	12644
6842	12643
6841	12642
6848	12654
6847	12652
6846	12648
6835	12630
6836	12631
6834	12624
6837	12632
6838	12633
6839	12634
6840	12635
6828	12613
6827	12612
6829	12614
6825	12609
6824	12608
6826	12611
6833	12621
6832	12620
6830	12616
6831	12619
6818	12594
6819	12595
6816	12592
6817	12593
6820	12598
6823	12603
6821	12600
6822	12601
6809	12578
6808	12577
6807	12576
6810	12580
6814	12587
6813	12586
6812	12585
6811	12584
6815	12588
6796	12560
6797	12561
6798	12562
6799	12564
6800	12567
6801	12568
6802	12569
6803	12570
6804	12572
6805	12573
6806	12574
6784	12545
6783	12544
6785	12546
6787	12549
6786	12548
6789	12551
6788	12550
6790	12552
6791	12554
6793	12557
6792	12556
6795	12559
6794	12558
6896	12790
6895	12784
6894	12776
6893	12761
6892	12760
6891	12756
6890	12753
6888	12750
6889	12751
6887	12746
6886	12741
6884	12736
6885	12738
6883	12728
6882	12720
6880	12714
6878	12712
6879	12713
6881	12716
6874	12706
6872	12704
6873	12705
6877	12711
6875	12708
6876	12709
6868	12697
6867	12696
6869	12698
6870	12700
6871	12702
6863	12689
6862	12688
6864	12690
6866	12693
6865	12692
6859	12680
6860	12682
6861	12683
6852	12672
6853	12673
6854	12674
6855	12675
6856	12676
6857	12678
6858	12679
6695	12389
6694	12388
6697	12391
6696	12390
6692	12385
6691	12384
6693	12386
6701	12396
6699	12393
6698	12392
6700	12394
6702	12400
6703	12401
6704	12402
6706	12412
6705	12408
6670	12359
6669	12358
6668	12357
6667	12356
6666	12355
6665	12354
6664	12353
6663	12352
6677	12366
6676	12365
6675	12364
6674	12363
6673	12362
6672	12361
6671	12360
6684	12374
6682	12372
6683	12373
6680	12370
6681	12371
6678	12368
6679	12369
6690	12383
6689	12380
6687	12378
6688	12379
6685	12376
6686	12377
6639	12321
6638	12320
6641	12323
6640	12322
6643	12325
6642	12324
6645	12327
6644	12326
6646	12328
6648	12331
6647	12330
6650	12333
6649	12332
6651	12334
6652	12336
6653	12338
6654	12340
6655	12341
6656	12342
6657	12344
6658	12345
6659	12346
6660	12347
6661	12348
6662	12351
6612	12291
6611	12290
6610	12289
6609	12288
6616	12295
6615	12294
6614	12293
6613	12292
6620	12299
6619	12298
6618	12297
6617	12296
6624	12303
6623	12302
6622	12301
6621	12300
6627	12306
6628	12307
6625	12304
6626	12305
6631	12310
6629	12308
6630	12309
6634	12314
6635	12315
6632	12312
6633	12313
6637	12318
6636	12316
6780	12526
6779	12516
6776	12512
6777	12513
6778	12514
6782	12543
6781	12528
6764	12492
6765	12493
6762	12490
6763	12491
6760	12488
6761	12489
6759	12486
6757	12484
6758	12485
6755	12482
6756	12483
6753	12480
6754	12481
6775	12511
6774	12508
6773	12506
6772	12504
6771	12502
6770	12501
6769	12499
6768	12498
6767	12497
6766	12496
6740	12456
6741	12457
6742	12458
6743	12462
6744	12463
6733	12448
6734	12449
6735	12450
6736	12451
6737	12452
6738	12453
6739	12454
6750	12473
6749	12472
6751	12474
6752	12478
6745	12464
6746	12467
6748	12469
6747	12468
6717	12426
6718	12427
6715	12424
6716	12425
6721	12430
6722	12431
6719	12428
6720	12429
6709	12418
6710	12419
6707	12416
6708	12417
6713	12422
6714	12423
6711	12420
6712	12421
6730	12442
6729	12440
6732	12446
6731	12444
6725	12435
6724	12433
6723	12432
6728	12438
6727	12437
6726	12436
7372	14108
7370	14104
7371	14106
7368	14096
7369	14097
7367	14092
7365	14088
7366	14090
7364	14084
7362	14080
7363	14083
7376	14133
7375	14116
7374	14114
7373	14112
7383	14168
7380	14152
7381	14156
7382	14159
7377	14145
7378	14146
7379	14149
7384	14177
7389	14225
7390	14227
7385	14212
7386	14214
7388	14220
7387	14217
7393	14258
7392	14242
7391	14240
7395	14297
7394	14287
7396	14304
7306	13836
7305	13833
7304	13832
7303	13830
7302	13828
7301	13827
7300	13826
7299	13825
7298	13824
7311	13852
7310	13850
7309	13848
7307	13840
7308	13841
7316	13865
7315	13864
7314	13860
7313	13857
7312	13856
7319	13880
7320	13881
7318	13876
7317	13872
7325	13899
7324	13897
7322	13890
7321	13888
7323	13892
7328	13906
7329	13907
7326	13904
7327	13905
7330	13908
7335	13931
7331	13921
7333	13923
7332	13922
7334	13924
7341	13958
7339	13956
7340	13957
7338	13954
7336	13952
7337	13953
7346	13965
7344	13962
7345	13963
7342	13960
7343	13961
7348	13970
7347	13968
7350	13982
7349	13980
7351	13984
7352	13987
7353	13992
7354	13994
7355	14016
7356	14017
7357	14024
7358	14032
7359	14043
7360	14057
7361	14070
7250	13618
7251	13619
7249	13617
7252	13623
7246	13608
7248	13613
7247	13612
7241	13602
7240	13600
7245	13607
7244	13606
7243	13605
7242	13604
7238	13597
7239	13599
7232	13584
7233	13585
7234	13586
7235	13588
7236	13589
7237	13590
7229	13577
7228	13576
7230	13580
7231	13582
7223	13569
7222	13568
7225	13571
7224	13570
7226	13572
7227	13574
7271	13687
7270	13682
7269	13680
7268	13676
7267	13673
7266	13666
7265	13664
7264	13657
7263	13653
7261	13648
7262	13649
7260	13641
7259	13640
7257	13636
7258	13639
7254	13633
7253	13632
7256	13635
7255	13634
7288	13751
7285	13728
7286	13729
7287	13738
7280	13713
7279	13712
7281	13715
7282	13716
7283	13718
7284	13725
7272	13696
7273	13697
7274	13699
7275	13700
7276	13702
7277	13705
7278	13706
7295	13793
7297	13805
7296	13800
7293	13776
7294	13778
7290	13764
7289	13763
7292	13772
7291	13768
7127	13352
7128	13358
7121	13345
7120	13344
7122	13346
7124	13349
7123	13348
7126	13351
7125	13350
7136	13368
7137	13372
7129	13360
7130	13361
7131	13362
7132	13363
7133	13364
7134	13366
7135	13367
7106	13322
7105	13321
7104	13320
7108	13325
7107	13324
7100	13315
7099	13314
7098	13313
7097	13312
7103	13318
7102	13317
7101	13316
7117	13338
7118	13339
7116	13336
7119	13341
7111	13330
7112	13331
7109	13328
7110	13329
7115	13334
7113	13332
7114	13333
7165	13420
7166	13423
7163	13417
7162	13416
7164	13418
7159	13413
7158	13412
7161	13415
7160	13414
7156	13409
7155	13408
7157	13411
7171	13438
7169	13428
7170	13429
7167	13424
7168	13425
7146	13385
7145	13384
7144	13382
7143	13381
7142	13380
7141	13379
7140	13378
7139	13377
7138	13376
7154	13404
7153	13403
7151	13400
7152	13401
7150	13398
7149	13397
7148	13394
7147	13392
7191	13472
7192	13473
7193	13476
7194	13477
7195	13481
7196	13484
7197	13489
7198	13492
7199	13497
7200	13499
7174	13442
7175	13443
7172	13440
7173	13441
7178	13447
7176	13444
7177	13445
7181	13450
7179	13448
7180	13449
7182	13453
7185	13459
7184	13457
7183	13456
7187	13462
7186	13460
7188	13464
7190	13471
7189	13470
7217	13540
7218	13541
7213	13536
7214	13537
7215	13538
7216	13539
7220	13549
7219	13544
7221	13552
7203	13506
7204	13507
7201	13504
7202	13505
7206	13516
7207	13517
7205	13513
7209	13524
7208	13522
7212	13533
7211	13532
7210	13531
7724	15304
7721	15296
7722	15298
7723	15303
7726	15339
7725	15328
7711	15244
7710	15242
7709	15238
7707	15233
7708	15235
7715	15260
7713	15252
7714	15254
7712	15251
7719	15276
7718	15272
7717	15266
7716	15264
7720	15281
7700	15168
7701	15176
7702	15188
7703	15193
7704	15202
7705	15204
7706	15216
7678	15109
7680	15111
7679	15110
7677	15105
7676	15104
7684	15119
7683	15118
7681	15113
7682	15114
7688	15125
7685	15120
7686	15121
7687	15122
7690	15132
7691	15134
7689	15128
7693	15140
7692	15136
7695	15146
7694	15144
7697	15156
7696	15152
7699	15166
7698	15164
7669	15056
7670	15063
7668	15054
7666	15041
7667	15044
7675	15088
7674	15084
7671	15075
7672	15076
7673	15078
7657	15000
7656	14994
7655	14993
7654	14992
7653	14988
7652	14984
7651	14983
7649	14980
7650	14981
7647	14978
7648	14979
7646	14976
7665	15034
7664	15028
7663	15020
7661	15016
7662	15017
7660	15012
7658	15009
7659	15010
7637	14930
7635	14928
7636	14929
7639	14934
7638	14932
7640	14938
7628	14914
7627	14913
7626	14912
7630	14917
7629	14916
7633	14923
7632	14922
7631	14920
7634	14924
7644	14966
7645	14969
7642	14945
7641	14944
7643	14952
7608	14870
7607	14868
7606	14866
7604	14864
7605	14865
7611	14878
7610	14876
7609	14872
7599	14855
7598	14852
7597	14851
7596	14850
7595	14849
7594	14848
7603	14860
7602	14858
7601	14857
7600	14856
7621	14901
7618	14896
7619	14898
7620	14899
7624	14908
7625	14911
7622	14904
7623	14905
7616	14885
7615	14884
7613	14881
7612	14880
7614	14883
7617	14892
7593	14824
7592	14822
7591	14817
7590	14793
7589	14789
7586	14784
7587	14785
7588	14786
7581	14763
7582	14764
7578	14754
7576	14752
7577	14753
7579	14756
7580	14757
7585	14776
7583	14768
7584	14773
7568	14728
7569	14730
7563	14720
7564	14722
7565	14723
7566	14724
7567	14727
7573	14746
7575	14749
7574	14748
7570	14736
7571	14739
7572	14742
7558	14691
7557	14688
7561	14698
7560	14697
7559	14696
7562	14706
7549	14661
7548	14660
7546	14657
7545	14656
7547	14658
7552	14668
7550	14664
7551	14667
7553	14672
7554	14674
7555	14675
7556	14683
7532	14625
7531	14624
7533	14629
7536	14635
7535	14633
7534	14632
7537	14636
7540	14642
7538	14640
7539	14641
7542	14647
7541	14644
7544	14650
7543	14648
7516	14593
7515	14592
7517	14594
7519	14597
7518	14596
7520	14598
7521	14600
7522	14603
7523	14604
7524	14606
7525	14608
7526	14609
7527	14610
7528	14613
7529	14617
7530	14620
7514	14589
7513	14576
7512	14572
7510	14568
7511	14570
7507	14560
7508	14561
7509	14562
7506	14557
7505	14554
7504	14553
7503	14544
7502	14540
7501	14532
7500	14530
7499	14528
7496	14512
7497	14517
7498	14519
7492	14504
7493	14506
7494	14508
7495	14509
7487	14496
7488	14497
7489	14499
7490	14501
7491	14502
7484	14483
7483	14480
7486	14486
7485	14485
7480	14474
7481	14475
7478	14472
7479	14473
7482	14476
7473	14466
7471	14464
7472	14465
7476	14470
7477	14471
7474	14468
7475	14469
7467	14452
7468	14454
7466	14448
7470	14460
7469	14458
7461	14436
7463	14439
7462	14438
7459	14433
7458	14432
7460	14434
7465	14441
7464	14440
7456	14422
7454	14420
7455	14421
7452	14416
7453	14417
7457	14431
7447	14407
7446	14406
7445	14405
7444	14404
7443	14402
7442	14401
7441	14400
7451	14413
7450	14410
7449	14409
7448	14408
7435	14384
7436	14387
7437	14388
7438	14389
7439	14390
7440	14393
7427	14369
7426	14368
7429	14371
7428	14370
7431	14373
7430	14372
7432	14376
7434	14381
7433	14380
7414	14354
7415	14355
7412	14352
7413	14353
7417	14358
7418	14359
7416	14356
7421	14363
7419	14360
7420	14361
7424	14366
7425	14367
7422	14364
7423	14365
7400	14339
7399	14338
7398	14337
7397	14336
7403	14342
7402	14341
7401	14340
7407	14347
7406	14346
7405	14345
7404	14344
7411	14351
7410	14350
7409	14349
7408	14348
7889	16263
7888	16256
7890	16268
7891	16270
7892	16274
7893	16285
7895	16290
7894	16288
7896	16320
7897	16324
7883	16141
7881	16128
7882	16130
7885	16149
7884	16146
7886	16192
7887	16194
7872	16016
7871	16004
7870	16002
7869	16000
7876	16048
7875	16038
7873	16032
7874	16035
7877	16064
7878	16065
7879	16074
7880	16096
7857	15899
7856	15897
7854	15892
7855	15893
7852	15888
7853	15889
7851	15887
7850	15886
7849	15882
7848	15881
7847	15880
7846	15877
7845	15876
7844	15875
7843	15874
7842	15873
7865	15932
7864	15924
7862	15913
7861	15912
7863	15914
7858	15904
7860	15907
7859	15906
7866	15938
7868	15979
7867	15972
7832	15778
7833	15788
7829	15758
7831	15761
7830	15760
7841	15849
7835	15812
7836	15815
7834	15810
7839	15829
7838	15828
7837	15825
7840	15832
7818	15658
7819	15660
7816	15648
7817	15653
7813	15628
7807	15616
7809	15619
7808	15618
7810	15620
7812	15623
7811	15622
7815	15647
7814	15632
7826	15713
7828	15732
7827	15728
7822	15694
7821	15688
7820	15680
7825	15708
7823	15696
7824	15698
7794	15540
7786	15520
7787	15521
7788	15522
7789	15523
7790	15524
7791	15529
7792	15530
7793	15532
7781	15506
7780	15505
7779	15504
7782	15514
7785	15518
7784	15517
7783	15516
7775	15488
7776	15489
7777	15496
7778	15497
7806	15612
7803	15588
7801	15584
7802	15585
7804	15592
7805	15594
7799	15573
7798	15571
7797	15568
7800	15579
7795	15557
7796	15560
7758	15421
7754	15408
7755	15409
7756	15410
7757	15412
7750	15401
7749	15400
7751	15402
7753	15405
7752	15404
7744	15393
7746	15395
7745	15394
7748	15397
7747	15396
7742	15387
7740	15384
7741	15385
7743	15388
7738	15378
7739	15382
7735	15370
7734	15369
7733	15368
7737	15375
7736	15373
7730	15363
7729	15362
7728	15361
7727	15360
7732	15365
7731	15364
7773	15472
7774	15473
7772	15452
7771	15450
7770	15448
7768	15442
7769	15443
7767	15440
7766	15438
7765	15434
7764	15432
7763	15431
7762	15429
7761	15428
7760	15426
7759	15425
