67	919
68	7369
69	10421
70	10429
71	10435
72	10436
73	10437
74	10449
75	10453
76	10456
77	10463
78	10465
79	10470
80	10471
81	10476
82	10481
83	10483
84	10491
85	10492
86	10494
87	10495
88	10497
89	10498
90	10502
91	10503
92	10507
93	10509
94	10510
95	10512
96	10513
97	10518
98	10525
99	10526
100	10527
101	10542
102	10546
103	10548
104	10549
105	10553
106	10557
107	10561
108	10562
109	10564
110	10565
111	10566
112	10573
113	10575
114	10581
115	10583
116	10590
117	10592
118	10598
119	10599
120	10600
121	10608
122	10609
123	10611
124	10612
125	10613
126	10614
127	10615
128	10616
129	10626
130	10627
131	10628
132	10632
133	10634
134	10635
135	10637
136	10641
137	10646
