919	7369
919	10421
919	10429
919	10435
919	10436
919	10437
919	10449
919	10453
919	10456
919	10463
919	10465
919	10470
919	10471
919	10476
919	10481
919	10483
919	10491
919	10492
919	10494
919	10495
919	10497
919	10498
919	10502
919	10503
919	10507
919	10509
919	10510
919	10512
919	10513
919	10518
919	10525
919	10526
919	10527
919	10542
919	10546
919	10548
919	10549
919	10553
919	10557
919	10561
919	10562
919	10564
919	10565
919	10566
919	10573
919	10575
919	10581
919	10583
919	10590
919	10592
919	10598
919	10599
919	10600
919	10608
919	10609
919	10611
919	10612
919	10613
919	10614
919	10615
919	10616
919	10626
919	10627
919	10628
919	10632
919	10634
919	10635
919	10637
919	10641
919	10646
10436	10437
10471	10616
10497	10513
10526	10527
10598	10599
10611	10612
10611	10613
10612	10613
