11826	26089
11826	26098
11826	26099
11826	26100
11826	26101
26088	26089
26088	26090
26088	26091
26088	26092
26088	26093
26088	26094
26089	26090
26089	26091
26089	26092
26089	26093
26089	26094
26089	26095
26089	26096
26089	26097
26089	26098
26089	26099
26089	26100
26089	26101
26089	26102
26089	26103
26090	26091
26090	26092
26090	26093
26090	26094
26091	26092
26091	26093
26091	26094
26091	26095
26091	26096
26091	26097
26091	26098
26091	26101
26091	26102
26091	26103
26091	26104
26092	26093
26092	26094
26093	26094
26093	26095
26093	26096
26093	26097
26093	26098
26093	26101
26093	26102
26093	26104
26095	26096
26095	26097
26095	26102
26095	26103
26096	26097
26096	26101
26097	26101
26097	26102
26097	26103
26098	26099
26098	26100
26098	26101
26099	26100
26099	26101
26100	26101
26102	26103
26102	26104
