3610	6673
3610	6708
3610	6709
3610	6738
3610	6748
3610	6758
3610	6800
3610	6836
3610	7588
3610	10358
3610	10388
3610	10843
3610	10909
3610	12957
3610	15406
3610	23634
3610	27066
3610	27196
3610	27197
3610	27198
3610	27199
3610	27200
3610	27201
3610	27202
3610	27203
3610	27204
3610	27205
3610	27206
3610	27207
3610	27209
3610	27210
3610	27211
3610	27212
3610	27213
3610	27214
3610	27215
3610	27216
3610	27217
3610	27218
3610	27219
3610	27220
3610	27221
3610	27222
3610	27223
3610	27225
3610	27226
3610	27227
3610	27228
3610	27229
3610	27230
3610	27231
3610	27232
3610	27233
3610	27234
3610	27235
3610	27236
3610	27237
3610	27238
3610	27239
3610	27240
3610	27241
3610	27244
3610	27246
3610	27247
3610	27249
3610	27250
3610	27251
3610	27252
3610	27253
3610	27254
6708	6709
6708	6748
6708	27210
6708	27214
6708	27241
6708	34109
6708	34110
6708	34111
6708	34112
6708	34113
6708	34114
6708	34115
6709	6748
6709	27210
6709	27214
6709	27241
6748	27210
6800	6801
6836	27212
7588	25430
27196	34118
27196	34119
27196	34120
27210	27214
27214	27241
27214	34114
27214	34115
27217	27218
34109	34110
34109	34111
34109	34112
34109	34113
34110	34111
34110	34112
34111	34112
34112	34113
34114	34115
34118	34119
34118	34120
34119	34120
