0	353
1	24286
2	24287
3	24288
4	24289
5	24294
6	24296
7	24299
8	24304
9	24305
10	24306
11	24309
12	24312
13	24314
14	24316
15	24317
16	24318
17	24319
18	24320
19	24321
20	24325
21	24326
22	24330
23	24331
24	24332
25	24335
26	24336
27	24340
28	24342
29	24343
30	24346
31	24347
32	24348
33	24349
34	24355
35	24358
36	24359
37	24360
38	24365
39	24368
40	24369
41	24370
42	24371
43	24372
44	24373
45	24375
46	24376
47	24378
48	24382
49	24383
50	24385
51	24387
52	24396
53	24400
54	24401
55	24402
56	24404
57	24408
58	32911
59	32912
60	32913
0	353
1	24286
2	24287
3	24288
4	24289
5	24294
6	24296
7	24299
8	24304
9	24305
10	24306
11	24309
12	24312
13	24314
14	24316
15	24317
16	24318
17	24319
18	24320
19	24321
20	24325
21	24326
22	24330
23	24331
24	24332
25	24335
26	24336
27	24340
28	24342
29	24343
30	24346
31	24347
32	24348
33	24349
34	24355
35	24358
36	24359
37	24360
38	24365
39	24368
40	24369
41	24370
42	24371
43	24372
44	24373
45	24375
46	24376
47	24378
48	24382
49	24383
50	24385
51	24387
52	24396
53	24400
54	24401
55	24402
56	24404
57	24408
58	32911
59	32912
60	32913
