225	579
226	24512
227	24513
228	24514
229	24515
230	24520
231	24522
232	24525
233	24530
234	24531
235	24532
236	24535
237	24538
238	24540
239	24542
240	24543
241	24544
242	24545
243	24546
244	24547
245	24551
246	24552
247	24556
248	24557
249	24558
250	24561
251	24562
252	24566
253	24568
254	24569
255	24572
256	24573
257	24574
258	24575
259	24581
260	24584
261	24585
262	24586
263	24591
264	24594
265	24595
266	24596
267	24597
268	24598
269	24599
270	24601
271	24602
272	24604
273	24608
274	24609
275	24611
276	24613
277	24622
278	24626
279	24627
280	24628
281	24630
282	24634
283	33137
284	33138
285	33139
