579	24512
579	24513
579	24514
579	24515
579	24520
579	24522
579	24525
579	24530
579	24531
579	24532
579	24535
579	24538
579	24540
579	24542
579	24543
579	24544
579	24545
579	24546
579	24547
579	24551
579	24552
579	24556
579	24557
579	24558
579	24561
579	24562
579	24566
579	24568
579	24569
579	24572
579	24573
579	24574
579	24575
579	24581
579	24584
579	24585
579	24586
579	24591
579	24594
579	24595
579	24596
579	24597
579	24598
579	24599
579	24601
579	24602
579	24604
579	24608
579	24609
579	24611
579	24613
579	24622
579	24626
579	24627
579	24628
579	24630
579	24634
24512	24513
24544	24545
24544	24546
24545	24546
24556	24557
24584	24585
24597	33137
24597	33138
24597	33139
33137	33138
33137	33139
33138	33139
