10518	15531
15531	19868
15531	25593
15531	25595
15531	25601
15531	25629
15531	25841
15531	34342
15531	34443
15531	34444
15531	34445
15531	34446
15531	34447
15531	34448
15531	34449
15531	34450
15531	34452
15531	34453
15531	34454
15531	34455
15531	34456
15531	34457
15531	34458
15531	34461
15531	34463
15531	34465
15531	34466
15531	34467
15531	34468
15531	34470
15531	34472
15531	34473
15531	34474
15531	34475
15531	34476
15531	34477
15531	34478
15531	34479
15531	34480
15531	34481
15531	34482
15531	34483
15531	34484
15531	34485
15531	34486
15531	34488
15531	34489
15531	34491
15531	34492
15531	34493
25570	25571
25570	25572
25570	25639
25570	34503
25570	34504
25570	34505
25571	25572
25571	26052
25571	26110
25571	26111
25587	25637
25587	25836
25587	34339
25587	34340
25587	34341
25587	34342
25637	25638
25637	25639
25637	34342
25637	34350
25638	25639
25639	34503
25639	34504
25835	25836
25835	34368
25835	34369
25835	34508
25835	34509
25835	34510
25836	34339
25836	34340
25836	34341
25836	34369
25836	34508
25836	34509
25836	34510
25836	34511
25836	34512
25841	34447
25841	34463
26052	26063
26052	26110
26052	26111
26110	26111
34339	34340
34340	34341
34342	34489
34342	34531
34342	34543
34342	34544
34350	34554
34350	34555
34368	34369
34369	34510
34369	34512
34447	34463
34447	34475
34447	34476
34475	34476
34503	34504
34508	34509
34508	34510
34508	34511
34509	34510
34509	34511
34510	34512
34530	34531
34530	34532
34530	34533
34530	34534
34531	34532
34531	34533
34531	34534
34531	34535
34531	34536
34531	34537
34531	34538
34531	34539
34531	34540
34531	34541
34531	34542
34531	34543
34531	34544
34531	34545
34531	34546
34531	34547
34532	34533
34532	34534
34536	34537
34536	34538
34537	34538
34543	34544
34545	34550
34545	34551
34545	34552
34550	34551
34550	34552
34551	34552
