4481	5399
4481	5400
4481	5437
4481	5463
4481	7980
4481	28966
5399	5400
13558	13559
13558	13560
13559	13560
13560	28963
13560	28964
13560	28965
13560	28966
13560	28967
28963	28964
28963	28965
28963	28966
28963	28967
28964	28965
28964	28966
28964	28967
28964	28968
28964	28969
28964	28970
28964	28971
28964	28972
28964	28973
28964	28974
28964	28975
28964	28976
28964	28977
28964	28978
28964	28979
28964	28980
28964	28981
28964	28982
28965	28966
28965	28967
28965	28968
28965	28969
28965	28970
28965	28971
28965	28972
28965	28973
28965	28974
28965	28975
28965	28976
28965	28977
28965	28978
28965	28979
28965	28980
28965	28981
28965	28982
28966	28967
28968	28972
28968	28975
28968	28977
28968	28982
28969	28970
28969	28971
28970	28971
28972	28975
28973	28974
28976	28978
28976	28979
28976	28980
28976	28981
28978	28979
28979	28980
28979	28981
28980	28981
