1	459
2	12406
3	12408
4	12410
5	12445
6	12447
7	12455
8	12458
9	12462
10	12472
11	12479
12	12492
13	12496
14	12500
15	12501
16	12505
17	12520
18	12529
19	12532
20	12540
21	12541
22	12546
23	12547
24	12551
25	12553
26	12561
27	12565
28	12567
29	12568
30	12577
31	12578
32	12592
33	12616
34	12617
35	12619
36	12625
37	12626
38	12628
39	12640
40	12648
41	12650
42	12655
43	12658
44	12662
45	12675
46	12676
47	12688
48	12696
49	12701
50	12702
51	12703
52	12705
53	12709
54	12716
55	12718
56	12720
57	12726
58	12727
59	12729
60	12735
61	12736
62	12738
63	12740
64	12749
65	12750
66	12752
67	12764
68	12765
69	12766
70	12779
71	12782
72	12784
73	12785
74	12786
75	12795
76	12797
77	12801
78	12802
79	12804
80	12808
81	12810
82	12811
83	12812
84	12814
85	12823
86	12829
87	12830
88	12833
89	12834
90	12840
91	12841
92	12850
93	12852
94	12853
95	12854
96	12858
97	12860
98	12861
99	12864
100	12869
101	12872
