459	12406
459	12408
459	12410
459	12445
459	12447
459	12455
459	12458
459	12462
459	12472
459	12479
459	12492
459	12496
459	12500
459	12501
459	12505
459	12520
459	12529
459	12532
459	12540
459	12541
459	12546
459	12547
459	12551
459	12553
459	12561
459	12565
459	12567
459	12568
459	12577
459	12578
459	12592
459	12616
459	12617
459	12619
459	12625
459	12626
459	12628
459	12640
459	12648
459	12650
459	12655
459	12658
459	12662
459	12675
459	12676
459	12688
459	12696
459	12701
459	12702
459	12703
459	12705
459	12709
459	12716
459	12718
459	12720
459	12726
459	12727
459	12729
459	12735
459	12736
459	12738
459	12740
459	12749
459	12750
459	12752
459	12764
459	12765
459	12766
459	12779
459	12782
459	12784
459	12785
459	12786
459	12795
459	12797
459	12801
459	12802
459	12804
459	12808
459	12810
459	12811
459	12812
459	12814
459	12823
459	12829
459	12830
459	12833
459	12834
459	12840
459	12841
459	12850
459	12852
459	12853
459	12854
459	12858
459	12860
459	12861
459	12864
459	12869
459	12872
12640	12829
12702	12703
