66	917
67	7367
68	10419
69	10427
70	10433
71	10434
72	10435
73	10447
74	10451
75	10454
76	10461
77	10463
78	10468
79	10469
80	10474
81	10479
82	10481
83	10489
84	10490
85	10492
86	10493
87	10495
88	10496
89	10500
90	10501
91	10505
92	10507
93	10508
94	10510
95	10511
96	10516
97	10523
98	10524
99	10525
100	10540
101	10544
102	10546
103	10547
104	10551
105	10555
106	10559
107	10560
108	10562
109	10563
110	10564
111	10571
112	10573
113	10579
114	10581
115	10588
116	10590
117	10596
118	10597
119	10598
120	10606
121	10607
122	10609
123	10610
124	10611
125	10612
126	10613
127	10614
128	10624
129	10625
130	10626
131	10630
132	10632
133	10633
134	10635
135	10639
136	10644
