917	7367
917	10419
917	10427
917	10433
917	10434
917	10435
917	10447
917	10451
917	10454
917	10461
917	10463
917	10468
917	10469
917	10474
917	10479
917	10481
917	10489
917	10490
917	10492
917	10493
917	10495
917	10496
917	10500
917	10501
917	10505
917	10507
917	10508
917	10510
917	10511
917	10516
917	10523
917	10524
917	10525
917	10540
917	10544
917	10546
917	10547
917	10551
917	10555
917	10559
917	10560
917	10562
917	10563
917	10564
917	10571
917	10573
917	10579
917	10581
917	10588
917	10590
917	10596
917	10597
917	10598
917	10606
917	10607
917	10609
917	10610
917	10611
917	10612
917	10613
917	10614
917	10624
917	10625
917	10626
917	10630
917	10632
917	10633
917	10635
917	10639
917	10644
10434	10435
10469	10614
10495	10511
10524	10525
10596	10597
10609	10610
10609	10611
10610	10611
