0	121
1	4493
2	4509
3	4510
4	4514
5	4515
6	4516
7	4518
8	4519
9	4520
10	4521
11	4523
12	4524
13	4526
14	4527
15	4529
16	4530
17	4532
18	4533
19	4535
20	4536
21	4537
22	4538
23	4539
24	4540
25	4541
26	4543
27	4544
28	4545
29	4546
30	4548
31	4549
32	4550
33	4551
34	4555
35	4556
36	4558
37	4560
38	4561
39	4563
40	4564
41	4565
42	4566
43	4568
44	4569
45	4570
46	4571
47	4572
48	4573
49	4574
50	4576
51	4578
52	4579
53	4580
54	4581
55	4582
56	4583
57	4584
58	4585
59	4586
60	4587
61	4591
62	24200
63	24201
64	24206
65	24207
66	24208
67	24209
68	24210
69	24211
70	24212
71	24213
72	24214
73	24215
74	24216
75	24217
76	24218
77	24219
78	24220
79	24221
80	24222
81	24223
82	24224
83	24225
84	24226
85	24227
86	24228
87	24229
88	24230
89	24231
90	24232
91	24233
92	24234
93	24235
94	24236
95	24237
96	24238
97	24239
98	26721
99	26722
