0	1
0	2
0	3
0	4
0	5
0	6
0	7
0	8
0	9
0	10
0	11
0	12
0	13
0	14
0	15
0	16
0	17
0	18
0	19
0	20
0	21
0	22
0	23
0	24
0	25
0	26
0	27
0	28
0	29
0	30
0	31
0	32
0	33
0	34
0	35
0	36
0	37
0	38
0	39
0	40
0	41
0	42
0	43
0	44
0	45
0	46
0	47
0	48
0	49
0	50
0	51
0	52
0	53
0	54
0	55
0	56
0	57
0	58
0	59
0	60
0	61
4	62
4	63
11	61
11	64
11	65
11	66
11	67
11	68
11	69
12	64
12	65
12	66
12	67
12	70
12	71
12	72
12	73
12	74
12	75
12	76
12	77
17	78
17	79
17	80
17	81
21	82
21	83
21	84
22	56
22	57
25	85
25	86
25	87
25	88
25	89
25	90
25	91
26	30
26	92
26	93
26	94
29	95
29	96
29	97
31	32
54	55
56	57
64	65
64	66
64	67
64	68
64	69
64	73
64	74
65	66
65	67
65	73
65	74
66	67
66	73
66	74
67	73
67	74
67	92
67	98
67	99
68	69
70	71
70	72
71	72
73	74
75	76
75	77
76	77
78	79
78	80
78	81
79	80
79	81
82	83
82	84
83	84
85	86
85	87
85	88
85	89
85	90
85	91
86	87
86	88
89	90
89	91
90	91
92	93
92	94
92	98
92	99
93	94
95	96
95	97
96	97
98	99
