639	4768
640	18155
641	18185
642	18191
643	18243
644	18463
645	18465
646	18468
647	18470
648	18471
649	18473
650	18474
651	18475
652	18480
653	18482
654	18483
655	18484
656	18485
657	18486
658	18487
659	18489
660	18490
661	18491
662	18493
663	18497
664	18498
665	18499
666	18500
667	18501
668	18502
669	18503
670	18504
671	18507
672	18508
673	18509
674	18511
675	18512
676	18513
677	18515
678	18517
679	18518
680	18527
681	18528
682	18532
683	18533
684	18538
685	18539
686	18542
687	18543
688	18545
689	18546
690	18547
691	18548
692	18153
693	18154
694	18193
695	29815
