4768	18155
4768	18185
4768	18191
4768	18243
4768	18463
4768	18465
4768	18468
4768	18470
4768	18471
4768	18473
4768	18474
4768	18475
4768	18480
4768	18482
4768	18483
4768	18484
4768	18485
4768	18486
4768	18487
4768	18489
4768	18490
4768	18491
4768	18493
4768	18497
4768	18498
4768	18499
4768	18500
4768	18501
4768	18502
4768	18503
4768	18504
4768	18507
4768	18508
4768	18509
4768	18511
4768	18512
4768	18513
4768	18515
4768	18517
4768	18518
4768	18527
4768	18528
4768	18532
4768	18533
4768	18538
4768	18539
4768	18542
4768	18543
4768	18545
4768	18546
4768	18547
4768	18548
18153	18154
18153	18155
18154	18155
18154	18193
18155	18193
18463	18471
18463	18493
18463	18528
18463	18546
18463	18547
18463	29815
18471	29815
18489	18490
18489	18491
18490	18491
18499	18500
18499	18501
18499	18502
18500	18501
18500	18502
18501	18502
18509	18545
18546	18547
