0	1
0	2
0	3
0	4
0	5
0	6
0	7
0	8
0	9
0	10
0	11
0	12
0	13
0	14
0	15
0	16
0	17
0	18
0	19
0	20
0	21
0	22
0	23
0	24
0	25
0	26
0	27
0	28
0	29
0	30
0	31
0	32
0	33
0	34
0	35
0	36
0	37
0	38
0	39
0	40
0	41
0	42
0	43
0	44
0	45
0	46
0	47
0	48
0	49
0	50
0	51
0	52
0	53
0	54
0	55
0	56
0	57
0	58
0	59
0	60
0	61
0	62
0	63
0	64
0	65
0	66
0	67
0	68
0	69
0	70
0	71
0	72
0	73
0	74
0	75
0	76
0	77
0	78
0	79
0	80
0	81
0	82
0	83
0	84
0	85
0	86
0	87
0	88
0	89
0	90
0	91
0	92
0	93
0	94
0	95
0	96
0	97
0	98
0	99
0	100
0	101
0	102
0	103
0	104
0	105
0	106
0	107
0	108
0	109
0	110
0	111
0	112
0	113
0	114
0	115
0	116
0	117
0	118
0	119
0	120
1	5
1	82
1	83
1	90
1	121
1	122
1	123
2	124
2	125
2	126
6	127
6	128
13	129
13	130
13	131
13	132
13	133
13	134
13	135
22	33
22	79
22	80
22	136
22	137
22	138
22	139
24	25
24	26
25	26
25	47
32	33
34	38
40	140
40	141
59	142
59	143
59	144
61	62
61	63
62	63
65	91
65	105
75	76
75	77
76	77
79	80
82	83
82	90
83	145
91	105
101	146
101	147
101	148
118	119
121	122
121	123
122	123
124	125
124	126
125	126
127	128
129	130
129	131
130	131
130	132
131	149
131	150
131	151
133	134
133	135
134	135
136	137
136	138
137	138
140	141
140	152
140	153
142	143
142	144
143	144
146	147
146	148
147	148
149	150
149	151
149	154
150	151
150	154
151	154
