2222	13011
2222	19708
2222	19710
2222	19711
2222	19713
2222	19714
2222	19715
2222	19716
2222	19717
2222	19724
2222	19726
2222	19727
2222	19728
2222	19731
2222	19733
2222	19734
2222	19735
2222	19737
2222	19738
13011	19739
13011	19740
13011	19741
13011	19743
13011	19744
13011	19745
19739	19740
19739	19741
19739	19742
19740	19741
19740	19742
19740	19743
19740	19744
19740	19745
19740	19784
19740	19785
19740	19786
19741	19742
19741	19743
19741	19745
19742	19743
19742	19744
19743	19744
19743	19745
19743	19784
19743	19785
19743	19786
19743	28137
19743	28138
19743	28139
19784	19785
19784	19786
19785	19786
28137	28138
28137	28139
28138	28139
