0	185
1	8197
2	8202
3	8203
4	8204
5	8207
6	8213
7	8214
8	8216
9	8219
10	8220
11	8222
12	8223
13	8228
14	8229
15	8233
16	8234
17	8235
18	8237
19	8239
20	8240
21	8241
22	8242
23	8243
24	8247
25	8251
26	8253
27	8254
28	8255
29	8256
30	8257
31	8259
32	8260
33	8261
34	8262
35	8263
36	8264
37	8265
38	8268
39	8269
40	8270
41	8271
42	8274
43	8275
44	8278
45	8279
46	8280
47	8281
48	8283
49	8284
50	8285
51	8286
52	8289
53	8290
54	8293
55	8294
56	8295
57	8296
58	24965
59	24971
60	24972
61	24973
62	24974
63	27022
