10890	10893
10891	10892
10891	10896
10864	10870
10864	10872
10870	10890
10866	10890
10866	10893
10872	10880
10892	10896
10867	10890
10867	10884
10867	10875
10867	10879
10868	10891
10868	10892
10868	10875
10868	10896
10869	10880
10869	10878
10877	10882
10865	10895
10865	10881
10873	10874
10873	10894
10873	10889
10874	10894
10874	10876
10885	10893
10885	10889
10894	10898
10894	10902
10894	10903
10876	10877
10871	10879
10895	10896
10878	10880
10888	10898
10888	10903
10881	10895
10889	10901
10883	10884
10887	10897
10897	10899
10897	10900
10897	10901
10886	10887
10886	10897
10898	10902
10898	10903
10899	10900
10899	10901
10900	10901
10902	10903
