4880	10111
4881	11279
4882	12704
4883	14230
4884	16479
4885	11208
4886	14095
4887	14291
4888	21671
4889	11278
4890	13050
4891	14458
4892	11495
4893	14533
4894	29232
4895	15614
4896	18666
4897	29580
4898	14134
4899	18445
4900	20138
4901	30680
4902	14292
4903	14328
4904	22149
4905	14522
4906	14523
4907	26607
4908	34473
4909	20626
4910	21041
4911	21670
4912	26319
4913	14934
4914	25093
4915	17708
4916	17127
4917	17128
4918	17143
4919	19299
4920	23521
4921	28032
4922	29239
4923	17243
4924	23948
4925	33016
4926	31998
4927	32416
4928	26294
4929	33421
4930	34737
4931	37767
4932	21016
4933	21017
4934	24783
4935	22150
4936	22151
4937	25051
4938	25514
4939	35016
4940	39292
4941	39293
4942	33876
4943	35038
4944	30767
4945	31999
4946	32000
4947	38231
4948	38232
4949	33283
4950	33284
4951	33285
4952	33571
4953	33874
4954	33875
