10111	11279
10111	12704
10111	14230
10111	16479
11208	14095
11208	14291
11208	21671
11278	11279
11278	13050
11279	14458
11495	14533
11495	29232
12704	16479
13050	15614
13050	18666
13050	29580
14095	14291
14095	21671
14134	14230
14230	18445
14230	20138
14230	30680
14291	14292
14291	20138
14291	21671
14328	18666
14328	22149
14522	14523
14522	26607
14522	34473
14523	20626
14523	21041
14533	21670
14533	26319
14533	29232
14934	25093
16479	17708
17127	17128
17127	17143
17127	19299
17127	23521
17127	28032
17127	29239
17143	17243
17143	19299
17143	23948
17708	28032
17708	33016
18445	31998
18445	32416
18666	22149
18666	26294
19299	33421
19299	34737
19299	37767
20626	23948
21016	21017
21016	24783
21016	30680
21670	21671
21670	26319
22149	22150
22149	22151
22150	22151
24783	25093
25051	30680
25514	33421
25514	35016
25514	37767
25514	39292
25514	39293
28032	33876
28032	35038
29580	30767
31998	31999
31998	32000
31998	38231
31998	38232
31999	32000
33283	33284
33283	33285
33283	33571
33284	33285
33284	33874
33284	33875
33284	33876
33421	34737
33421	37767
33874	33875
33874	33876
33875	33876
34737	37767
38231	38232
39292	39293
