14974	18053
14974	31815
18016	24757
18053	24757
18053	31815
18053	32054
18053	32055
18053	32056
18055	24757
18119	24757
24757	31794
24757	31795
24757	31807
24757	31814
24757	31821
24757	31822
24757	31835
24757	31837
24757	31854
24757	31858
24757	31859
24757	31874
24757	31920
24757	31936
24757	31963
24757	32054
24757	32055
24757	32056
24757	32105
24757	32106
24757	32107
24757	32108
24757	32109
24757	32110
24757	32111
24757	32112
24757	32113
24757	32114
31794	31795
31794	32109
32054	32055
32054	32056
32055	32056
32107	32108
