227	3046
228	7750
229	10135
230	21952
231	24015
232	24034
233	25238
234	25779
235	25780
236	25781
237	25784
238	25785
239	25790
240	25794
241	25795
242	25796
243	25797
244	25800
245	25805
246	25811
247	25812
248	25813
249	25816
250	25817
251	25818
252	25819
253	25820
254	25821
255	25822
256	25824
257	25825
258	25826
259	25827
260	25831
261	25832
262	25835
263	25836
264	25837
265	25838
266	25839
267	25840
268	25841
269	25842
270	25843
271	25844
272	25845
273	25848
274	25849
275	25850
276	25851
277	10136
278	24033
