3046	7750
3046	10135
3046	21952
3046	24015
3046	24034
3046	25238
3046	25779
3046	25780
3046	25781
3046	25784
3046	25785
3046	25790
3046	25794
3046	25795
3046	25796
3046	25797
3046	25800
3046	25805
3046	25811
3046	25812
3046	25813
3046	25816
3046	25817
3046	25818
3046	25819
3046	25820
3046	25821
3046	25822
3046	25824
3046	25825
3046	25826
3046	25827
3046	25831
3046	25832
3046	25835
3046	25836
3046	25837
3046	25838
3046	25839
3046	25840
3046	25841
3046	25842
3046	25843
3046	25844
3046	25845
3046	25848
3046	25849
3046	25850
3046	25851
10135	10136
24015	24033
24015	24034
24033	24034
25238	25796
25238	25797
25780	25781
25796	25797
25818	25841
25822	25848
25842	25843
25842	25844
25843	25844
