227	5350
228	8783
229	27820
230	32424
231	32425
232	32426
233	32427
234	32428
235	32429
236	32430
237	32431
238	32432
239	32433
240	32434
241	32435
242	32436
243	32437
244	32438
245	32439
246	32440
247	32441
248	32442
249	32443
250	32444
251	32445
252	32446
253	32447
254	32448
255	32449
256	32450
257	32451
258	32452
259	32453
260	32454
261	32455
262	32456
263	32457
264	32458
265	32459
266	32460
267	32461
268	32462
269	32463
270	32464
271	32465
272	32466
273	32467
274	32468
275	32469
276	32470
277	32471
278	32472
279	32473
280	32474
281	32475
282	32476
283	32477
284	32478
285	32479
286	32480
287	32481
288	32482
289	32483
290	32484
291	32485
292	32486
293	32487
294	32488
295	32489
296	32490
297	32491
298	32492
299	32493
300	32494
301	32495
302	32496
303	32497
304	32498
305	32499
306	32500
307	32501
308	32502
309	32503
310	32504
311	32505
312	32506
313	32507
314	32508
315	32509
316	32510
317	32511
318	32512
319	32513
320	32514
321	32515
322	32516
323	32517
324	32518
325	32519
326	32520
327	32521
328	32522
329	32523
330	32524
331	32525
332	32526
333	32527
334	32528
335	32529
336	32530
337	32531
338	32532
339	32533
340	32534
341	32535
342	32536
343	32537
344	32538
345	32539
346	32540
347	32541
348	32542
349	32543
350	32544
351	32545
352	32546
353	32547
354	32548
355	32549
356	32550
357	32551
358	32552
359	32553
360	32554
361	32555
362	32556
363	32557
364	32558
365	32559
366	32560
367	32561
368	32562
369	32563
370	32564
371	32565
372	32566
373	32567
374	32568
375	32569
376	32570
