5350	8783
5350	27820
5350	32424
5350	32425
5350	32426
5350	32427
5350	32428
5350	32429
5350	32430
5350	32431
5350	32432
5350	32433
5350	32434
5350	32435
5350	32436
5350	32437
5350	32438
5350	32439
5350	32440
5350	32441
5350	32442
5350	32443
5350	32444
5350	32445
5350	32446
5350	32447
5350	32448
5350	32449
5350	32450
5350	32451
5350	32452
5350	32453
5350	32454
5350	32455
5350	32456
5350	32457
5350	32458
5350	32459
5350	32460
5350	32461
5350	32462
5350	32463
5350	32464
5350	32465
5350	32466
5350	32467
5350	32468
5350	32469
5350	32470
5350	32471
5350	32472
5350	32473
5350	32474
5350	32475
5350	32476
5350	32477
5350	32478
5350	32479
5350	32480
5350	32481
5350	32482
5350	32483
5350	32484
5350	32485
5350	32486
5350	32487
5350	32488
5350	32489
5350	32490
5350	32491
5350	32492
5350	32493
5350	32494
5350	32495
5350	32496
5350	32497
5350	32498
5350	32499
5350	32500
5350	32501
5350	32502
5350	32503
5350	32504
5350	32505
5350	32506
5350	32507
5350	32508
5350	32509
5350	32510
5350	32511
5350	32512
5350	32513
5350	32514
5350	32515
5350	32516
5350	32517
5350	32518
5350	32519
5350	32520
5350	32521
5350	32522
5350	32523
5350	32524
5350	32525
5350	32526
5350	32527
5350	32528
5350	32529
5350	32530
5350	32531
5350	32532
5350	32533
5350	32534
5350	32535
5350	32536
5350	32537
5350	32538
5350	32539
5350	32540
5350	32541
5350	32542
5350	32543
5350	32544
5350	32545
5350	32546
5350	32547
5350	32548
5350	32549
5350	32550
5350	32551
5350	32552
5350	32553
5350	32554
5350	32555
5350	32556
5350	32557
5350	32558
5350	32559
5350	32560
5350	32561
5350	32562
5350	32563
5350	32564
5350	32565
5350	32566
5350	32567
5350	32568
5350	32569
5350	32570
32470	32471
32470	32472
32470	32473
32471	32472
32471	32473
32472	32473
