1
1
1
1
1
1
1
1
1
1
1
1
1
1
1
1
1
1
1
1
1
1
1
1
1
1
1
1
1
1
1
1
1
1
1
1
1
1
1
1
1
1
1
1
1
1
1
1
1
1
1
1
1
34
1
1
1
1
1
1
1
1
1
1
1
1
1
1
1
1
366
1
11
22
1
1
37
1
1
1
1
1
1
1
1
1
1
1
1
1
1
367
1
1
184
1
1
1
1
1
1
1
1
1
1
1
1
1
1
41
1
1
1
1
1
1
368
280
191
1
1
1
51
1
1
1
1
1
1
1
1
1
1
1
1
120
1
1
42
1
1
369
1
1
1
1
1
2
2
2
1
1
1
1
1
1
1
1
1
1
1
1
1
25
1
1
1
1
1
1
1
1
1
1
1
1
370
77
1
1
371
50
1
1
3
3
1
58
372
1
1
1
1
1
1
1
1
373
374
95
1
1
4
4
4
3
1
149
1
1
1
1
5
5
1
1
1
1
1
83
1
1
1
1
1
1
1
1
1
143
1
1
375
1
1
1
1
1
1
1
1
376
1
1
1
1
98
195
1
1
1
1
1
63
130
1
1
1
1
1
6
208
1
1
1
1
1
1
1
1
1
1
1
377
1
13
216
1
378
1
1
88
1
72
1
1
1
49
1
1
44
1
47
1
1
349
1
1
1
183
1
240
1
1
86
379
1
1
1
238
1
1
1
1
1
15
1
75
1
197
380
1
1
1
1
1
1
24
1
1
1
1
1
1
1
381
1
1
1
114
382
1
1
1
1
1
383
384
1
80
1
1
1
1
1
10
1
1
1
1
8
1
1
1
218
1
39
1
1
1
1
1
1
214
1
1
385
1
1
1
1
1
337
1
1
1
1
1
1
1
1
1
1
1
1
1
386
1
1
1
23
1
1
1
14
1
168
174
387
1
1
1
1
1
388
12
1
1
1
1
1
1
7
1
1
1
1
1
389
1
1
1
1
1
1
1
1
1
1
1
1
1
1
1
1
1
26
1
1
1
1
94
141
1
1
390
1
1
1
1
1
1
1
1
1
1
1
1
1
1
1
1
1
1
104
1
1
1
1
1
73
1
1
1
1
1
1
1
132
1
16
1
305
1
1
1
1
1
1
320
231
187
1
1
138
1
391
1
1
392
1
1
1
1
1
1
1
1
1
1
1
1
1
1
347
1
1
1
1
1
1
1
1
239
1
1
1
1
1
1
1
1
1
1
1
1
1
71
1
1
1
1
1
1
1
1
393
1
1
7
1
1
1
1
1
1
1
1
1
1
1
1
1
1
1
1
1
1
1
1
1
1
1
1
70
1
1
1
1
1
1
1
1
1
1
1
1
394
1
1
8
1
1
1
69
1
1
395
1
1
1
1
1
1
1
1
1
1
1
1
396
1
1
1
1
1
169
1
1
1
397
1
1
9
1
1
1
1
1
1
1
1
1
1
179
1
1
10
1
1
1
236
1
1
1
8
8
1
1
1
137
1
1
1
1
1
1
1
1
1
1
1
1
1
45
324
1
1
29
1
1
1
201
1
1
1
1
1
1
1
1
1
1
1
1
1
1
11
1
398
1
1
1
1
1
97
1
1
1
1
1
265
18
1
54
1
1
1
1
1
1
1
1
1
1
1
1
1
1
1
1
1
1
1
1
203
1
85
1
1
1
1
1
1
1
1
1
210
1
1
1
1
1
1
1
1
1
1
1
1
1
1
1
1
1
1
1
1
1
1
1
399
1
1
1
1
1
1
1
1
1
1
1
1
1
1
1
1
1
1
1
1
1
1
1
1
1
1
1
1
1
1
1
1
1
1
1
1
1
1
1
1
1
110
1
112
296
1
1
1
111
1
1
1
400
1
1
1
401
1
1
108
172
1
1
1
1
402
135
1
1
1
1
1
1
1
131
403
404
119
405
1
1
1
1
1
1
1
1
1
1
1
298
1
1
1
1
1
1
406
1
407
1
1
1
306
1
408
258
1
1
1
254
1
1
309
1
1
409
1
1
1
1
1
1
262
1
1
1
1
1
1
1
1
12
1
1
1
1
1
1
1
1
1
1
129
1
1
1
1
1
1
1
1
1
1
1
1
1
1
1
165
1
1
1
1
1
249
1
1
1
1
1
1
1
1
1
1
1
1
1
1
1
62
1
1
1
1
1
1
1
300
1
1
1
1
330
1
1
1
1
1
1
1
1
1
1
1
1
1
1
61
1
1
1
1
1
1
1
1
1
1
1
1
1
1
1
106
1
1
1
1
1
1
1
1
1
1
1
1
1
1
1
1
1
148
1
1
1
1
1
1
1
1
1
1
1
1
1
1
1
1
1
1
1
1
1
1
1
1
1
1
1
1
1
1
1
1
1
1
1
1
1
1
1
1
1
1
1
1
332
1
1
1
1
1
1
1
410
1
101
1
1
1
1
1
1
1
1
1
1
1
287
1
1
1
1
1
1
1
1
1
1
1
1
1
1
1
1
1
200
411
1
1
1
1
1
1
1
1
1
1
1
1
1
1
1
1
1
1
1
1
1
1
1
116
1
412
1
1
1
1
1
1
1
1
1
1
1
1
1
1
1
181
1
1
1
1
1
1
1
1
1
1
13
1
36
1
1
1
1
1
1
1
1
1
1
1
1
1
1
1
1
1
1
1
1
1
1
1
1
140
14
1
1
1
1
1
1
1
84
1
1
1
1
1
1
1
1
1
1
1
1
362
224
1
1
1
1
1
1
1
15
217
318
1
16
17
1
413
1
1
1
1
1
1
1
1
1
1
1
1
1
1
1
1
1
1
1
1
1
1
1
1
18
1
1
1
1
1
1
1
1
1
1
1
1
1
1
1
1
1
1
1
1
1
1
1
1
1
1
1
1
1
1
1
1
1
1
1
6
1
1
1
1
154
244
1
1
1
1
414
1
1
19
19
20
1
1
1
1
1
1
1
1
1
1
1
21
1
1
1
1
1
1
1
1
1
1
1
1
1
22
1
1
1
1
1
1
1
23
1
1
1
1
1
1
1
1
1
1
1
1
1
1
1
1
1
1
1
415
1
1
1
1
1
1
1
1
1
1
1
1
1
1
1
1
1
1
1
1
1
1
24
1
1
160
1
1
1
1
1
1
1
1
1
1
1
1
1
1
1
1
1
1
128
1
1
1
1
1
1
1
1
1
1
1
1
25
1
1
1
1
1
1
1
1
1
1
416
26
1
1
1
1
1
1
1
1
1
1
1
1
1
23
23
1
1
1
1
1
1
1
1
1
1
170
242
1
1
166
1
1
1
1
1
27
1
1
1
1
1
1
1
1
1
1
1
1
96
1
1
1
1
1
1
1
1
1
1
1
1
118
1
1
1
1
1
1
227
1
1
1
1
1
1
1
1
1
1
1
1
1
1
1
1
311
417
1
1
1
1
1
1
1
1
1
1
1
28
1
1
1
1
1
1
1
1
1
1
1
1
1
1
1
1
1
1
1
1
1
1
1
1
1
1
1
1
1
1
1
1
1
1
1
1
1
1
1
1
1
1
1
1
1
1
1
1
1
1
1
1
1
1
1
1
1
1
1
1
1
1
1
1
1
1
1
1
1
1
1
1
1
1
1
1
1
1
418
1
1
1
1
1
1
1
1
1
1
1
1
1
1
1
1
1
29
1
1
1
1
1
1
1
1
1
1
18
29
1
1
1
1
1
1
1
1
1
30
1
1
1
1
1
1
1
1
22
1
11
1
1
1
1
1
1
1
1
40
1
1
1
1
1
31
1
1
1
32
1
33
1
1
1
1
1
1
1
1
1
419
1
420
421
1
1
422
423
1
1
1
1
1
1
1
1
1
1
1
1
1
1
1
1
1
1
1
1
1
1
1
1
424
425
1
1
1
359
1
1
175
1
1
1
34
1
1
1
1
35
34
34
1
34
1
1
1
34
1
1
1
34
1
1
1
1
1
6
1
1
1
1
1
1
1
1
1
1
1
1
1
1
1
1
1
1
1
1
1
1
1
1
1
1
1
1
1
243
1
1
1
1
1
1
1
1
1
1
1
1
36
1
1
1
1
1
1
1
1
1
1
1
1
1
1
1
1
1
1
1
1
64
1
1
1
426
1
1
1
1
1
1
1
1
1
1
1
1
1
37
37
37
1
1
1
1
1
1
1
37
37
1
37
1
37
37
1
1
1
1
1
1
1
37
1
1
38
38
38
38
39
1
1
37
40
105
1
1
37
37
38
1
1
1
1
1
1
1
1
1
1
1
41
1
1
1
37
1
1
1
1
1
1
1
1
38
38
1
1
1
34
1
1
1
1
1
1
1
1
1
1
1
1
1
1
1
1
1
1
1
1
1
1
1
38
1
38
1
1
1
1
1
1
1
1
1
1
1
38
38
38
1
1
1
1
1
1
1
1
1
427
1
1
1
1
1
1
1
42
1
1
1
350
1
1
1
1
1
1
1
1
1
1
1
1
1
1
1
43
1
1
1
1
226
1
1
1
1
1
1
1
1
1
1
1
1
1
1
1
1
1
1
44
1
1
1
1
1
1
1
1
45
1
1
1
1
1
1
1
1
1
1
1
1
1
1
1
1
1
1
1
428
1
1
1
65
1
1
1
1
67
1
1
1
46
1
1
1
1
1
1
1
47
1
1
1
1
1
192
1
1
1
1
1
99
1
1
1
1
1
1
1
1
358
1
1
1
1
1
1
1
1
429
1
1
1
1
1
1
1
1
1
1
1
1
1
1
1
48
1
1
1
1
161
1
1
1
1
1
1
1
190
1
1
1
1
1
49
1
1
1
1
1
1
1
102
1
1
430
1
1
1
1
1
1
1
1
1
1
1
1
1
1
1
1
1
431
1
1
1
1
1
1
1
1
1
1
1
1
1
1
1
1
1
1
1
1
1
1
1
1
1
1
1
1
246
1
1
1
1
1
1
1
1
1
1
1
1
432
1
1
1
1
295
126
1
1
1
1
1
1
1
1
433
1
1
1
1
1
1
1
1
1
1
1
1
50
1
1
1
1
1
1
1
1
1
1
1
434
1
1
1
1
1
1
1
1
1
1
1
1
1
1
1
1
1
1
1
1
1
1
1
1
1
1
1
1
1
1
1
1
1
1
1
1
1
1
1
1
51
1
1
52
1
53
1
1
1
1
54
1
1
1
1
1
1
22
1
1
1
1
1
1
1
1
1
1
435
1
1
1
1
1
1
1
436
1
1
1
1
437
1
1
1
1
1
1
1
1
1
1
1
1
1
1
1
1
438
1
1
1
1
127
439
1
1
1
1
1
1
1
1
1
1
1
1
1
1
1
1
1
1
1
1
1
1
440
55
1
1
1
56
1
1
1
1
1
1
1
57
1
1
1
1
1
1
1
58
58
58
1
58
59
1
1
1
1
1
58
1
58
60
1
1
1
134
58
58
1
1
1
58
1
1
1
1
441
1
1
1
1
1
1
1
1
1
1
1
1
1
1
1
1
1
1
1
1
1
1
1
1
1
1
1
1
1
1
1
1
1
1
1
1
1
1
1
1
1
1
1
442
1
1
1
1
1
1
1
1
1
1
61
1
1
1
1
1
1
1
1
1
1
1
1
1
1
1
1
68
1
1
1
1
1
1
1
1
1
1
1
1
1
1
1
1
1
1
1
1
1
1
1
344
62
1
1
1
1
1
1
1
1
1
1
1
1
1
1
1
1
1
1
1
1
1
1
1
1
1
1
1
1
1
1
1
1
1
1
1
1
1
1
1
1
1
1
1
1
1
1
1
1
1
1
1
1
1
1
1
1
1
1
1
1
1
1
1
1
1
1
62
1
1
1
1
1
1
63
1
443
1
1
1
1
1
1
1
1
1
1
64
1
1
1
1
1
1
1
1
1
1
1
1
1
1
1
1
1
1
1
1
1
1
1
1
1
1
1
1
1
1
1
1
1
1
1
1
1
1
1
1
1
1
1
1
1
1
1
1
1
1
1
1
1
1
1
1
1
1
1
1
1
1
1
1
1
444
1
1
1
1
1
1
1
1
1
1
1
1
1
1
1
1
1
1
1
1
1
1
1
1
1
1
1
1
1
1
1
1
1
1
1
1
1
1
1
1
1
1
1
1
1
1
1
1
1
1
1
1
1
1
1
1
1
1
1
1
1
1
1
1
1
1
1
1
1
1
1
1
1
1
1
1
1
1
1
1
1
1
1
1
1
1
1
1
65
1
1
1
1
1
1
1
1
1
1
1
1
1
1
1
1
1
1
1
1
1
1
1
1
1
1
1
1
1
1
1
1
1
1
1
1
1
1
1
1
1
1
1
1
1
66
1
1
1
1
1
1
1
1
1
1
1
1
1
1
1
1
1
1
1
1
1
1
1
1
1
67
67
1
1
1
1
1
1
1
1
1
1
1
1
1
1
1
1
1
1
1
1
1
1
1
1
1
1
1
1
1
1
1
1
1
1
1
1
1
1
1
1
1
1
1
1
1
1
1
1
1
1
68
1
1
1
1
1
1
1
1
1
1
1
1
1
1
1
1
1
1
1
69
1
335
1
1
1
1
1
1
1
1
1
1
1
1
1
1
1
1
1
1
70
1
1
1
1
1
71
1
1
1
1
1
1
1
2
1
1
1
1
1
1
72
1
1
1
1
1
1
1
1
1
1
1
1
1
1
1
348
1
1
1
1
1
1
1
1
1
1
1
1
1
1
1
1
1
1
1
1
1
1
1
1
1
1
1
1
1
1
1
1
1
1
1
1
1
1
1
1
1
1
1
1
124
125
1
1
1
1
1
1
1
1
1
1
1
1
1
1
1
1
1
1
1
1
1
1
1
1
1
63
73
1
1
1
1
1
1
1
1
1
1
1
1
1
1
1
1
1
1
1
1
1
1
1
1
1
1
1
1
1
1
1
1
1
1
74
1
1
1
1
1
1
1
1
1
1
1
109
1
1
1
1
1
1
1
75
1
1
1
1
1
75
1
1
1
1
1
1
1
1
1
1
1
1
1
1
1
1
1
1
1
1
1
1
1
1
1
1
1
1
1
1
1
1
1
1
1
1
68
1
1
1
1
1
1
1
1
1
1
1
1
1
1
1
1
1
1
1
1
1
1
1
1
1
1
1
1
1
1
1
1
1
1
1
1
1
1
1
1
1
1
1
1
1
1
1
1
1
1
1
1
1
1
1
1
1
1
1
1
1
1
1
1
1
1
139
1
1
1
1
1
1
1
1
1
1
1
1
1
1
1
1
1
1
1
1
1
1
1
1
1
1
50
1
1
1
1
1
1
1
1
50
1
1
1
1
1
1
1
1
1
1
1
1
1
1
1
1
1
1
1
259
1
1
1
1
1
1
3
1
1
1
1
1
1
3
1
1
3
76
1
1
1
1
1
1
1
1
1
1
1
1
219
1
1
1
1
1
1
1
1
1
1
1
1
1
1
1
1
1
1
1
1
1
1
1
1
1
1
1
121
31
1
1
1
1
1
1
1
1
1
1
1
445
1
1
1
1
1
26
1
1
1
1
1
1
1
1
1
1
271
1
1
1
1
1
1
1
1
1
294
1
1
1
1
1
1
1
1
1
1
1
1
1
1
1
1
1
1
1
1
1
1
1
1
1
1
1
77
446
1
1
1
1
1
1
1
1
360
1
1
1
1
1
1
1
1
1
1
1
1
1
1
1
1
1
1
1
1
1
1
1
1
1
1
1
1
1
1
1
1
1
1
1
1
1
1
1
1
1
1
1
1
1
1
1
1
1
1
1
1
1
1
1
1
1
1
1
1
1
1
1
1
1
1
1
1
78
1
1
1
1
1
1
1
1
1
1
1
1
1
79
1
1
1
1
1
1
1
1
1
1
1
1
1
1
1
1
1
1
1
1
1
1
1
1
1
1
1
1
1
1
1
1
1
1
80
1
1
1
1
1
1
1
1
1
1
1
1
1
1
1
1
1
1
1
1
1
1
1
1
1
1
1
1
1
1
1
1
11
1
1
1
1
11
1
1
1
1
11
81
1
11
1
1
1
1
1
11
1
11
11
11
1
1
1
1
1
82
11
11
11
1
1
11
11
1
1
1
1
1
1
1
1
1
1
1
1
1
1
1
1
1
1
1
1
1
1
1
1
1
1
1
1
1
1
1
1
1
1
1
1
1
1
1
1
1
1
1
1
1
1
1
1
1
1
1
1
1
1
1
1
1
1
1
1
1
1
1
1
1
1
1
1
1
1
1
1
1
1
1
1
1
1
1
1
447
1
1
1
1
1
1
1
1
1
87
1
1
1
1
1
1
1
1
1
1
1
1
1
1
1
1
1
1
1
1
1
1
1
1
1
1
1
1
1
1
1
1
1
1
1
1
1
1
1
1
1
1
1
1
1
1
1
1
1
1
1
1
1
1
1
1
1
1
1
1
1
1
1
1
1
1
1
1
1
1
1
1
1
1
1
1
1
1
1
1
1
1
1
1
83
1
1
1
1
1
1
1
1
1
1
1
1
1
1
1
1
1
1
1
1
1
1
1
1
1
1
1
1
1
1
1
1
1
1
1
1
1
1
1
1
1
1
1
448
1
1
1
1
449
1
1
1
1
1
1
1
1
1
1
1
1
1
1
1
1
1
1
1
1
1
1
1
1
1
1
1
1
1
1
1
1
1
1
1
1
1
1
1
1
1
1
1
1
1
1
1
1
1
1
1
1
1
450
1
93
1
1
1
1
1
1
1
1
451
1
1
1
1
1
1
1
1
1
1
1
1
1
1
1
70
70
1
1
1
1
1
74
1
1
1
1
1
1
1
1
1
1
1
1
1
1
1
1
1
1
1
1
1
1
1
1
1
1
1
1
1
1
1
1
1
1
1
1
1
1
1
1
1
1
1
1
1
1
1
1
1
1
1
1
1
1
1
1
1
1
1
1
1
1
1
1
84
1
1
1
1
1
1
1
1
1
1
1
1
1
1
1
1
1
1
1
1
1
1
1
1
1
1
1
1
1
1
1
1
1
1
113
1
1
1
1
1
1
1
1
1
1
1
1
1
1
1
1
1
1
1
1
1
1
1
1
1
1
1
1
1
1
1
1
1
1
1
85
1
1
86
1
1
1
1
1
1
1
1
1
1
1
1
1
1
1
1
86
86
86
1
1
1
1
1
1
1
1
1
1
1
1
1
1
1
1
1
1
1
85
1
1
1
1
1
87
1
1
1
1
1
1
1
66
1
1
1
1
1
1
1
1
1
1
257
1
1
215
1
1
1
1
1
1
1
1
1
1
1
1
1
1
1
32
1
1
1
1
1
1
1
1
1
1
1
1
1
1
1
1
1
1
1
1
343
1
1
1
1
1
1
1
1
1
88
88
88
1
1
1
1
1
1
88
88
88
88
1
1
1
1
1
1
1
1
1
88
88
88
1
1
1
88
88
88
1
1
1
1
1
89
89
88
88
1
1
1
1
1
1
1
1
1
1
1
1
1
1
1
1
1
1
1
1
1
1
1
1
1
1
1
1
1
1
1
1
1
1
1
1
1
1
1
1
1
1
1
1
1
1
1
1
1
1
1
1
1
1
1
1
1
1
1
1
1
1
1
1
1
1
1
1
1
1
1
1
1
1
1
1
1
452
1
1
1
1
1
1
1
1
1
1
1
297
1
1
91
1
1
1
1
1
1
1
1
1
1
1
1
90
90
1
1
1
1
1
1
1
1
1
1
1
1
1
1
453
1
91
336
1
1
1
1
1
1
1
1
1
1
1
1
1
1
1
1
1
1
1
1
1
1
1
1
1
1
1
1
1
1
1
1
1
1
1
1
1
1
1
1
1
1
1
1
1
1
1
1
1
1
1
1
1
1
1
1
1
1
1
1
1
1
1
1
1
1
1
1
1
1
1
92
1
1
1
1
1
1
1
1
1
1
1
66
93
1
1
1
1
1
1
1
1
1
1
1
1
1
1
1
1
1
333
1
1
1
1
1
1
1
1
1
1
1
1
1
1
1
1
1
454
1
93
455
1
1
1
1
1
1
1
1
1
1
1
1
1
1
1
1
1
1
1
1
1
456
1
1
1
1
1
1
1
94
1
1
1
1
1
1
1
1
1
1
1
1
1
1
1
1
1
1
1
1
1
1
1
1
1
1
1
1
1
1
1
1
1
1
1
1
1
1
1
1
1
1
1
1
1
1
1
1
1
1
1
1
1
1
1
1
1
1
1
1
1
37
1
1
1
37
1
1
1
37
1
1
1
37
1
1
37
37
37
1
1
37
37
1
1
1
457
1
1
1
1
1
1
1
1
1
95
1
1
1
1
1
96
1
1
1
1
1
256
1
97
1
1
1
1
1
1
1
1
1
98
1
1
1
1
1
99
1
1
1
83
1
1
1
1
1
1
1
1
1
1
1
1
1
1
1
83
1
100
1
1
1
1
1
1
1
1
1
1
1
1
1
1
1
1
1
1
1
458
1
1
1
1
1
1
1
1
1
1
1
1
1
1
1
1
1
1
1
1
1
1
1
1
1
1
1
1
1
1
1
1
1
1
1
1
1
1
1
1
1
1
1
340
1
1
1
1
101
101
102
1
1
1
1
1
1
1
1
1
1
1
1
1
1
1
1
1
1
1
1
1
1
45
103
1
1
1
102
102
1
1
1
1
1
1
1
1
1
1
1
1
1
1
1
1
1
1
1
1
102
1
1
1
1
1
102
1
1
1
1
1
1
1
1
102
1
1
104
1
1
1
1
1
1
1
1
1
1
1
1
1
1
1
1
1
1
1
1
1
1
1
1
1
1
1
1
102
102
1
1
1
1
1
1
1
1
1
1
1
1
1
1
97
1
1
1
1
1
1
1
1
1
1
1
102
1
1
1
1
1
105
1
1
1
1
1
1
1
1
1
1
1
1
1
1
1
1
1
1
1
1
1
1
1
1
1
1
1
1
1
1
1
1
1
1
1
1
1
1
1
1
1
1
1
1
1
1
1
1
1
1
1
1
1
1
1
1
1
1
1
1
1
1
1
1
1
1
1
1
1
1
1
1
1
1
1
1
106
1
1
1
1
1
1
1
1
1
1
1
1
1
1
1
1
1
1
1
1
1
1
1
1
1
1
1
1
1
107
1
1
1
1
1
1
1
1
1
1
1
1
1
1
1
108
1
1
1
1
1
1
1
1
1
1
1
1
1
1
1
1
1
1
1
1
1
1
1
109
1
1
1
85
1
1
110
1
1
1
1
1
1
1
1
1
1
1
1
1
1
1
1
1
1
1
1
1
1
1
1
1
1
1
1
1
1
1
1
1
1
1
1
1
1
1
1
1
1
1
1
1
1
1
1
1
1
1
1
1
1
1
1
1
1
1
1
1
1
1
1
1
1
1
1
1
1
1
1
1
1
1
1
1
1
1
1
1
1
1
1
1
1
1
1
1
1
1
1
1
1
1
1
1
1
1
1
1
1
1
1
1
1
1
1
1
1
1
1
1
1
1
1
1
1
1
1
1
1
1
1
1
1
94
1
1
1
1
1
1
1
1
1
1
1
1
1
1
1
1
1
1
1
1
1
106
106
1
1
1
111
1
1
1
1
1
1
1
1
1
1
1
1
112
1
1
1
1
1
1
1
1
1
1
1
1
1
1
1
1
1
1
1
1
1
1
1
1
1
1
1
1
1
1
1
1
1
1
1
1
1
1
1
1
1
1
1
1
1
1
1
1
1
1
1
1
109
1
1
1
1
1
1
1
1
1
1
113
1
1
1
1
1
1
1
1
1
1
1
109
1
51
1
1
1
1
1
1
109
114
1
1
1
1
1
1
1
1
1
1
115
109
1
1
1
1
1
1
1
1
1
1
1
1
1
1
1
1
1
1
1
1
1
1
1
1
1
1
1
1
1
1
1
1
1
1
1
1
1
1
1
51
24
24
1
1
1
1
1
51
1
1
1
1
1
1
1
1
1
116
1
1
22
1
1
1
117
1
1
1
1
1
1
1
1
1
1
1
1
1
1
1
1
1
1
1
1
118
1
119
1
1
24
1
117
117
117
1
1
1
1
24
24
1
1
1
1
120
1
1
102
1
1
1
1
1
1
1
1
1
1
1
1
1
1
1
121
1
1
1
1
1
1
1
1
1
1
1
1
1
1
1
1
1
1
1
1
1
1
1
1
1
1
1
1
1
1
1
1
1
1
1
1
1
1
1
1
40
1
1
1
1
1
1
1
1
122
1
1
1
40
1
1
1
1
1
1
1
1
1
1
1
1
1
1
1
1
1
1
1
1
1
1
1
1
1
1
1
1
1
1
1
1
1
1
1
1
1
1
1
1
1
1
1
1
1
1
1
1
1
1
1
1
1
1
1
1
1
1
1
1
1
1
1
1
1
1
1
1
1
1
1
1
1
1
1
1
1
1
1
1
1
1
1
1
1
1
1
1
1
1
1
1
1
1
1
1
1
1
1
1
1
1
1
1
1
1
1
1
1
1
1
1
1
1
1
1
1
1
1
1
1
1
1
1
459
1
1
1
1
1
1
1
1
1
123
1
124
1
1
1
1
1
1
1
1
1
1
72
1
1
1
1
1
460
1
124
124
1
1
1
1
1
1
1
1
1
1
1
1
1
1
1
1
1
1
1
1
1
1
1
1
1
1
1
1
1
1
1
1
1
1
1
1
1
1
1
1
1
1
1
1
1
1
124
124
1
1
1
1
1
1
1
1
1
1
1
1
1
1
1
1
1
1
1
1
72
1
1
1
461
1
1
1
1
1
125
1
1
1
1
1
1
1
1
1
1
1
1
1
1
1
1
1
1
1
1
1
1
1
1
345
1
1
1
1
1
1
1
1
1
1
1
1
1
1
1
1
1
1
1
1
1
1
1
1
1
1
1
1
1
1
1
1
1
1
1
1
1
1
1
1
1
1
1
1
1
1
1
1
32
126
1
1
1
1
1
1
1
1
1
1
1
1
1
1
1
1
1
1
1
1
1
1
1
1
1
1
1
1
1
127
1
1
1
1
1
1
1
1
1
1
1
1
1
1
1
1
1
1
1
1
1
1
1
1
1
1
1
1
1
1
1
1
1
1
1
1
1
1
1
128
1
1
1
1
1
129
1
1
1
1
1
1
1
1
1
1
1
1
1
1
1
1
1
1
1
1
1
1
1
1
1
1
1
1
1
1
1
1
1
1
1
1
1
1
1
1
1
1
1
1
1
1
1
1
1
1
1
130
1
1
1
1
1
1
1
1
1
1
1
1
1
1
1
131
1
1
1
1
1
1
1
1
1
1
1
1
1
132
132
1
1
1
1
1
1
133
1
1
1
1
1
1
1
1
1
1
1
1
1
1
1
1
1
1
1
1
1
1
1
1
1
1
1
1
1
1
1
1
1
1
1
1
1
1
1
1
1
1
1
134
1
1
1
1
1
1
1
1
1
1
1
1
1
1
1
1
1
1
1
1
1
1
1
1
1
1
1
1
1
1
1
1
1
1
1
1
1
1
1
1
1
1
1
127
1
1
1
1
1
1
1
1
1
1
1
1
1
1
135
1
1
1
1
1
1
135
135
1
1
1
1
1
1
1
1
1
1
1
1
1
1
1
1
1
1
1
1
1
1
1
1
1
1
1
1
1
1
1
1
1
1
1
1
1
1
1
1
1
1
1
1
1
1
1
1
1
1
1
1
1
1
1
1
1
1
1
1
1
1
1
1
1
1
1
1
1
1
1
1
1
1
1
1
1
1
1
135
1
1
136
137
1
1
1
1
1
1
1
1
1
1
1
1
1
1
1
1
1
1
1
138
1
1
1
1
1
1
1
1
1
1
1
1
1
1
1
1
139
139
1
1
1
1
1
1
1
1
1
1
1
1
140
1
1
1
1
1
1
1
1
1
1
1
1
1
1
141
1
1
1
1
1
1
1
1
1
1
1
1
1
1
1
1
1
1
1
1
1
1
1
1
1
1
1
1
1
1
1
1
1
142
1
1
1
1
1
1
1
1
1
1
1
1
1
1
1
1
1
1
1
1
1
1
1
1
1
1
1
1
1
1
1
1
1
1
1
1
1
1
1
1
1
1
1
1
1
143
1
1
1
1
1
1
1
1
1
1
1
1
1
1
1
1
1
1
1
1
1
1
1
1
1
1
1
1
1
1
1
1
62
1
1
1
1
1
1
1
1
1
1
1
1
1
1
1
1
1
1
1
1
1
1
1
1
1
1
1
1
1
1
1
1
1
1
1
1
1
22
105
1
1
1
1
1
1
1
1
1
1
1
1
1
1
1
1
1
1
144
51
1
1
1
1
1
1
1
1
1
1
1
1
1
1
1
1
1
1
1
1
1
1
1
1
1
1
1
1
1
1
1
1
1
1
1
1
1
1
1
1
1
1
1
1
1
1
1
1
1
1
1
1
1
1
1
1
1
1
1
145
146
1
1
462
1
1
1
1
1
1
1
1
1
1
1
1
1
1
1
147
1
1
1
1
1
1
1
1
1
1
1
1
1
1
1
1
1
1
1
1
1
1
1
1
1
1
1
1
1
1
1
1
1
1
1
1
1
1
1
1
1
1
1
1
1
1
1
1
1
1
1
1
1
1
1
1
1
1
1
1
1
1
1
1
1
1
1
1
1
1
105
1
1
1
1
1
1
1
1
1
1
1
1
1
1
1
1
1
1
1
1
1
1
1
1
1
1
1
1
1
1
1
148
148
1
1
1
1
1
1
1
1
1
1
1
1
1
1
1
1
1
1
1
1
1
1
1
1
148
148
1
1
1
1
1
1
1
1
1
1
149
1
1
1
1
1
1
1
1
1
1
1
1
1
1
1
1
1
1
1
1
1
1
1
1
1
150
150
150
1
1
1
1
1
1
1
1
120
120
120
1
151
1
1
152
120
1
1
120
1
1
1
1
1
1
1
1
51
1
153
1
1
1
1
1
1
1
1
1
1
1
1
1
1
1
154
1
1
1
1
1
1
1
154
1
1
1
1
1
1
154
1
1
1
155
1
154
1
156
154
1
157
1
1
158
158
186
1
1
1
104
1
1
1
1
1
1
1
104
1
1
1
1
1
1
1
1
159
1
159
159
1
1
104
1
1
1
1
1
1
1
1
1
1
104
1
1
1
1
1
1
1
1
1
1
1
1
1
62
1
1
62
62
1
1
62
1
62
1
1
1
1
1
1
1
160
160
160
1
1
1
44
161
1
1
1
1
1
1
1
1
1
1
1
1
1
1
1
73
1
1
1
1
1
1
1
1
1
1
1
1
1
1
1
1
1
1
1
1
1
1
1
1
1
1
1
1
1
1
1
1
1
1
1
1
1
1
1
1
1
1
1
1
1
1
1
1
1
1
1
1
1
1
1
1
1
1
1
1
1
1
1
1
1
1
1
1
1
1
1
162
1
1
1
1
1
1
1
1
1
1
1
1
1
1
1
1
1
1
1
1
1
1
1
1
1
1
1
1
1
1
1
163
1
1
164
1
1
1
1
1
1
1
1
1
1
1
1
1
1
1
1
1
1
1
1
1
1
1
1
1
1
1
1
1
1
1
1
1
1
1
1
1
1
165
1
1
166
1
1
1
1
167
1
1
1
1
1
1
1
1
1
1
168
1
1
1
1
1
1
1
1
1
1
1
1
1
1
1
1
1
1
1
1
1
1
1
1
1
1
1
1
1
1
1
1
1
1
1
1
1
1
1
1
1
1
1
1
1
1
1
1
1
1
1
1
1
1
1
1
1
1
1
1
1
1
1
1
87
1
1
1
1
1
1
1
1
1
1
1
1
1
1
1
1
1
1
1
141
1
1
1
1
1
1
1
169
169
1
1
1
1
1
1
1
1
1
1
1
1
1
1
170
1
1
1
1
1
1
1
1
1
1
1
1
1
1
1
1
1
1
1
1
1
1
1
1
1
1
1
1
1
1
1
1
1
1
1
1
171
1
1
1
1
1
51
1
1
1
1
1
1
1
1
1
1
1
1
1
172
1
1
173
1
1
1
172
1
1
1
1
1
1
1
1
1
1
1
1
1
1
1
174
1
1
1
1
1
1
1
1
1
1
1
1
175
1
1
1
24
1
1
1
1
1
1
1
1
1
1
1
1
1
1
1
1
1
1
1
1
1
1
1
22
22
1
22
1
22
22
22
22
1
22
22
22
22
22
1
1
22
1
22
176
22
1
1
1
1
1
1
1
1
1
1
1
1
1
1
1
1
1
1
1
1
1
1
94
1
1
1
1
1
1
1
1
1
1
1
1
1
1
1
1
1
1
1
1
1
1
1
1
1
1
1
1
1
1
1
1
1
1
1
1
1
1
1
1
1
94
1
1
1
177
178
1
1
1
1
1
1
1
1
1
1
1
1
1
179
1
1
1
1
1
1
1
94
1
1
1
1
1
1
1
1
1
1
1
1
1
1
1
1
1
1
1
1
1
1
1
1
1
1
1
1
1
1
1
1
180
181
1
1
1
1
1
1
1
1
97
1
1
1
1
1
1
1
1
1
1
1
1
1
1
1
1
1
1
1
1
1
1
1
1
1
97
1
1
1
1
1
1
1
1
1
1
1
102
1
1
182
1
1
1
1
1
1
1
1
1
102
1
1
1
1
142
142
142
1
1
1
1
1
1
1
1
1
1
1
1
183
1
1
1
1
1
142
142
142
1
1
1
1
1
1
1
1
1
1
302
1
1
184
1
1
1
1
1
1
1
1
1
1
1
1
1
1
1
1
1
1
1
1
1
1
1
1
1
1
1
1
1
1
1
1
1
1
1
1
1
1
1
1
1
1
1
1
1
1
1
1
1
1
1
1
185
1
1
1
1
1
1
1
105
1
1
1
1
1
1
1
1
1
1
1
1
1
1
1
1
1
1
1
1
1
1
1
1
1
1
1
1
1
1
1
1
1
1
1
1
1
1
186
186
186
186
186
186
186
186
186
186
186
186
186
186
186
186
186
186
186
186
186
186
186
186
186
186
186
186
186
186
186
186
186
186
186
186
186
186
186
186
186
186
186
186
186
186
186
186
186
186
186
186
186
186
186
186
186
186
186
186
186
186
186
186
186
186
186
186
186
186
186
186
186
186
186
186
186
186
186
186
186
186
186
186
186
186
186
186
186
186
186
186
186
186
186
186
186
186
186
1
1
1
1
1
1
1
1
1
1
1
1
1
1
1
1
1
1
1
1
1
1
1
1
1
1
1
1
1
1
1
1
1
1
1
1
1
1
1
1
1
1
1
1
1
1
1
1
1
1
1
1
1
1
1
1
1
1
1
1
1
1
1
1
1
1
1
18
1
1
1
1
1
1
1
1
1
1
1
1
1
1
1
1
1
1
1
1
1
1
1
1
1
1
1
1
1
1
1
1
1
1
1
1
102
1
1
1
1
1
1
1
1
1
1
187
1
1
1
1
1
1
1
1
1
1
1
1
1
1
1
102
1
187
1
1
187
1
1
1
1
1
1
1
1
1
1
1
1
1
1
1
1
1
1
1
1
1
1
1
1
1
1
41
1
1
118
1
1
1
1
1
1
1
118
1
1
118
1
1
1
1
1
1
1
1
1
1
1
1
1
1
1
1
1
1
1
1
1
1
1
1
1
1
1
1
1
1
1
1
1
1
1
1
1
1
1
1
1
1
1
1
1
1
1
1
1
1
1
1
1
1
1
1
1
1
1
1
1
1
1
1
1
1
1
1
1
1
1
1
1
1
1
1
1
1
1
1
1
1
1
1
1
1
1
51
51
1
51
1
51
51
51
51
1
1
51
1
1
51
1
51
1
1
1
1
51
51
51
1
51
1
1
51
1
51
1
51
51
51
1
1
1
1
51
51
51
51
51
51
51
51
51
1
1
51
1
51
51
51
188
51
51
51
51
1
51
1
51
1
51
51
189
51
51
1
51
51
51
51
51
1
109
1
1
1
1
1
1
1
24
1
1
1
1
1
1
1
1
1
1
1
1
1
1
1
1
1
1
1
1
1
1
1
1
1
1
1
1
1
1
1
1
1
1
1
1
1
1
1
1
1
1
1
1
1
1
1
1
1
1
1
1
1
1
1
1
1
1
1
1
1
1
1
1
1
1
1
1
1
1
1
1
1
1
1
1
1
190
190
1
1
1
1
1
191
1
1
1
1
1
1
192
192
192
1
1
1
1
109
1
1
1
1
1
1
1
1
1
1
1
1
1
1
1
1
1
1
1
1
1
1
1
1
1
1
1
1
1
1
1
1
1
1
1
1
1
1
1
1
1
1
1
1
1
1
1
1
1
1
12
1
1
1
1
1
1
1
1
1
1
1
1
1
1
1
12
1
1
1
1
1
1
1
1
1
1
1
1
1
1
1
1
1
1
1
1
1
1
1
1
1
1
1
1
1
1
1
1
1
1
16
1
1
1
1
1
1
1
1
1
1
1
1
1
19
19
1
1
1
1
1
1
1
1
1
1
1
1
1
1
1
16
1
1
1
1
193
1
1
194
1
1
1
1
1
1
1
1
1
1
1
1
1
1
1
1
1
195
196
1
1
1
1
1
1
1
1
1
1
1
1
1
1
1
1
1
1
1
1
1
1
1
1
1
1
1
1
1
1
1
1
1
1
1
197
197
1
197
197
1
1
1
1
197
197
1
1
1
1
197
197
197
197
197
197
197
197
1
1
1
1
1
1
1
1
1
1
1
1
1
1
1
1
1
1
1
1
1
1
1
1
1
1
1
1
1
1
1
1
1
1
1
1
1
1
1
1
1
1
1
1
1
1
1
1
141
141
141
141
141
141
141
141
141
1
141
141
141
141
141
141
1
1
141
141
141
1
141
1
141
1
141
141
198
1
1
1
141
141
1
141
141
141
199
1
1
1
1
1
1
1
1
1
1
1
1
1
1
1
1
1
1
1
1
1
1
1
1
1
1
1
1
1
1
1
1
1
1
1
1
1
1
1
1
1
1
1
1
1
1
1
1
1
1
1
1
1
1
1
1
1
1
1
1
1
1
1
1
1
166
1
6
1
1
1
6
1
1
1
1
1
1
1
1
1
1
1
1
1
1
1
1
1
1
1
200
200
200
1
1
1
1
1
1
1
1
201
1
1
200
1
1
1
1
1
1
1
1
1
1
1
1
1
1
1
1
1
1
1
1
1
1
1
1
1
1
1
1
1
1
1
1
1
1
1
1
1
1
1
1
1
1
1
1
1
1
15
1
1
1
1
1
15
1
1
1
1
1
1
1
1
202
202
1
1
1
1
1
1
1
1
203
1
1
1
1
203
203
203
1
1
1
1
1
1
1
1
203
1
1
203
1
1
203
1
203
203
203
1
203
1
1
204
205
1
203
97
1
97
97
97
206
97
97
1
1
97
97
97
97
1
97
1
1
1
97
97
97
1
97
97
97
1
1
97
97
1
97
97
207
97
97
97
1
1
97
1
1
97
1
1
1
1
1
1
1
1
1
1
1
1
1
1
1
168
168
1
1
1
1
1
1
1
1
1
1
26
1
1
1
1
1
1
1
1
1
1
1
1
1
1
1
1
26
26
1
1
1
1
1
1
1
26
1
1
1
1
1
1
1
1
1
1
1
1
1
1
1
1
1
1
1
1
1
1
1
1
1
1
1
1
1
1
1
1
1
1
1
1
1
1
1
1
1
1
1
1
1
1
1
1
1
1
1
1
1
1
1
1
1
1
1
1
1
1
1
1
1
1
1
1
1
1
1
1
1
1
1
1
1
1
1
1
1
1
1
1
1
1
1
1
1
1
1
1
1
1
1
1
1
1
1
1
1
1
1
1
1
1
1
1
1
1
1
1
1
1
1
1
1
1
1
1
25
1
1
1
1
1
1
1
1
1
1
1
1
1
1
1
208
1
1
1
1
209
1
1
1
1
1
1
1
1
208
1
1
1
1
1
1
1
1
1
1
1
1
1
1
1
1
1
1
1
1
1
1
1
1
210
1
1
1
1
1
1
1
1
1
149
1
1
1
1
1
1
1
1
1
1
1
1
211
211
212
1
1
1
213
213
213
1
1
1
1
1
1
1
1
1
1
1
1
1
1
1
1
1
1
1
1
1
1
1
1
1
1
1
1
1
1
1
1
1
1
1
1
1
1
1
1
1
1
1
25
25
1
1
25
1
1
1
1
1
1
1
1
1
1
208
1
208
1
1
1
1
1
1
1
1
1
1
1
1
1
1
1
1
1
1
1
1
1
1
1
1
1
1
1
1
1
1
1
1
1
1
1
1
1
1
1
1
1
1
1
1
1
1
1
1
1
1
1
1
1
1
1
1
1
1
1
1
1
1
1
1
1
1
1
1
1
1
13
13
13
13
13
1
13
1
13
13
1
1
1
13
13
13
1
13
13
1
13
13
1
13
13
13
13
13
1
1
13
13
13
13
13
1
13
13
13
1
1
1
1
1
1
1
1
214
1
1
1
1
1
1
1
301
1
1
1
19
19
1
19
1
1
1
19
19
1
19
1
19
19
19
19
1
1
1
1
1
19
1
19
19
19
19
19
19
1
1
19
19
19
1
19
19
1
19
1
19
19
19
19
1
19
19
1
1
19
19
19
1
19
1
19
19
1
1
19
19
1
1
1
19
19
1
19
19
19
19
1
19
19
1
1
19
19
19
19
19
19
19
19
19
19
19
19
1
19
19
19
19
19
19
19
1
19
19
19
19
1
19
1
1
1
1
1
1
1
1
44
1
44
44
1
1
1
1
1
1
1
1
44
44
44
1
44
44
1
1
44
44
44
1
1
1
44
44
1
44
1
1
1
44
44
44
44
1
1
1
1
1
1
1
1
1
1
1
1
1
45
45
45
45
1
45
45
45
1
45
45
45
45
45
1
45
45
1
45
1
1
45
1
1
45
1
45
1
45
1
1
1
1
1
1
1
1
1
1
1
1
1
1
1
1
1
1
215
102
1
1
1
215
1
1
1
1
1
1
1
1
1
1
1
1
215
1
1
1
1
1
1
1
1
1
1
216
1
1
1
1
1
1
1
36
216
216
1
1
1
216
1
1
1
1
1
36
1
1
1
1
1
1
1
1
1
1
1
1
1
1
1
1
216
217
1
1
1
1
1
1
1
1
1
216
1
1
1
1
1
36
1
1
36
216
1
1
1
216
1
1
1
1
1
1
216
1
1
216
218
1
1
219
1
1
1
1
1
1
1
1
1
1
1
114
1
1
1
1
1
1
1
1
1
1
1
1
1
1
149
149
149
149
149
149
149
149
149
149
149
149
1
149
149
149
149
149
149
149
149
149
149
149
149
149
95
95
220
95
1
1
221
1
95
222
1
1
1
1
1
1
1
1
1
1
1
1
1
1
1
1
1
1
1
1
1
1
1
1
1
1
1
1
1
1
1
1
1
1
1
1
1
1
1
1
1
1
223
1
134
134
134
1
1
1
1
1
1
166
1
1
1
1
1
1
1
1
1
1
1
1
1
1
1
1
1
1
1
1
1
1
1
1
1
1
1
1
1
1
1
1
1
1
1
1
1
1
1
1
1
1
1
1
1
1
1
1
1
1
1
1
1
1
1
1
217
1
1
1
1
1
1
1
1
1
1
1
1
1
1
1
1
1
1
1
1
1
1
1
1
1
1
1
1
1
1
1
1
1
1
1
1
1
1
1
1
1
1
1
1
1
36
1
1
1
1
1
1
1
224
1
225
1
1
1
31
1
1
1
1
1
1
1
1
1
1
1
1
1
1
1
1
1
1
1
1
1
1
1
1
1
1
216
1
1
1
1
1
1
1
1
1
1
1
1
1
1
1
1
1
1
1
1
1
1
1
226
1
1
1
1
219
227
1
1
1
1
1
1
219
1
1
36
1
1
1
228
1
1
1
1
1
1
1
1
1
1
1
1
1
1
1
1
1
1
1
219
139
224
1
1
1
1
1
1
1
1
1
1
229
1
1
1
1
1
1
1
1
1
1
1
1
1
1
1
1
219
219
1
1
1
1
1
1
1
1
1
1
1
1
1
216
1
1
1
227
1
230
1
1
1
1
1
1
1
1
231
1
1
1
1
1
1
1
1
1
1
1
1
1
1
1
1
1
1
1
1
1
1
1
1
1
1
1
1
232
1
1
1
1
1
1
1
1
1
1
1
1
1
1
1
233
1
1
219
1
1
1
1
1
1
1
1
1
1
219
1
1
1
1
219
1
1
1
1
1
234
1
1
1
1
1
1
1
1
1
1
1
1
1
1
1
1
1
1
1
235
1
1
1
1
1
1
1
1
1
168
1
1
1
1
1
1
1
1
1
1
1
1
1
1
1
1
1
1
1
1
1
1
1
1
1
1
1
1
1
1
1
1
1
236
1
1
1
1
1
1
1
1
1
1
139
1
1
1
1
1
139
139
139
1
1
1
1
1
1
139
1
139
209
1
1
1
1
1
1
1
1
1
1
1
1
1
1
1
1
1
1
1
216
1
1
1
216
1
1
1
1
1
1
1
1
1
1
1
1
1
1
1
1
1
1
1
1
1
1
1
1
1
1
1
1
1
1
1
1
1
1
1
1
1
1
1
1
1
1
1
1
1
1
1
1
1
1
1
1
1
1
1
1
1
1
1
1
1
1
1
1
1
1
1
1
1
1
1
1
1
1
1
1
1
1
1
1
1
1
1
1
1
1
1
1
1
1
1
1
1
1
1
1
1
1
1
1
1
1
1
1
1
1
1
1
1
1
1
1
1
1
237
1
1
1
1
1
1
1
1
1
1
1
1
1
1
1
1
1
1
238
1
1
1
1
1
1
1
1
1
1
1
1
1
1
1
1
1
1
1
1
1
1
1
1
1
1
239
239
29
1
1
1
1
1
1
1
1
1
1
1
1
1
1
1
1
1
1
1
1
1
1
1
1
1
1
191
1
1
1
191
191
191
191
1
191
1
1
1
1
1
1
1
1
1
1
1
240
240
1
241
1
1
1
1
1
1
1
1
1
1
1
1
1
1
1
1
1
1
1
1
1
1
1
1
1
1
1
1
1
1
1
1
1
1
1
242
242
242
118
1
1
1
1
1
1
124
124
1
1
1
1
1
1
1
1
1
1
1
1
1
1
31
1
1
1
1
1
1
1
1
1
1
1
1
1
1
1
201
1
1
1
1
1
1
1
1
1
1
1
1
1
1
1
1
1
1
1
1
148
148
1
1
1
243
243
243
1
243
1
148
1
1
1
1
1
1
1
1
1
1
1
1
1
1
1
1
1
244
1
1
1
1
244
244
1
1
245
244
244
1
1
1
1
1
1
1
1
1
1
1
1
1
1
1
1
1
1
1
1
1
1
1
1
1
1
1
1
246
1
1
1
1
1
1
1
1
1
1
1
1
1
1
1
1
1
1
1
32
1
1
1
134
1
1
1
1
1
1
1
1
1
1
1
1
1
1
1
1
1
1
1
1
1
1
1
1
1
1
1
1
1
1
1
1
1
1
1
1
1
1
1
1
1
1
1
1
1
1
1
1
1
1
1
1
1
1
1
1
1
1
1
1
1
1
1
1
1
1
1
1
1
1
1
1
1
1
1
1
1
1
1
1
1
1
1
1
1
1
1
1
18
1
18
1
18
1
18
18
18
18
18
18
18
18
1
1
1
1
1
1
18
1
18
1
18
1
1
18
18
1
18
18
247
1
1
1
1
1
1
1
1
1
1
1
1
1
1
1
1
1
1
1
1
1
1
1
1
1
1
1
1
1
1
1
1
1
1
1
1
1
1
1
1
1
1
1
1
1
1
1
1
1
1
1
1
1
1
1
1
1
1
1
1
1
1
1
1
1
1
1
1
1
1
1
1
1
1
1
1
1
1
1
248
1
249
1
1
1
249
1
1
1
250
249
1
249
249
249
249
1
249
1
1
1
1
1
148
148
1
1
251
148
148
148
148
148
148
148
148
1
1
1
1
1
1
1
1
1
1
1
1
1
1
1
1
1
1
1
1
1
1
1
1
1
1
1
1
1
1
1
121
1
1
1
1
1
1
1
1
1
252
166
1
1
1
1
1
1
253
1
1
1
1
1
1
101
101
101
101
1
1
1
1
101
101
101
1
1
1
1
1
1
1
1
1
1
1
1
1
1
1
1
1
1
1
1
1
1
1
1
1
1
1
1
54
1
1
1
1
1
1
1
1
1
1
1
1
1
1
1
254
1
1
1
1
1
1
1
1
1
1
1
1
1
1
1
1
109
1
1
1
1
1
1
1
1
1
1
1
1
1
1
1
1
1
255
1
256
257
1
1
1
1
1
1
1
1
1
1
1
1
1
1
1
1
1
1
1
1
1
256
1
1
1
1
1
1
1
1
1
1
1
1
1
1
1
1
1
1
1
254
1
1
1
1
1
258
1
1
1
1
1
259
1
1
1
1
1
1
1
1
1
1
1
1
1
1
1
1
1
254
254
1
1
1
1
1
1
1
1
1
1
1
1
1
1
1
1
1
1
1
1
1
1
1
1
1
1
94
1
1
1
54
54
1
1
1
1
260
1
1
1
261
1
1
1
1
1
1
1
1
1
1
254
1
1
1
1
1
1
1
1
1
1
1
257
258
258
1
1
254
258
1
1
258
258
258
258
1
1
1
1
1
1
1
1
1
1
1
1
1
1
1
1
1
1
1
1
1
1
1
1
1
1
1
1
197
1
1
1
1
1
1
1
1
1
1
1
1
1
1
1
1
1
1
1
1
109
1
1
1
1
1
1
1
1
1
1
1
1
1
258
258
258
1
1
1
1
1
1
1
1
1
102
1
1
1
1
1
1
262
1
1
1
1
1
254
1
1
1
1
1
1
1
1
1
1
1
1
1
1
1
1
1
1
1
1
1
1
1
1
1
1
1
1
1
1
1
1
1
1
1
1
263
1
1
1
1
1
1
264
1
1
1
1
1
1
1
1
1
1
1
1
1
1
1
1
1
1
1
1
1
1
1
1
1
1
1
1
1
1
1
1
1
1
1
1
265
265
265
265
1
265
265
265
265
265
1
265
1
1
1
1
1
1
1
1
1
1
1
1
1
1
1
1
1
1
1
1
1
1
1
104
104
104
1
1
1
1
1
1
1
1
1
1
1
1
1
1
1
1
1
1
1
1
1
1
1
1
1
1
1
1
1
1
1
1
1
1
1
1
1
1
1
1
1
1
1
1
1
1
1
1
1
1
1
1
1
1
1
1
1
1
1
1
1
1
1
1
1
1
1
1
1
1
1
1
1
1
1
1
1
1
1
1
1
1
1
1
1
1
1
1
1
1
1
1
1
1
1
1
1
1
1
266
1
1
1
1
1
1
1
1
1
1
1
1
1
1
1
1
1
1
463
1
1
1
1
464
1
1
1
1
1
1
1
6
6
6
6
6
1
1
1
1
1
1
1
1
1
1
1
1
1
1
1
51
1
1
1
14
1
1
14
1
1
1
1
1
1
1
1
1
1
14
1
1
1
1
1
1
1
1
1
1
14
14
14
1
1
1
1
1
1
1
1
14
1
1
1
1
1
1
1
14
1
1
1
1
1
1
1
1
1
1
1
1
1
1
1
1
1
1
1
1
1
1
1
1
1
1
1
1
1
1
1
14
14
1
1
1
1
1
1
1
1
1
1
1
1
1
1
1
1
1
1
1
1
1
210
1
1
1
1
1
1
1
1
1
1
1
1
14
1
1
1
1
1
1
257
1
1
1
1
1
1
1
1
1
1
1
1
1
1
1
1
1
1
1
1
1
1
1
1
1
1
1
1
1
1
1
1
1
6
6
6
6
6
1
6
6
6
6
1
1
1
1
1
1
1
1
1
1
1
1
1
1
1
1
1
1
1
1
1
1
1
1
1
1
1
1
1
1
1
1
1
1
1
1
1
1
1
1
267
1
1
1
1
1
1
1
1
1
1
1
1
1
1
1
1
1
1
1
1
1
1
1
1
1
1
1
1
1
1
1
1
1
1
1
1
1
1
1
1
1
1
1
1
1
1
1
1
1
1
1
1
1
1
1
1
1
1
1
1
1
1
1
1
68
1
1
1
1
1
1
1
1
1
1
39
1
1
1
1
1
1
1
1
1
1
1
1
1
1
1
1
1
1
1
1
1
1
1
1
1
1
1
1
1
1
1
1
1
1
1
1
1
1
1
1
1
1
1
1
1
1
1
1
1
1
1
1
268
1
1
1
1
1
1
1
1
1
1
1
1
1
1
1
1
1
1
1
1
1
1
1
1
1
1
1
1
1
1
1
1
1
141
1
1
1
1
1
29
1
1
1
1
1
1
1
1
1
1
1
1
1
1
1
1
1
1
1
227
1
1
227
1
1
1
1
1
219
1
1
1
1
1
1
1
1
1
1
1
1
32
1
1
10
1
1
1
1
68
1
1
1
1
1
1
1
1
1
1
1
1
1
1
1
1
1
1
1
1
1
1
1
1
1
227
1
1
1
1
227
1
1
1
1
1
1
1
1
1
1
1
1
1
1
1
1
1
8
1
1
1
1
1
1
1
1
1
1
1
1
1
1
1
1
1
1
1
1
1
1
1
1
1
1
1
1
1
1
1
1
1
1
1
1
1
1
1
1
1
1
1
1
1
1
1
1
1
1
1
1
1
1
1
1
1
1
1
1
1
1
1
1
1
1
1
1
1
1
1
1
1
1
1
1
1
1
1
1
1
1
1
1
1
1
1
1
1
1
1
1
1
1
1
1
269
1
1
1
1
1
1
1
1
1
1
1
1
1
1
1
1
1
1
1
1
1
1
270
1
1
1
1
1
1
1
1
1
1
1
1
1
1
1
1
1
1
1
1
1
1
1
1
1
271
1
1
1
1
1
47
1
1
1
1
1
1
1
1
1
1
1
1
1
1
1
1
1
1
1
1
1
1
1
1
1
1
1
1
1
1
272
465
1
1
272
272
1
1
1
1
273
273
1
1
1
1
1
1
1
1
1
1
1
1
1
1
1
1
1
1
1
1
1
1
1
1
1
1
1
1
1
1
1
1
1
1
1
1
1
1
1
1
1
1
1
1
1
1
1
274
274
274
1
1
1
275
275
275
275
1
1
276
1
277
277
277
1
1
272
278
278
279
279
1
273
1
1
1
1
1
1
1
1
1
1
1
1
1
1
1
1
1
1
1
1
1
1
1
1
1
1
1
1
1
1
1
1
1
1
1
1
280
280
280
280
280
281
280
280
1
280
280
280
282
280
280
280
1
280
1
280
280
1
99
99
99
99
283
283
283
99
99
99
99
1
99
284
99
99
99
99
99
99
285
99
99
99
1
1
1
1
1
1
1
1
1
1
1
1
1
1
1
1
1
1
1
1
1
86
1
1
1
1
1
86
86
1
1
1
1
1
1
1
1
1
1
1
1
1
1
47
1
1
47
47
1
1
47
1
47
1
47
1
1
1
1
47
1
1
47
47
1
47
1
286
1
1
1
1
1
1
1
1
287
287
287
287
1
1
1
1
1
1
1
1
1
1
288
1
1
1
1
1
1
1
1
1
1
1
1
1
1
1
1
1
1
1
1
1
1
1
1
1
1
1
1
1
26
1
1
1
1
1
1
1
1
1
1
1
1
1
1
1
1
1
1
1
1
1
1
1
1
1
1
1
1
1
1
1
1
1
1
1
1
1
1
1
1
1
1
1
1
1
1
1
1
1
1
1
1
41
1
41
1
1
1
1
1
1
41
1
41
41
41
289
41
41
41
41
41
41
41
41
41
41
41
41
1
41
41
41
41
290
41
41
41
41
41
41
41
41
41
41
41
291
41
41
1
1
1
1
1
292
67
67
1
1
1
1
1
1
1
1
1
1
1
1
1
1
1
1
1
1
1
1
1
1
1
1
1
1
1
1
1
1
1
1
1
1
1
1
1
1
1
1
1
1
1
1
1
1
1
1
1
271
1
1
1
1
1
1
1
1
1
1
1
1
1
1
1
1
1
1
1
1
1
1
1
1
1
1
1
1
1
1
1
1
1
1
1
1
1
1
1
1
1
1
1
1
1
1
1
1
1
1
1
1
1
1
1
1
1
1
1
1
1
1
1
1
1
1
1
1
1
1
1
1
1
1
1
1
1
1
1
1
1
1
1
1
1
1
1
1
1
1
1
1
1
1
1
1
1
1
1
1
1
1
1
1
1
1
19
1
1
1
1
1
1
1
1
1
1
1
1
1
1
1
1
1
1
1
200
1
1
1
1
1
1
1
1
1
1
1
1
246
1
1
1
1
1
1
1
1
1
1
1
1
1
1
1
1
1
1
1
1
1
1
1
1
1
1
1
1
1
1
1
1
1
1
1
1
1
1
1
1
1
1
1
1
1
1
1
1
1
1
1
1
1
293
1
1
1
1
1
1
1
1
1
1
294
1
1
1
1
1
1
1
1
1
1
1
1
1
1
1
1
1
1
1
1
1
1
1
1
1
1
1
1
1
1
1
1
1
1
1
1
1
1
1
1
1
166
1
1
1
1
1
1
1
1
1
1
1
1
1
1
1
1
1
1
1
1
1
1
1
1
1
1
1
1
1
1
1
1
1
1
1
1
1
1
1
1
1
1
1
1
1
1
1
1
1
1
1
1
1
1
1
1
1
1
1
1
1
1
1
1
1
1
1
1
1
1
1
1
1
1
1
1
1
1
1
1
1
1
1
1
1
1
1
1
1
295
1
1
1
1
1
1
1
1
1
1
1
1
1
166
1
61
61
1
1
1
296
1
1
1
1
1
1
1
1
1
1
1
1
1
1
1
1
112
1
1
1
1
1
1
1
1
1
1
1
1
1
1
1
1
1
1
108
1
1
1
1
1
1
1
1
1
1
1
1
1
1
1
1
1
1
1
1
1
1
1
1
1
1
1
1
1
1
1
1
1
1
1
1
1
1
1
1
1
1
1
1
1
1
1
1
1
1
1
109
1
1
1
1
1
1
1
1
1
1
1
1
1
295
295
295
1
295
1
1
1
1
1
1
1
1
297
1
1
1
1
1
1
1
112
112
1
1
1
1
1
1
1
1
1
1
1
112
1
1
1
1
1
1
1
1
1
1
1
1
1
1
1
1
1
1
112
1
1
1
1
1
1
1
1
1
1
1
1
106
1
1
1
1
1
1
1
298
1
299
1
1
1
1
1
1
1
1
1
1
1
1
1
1
1
1
1
1
1
1
1
1
1
1
1
1
1
1
298
1
1
1
1
1
1
1
1
1
1
300
1
1
1
112
1
1
1
1
1
1
1
1
1
1
1
299
301
1
1
1
1
1
1
1
1
300
1
1
1
1
1
1
1
1
1
1
1
1
1
1
1
1
1
1
1
1
1
1
1
1
1
1
1
1
1
1
1
1
1
1
1
66
1
1
302
1
1
1
1
1
1
1
1
1
1
1
1
1
1
1
1
1
66
1
1
66
1
1
1
106
1
1
1
1
1
1
1
1
61
61
1
1
1
166
166
1
1
1
1
1
1
1
1
1
303
1
1
1
1
1
1
1
1
106
1
1
1
1
1
1
1
51
51
1
1
1
1
1
1
1
1
1
1
1
1
1
1
1
1
1
1
1
1
1
1
1
1
1
1
1
1
1
1
1
1
1
1
1
1
1
1
1
1
1
1
1
1
1
1
166
1
1
1
1
1
1
1
1
298
1
1
1
1
1
1
1
1
1
1
1
1
1
1
1
1
1
1
1
1
1
1
1
1
1
1
1
1
1
1
1
1
1
1
1
1
1
1
1
1
1
1
1
1
1
1
1
1
1
1
1
1
1
1
1
1
1
1
1
1
1
1
1
1
1
1
1
1
1
1
1
1
1
1
1
1
1
1
1
1
1
1
1
1
1
1
1
1
1
1
1
1
1
1
1
1
1
1
1
1
1
1
1
1
1
1
1
1
1
1
1
1
1
1
1
1
1
1
1
1
1
1
1
1
1
1
1
1
1
1
1
1
1
1
1
1
1
1
1
1
1
1
1
1
1
1
1
1
1
1
1
1
1
1
1
1
1
304
304
304
1
1
1
1
1
1
305
305
1
1
1
1
1
1
1
1
1
1
1
1
1
1
1
1
1
1
1
1
1
1
1
1
306
1
1
1
1
1
1
1
1
1
1
1
1
1
1
1
1
1
1
1
1
1
1
1
1
1
121
1
1
1
1
1
1
1
1
1
1
1
1
1
1
1
1
1
1
307
1
1
1
1
1
1
1
1
1
136
1
1
1
197
1
1
1
1
1
1
1
1
1
1
1
1
308
308
1
1
1
1
1
1
1
1
1
1
309
309
310
310
1
311
1
1
1
1
1
1
1
1
1
1
1
1
1
1
1
1
1
1
1
243
243
1
1
1
1
1
1
1
1
1
1
1
1
1
1
1
1
131
1
131
131
1
1
1
1
1
1
1
1
1
1
1
1
1
1
1
1
1
1
243
243
1
1
1
1
1
1
1
1
1
1
1
1
1
1
1
1
1
1
1
1
1
1
1
1
1
1
1
1
1
1
1
1
1
1
1
1
1
1
1
243
170
1
1
1
1
1
1
1
1
1
1
1
1
243
1
1
1
1
1
1
1
1
1
1
1
1
1
1
1
1
1
1
1
1
1
1
1
1
1
1
1
1
1
1
1
1
1
1
1
1
1
1
1
1
1
1
1
306
312
1
313
1
126
126
126
126
1
1
1
1
1
1
1
1
1
1
1
1
1
1
1
1
1
1
1
1
1
1
1
1
1
1
1
1
1
1
1
1
1
1
1
1
1
1
1
1
1
1
1
1
1
1
1
1
1
1
1
1
1
1
1
1
1
1
1
1
1
1
1
1
1
1
1
1
1
1
1
1
1
1
1
1
1
1
1
1
1
1
1
1
1
1
1
1
1
1
1
1
1
1
1
1
314
314
1
1
1
1
1
1
1
1
1
1
1
1
1
1
1
1
1
1
1
1
1
1
1
1
1
1
1
1
1
1
1
1
1
1
1
1
1
1
1
1
1
1
1
1
1
1
1
1
1
1
1
1
1
1
1
1
1
1
1
1
1
1
1
1
1
1
1
1
1
1
1
1
1
1
1
1
1
1
1
1
1
1
105
1
1
1
1
1
1
1
1
1
1
1
1
1
1
1
1
1
1
1
1
1
1
1
1
1
1
1
1
1
1
1
1
1
1
1
1
1
1
1
1
1
1
1
1
1
1
1
1
1
1
1
1
1
1
1
1
1
1
1
1
1
1
1
1
1
1
1
1
1
1
1
1
1
1
1
1
1
1
1
1
1
1
1
1
1
1
1
1
1
1
1
1
1
1
1
1
1
1
1
1
1
1
1
1
1
1
1
1
1
1
1
1
1
1
1
1
1
1
1
1
1
105
105
105
315
105
1
1
105
105
105
105
1
105
105
105
105
1
1
105
1
316
105
1
105
105
105
105
105
105
1
105
105
105
105
105
105
105
105
105
105
105
1
1
1
1
105
105
105
105
105
1
1
1
105
105
105
105
105
1
1
1
1
1
1
1
1
1
1
1
1
1
1
1
1
1
1
1
1
1
1
1
1
1
312
1
1
1
1
317
1
1
1
1
85
85
1
312
85
1
1
1
1
1
1
1
1
1
1
1
1
1
1
1
312
312
1
1
1
312
1
1
1
1
1
1
85
1
1
1
1
85
85
1
1
85
1
1
1
1
1
1
1
1
1
1
1
1
1
1
1
1
1
1
1
1
1
1
1
1
1
1
1
1
1
1
1
1
1
1
1
1
1
1
1
1
1
1
1
1
1
1
1
1
1
1
1
1
1
1
1
1
1
1
1
1
1
1
1
1
1
1
1
1
1
1
1
1
1
1
1
1
1
1
1
1
1
1
1
215
1
318
1
1
1
1
1
1
1
1
1
1
1
1
1
1
1
1
1
1
1
1
1
1
1
1
1
1
1
1
1
319
1
1
1
1
1
1
1
1
1
1
1
1
1
1
1
1
320
1
1
1
1
1
321
1
1
1
1
1
1
1
1
1
1
1
210
1
1
1
1
1
1
1
1
1
1
1
1
1
1
1
1
1
1
1
1
1
1
1
1
1
1
1
1
1
1
1
1
1
1
1
1
1
1
1
1
1
1
1
1
1
1
1
1
1
1
1
1
1
1
1
1
1
1
1
1
1
1
1
1
1
1
1
1
1
1
1
1
1
1
1
1
1
1
322
323
1
324
324
324
325
323
1
324
324
324
326
324
324
1
1
1
324
323
324
324
324
324
324
1
324
324
1
1
215
1
1
1
1
1
1
215
1
1
1
1
215
1
1
1
1
1
1
1
1
1
1
1
1
1
1
1
1
1
1
1
1
1
1
1
1
1
1
1
1
1
1
1
1
1
1
1
1
1
1
1
1
1
1
1
1
1
1
1
1
1
1
1
1
1
1
1
1
1
1
1
1
1
1
1
1
1
1
1
1
1
1
1
1
1
1
1
1
1
1
1
1
1
1
1
1
1
1
1
1
1
1
1
1
1
1
1
1
1
51
40
1
1
1
1
1
1
1
1
1
1
1
1
1
1
1
1
1
1
1
1
1
1
1
1
1
1
1
1
1
1
1
1
1
1
1
1
1
1
1
1
1
1
1
1
1
1
1
1
1
1
1
1
1
1
1
1
1
1
1
1
1
1
1
1
1
1
1
1
1
1
1
1
1
1
1
1
1
1
1
1
1
1
1
1
1
1
1
1
1
1
1
1
1
1
1
1
1
1
1
1
1
1
1
1
1
1
257
257
1
215
1
1
1
1
1
1
1
1
1
1
1
1
1
1
1
1
1
1
1
1
1
1
1
1
1
1
1
1
1
1
1
1
1
1
1
1
1
1
215
1
1
1
1
1
1
1
1
1
1
1
1
1
1
1
1
1
1
1
1
1
1
1
1
1
1
1
1
1
1
1
1
1
1
1
1
1
1
1
1
1
1
1
1
1
1
1
1
1
1
1
1
1
1
1
1
1
1
1
1
1
1
1
1
1
1
1
1
1
1
1
1
1
1
1
1
1
1
1
1
1
1
1
1
1
1
1
1
1
1
1
1
1
1
1
1
145
1
1
1
1
84
1
327
1
84
1
1
1
1
1
1
1
1
1
1
1
1
1
1
1
1
1
1
1
1
1
1
1
1
1
1
1
1
327
1
1
1
1
1
1
1
1
1
1
1
1
1
1
1
1
1
1
1
1
1
1
1
1
1
1
1
1
1
1
1
1
1
1
257
1
1
1
1
1
1
1
1
1
1
257
1
1
1
1
1
1
1
1
1
1
1
1
1
1
1
1
1
1
1
1
1
1
1
1
1
1
1
1
1
1
1
1
327
1
1
1
1
1
1
1
1
1
1
1
1
1
1
1
1
1
1
1
1
1
1
1
1
1
1
1
1
1
1
1
1
1
1
1
1
1
1
1
1
1
1
1
1
1
1
1
1
1
1
1
1
1
1
1
1
1
257
257
1
257
257
257
257
257
257
257
257
257
257
257
257
257
257
257
257
257
1
1
257
257
257
257
1
257
257
257
257
257
257
1
257
257
257
1
1
257
257
257
257
257
257
257
1
257
257
257
257
257
257
257
1
257
257
257
1
1
257
257
257
257
257
257
257
257
257
257
257
257
257
1
257
257
257
257
257
257
257
257
257
257
257
257
257
257
257
257
257
257
257
257
257
1
1
257
257
1
1
257
257
1
257
257
257
257
257
257
257
257
257
257
257
257
257
257
1
1
1
1
1
1
1
1
1
1
1
1
1
1
1
1
1
1
1
1
1
1
1
1
1
1
1
1
1
1
1
1
1
1
1
1
1
1
1
1
1
1
1
1
1
1
1
1
1
1
1
1
1
1
1
1
1
1
1
1
1
1
1
1
1
1
1
1
1
1
1
1
1
1
1
1
1
1
1
1
1
1
1
1
1
1
80
80
80
80
80
80
80
1
1
1
1
1
1
1
1
1
1
1
1
1
1
1
1
1
1
1
1
83
83
83
83
83
83
83
83
83
83
83
83
83
83
83
83
83
83
1
1
1
1
1
1
1
1
1
1
1
1
1
1
1
1
1
1
1
1
1
1
1
1
1
1
1
1
1
1
1
1
1
1
1
1
271
1
1
1
1
1
1
1
1
1
1
1
1
1
1
1
1
1
1
1
1
1
1
1
1
328
1
1
1
1
1
1
1
1
1
1
1
1
1
1
1
1
1
1
1
1
1
1
1
1
1
1
1
1
1
1
1
1
1
1
1
1
1
1
1
1
1
1
1
1
1
1
1
1
1
1
1
1
1
1
1
1
1
1
1
1
1
1
1
1
1
1
1
218
1
1
1
1
1
1
1
1
1
246
246
246
246
246
246
246
246
246
246
246
246
246
246
246
246
246
246
246
246
246
246
246
32
1
32
32
32
32
32
32
32
1
1
32
32
32
32
32
32
32
32
32
1
32
32
1
32
32
32
32
32
32
32
32
32
32
32
32
32
32
32
1
1
1
1
1
1
1
1
31
1
1
1
1
1
1
1
1
1
1
1
1
1
296
1
1
1
1
1
1
1
1
1
1
1
1
1
1
1
1
1
1
1
1
1
1
1
1
1
1
1
1
118
1
1
1
1
1
118
1
1
1
1
1
1
118
1
1
1
1
1
1
61
61
1
1
1
1
1
1
1
1
1
1
1
1
1
1
1
1
1
1
1
1
1
51
1
1
1
1
1
1
1
1
1
1
1
1
1
1
1
1
1
1
1
1
1
1
1
1
1
1
1
1
1
1
1
1
1
1
1
1
1
1
271
1
1
1
1
1
1
1
1
1
1
1
1
1
1
1
1
1
1
1
1
1
1
1
1
1
1
1
1
1
1
1
1
1
1
1
1
329
329
329
1
1
1
1
1
1
1
1
1
1
1
1
1
1
1
1
1
1
1
1
1
1
1
1
1
1
1
1
1
1
1
1
1
1
1
1
1
1
1
330
1
1
12
1
1
1
1
1
1
1
1
94
94
1
94
94
94
1
94
331
1
1
1
1
1
1
1
1
1
1
109
1
1
1
1
1
1
1
1
1
1
1
1
1
1
1
1
1
1
1
1
1
1
1
1
1
1
1
141
1
99
1
1
1
1
1
1
1
1
1
1
1
1
1
1
1
1
1
1
1
1
1
1
1
1
1
1
1
1
1
1
1
1
141
1
141
1
1
1
1
1
1
1
1
1
1
1
1
1
1
1
1
1
1
1
1
1
1
1
1
141
1
1
1
1
1
1
1
1
1
1
1
1
1
1
1
1
1
1
332
1
1
1
1
1
1
1
1
1
1
1
1
1
333
1
1
1
1
1
1
1
1
1
1
1
1
1
1
1
1
1
1
1
1
1
1
1
1
1
1
1
1
1
1
1
1
1
1
1
1
1
1
1
1
1
1
1
1
1
1
1
1
1
1
1
1
1
1
32
32
1
1
1
1
1
1
1
1
1
1
1
1
1
1
1
1
1
1
1
1
1
1
1
1
1
1
1
1
1
1
1
1
1
1
1
1
1
1
1
1
1
1
1
1
1
1
1
1
1
1
1
1
1
1
1
1
1
1
1
1
1
1
1
1
1
1
1
1
1
1
1
1
1
1
1
1
1
1
1
1
1
1
1
1
1
1
1
1
1
1
1
1
1
1
1
1
1
1
1
1
1
1
1
1
1
1
334
1
335
1
1
335
1
1
1
1
1
1
1
231
231
1
1
1
1
1
1
1
1
1
1
1
1
1
1
1
1
1
1
1
1
1
1
1
1
1
1
1
1
1
1
1
1
1
1
1
1
1
1
1
1
1
1
1
1
1
1
1
1
1
1
1
1
1
1
1
1
1
1
336
1
1
1
1
1
1
1
1
1
1
1
1
1
1
1
1
1
1
1
1
1
1
1
1
1
1
1
1
124
1
1
1
1
1
1
1
1
1
1
1
1
1
1
1
1
1
1
1
1
1
1
1
1
1
1
1
337
1
1
1
1
1
1
1
1
1
1
1
1
1
1
1
1
1
1
1
1
1
1
1
1
1
1
1
1
1
1
1
1
1
1
1
1
1
1
1
1
1
1
1
1
1
1
1
1
1
1
1
1
1
1
1
1
1
1
1
1
1
1
1
1
1
1
1
1
338
1
339
1
1
1
1
1
1
1
1
1
1
1
1
1
1
1
1
1
1
1
1
1
1
1
1
1
1
1
1
1
1
1
1
1
1
1
1
1
1
1
1
1
1
1
1
1
1
1
1
1
1
1
1
1
1
1
1
1
1
1
1
1
1
1
1
1
1
1
1
1
1
1
1
1
1
1
1
1
1
1
1
1
1
1
1
1
1
1
1
1
1
1
1
1
1
1
1
1
1
1
1
1
1
1
1
1
1
1
1
1
1
1
1
1
1
1
1
1
1
1
1
1
1
1
1
1
1
1
1
1
1
1
1
1
1
1
1
1
1
1
1
1
1
1
1
1
1
1
1
1
1
1
1
1
1
1
1
1
1
1
1
1
1
1
1
1
1
1
1
1
1
1
1
1
1
1
1
1
1
1
1
1
1
1
1
1
1
1
1
1
1
1
1
1
1
1
1
1
1
1
1
1
1
1
1
1
51
1
1
1
1
1
1
1
1
1
1
1
1
1
1
1
190
1
1
1
340
1
1
1
102
1
1
1
1
1
1
1
1
1
1
1
1
1
1
1
1
1
1
1
1
1
1
1
1
1
1
1
1
1
1
1
1
1
1
1
118
118
118
118
1
1
1
118
118
118
118
1
1
118
118
118
118
118
118
118
1
1
1
1
118
118
118
118
118
118
118
118
118
118
118
118
118
118
1
118
118
118
118
118
118
118
118
118
118
341
118
118
1
1
118
118
118
118
1
118
118
1
118
118
118
118
118
118
118
118
118
118
118
118
118
118
118
118
118
118
118
118
118
118
118
1
1
1
1
1
1
1
1
1
1
1
1
1
1
1
1
1
1
1
1
1
1
1
1
1
1
1
1
1
1
1
1
1
1
1
1
1
1
1
1
1
1
1
1
342
1
1
1
1
1
1
1
1
1
1
124
1
1
1
1
1
1
1
1
1
1
1
1
1
1
1
1
1
1
1
1
1
1
1
1
1
1
1
1
1
1
1
1
1
1
1
1
1
1
1
1
1
1
1
1
1
1
1
1
1
1
1
1
1
1
93
1
1
1
1
1
1
1
1
1
1
1
1
1
1
1
1
1
1
1
1
1
1
1
1
1
1
1
1
1
1
1
1
1
1
1
1
295
1
1
1
1
1
1
1
343
1
1
1
1
1
1
1
1
191
191
191
1
1
1
1
1
1
1
1
1
1
1
1
1
1
1
344
1
1
1
1
1
1
1
1
1
1
1
1
1
1
1
1
1
1
1
1
1
1
1
1
1
1
1
1
1
1
1
1
1
1
1
1
1
1
1
1
1
1
1
1
1
346
1
1
1
1
1
1
1
1
1
1
1
1
1
1
1
1
1
1
1
1
1
1
345
1
1
1
1
1
1
1
1
1
1
1
1
1
1
1
1
1
1
1
1
1
1
1
1
1
1
1
1
1
1
1
1
1
1
1
1
1
1
1
1
1
1
1
1
1
1
1
1
1
1
1
1
1
1
1
1
1
1
1
1
1
1
1
1
1
1
1
1
1
1
1
1
1
1
1
1
1
1
1
1
1
1
1
1
1
66
1
1
1
1
1
1
1
1
1
1
1
1
1
1
1
1
1
1
1
1
1
1
1
1
1
1
1
1
1
1
1
66
66
1
1
1
1
1
1
1
1
1
66
1
1
1
1
1
1
1
1
1
1
1
1
1
1
1
1
1
1
1
1
1
1
1
1
1
1
1
1
1
1
1
1
1
1
1
1
1
1
1
1
1
1
1
1
1
1
1
1
1
1
1
1
1
1
1
1
1
1
1
1
1
1
1
1
1
1
1
1
1
1
1
1
1
1
1
1
1
1
1
1
1
1
1
1
1
1
1
1
1
1
1
1
1
1
1
1
1
1
1
1
1
1
1
1
1
1
1
1
1
1
1
1
1
1
1
1
1
1
1
1
1
1
1
1
1
1
1
1
1
1
1
1
1
1
1
1
1
1
1
1
1
1
1
1
1
1
1
1
1
1
1
1
1
1
1
1
1
1
1
1
1
1
1
1
1
1
1
1
1
1
1
1
1
1
1
1
1
1
1
1
1
1
1
1
1
1
1
1
1
1
1
1
1
1
1
1
1
1
1
1
1
1
1
1
1
1
1
1
1
1
1
1
1
1
1
124
1
1
1
1
1
1
1
1
1
1
1
124
124
1
1
1
1
1
1
1
1
1
1
1
1
1
1
1
1
1
1
1
1
1
1
1
1
1
1
1
1
1
1
1
1
1
1
1
1
1
1
1
125
125
1
1
1
1
1
1
1
1
1
1
1
1
1
1
1
1
1
1
1
1
1
1
1
1
1
1
346
346
346
346
1
346
346
1
1
1
1
1
347
347
347
347
1
347
1
1
1
1
1
256
1
1
1
1
1
19
348
1
1
1
1
1
1
1
1
1
1
1
1
1
1
1
1
1
1
1
1
1
1
124
124
124
124
124
124
124
1
1
1
1
1
1
1
1
1
1
1
1
1
1
1
1
1
124
124
124
1
1
1
1
124
1
1
1
1
1
1
1
1
1
1
1
1
1
1
1
1
1
1
1
1
1
1
1
1
1
1
210
1
1
1
1
249
249
1
1
1
1
1
1
1
1
1
1
1
1
1
1
1
1
1
1
1
1
1
1
1
1
1
1
1
1
1
1
1
1
1
1
249
1
1
1
1
1
1
1
1
1
1
1
1
1
1
1
1
249
249
249
1
1
1
1
1
1
1
349
1
1
1
1
1
1
1
1
350
1
1
1
1
1
1
1
1
1
1
1
1
1
1
1
1
1
1
1
1
1
1
1
1
1
1
1
1
351
116
352
1
116
1
353
116
1
1
116
116
116
116
1
116
354
116
116
1
116
353
116
355
116
116
1
116
116
356
116
116
116
1
116
116
116
116
116
1
116
116
116
116
353
116
353
353
116
116
1
1
1
1
1
1
1
1
1
1
1
1
1
1
1
1
1
1
357
252
1
1
1
1
1
1
1
1
1
1
349
349
349
1
349
349
1
1
1
1
244
244
1
1
1
1
1
1
1
1
1
26
1
1
1
1
1
1
1
1
1
1
1
1
1
1
1
1
1
1
1
1
1
1
358
358
1
1
1
1
1
1
236
1
1
1
1
1
1
1
1
1
1
1
1
1
26
1
1
1
1
1
1
1
1
1
1
1
1
1
1
1
1
1
1
1
1
1
1
1
1
1
1
1
1
1
1
1
1
1
1
1
1
1
1
1
1
1
1
109
1
1
1
1
1
1
1
1
136
1
1
1
1
1
1
1
1
1
1
1
1
1
1
102
1
1
1
1
1
1
1
1
1
1
1
1
1
1
1
1
1
1
1
1
1
1
1
1
1
1
1
1
1
1
1
1
1
1
1
1
1
1
1
1
1
1
1
1
1
1
1
1
1
1
1
1
1
1
1
1
1
1
1
1
1
1
1
1
1
1
1
1
1
1
1
1
1
1
1
1
1
1
1
1
1
1
1
1
1
1
1
1
1
1
1
1
1
1
1
1
1
1
1
1
1
1
1
1
1
1
1
1
1
1
1
1
1
1
1
1
1
1
1
1
1
1
1
1
1
1
1
1
1
1
1
1
1
1
1
1
1
1
1
1
1
1
1
1
1
1
1
1
1
1
1
1
1
1
1
1
1
1
1
1
1
1
1
1
1
1
1
1
1
1
1
1
1
1
1
1
1
1
1
1
1
1
1
1
1
1
1
1
1
1
1
1
1
1
1
1
1
1
1
1
1
1
1
1
1
1
1
1
1
1
1
1
1
1
1
1
1
1
1
1
1
1
1
1
1
1
1
72
72
1
1
1
1
1
1
1
1
1
1
1
1
1
1
1
1
1
1
1
1
1
1
1
1
1
1
1
1
1
1
1
1
1
1
1
1
1
1
1
1
1
1
1
1
1
1
1
1
1
1
1
1
1
1
1
1
1
1
1
1
1
1
327
327
327
327
327
327
1
1
1
1
1
1
1
1
1
1
1
1
1
1
1
1
1
1
1
1
1
1
1
1
1
1
1
1
1
1
1
1
1
1
1
1
1
1
1
1
1
1
1
1
1
1
1
1
1
1
1
1
1
1
1
1
1
1
1
1
1
1
1
1
1
1
1
1
1
1
1
1
1
1
1
1
1
1
1
1
1
1
1
1
1
1
1
1
1
1
1
1
1
1
359
1
1
1
1
1
1
1
1
1
1
1
1
1
1
124
1
1
1
1
1
1
1
1
1
1
1
1
1
1
1
1
1
1
1
19
1
1
1
1
1
1
1
1
1
1
1
1
1
1
1
1
1
1
1
1
1
1
1
1
1
1
1
1
1
1
1
1
1
1
1
1
1
1
1
1
1
1
1
1
1
1
1
1
1
1
1
1
1
1
1
1
1
1
1
1
1
1
1
1
1
1
1
1
1
1
1
1
1
1
1
1
1
1
1
1
1
1
1
1
1
1
1
1
1
1
1
1
1
1
1
1
1
1
1
1
1
1
1
1
1
1
1
1
1
1
1
1
1
1
1
1
1
1
1
1
1
1
1
1
1
1
1
1
1
1
1
1
1
1
1
1
1
1
1
1
1
1
1
1
1
1
1
1
1
1
1
1
1
1
1
1
1
1
1
1
1
1
1
1
1
1
1
1
1
1
1
1
1
1
121
121
121
121
1
121
121
121
121
121
1
121
121
1
121
121
1
1
121
121
121
121
121
121
121
121
121
121
1
121
121
121
121
121
121
121
121
121
121
121
1
121
121
121
121
121
121
121
121
121
121
121
1
1
121
121
121
121
121
1
1
1
1
1
1
1
1
1
1
1
1
1
1
1
1
121
1
121
121
121
121
121
1
1
1
1
1
1
1
1
1
1
1
1
1
1
1
1
1
1
1
1
1
1
1
1
66
66
66
66
66
66
66
1
1
1
1
1
66
66
66
66
66
1
1
1
1
1
66
66
66
66
66
66
66
66
66
66
66
66
66
66
66
66
66
1
1
1
1
1
1
1
1
1
1
1
1
1
1
1
1
1
1
1
1
1
1
1
1
1
1
1
1
1
47
1
1
1
1
1
1
1
1
1
1
1
1
1
1
1
1
1
1
1
1
1
1
1
1
1
93
93
93
93
93
93
93
93
93
1
1
1
1
1
1
1
1
1
1
1
1
1
1
1
1
1
1
1
1
1
1
1
1
1
1
1
1
1
1
1
1
1
1
1
1
1
1
1
1
1
1
1
1
1
1
1
1
1
1
1
1
1
1
1
1
1
1
1
1
1
1
1
1
1
1
1
1
1
1
1
1
1
1
1
1
1
1
1
1
1
1
360
1
1
1
1
1
1
360
1
1
1
1
1
1
1
1
1
1
1
1
360
1
1
360
1
1
1
1
1
360
1
1
1
1
1
1
1
1
1
1
1
1
1
1
1
1
1
1
1
1
1
271
1
1
1
1
1
1
1
271
271
271
1
1
1
1
1
1
1
1
1
1
1
1
1
1
1
1
1
1
1
1
1
1
1
1
1
1
1
1
1
1
1
1
1
31
31
31
31
31
31
31
31
1
1
31
31
31
31
31
1
31
31
31
31
99
99
99
99
1
1
1
1
1
1
1
1
1
1
1
1
1
1
1
1
1
1
242
242
242
284
284
1
1
1
1
1
1
1
1
1
1
302
1
1
1
1
1
1
1
1
1
1
1
1
1
1
1
1
1
1
1
1
1
1
1
1
1
1
1
1
1
1
1
1
1
1
1
1
1
1
1
1
1
1
1
1
1
1
1
1
1
1
1
1
1
1
1
1
1
1
1
1
1
1
1
1
1
1
1
1
1
1
1
1
1
1
1
1
1
1
1
1
1
1
1
1
1
1
1
1
1
1
1
1
1
1
1
1
1
1
1
70
1
1
1
1
1
1
1
1
1
1
1
1
1
1
1
1
1
1
1
1
1
70
1
1
1
1
1
1
1
1
1
1
1
1
1
1
70
70
1
1
1
1
1
1
1
1
1
1
1
1
1
1
1
1
1
1
1
1
1
1
1
1
1
1
1
1
1
1
1
1
1
1
1
1
1
1
1
1
1
1
1
1
1
1
1
1
1
1
361
1
1
1
1
1
1
1
1
1
1
1
1
1
1
1
1
1
1
1
1
102
1
1
1
1
1
1
1
1
1
1
1
1
1
1
1
1
1
1
1
1
1
1
1
1
1
1
1
1
1
1
1
1
1
1
1
1
1
1
1
1
1
1
1
1
1
1
1
1
1
1
1
1
1
1
1
1
1
1
1
1
1
1
1
1
1
1
1
1
1
1
1
1
1
1
1
1
1
1
1
1
1
1
1
1
1
1
1
64
64
1
1
1
1
1
1
1
102
102
102
102
102
102
102
102
102
102
102
102
1
102
102
102
102
102
102
102
102
102
102
102
102
102
102
102
1
102
102
102
102
102
102
102
102
102
102
102
102
102
102
102
102
102
1
1
102
1
102
102
1
102
102
102
102
102
102
1
1
1
1
1
361
1
1
1
1
1
1
1
1
1
1
1
1
1
1
1
1
1
361
361
361
361
1
1
1
1
361
1
1
1
1
361
361
1
1
1
1
361
1
1
1
1
1
361
1
361
1
1
361
1
1
1
1
1
1
1
1
1
1
1
1
1
1
1
1
1
1
362
362
1
1
1
1
1
1
1
1
1
1
1
1
1
1
1
1
1
1
1
1
1
1
1
161
161
161
1
1
1
1
1
1
1
1
1
1
1
1
1
1
1
1
1
1
1
1
1
1
1
1
1
1
1
1
1
1
1
1
1
1
1
1
1
1
1
1
1
1
1
1
1
1
1
1
1
1
1
1
1
1
1
1
1
1
1
1
1
1
1
1
1
1
1
1
1
1
1
1
1
1
1
1
1
1
1
1
1
1
1
1
1
1
1
1
1
1
1
1
1
1
1
1
1
1
1
1
1
1
1
1
1
1
1
1
1
1
1
1
1
1
1
1
1
1
1
1
1
1
1
1
1
1
1
1
1
1
1
1
1
1
1
1
1
1
1
1
1
1
1
1
1
1
1
1
1
1
1
1
1
1
1
1
1
1
1
1
1
1
1
1
1
1
1
1
1
1
1
1
1
1
1
1
1
1
1
1
1
1
1
1
1
1
1
1
1
1
1
1
1
1
1
1
1
1
1
1
1
1
1
1
1
1
1
1
1
1
1
1
1
1
1
1
1
1
1
1
1
1
1
1
1
1
1
1
1
1
1
1
1
1
1
1
1
1
1
1
1
1
1
1
1
1
1
1
1
1
1
1
1
1
1
1
1
1
1
1
1
1
1
1
1
1
1
1
1
1
1
1
1
1
1
1
1
1
1
1
1
1
1
1
1
1
1
1
1
1
1
1
1
1
1
1
1
1
1
1
1
1
1
1
1
1
1
1
1
1
1
1
1
1
1
1
1
1
1
1
1
1
1
1
1
1
1
1
1
1
1
1
1
1
1
1
1
1
1
1
1
1
1
1
1
1
1
1
1
1
1
1
1
1
1
1
1
1
1
1
1
1
1
1
1
1
1
1
1
1
1
1
1
1
1
1
1
1
1
1
1
26
1
1
1
1
1
1
1
1
1
1
1
1
1
109
109
109
109
109
109
109
109
109
1
1
109
109
109
109
109
1
1
109
109
1
1
109
1
1
109
1
1
1
1
109
1
109
1
363
363
363
1
1
1
1
1
1
1
1
1
1
1
1
1
1
1
1
1
1
1
1
1
1
1
1
1
1
1
1
1
1
1
1
1
1
1
1
1
1
1
1
1
1
1
1
1
1
1
1
1
1
1
1
1
1
1
1
1
1
1
1
1
1
1
1
1
1
1
1
1
1
1
1
1
1
1
1
1
1
1
1
1
1
1
1
1
1
1
106
1
1
1
1
1
1
1
1
1
1
1
1
1
1
1
1
1
1
1
1
1
1
1
1
1
1
1
1
1
1
1
1
1
1
1
1
1
1
1
1
1
1
1
1
1
1
1
1
1
1
1
1
1
1
1
1
1
1
1
1
1
1
1
1
1
1
1
1
1
1
1
1
1
32
32
32
1
1
1
1
1
1
1
1
1
1
1
1
1
1
1
1
1
1
1
1
1
1
1
1
1
1
1
1
1
1
1
1
1
1
1
1
1
1
1
1
1
1
1
1
1
1
1
1
1
1
1
1
1
1
1
1
1
1
1
1
1
1
1
1
1
1
1
1
1
1
1
1
1
1
1
1
1
1
1
1
1
32
32
32
1
1
1
1
1
1
1
1
1
1
1
1
1
1
1
1
1
1
1
1
1
1
1
1
1
1
1
1
1
1
1
271
271
271
271
271
271
271
271
271
271
271
271
271
1
271
271
271
271
271
1
271
271
1
1
1
1
1
1
1
1
1
1
1
1
1
1
1
1
1
1
1
1
1
1
1
1
1
1
1
1
1
1
1
1
1
1
1
1
1
1
1
1
1
1
1
1
1
1
1
1
1
1
1
1
1
1
1
1
1
1
1
1
227
219
1
1
227
1
1
1
1
1
1
1
1
1
1
1
1
1
1
1
1
1
1
1
1
1
1
1
1
1
1
1
1
1
1
1
1
1
1
1
1
1
1
1
1
1
1
1
1
1
1
1
1
1
1
1
1
1
1
1
1
1
1
1
1
1
1
1
1
1
1
110
110
110
110
110
110
110
110
1
364
1
1
1
1
1
1
1
1
1
1
54
1
1
1
357
357
357
1
1
1
1
1
1
1
1
1
1
1
1
1
1
1
1
1
359
359
359
359
359
359
359
359
359
359
359
359
359
359
1
359
359
359
359
1
1
1
1
1
1
1
1
1
1
1
1
1
1
1
1
1
1
1
1
1
1
1
1
1
1
1
1
1
1
1
1
1
1
1
1
1
1
1
1
1
40
40
1
40
40
1
40
1
1
1
40
40
40
365
1
1
1
1
1
40
40
1
1
1
40
1
40
40
1
40
1
1
40
40
1
1
1
40
1
1
1
1
1
1
1
1
1
1
1
1
1
1
1
1
1
1
1
1
1
1
1
1
1
1
1
1
1
1
1
1
1
1
1
1
1
1
215
1
1
215
1
215
215
1
1
1
215
215
215
215
215
215
215
1
1
1
215
215
1
1
215
1
215
215
215
215
215
215
215
215
215
215
215
1
1
215
215
215
215
215
1
215
215
1
1
215
215
215
1
215
215
215
215
215
215
215
1
215
1
1
1
215
1
215
215
1
1
1
1
1
1
1
1
1
1
1
1
1
1
1
1
1
1
1
1
1
1
1
1
1
1
1
1
1
1
1
1
1
1
1
1
1
1
1
1
1
1
1
1
1
1
1
1
1
1
1
1
1
1
1
1
1
1
1
1
1
1
1
1
1
1
1
1
1
1
1
1
1
1
1
1
1
1
1
1
1
1
1
1
1
1
1
1
1
1
1
1
1
1
1
1
1
1
215
1
1
1
1
1
1
1
1
1
1
1
1
1
1
1
1
1
1
1
1
1
1
1
1
1
1
1
1
1
1
1
1
1
1
1
1
1
1
1
1
1
1
96
96
1
1
1
96
96
1
1
1
96
96
96
96
96
96
96
1
96
96
96
96
96
96
96
96
1
1
96
1
1
1
96
96
96
96
96
96
96
1
1
1
1
1
1
1
1
1
1
1
1
1
1
1
1
1
1
1
1
1
1
1
1
1
1
1
1
1
360
360
360
1
1
1
1
1
1
1
1
1
1
1
1
1
1
1
1
1
1
1
1
1
1
1
1
1
1
1
1
1
1
302
302
302
1
1
1
1
302
302
1
1
302
1
1
302
302
1
1
302
302
302
302
1
1
1
1
1
1
1
1
1
1
1
1
1
1
1
1
1
1
1
1
1
1
1
1
1
1
1
1
1
1
1
1
1
1
1
1
1
1
1
47
1
1
1
1
1
1
1
1
1
1
1
1
1
1
1
1
1
1
1
1
1
1
1
1
1
1
1
1
1
1
1
1
1
1
1
1
1
1
1
1
1
1
1
1
1
1
1
1
1
1
271
271
271
271
1
1
1
1
1
1
1
1
1
271
259
259
1
259
259
1
259
1
259
1
259
259
259
1
1
1
259
259
1
259
1
259
1
259
1
1
259
259
1
1
259
259
1
1
1
1
1
1
1
1
1
1
1
1
1
1
1
1
1
1
1
1
1
1
1
1
1
1
1
1
1
1
1
1
1
1
1
1
1
1
1
1
1
1
1
1
1
1
1
1
1
1
54
54
54
54
250
54
54
54
54
54
54
54
54
54
54
1
1
1
1
29
29
29
1
29
29
29
29
29
29
1
29
29
29
29
1
29
1
29
1
29
29
29
1
29
29
29
1
1
29
29
29
1
1
1
1
1
1
1
1
1
54
54
54
54
1
1
1
1
1
1
1
1
1
1
1
1
1
1
1
1
1
1
1
1
1
1
1
1
1
1
1
1
1
1
1
1
1
1
1
1
1
1
1
1
1
1
62
62
62
1
1
1
1
1
1
1
1
1
1
1
1
1
1
1
1
1
1
1
1
1
1
1
1
1
1
1
1
1
1
1
1
1
1
1
1
1
1
1
1
1
1
1
1
1
1
1
1
1
1
1
1
1
1
1
1
1
1
1
1
1
210
210
210
210
210
210
210
210
210
210
210
210
210
1
210
210
210
210
210
210
210
1
1
1
1
1
1
1
1
1
1
1
1
1
1
1
1
1
1
1
1
1
1
1
1
1
1
1
1
1
1
1
1
1
1
1
1
1
1
1
1
1
1
1
1
1
1
1
1
1
1
1
1
1
217
217
1
1
1
1
217
1
217
217
217
217
217
1
1
217
217
1
1
1
217
217
217
1
1
219
219
219
1
1
1
1
1
1
1
1
1
1
1
1
1
112
1
1
1
1
1
1
1
1
1
1
1
1
1
1
1
1
1
1
1
1
1
1
1
1
1
1
1
1
1
1
1
1
1
1
1
1
1
1
1
1
1
1
1
1
1
1
1
1
1
1
1
1
1
1
1
1
1
1
1
1
1
1
1
1
1
1
1
1
1
1
1
1
1
1
1
1
1
1
1
1
1
1
1
1
1
1
1
1
1
1
1
1
1
1
1
1
1
1
109
109
1
1
1
1
1
1
1
1
1
112
1
1
1
1
1
1
1
1
1
1
1
1
1
1
1
1
1
1
1
1
1
1
1
1
1
1
1
1
1
109
109
1
1
1
1
1
1
1
1
1
1
1
1
1
1
1
1
1
1
1
1
1
1
1
1
1
1
1
1
1
19
1
1
19
1
47
47
47
47
47
47
47
47
47
47
1
1
1
1
1
1
1
1
1
1
186
186
186
1
1
1
1
1
1
1
1
1
1
1
1
1
1
1
1
1
1
1
1
1
1
1
1
1
1
1
1
1
1
1
1
1
1
1
1
1
1
1
1
1
1
1
1
1
1
1
1
1
1
1
1
1
1
1
1
1
1
1
1
1
1
1
1
1
1
1
1
1
1
1
301
1
1
1
1
301
1
1
1
1
1
1
301
1
1
1
1
1
1
1
301
1
1
301
301
1
1
301
1
1
1
301
1
301
301
1
1
301
1
1
1
301
301
1
1
1
1
1
1
1
1
1
1
1
1
1
1
1
1
1
1
1
1
1
1
1
1
54
1
1
1
1
1
1
1
1
1
1
1
1
1
1
1
1
1
1
1
1
1
1
1
1
1
1
1
1
1
1
1
1
1
1
1
1
1
1
1
1
1
1
1
1
1
1
1
1
1
1
1
1
1
1
1
1
1
1
1
1
1
1
1
1
1
1
1
1
1
1
1
85
85
312
312
1
1
1
85
85
312
312
85
85
85
85
312
312
1
1
312
312
312
312
312
312
312
312
312
312
312
312
1
1
1
1
1
1
1
1
1
254
254
1
1
1
1
1
1
1
1
1
1
1
1
1
1
1
1
1
1
1
1
1
1
1
1
1
1
1
1
1
1
1
237
1
1
1
1
1
1
1
1
1
1
1
1
1
1
1
1
1
1
1
1
1
1
1
216
1
1
1
1
1
1
1
1
1
1
1
1
1
1
1
1
1
1
1
1
1
1
1
1
1
1
1
1
1
1
1
1
1
1
1
1
1
1
1
1
1
1
1
1
1
1
1
1
1
1
1
1
1
1
1
1
1
1
227
227
1
1
1
1
1
1
1
1
1
1
227
1
227
1
1
1
1
1
1
1
1
1
1
1
1
1
1
1
1
1
1
1
1
1
1
1
1
1
1
1
1
1
1
1
1
1
1
1
1
1
1
1
1
1
1
1
1
1
1
1
1
1
1
1
1
1
1
1
1
1
1
1
1
1
1
1
1
1
1
1
1
1
1
1
1
1
1
1
1
1
1
1
1
1
1
1
1
1
1
1
1
1
1
1
1
1
1
1
1
1
1
1
227
227
227
1
227
227
227
227
1
1
1
1
1
1
1
1
1
1
1
219
1
1
1
1
1
1
1
1
1
1
1
1
1
1
1
1
1
1
1
1
1
1
1
1
1
1
1
1
1
1
1
1
1
1
1
1
1
1
1
1
1
1
1
1
1
1
1
1
1
1
1
1
1
1
1
1
1
1
1
1
1
1
1
1
1
1
1
1
1
1
1
1
1
1
1
1
1
1
1
1
1
1
1
1
1
1
1
1
1
1
1
1
1
1
1
1
1
1
1
1
1
1
1
1
1
1
1
1
1
1
1
1
1
1
1
1
1
1
1
1
1
1
1
1
1
1
1
1
1
1
1
1
113
113
113
113
113
113
113
113
113
113
113
113
113
113
113
113
113
113
113
113
113
1
113
113
113
113
113
113
113
1
113
113
113
113
1
113
113
113
113
113
113
1
1
113
113
1
1
1
1
1
1
1
1
1
1
1
1
1
1
1
1
1
1
1
1
1
1
1
1
1
1
1
1
1
1
1
1
1
1
1
1
1
1
1
1
1
1
1
1
1
1
1
1
1
1
1
1
1
1
1
1
1
1
1
1
1
1
1
1
1
1
1
1
1
1
1
1
1
1
1
1
1
1
1
1
1
1
1
1
1
1
1
1
1
1
1
1
1
137
137
137
137
1
1
1
1
1
1
1
1
1
1
1
1
1
1
1
1
1
1
1
1
1
1
1
1
1
1
1
1
1
1
1
1
1
1
1
1
1
1
1
1
1
1
1
1
1
1
1
1
1
1
1
1
1
1
1
1
1
1
1
1
1
1
1
1
1
1
1
1
1
1
1
1
1
1
1
1
1
1
1
1
1
1
1
1
1
1
1
1
1
1
1
1
1
1
1
1
1
1
1
1
1
1
1
141
141
141
141
141
1
1
1
1
1
1
1
1
1
1
1
1
1
1
1
1
1
1
1
1
1
1
1
1
1
1
1
1
1
1
1
1
1
1
1
1
1
1
1
1
1
1
1
1
1
1
1
1
1
1
1
1
1
1
1
1
1
1
1
1
1
1
1
1
1
279
279
37
37
37
37
1
1
1
1
1
38
38
38
38
38
38
1
1
1
1
1
1
1
1
1
1
1
1
1
1
1
1
1
1
1
1
1
1
1
1
1
1
1
1
1
1
1
1
1
1
1
1
1
1
1
1
1
1
1
1
1
1
1
1
1
1
1
1
1
1
1
1
1
1
1
1
1
1
1
1
1
1
1
1
1
1
1
1
1
1
1
1
1
1
1
1
1
1
1
1
1
1
1
1
1
1
1
1
1
1
1
1
1
1
1
1
1
1
1
1
1
1
1
1
1
1
1
1
1
1
1
1
1
1
1
1
1
1
1
1
1
1
1
1
1
1
1
1
1
1
1
1
1
1
1
1
1
1
1
1
1
1
1
1
1
1
1
1
1
1
1
1
1
1
1
1
1
1
1
1
1
1
1
1
1
1
1
1
1
1
1
1
1
1
1
1
1
1
1
1
1
1
40
40
40
40
37
37
37
37
37
37
40
40
40
1
1
1
1
1
1
1
1
1
1
1
1
1
1
1
1
1
1
1
1
1
1
1
1
1
1
1
1
1
1
1
1
1
1
1
1
1
1
1
1
1
1
1
1
1
1
1
1
1
1
1
1
1
1
1
1
1
1
1
1
1
1
1
1
1
1
1
1
1
1
1
1
1
1
1
1
1
18
18
18
1
51
51
51
51
1
1
353
351
351
351
351
359
359
359
359
1
1
116
116
41
41
1
1
1
1
1
1
1
1
1
1
1
1
1
1
1
1
1
1
1
1
1
1
1
1
1
1
1
1
1
1
1
1
1
1
1
1
1
1
1
1
1
1
1
1
1
1
1
1
1
1
1
1
1
1
1
1
1
1
1
1
1
1
1
1
1
1
1
1
1
1
1
1
1
1
1
1
1
1
1
1
1
1
1
1
1
1
1
1
1
1
1
1
1
1
1
1
1
1
1
1
1
1
1
1
1
1
1
1
1
1
1
1
1
1
1
1
1
1
1
1
1
1
1
1
1
1
1
1
1
1
1
1
1
1
1
1
1
1
1
1
1
1
1
1
1
1
1
1
1
1
1
1
1
1
1
1
1
1
1
1
1
1
1
1
1
1
1
1
1
1
1
1
1
1
1
1
1
1
1
1
1
1
1
1
1
1
1
1
1
1
1
1
1
1
1
1
1
1
1
1
1
1
1
1
1
1
1
1
1
1
1
1
1
1
1
1
1
1
1
1
1
1
1
1
1
1
1
1
1
1
1
1
1
1
1
1
1
1
1
1
1
1
1
1
1
1
1
1
1
1
1
1
1
1
1
1
1
1
1
1
1
1
1
1
1
1
1
1
1
1
1
1
1
1
1
1
1
1
1
1
1
1
1
1
1
1
1
1
1
1
1
1
1
1
1
1
1
1
1
1
1
1
1
1
1
1
1
1
1
1
1
1
1
1
1
1
1
1
1
1
1
1
1
1
1
1
1
1
1
1
1
1
1
1
1
1
1
1
1
1
1
1
1
1
1
1
1
1
1
1
1
1
1
1
1
1
1
1
1
1
1
1
1
1
1
1
1
1
1
1
1
1
1
1
1
1
1
1
1
1
1
1
1
1
1
1
1
1
1
1
1
1
1
1
1
1
1
1
1
1
1
1
1
154
154
154
154
154
154
154
1
1
1
1
1
1
1
1
1
1
1
1
1
26
26
26
1
1
1
1
1
1
1
1
1
1
1
1
1
1
1
1
1
1
1
1
168
1
1
1
1
1
1
1
1
1
1
1
1
1
1
1
1
1
1
1
1
1
1
1
1
1
1
1
1
1
1
1
1
1
1
1
1
1
1
1
1
1
1
1
1
1
1
1
1
13
13
13
1
1
1
1
1
1
1
1
1
13
1
1
1
1
1
1
1
1
1
1
1
1
1
1
1
1
1
1
1
1
1
1
1
1
1
1
1
1
1
1
1
1
1
1
1
1
1
1
1
1
1
1
1
1
1
1
1
1
1
1
1
1
1
1
1
1
1
1
1
1
1
1
1
1
1
1
1
1
1
1
1
1
1
1
1
1
1
1
1
1
1
1
1
1
1
1
1
1
1
1
1
1
1
1
1
1
1
1
1
1
1
1
1
1
1
1
1
1
1
1
1
1
1
1
1
1
1
1
1
1
1
1
1
1
1
1
1
1
1
1
1
1
1
1
1
1
1
1
1
1
1
1
1
1
1
1
1
1
1
1
1
1
1
102
102
102
102
102
102
102
1
102
102
102
1
1
1
1
1
1
1
1
1
1
1
1
1
1
1
1
1
1
1
1
1
1
1
1
1
1
1
1
1
1
1
1
1
1
1
1
1
1
1
1
1
1
1
1
1
1
1
1
1
1
1
1
1
1
1
1
1
1
1
1
1
1
1
1
1
1
1
1
1
1
1
1
1
1
1
1
1
1
1
1
1
1
1
1
1
1
1
1
1
1
1
1
1
1
1
1
1
1
1
1
1
1
1
1
1
1
1
1
1
1
1
1
1
1
1
1
1
1
1
1
1
1
1
1
1
1
1
1
1
1
1
1
1
1
1
1
1
1
1
1
1
1
1
1
1
1
1
1
1
1
1
1
1
1
1
1
1
1
1
1
1
1
1
1
1
1
96
96
96
1
1
1
1
1
1
1
1
1
1
1
1
1
1
1
1
1
1
1
1
1
1
1
1
1
1
1
1
1
1
1
1
1
1
1
1
1
1
1
1
1
1
1
1
271
186
186
186
1
1
1
1
1
1
1
1
1
1
1
1
1
1
1
1
1
1
1
1
1
1
1
1
1
1
1
1
1
1
1
1
1
1
1
1
113
1
1
1
1
1
1
1
1
1
1
1
1
1
1
1
1
1
1
1
1
1
1
1
1
1
1
1
1
1
1
1
1
1
1
1
1
1
1
1
1
1
1
1
1
1
1
1
1
1
1
1
1
1
1
1
1
1
1
1
1
323
323
323
1
1
1
154
1
1
1
1
1
1
1
1
1
1
1
1
1
1
1
1
1
1
1
1
1
1
1
1
1
1
1
1
1
1
1
1
1
1
1
1
1
1
1
1
1
1
1
1
1
1
1
1
1
1
1
1
1
1
1
1
1
1
1
1
1
1
1
1
1
1
1
