394	5810
394	5811
394	5812
394	5815
394	5817
394	5819
394	5820
394	5821
394	5822
394	5823
394	5824
394	5825
394	5826
394	5827
394	5829
394	5836
394	5837
394	5839
394	5841
394	5844
394	5845
394	5846
394	5848
394	5849
394	5851
394	5853
394	5855
394	5856
394	5857
394	5858
394	5859
394	5860
394	5863
394	5866
394	5867
394	5868
394	5869
394	5870
394	5872
394	5874
394	5875
394	5876
394	5877
394	5878
394	5879
394	5880
394	5881
394	5882
394	5883
394	5884
394	5886
394	5887
394	5888
394	5889
394	5890
394	5891
394	5893
394	5896
394	5897
394	5898
394	5900
394	5901
394	5904
394	5905
394	5906
5836	5837
5848	5849
5856	31637
5856	31638
5856	31639
5857	5858
5868	5869
5868	5870
5869	5870
5875	5876
5898	9139
31637	31638
31637	31639
31638	31639
