8420	8422
8420	8429
8432	8433
8432	8434
8432	8435
8432	8436
8421	8432
8421	8433
8421	8434
8433	8434
8433	8435
8433	8437
8433	8438
8434	8435
8434	8436
8434	8437
8434	8438
8422	8429
8429	8436
8429	8438
8429	8439
8435	8436
8435	8438
8436	8437
8436	8438
8436	8439
8424	8433
8425	8433
8425	8434
8425	8437
8437	8439
8426	8433
8426	8434
8426	8436
8426	8438
8426	8439
8438	8439
8423	8434
8423	8435
8423	8436
8427	8434
8427	8435
8427	8438
8428	8429
8428	8436
8428	8438
8428	8439
8430	8435
8430	8436
8431	8436
8431	8437
