589	21416
589	21417
589	21418
589	21419
589	21420
589	21421
589	21422
589	21423
589	21424
589	21425
589	21426
589	21427
589	21428
589	21429
589	21430
589	21431
589	21432
589	21433
589	21439
589	21440
589	21441
589	21442
589	21443
589	21444
589	21445
589	21447
589	21448
589	21449
589	21450
589	21452
589	21453
589	21454
589	21455
589	21456
589	21457
589	21458
589	21459
589	21462
589	21463
589	21465
589	21466
589	21467
589	21470
589	21471
589	21472
589	21473
589	21474
589	21476
589	21477
589	21478
589	21480
589	21483
589	21484
589	21485
589	21486
589	21489
589	21490
589	21492
589	21500
589	21503
589	21504
589	21506
589	21507
589	21508
589	21509
589	21511
589	21512
589	21515
589	21516
589	21519
589	21520
589	21522
589	21523
589	21524
589	21525
589	21526
589	21527
589	21528
589	21531
589	21532
589	21537
589	21538
589	21539
589	21540
589	21541
589	21542
589	21545
589	21546
589	21547
589	21549
589	21550
589	21551
589	21553
589	21557
589	21559
589	21562
589	21564
589	21565
589	21566
589	21567
589	21568
589	21569
589	21570
589	21571
589	21572
589	21573
589	21574
589	21578
589	21579
589	21580
589	21581
589	21582
589	21583
589	21584
589	21585
589	21586
589	21587
589	21588
589	21589
589	21592
589	21594
589	21595
589	21597
589	21598
589	21604
589	21605
589	21608
589	21609
589	21612
589	21613
589	21615
589	21617
589	21619
589	21621
589	21622
589	21623
589	21624
589	21626
589	21627
589	21628
589	21629
589	21630
589	21631
589	21632
589	21633
589	21636
589	21637
589	21639
589	21641
589	21643
589	21644
589	21645
589	21646
589	21647
589	21649
589	21650
589	21651
589	21652
589	21655
589	21657
589	21659
589	21660
589	21661
589	21662
589	21663
589	21664
589	21665
589	21667
589	21668
589	21669
589	21670
589	21671
589	21672
589	21673
589	21674
589	21675
589	21676
589	21677
589	21678
589	21679
589	21680
589	21681
589	21686
589	21689
589	21691
589	21693
589	21694
589	21695
589	21696
589	21697
589	21698
589	21699
589	21701
589	21702
589	21704
589	21705
589	21706
589	21707
589	21708
589	21711
589	21712
589	21713
589	21717
589	21718
589	21720
589	21721
589	21722
589	21723
589	21725
589	21726
589	21727
589	21728
589	21729
589	21730
589	21731
589	21732
589	21733
589	21735
589	21736
589	21737
589	21738
589	21739
589	21740
589	21741
589	21742
589	21743
589	21745
589	21746
589	21747
589	21748
589	21749
589	21750
589	21752
589	21753
589	21755
589	21756
589	21757
589	21758
589	21759
589	21761
589	21762
589	21763
589	21764
589	21766
589	21767
589	21769
589	21770
589	21771
589	21772
589	21773
589	21774
589	21775
589	21776
589	21778
589	21779
589	21780
589	21781
589	21782
589	21783
589	21784
589	21786
589	21787
589	21789
589	21790
589	21791
589	21792
589	21794
589	21795
589	21797
589	21798
589	21799
21447	21448
21447	21449
21448	21449
21453	21454
21453	21455
21453	21456
21454	21455
21454	21456
21455	21456
21492	29005
21492	29006
21506	21507
21546	21547
21565	21566
21581	33296
21582	21583
21587	21736
21619	33346
21619	33347
21626	21627
21641	33344
21641	33345
21749	21750
21773	33256
21773	33257
21773	33258
21775	21776
21795	33297
21795	33298
21795	33299
21795	33300
29006	31558
29006	31559
29006	31560
31558	31559
33256	33257
33256	33258
33257	33258
33297	33298
33297	33299
33297	33300
33298	33299
33298	33300
33299	33300
33344	33345
33346	33347
