8888	14220
13896	14000
13896	14508
13896	17461
14000	14001
14000	14220
14000	14508
14220	16493
14220	16513
14220	16520
14220	18411
14220	18414
14220	37165
14220	37166
14220	37167
14220	37168
14220	37169
14220	37170
14220	37171
14220	37172
14220	37173
14220	37174
14220	37175
14220	37176
16513	18393
16513	37165
16513	37166
16513	38235
16513	38236
16513	38237
16513	38238
16513	38239
16513	38240
16513	38241
16513	38242
16513	38243
18393	37165
18393	38240
18393	38241
18393	38242
18393	38243
18393	38256
18393	38257
37165	37166
37165	38235
37165	38239
37165	38240
37165	38241
37165	38242
37165	38243
37165	38256
37165	38257
37165	38258
37165	38259
37165	38260
37169	38247
37169	38248
37169	38249
37169	38250
37169	38251
38236	38237
38236	38238
38236	38239
38237	38238
38237	38239
38238	38239
38239	38240
38239	38258
38239	38259
38239	38260
38239	38261
38239	38262
38239	38263
38239	38264
38240	38241
38240	38242
38240	38243
38240	38256
38240	38257
38240	38258
38240	38259
38240	38260
38240	38261
38240	38262
38240	38263
38240	38264
38241	38242
38241	38243
38241	38256
38241	38257
38242	38243
38247	38248
38247	38249
38247	38250
38247	38251
38248	38249
38248	38250
38248	38251
38249	38250
38249	38251
38250	38251
38256	38257
38258	38259
38258	38260
38259	38260
38260	38261
38260	38262
38260	38263
38260	38264
38261	38262
38261	38263
38261	38264
38262	38263
38262	38264
38263	38264
