8598	17723
8598	17913
8598	18603
8598	23364
8598	23779
8598	23798
8598	23952
8598	23953
8598	23955
8598	23956
8598	23957
8598	23958
8598	23959
8598	23960
8598	23961
8598	23962
8598	23963
8598	23964
8598	23965
8598	23966
8598	23967
8598	23968
8598	23969
8598	23970
8598	23971
8598	23974
8598	23975
8598	23976
8598	23977
8598	23979
8598	23980
8598	23981
8598	23982
8598	23983
8598	23984
8598	23986
8598	23987
8598	23988
8598	23991
8598	23992
8598	23993
8598	23994
8598	23995
8598	23996
8598	23997
8598	23999
8598	24000
8598	24001
8598	24002
8598	24003
8598	24004
8598	24005
8598	24007
8598	24008
8598	24009
8598	24012
8598	24013
8598	24014
8598	24015
8598	24016
8598	24017
8598	24018
8598	24019
8598	24020
8598	24021
8598	24022
8598	24023
8598	24024
8598	24026
8598	24027
8598	24028
8598	24029
8598	24030
8598	24031
8598	24032
8598	24033
8598	24034
8598	24035
8598	24036
8598	24037
8598	24038
8598	24039
8598	24040
8598	24041
8598	24042
8598	24043
8598	24044
8598	24045
8598	24046
8598	24049
8598	24050
8598	24053
8598	24054
8598	24056
8598	24057
8598	24058
8598	24059
8598	24060
8598	24061
8598	24062
8598	24063
8598	24064
8598	24065
8598	24066
8598	24067
8598	24068
8598	24069
23364	23365
23779	24017
24026	24049
24026	24050
24049	24050
