800	16958
800	16959
800	16960
800	16961
800	16962
800	16965
800	16967
800	16977
800	16978
800	16979
800	16980
800	16981
800	16982
800	16983
800	16984
800	16985
800	16986
800	16987
800	16988
800	16989
800	16990
800	16991
800	16992
800	16993
800	16994
800	16998
800	16999
800	17000
800	17002
800	17003
800	17005
800	17006
800	17007
800	17011
800	17013
800	17016
800	17017
800	17021
800	17022
800	17023
800	17024
800	17025
800	17026
800	17031
800	17034
800	17037
800	17044
800	17047
800	17048
800	17055
800	17056
800	17066
800	17067
800	17068
800	17070
800	17071
800	17073
800	17077
800	17079
800	17081
800	17083
800	17084
800	17085
800	17093
800	17094
800	17096
800	17098
16961	16988
16961	16992
16961	17003
16961	17017
16961	32888
16962	17037
16962	17073
16962	32892
16962	32893
16962	32894
16962	32895
16962	32896
16967	16983
16977	32905
16977	32906
16977	32907
16977	32908
16977	32909
16977	32910
16977	32911
16977	32912
16977	32913
16977	32914
16977	32915
16985	17005
16988	16992
16988	16999
16988	17003
16988	17017
16988	32888
16988	32889
16988	32890
16993	32916
16999	32889
16999	32890
17003	32888
17022	17055
17025	17026
17037	32892
17037	32893
17084	32929
17084	32930
17084	32931
17093	17094
17093	32926
17094	32926
32889	32890
32892	32893
32894	32895
32894	32896
32895	32896
32905	32906
32907	32908
32907	32909
32908	32909
32910	32911
32910	32912
32911	32912
32913	32914
32913	32915
32914	32915
32929	32930
32929	32931
32930	32931
