78	26273
105	4402
276	16262
277	16263
93	19549
271	4404
227	16257
50	1099
274	4408
435	33042
255	16271
193	19541
278	16264
116	19543
366	28215
256	16277
599	21985
496	27237
117	5484
231	16276
241	4387
524	21987
262	4386
238	16273
611	22833
237	31569
253	16272
432	19521
387	40167
114	7679
91	31576
59	23927
244	4398
259	4371
345	27221
53	21968
626	36329
1	4372
515	22784
371	19580
655	36325
184	15330
180	36865
239	34172
122	16301
379	8780
398	16544
544	14127
631	34151
414	32569
168	19566
228	4356
648	39048
511	34157
229	4362
230	4366
361	32564
575	29665
85	41789
212	9825
124	16331
385	36963
542	14166
167	14167
489	18496
77	10927
21	41773
129	16341
448	36987
201	3207
574	30668
564	32596
260	4461
665	26366
323	22907
657	28256
531	36246
576	17563
463	25227
356	21911
532	13111
162	9800
22	29625
461	9801
0	101
232	26307
290	15275
558	25229
269	4432
654	21919
354	20947
439	34104
214	31530
653	21917
638	39135
49	28245
434	37900
275	4440
408	18530
149	33134
121	27143
555	17585
263	29602
641	35325
603	17596
440	17597
73	27145
111	26330
664	23827
151	40069
581	16141
145	4539
137	2067
248	19667
139	2069
283	4541
138	2068
140	2070
624	21873
645	25198
80	6443
157	34258
196	3155
490	19649
438	9908
94	10848
694	33153
578	31710
640	41959
431	15190
203	8958
257	13262
582	38956
566	15191
18	21856
220	38945
329	35089
339	10859
621	19662
443	40020
554	15202
69	1254
134	41938
449	8911
210	11802
696	36998
587	26124
45	33207
217	36200
419	28319
585	16161
251	21844
382	34291
698	35128
583	36212
533	37008
302	29542
141	37015
199	3176
351	24021
548	18600
586	27335
451	8914
2	178
613	18598
163	8912
450	8913
668	35125
146	21830
226	4487
679	38058
247	16200
606	23968
287	28401
213	36105
534	13203
523	11882
52	34184
32	2125
136	9979
600	20846
330	17454
498	18680
509	18686
656	35179
597	34239
300	33277
681	28381
336	17442
388	6482
135	16503
519	22995
495	16242
200	28367
106	16243
342	14313
590	16246
433	41865
642	20651
393	17876
364	16791
71	1363
453	9058
158	2458
541	13855
204	3543
292	10026
51	40440
693	32268
357	12889
594	39298
400	13868
74	28429
447	25556
618	31357
535	33901
261	25552
505	25548
66	19836
565	15086
4	294
7	295
650	32818
43	4121
627	28437
150	29425
280	12184
219	34988
529	12807
327	29322
411	7345
401	7344
295	31249
235	18758
674	41513
537	27431
412	7355
70	2501
42	38204
343	17818
506	19712
663	30423
270	16066
233	21686
695	38179
452	18778
194	32855
659	22639
525	35972
16	30426
623	32851
514	11185
391	12836
266	40331
322	16890
625	19752
367	39360
315	31287
314	38175
406	13944
620	21655
128	12242
647	21654
55	31269
10	354
186	27420
607	29366
420	28579
147	11106
205	18824
25	10175
216	33991
250	25464
126	31438
501	10150
273	39226
75	13016
661	22699
553	32391
36	23780
530	32395
224	19928
474	12046
526	12047
639	20481
455	10128
234	40259
110	23767
430	20482
457	9168
35	41675
133	9169
458	9170
459	9171
173	28559
191	32947
614	38344
604	17774
497	11095
469	19959
677	28568
404	14015
499	10126
403	14014
243	32428
155	2364
56	32429
671	25395
389	12139
281	21549
225	4330
503	34904
6	22781
563	14875
680	34898
672	25404
113	6245
374	6244
254	4345
507	20597
252	4344
5	4342
198	4341
380	6252
148	37352
377	6251
697	37355
218	10220
465	35891
396	40192
512	11009
202	9114
33	30314
144	29225
107	1464
686	29224
20	29228
444	33001
119	1471
407	32485
207	11030
324	35878
454	9096
101	1447
303	28626
57	29239
181	18928
222	4309
100	2425
471	31398
104	14891
373	6219
673	29247
284	29183
456	11415
667	24393
637	24390
561	33588
643	21392
633	30140
352	24768
19	25739
311	4890
312	4891
601	39579
178	32061
475	21391
282	15797
172	2728
346	4879
429	30127
313	4878
308	4877
536	13604
427	24789
332	25753
437	9260
272	20057
123	27700
15	20055
309	34648
612	29141
577	39611
72	32001
666	24418
602	17048
477	21416
595	33545
264	4909
372	5984
649	32016
622	20034
644	21415
423	10396
691	36778
154	4954
174	30202
12	5911
476	10384
610	18094
609	18093
338	39647
299	18099
61	32120
156	21449
96	13672
488	36788
14	27715
370	33638
326	30978
340	39668
421	30169
296	18057
466	36741
486	30987
48	33620
63	30174
384	30996
678	25841
47	21485
596	24766
399	22435
539	13641
682	27759
508	10401
416	7155
190	24754
175	2759
485	38457
108	24642
81	39453
413	40531
588	40534
335	14688
409	39444
392	14702
23	40538
95	11281
675	25605
83	30005
34	38596
223	26839
504	10311
127	24657
473	14706
479	14707
54	39429
615	29033
39	8022
297	36733
40	8023
572	15627
521	22398
662	31179
520	12766
684	36678
547	23468
418	15628
378	10354
685	31169
350	32143
394	10361
153	3669
589	19093
560	26869
317	16910
321	16911
573	15641
635	26859
29	25662
436	15645
166	2563
64	26849
316	29959
557	29958
493	37564
559	29955
171	3646
211	3645
540	25679
142	15720
208	3638
410	7941
249	11348
189	34736
593	33760
242	21318
318	20135
304	17981
328	22274
570	24605
355	25681
579	15693
86	16965
170	2643
320	41392
169	2642
206	3608
630	27894
102	28946
349	10295
58	41402
337	33754
605	39537
267	26807
619	35654
37	28953
11	17926
62	7971
417	7996
87	13766
265	24503
353	40492
383	24506
516	26005
592	18423
683	27912
556	28897
236	22222
543	30843
164	20327
402	15548
646	36596
636	27907
165	30847
90	22229
368	24140
246	8518
549	36584
359	5725
360	5726
182	2997
376	21138
528	12408
688	30830
518	25030
333	34368
522	39845
660	29829
608	42021
348	30804
670	29825
617	37691
517	39855
616	26042
690	41057
426	14545
88	10721
358	22248
285	4662
65	25064
445	25071
112	8546
41	38756
82	9519
240	33304
446	22256
24	40958
527	12383
510	42043
546	18379
245	4666
676	35464
571	36548
442	14531
441	14529
363	7917
428	14521
120	1855
500	22148
291	4678
161	34351
103	20257
60	6864
67	29929
481	22156
98	31860
470	9555
689	36527
152	3071
467	9540
319	30766
629	39903
325	24961
687	29948
494	21200
460	9539
397	15575
580	26099
468	10666
44	40878
491	29894
132	4710
30	33348
692	39917
480	26111
365	14485
669	25005
472	14472
658	35524
176	31821
188	3037
462	10679
99	28022
568	15416
46	27081
279	4748
209	30970
8	9623
125	5833
293	4742
369	38865
294	4743
289	34554
28	35375
652	22102
545	42129
381	10590
550	34551
192	24265
115	24267
197	9648
27	15385
628	40805
97	41185
84	9654
109	30930
17	919
375	13448
143	3910
651	36446
425	8685
424	8684
89	28753
422	8683
405	14403
215	22132
331	13464
569	19349
538	36407
362	12459
513	13536
179	2917
492	40719
131	29793
598	23252
159	12449
567	20395
38	25938
160	12452
195	15474
298	4806
130	4824
286	22042
306	4826
632	22044
552	14373
551	17249
484	9664
187	4831
334	25920
3	20410
268	6731
301	4819
487	15457
307	4821
483	9672
310	4822
584	38845
478	14354
341	4842
502	10531
76	27054
185	4840
92	15450
347	21091
634	20358
118	4847
9	15448
177	2885
288	9713
395	6778
464	37883
390	6776
183	4832
415	42214
68	6777
79	41130
258	4836
31	35401
305	4858
386	33491
482	15431
13	24235
26	961
344	19411
562	41150
221	13529
591	20381
