1
1
2
2
1
1
1
5
5
1
8
8
8
8
8
8
8
1
1
1
11
3
1
11
1
3
7
7
7
7
7
7
7
7
7
7
7
7
7
7
7
7
7
7
7
7
7
7
7
7
8
8
8
8
8
8
8
8
8
8
8
8
8
8
8
8
8
8
5
18
18
1
11
11
11
11
1
1
11
11
11
11
11
11
14
11
11
11
11
11
11
11
1
1
11
11
11
11
11
11
11
1
1
1
1
1
1
1
1
1
1
1
1
1
1
1
1
1
1
8
3
3
3
3
3
3
19
3
3
19
19
3
3
19
3
3
3
6
6
6
6
6
6
6
6
6
6
6
6
6
6
6
6
7
7
4
4
4
11
1
18
1
11
18
15
18
11
11
11
11
2
2
5
5
5
6
1
12
12
10
10
10
1
1
1
1
1
4
5
6
1
6
6
6
6
1
1
1
1
3
3
6
6
6
1
1
11
11
2
2
2
2
2
6
6
6
6
6
6
6
7
7
12
12
12
1
1
1
1
1
1
1
1
1
1
1
1
1
1
1
1
1
1
1
1
1
1
1
1
1
1
1
1
1
1
1
1
1
1
1
1
1
1
1
1
1
1
1
1
1
1
8
8
8
1
1
1
1
1
6
6
6
6
6
6
6
6
6
6
6
1
1
1
5
5
5
6
6
6
6
6
12
12
12
12
12
12
10
10
10
10
10
10
10
12
4
5
12
4
12
8
12
12
12
12
4
4
4
4
4
4
4
4
4
4
4
4
4
4
4
4
1
17
17
1
12
10
1
10
10
10
10
10
10
10
10
10
5
11
5
5
5
3
3
8
8
8
8
8
8
8
8
1
3
1
1
1
5
5
5
5
5
9
9
9
11
11
11
11
11
9
9
9
9
9
9
5
9
9
5
9
9
5
9
9
9
9
5
5
9
9
9
9
17
8
8
10
5
5
1
10
1
5
5
5
5
5
5
5
5
5
5
5
5
5
5
5
5
5
5
5
5
5
5
5
5
5
5
5
18
18
18
5
10
12
12
12
19
13
13
13
19
19
13
4
13
13
13
13
13
12
5
5
16
5
5
5
5
5
5
5
14
14
1
11
11
11
1
6
6
11
11
11
11
11
3
11
1
11
5
12
12
12
12
5
5
9
9
10
13
11
4
15
6
1
12
12
12
12
12
12
12
2
7
7
11
7
9
1
11
5
11
5
11
12
7
5
5
5
12
11
11
11
11
5
5
5
11
5
11
11
17
17
17
17
17
5
11
11
8
5
4
16
11
19
5
5
6
5
1
1
6
5
5
5
5
5
5
5
5
5
5
5
5
5
8
8
8
8
1
6
6
1
3
3
3
3
19
19
19
6
6
11
5
5
8
12
12
12
6
10
6
6
10
10
10
10
10
10
11
11
6
6
6
6
11
4
11
11
8
4
15
15
15
7
7
2
2
2
5
5
5
12
11
5
5
11
5
1
6
6
1
7
8
6
7
1
5
5
19
19
12
12
12
1
1
10
1
1
1
1
11
11
1
5
6
6
6
3
3
3
12
8
11
11
1
8
1
7
18
1
1
12
8
6
6
4
4
5
