0	1
2	3
4	5
4	6
7	8
7	9
10	11
10	12
10	13
10	14
10	15
10	16
17	18
17	19
17	20
17	21
17	22
17	23
17	24
17	25
26	27
26	28
26	29
26	30
26	31
26	32
26	33
26	34
26	35
26	36
26	37
26	38
26	39
26	40
26	41
26	42
26	43
26	44
26	45
26	46
26	47
26	48
26	49
50	51
50	11
50	52
50	53
50	12
50	54
50	55
50	56
50	57
50	58
50	14
50	59
50	60
50	61
50	62
50	63
50	64
50	65
50	66
50	67
50	68
69	70
71	72
71	73
71	74
71	75
71	76
71	77
71	78
71	79
71	80
71	81
71	82
71	83
71	84
71	85
71	86
71	87
71	88
71	89
71	90
71	91
71	92
71	93
71	94
71	95
71	96
71	97
71	98
71	99
71	100
101	102
101	103
101	104
101	105
101	106
101	107
101	108
101	109
101	110
101	111
101	112
101	113
101	5
101	114
107	102
107	110
107	101
107	105
107	115
107	116
107	113
107	117
107	118
107	106
107	5
119	12
120	121
120	122
120	123
120	25
120	124
120	125
120	126
120	127
120	128
120	129
120	130
120	131
120	132
120	133
120	134
120	135
120	136
137	138
137	139
137	140
137	141
137	142
137	143
137	144
137	145
137	146
137	126
137	147
137	148
137	149
137	150
138	151
138	137
138	139
138	140
138	152
139	146
139	143
139	137
139	138
139	140
140	137
140	138
140	139
140	146
32	43
32	27
32	28
32	26
32	46
32	35
32	153
32	39
32	40
32	154
32	41
32	33
32	47
32	48
32	37
155	156
155	157
100	71
158	156
70	159
70	160
70	161
70	162
70	163
70	69
70	164
70	165
166	167
166	168
169	167
170	171
172	173
172	174
175	146
175	176
177	178
179	180
179	181
179	129
182	183
182	184
182	185
182	76
182	186
182	187
188	68
152	151
152	189
152	190
152	191
152	192
152	193
152	194
152	195
152	138
196	197
196	198
199	128
199	200
201	202
201	203
201	145
204	205
206	207
206	68
208	209
208	210
208	171
211	210
211	171
171	212
171	210
171	170
171	211
171	208
153	27
153	154
153	32
153	28
143	213
143	137
143	139
143	214
143	215
143	216
143	147
143	217
143	218
143	142
143	219
43	220
43	26
43	46
43	32
43	221
43	41
43	33
43	48
222	223
222	178
222	224
225	226
225	5
198	227
198	228
198	229
198	230
198	102
198	231
198	232
198	76
198	197
198	190
198	233
198	234
198	235
198	236
198	237
198	196
198	110
198	92
198	238
198	106
198	5
198	239
5	228
5	226
5	230
5	238
5	102
5	76
5	240
5	241
5	242
5	4
5	101
5	243
5	244
5	161
5	105
5	107
5	22
5	245
5	232
5	246
5	247
5	236
5	237
5	248
5	249
5	110
5	92
5	18
5	113
5	225
5	106
5	198
5	250
5	251
5	239
252	230
252	253
252	238
252	254
252	255
252	256
254	230
254	255
254	253
254	238
254	231
254	256
254	244
254	235
254	257
254	258
254	252
228	227
228	229
228	230
228	231
228	226
228	243
228	244
228	190
228	233
228	18
228	234
228	235
228	110
228	198
228	5
229	227
229	228
229	235
229	230
229	190
229	234
229	231
229	198
229	233
230	227
230	228
230	226
230	229
230	255
230	253
230	238
230	102
230	259
230	1
230	256
230	232
230	92
230	241
230	76
230	190
230	233
230	234
230	235
230	247
230	236
230	237
230	249
230	110
230	231
230	18
230	260
230	106
230	198
230	5
230	252
230	254
230	239
259	246
259	230
259	1
1	0
1	235
1	230
1	261
1	259
1	110
262	241
241	262
241	230
241	110
241	263
241	243
241	264
241	244
241	265
241	22
241	266
241	247
241	267
241	176
241	268
241	269
241	237
241	249
241	236
241	9
241	18
241	5
244	18
244	241
244	228
244	246
244	243
244	253
244	22
244	5
244	110
244	254
244	245
105	102
105	240
105	101
105	107
105	270
105	248
105	110
105	113
105	106
105	5
271	15
271	12
271	272
271	273
274	268
274	110
269	18
269	241
269	266
269	267
275	226
260	276
260	277
260	278
260	226
260	230
226	228
226	276
226	277
226	278
226	230
226	260
226	275
226	225
226	5
226	24
145	201
145	279
145	137
145	141
145	280
145	144
145	281
145	282
145	283
145	147
145	148
145	149
145	150
145	284
283	145
285	286
285	287
285	267
285	93
285	147
285	288
285	289
285	214
245	290
245	244
245	249
245	5
291	292
132	121
132	120
132	122
132	123
132	25
132	125
132	127
132	134
132	131
132	136
132	128
132	135
293	294
293	173
293	295
294	293
294	173
279	296
279	282
279	145
279	297
298	299
298	300
301	302
301	303
301	304
301	130
301	305
301	306
307	308
307	309
307	22
307	310
307	311
307	312
310	307
130	313
130	311
130	314
130	315
130	120
130	126
130	133
130	303
130	301
130	129
130	224
130	306
130	302
130	305
306	316
306	317
306	224
306	311
306	314
306	318
306	319
306	320
306	315
306	313
306	321
306	126
306	163
306	303
306	301
306	130
306	322
306	212
306	323
306	324
306	302
306	129
306	305
187	325
187	326
187	327
187	328
187	329
187	330
187	331
187	332
187	186
187	318
187	76
187	182
187	333
187	334
187	335
187	336
187	337
187	338
187	183
187	184
187	185
187	339
187	340
183	184
183	185
183	341
183	76
183	182
183	186
183	187
258	255
258	238
258	254
185	183
185	184
185	341
185	76
185	182
185	342
185	343
185	187
341	183
341	185
341	76
341	161
118	113
118	344
118	116
118	107
305	302
305	303
305	301
305	345
305	130
305	306
308	346
308	312
308	347
308	313
308	181
308	348
308	307
308	349
308	309
308	350
308	351
313	352
313	318
313	353
313	308
313	346
313	130
313	354
313	129
313	224
313	306
346	313
346	308
346	355
346	356
311	307
311	357
311	130
311	306
311	312
312	308
312	129
312	307
312	309
312	311
264	241
154	32
154	153
154	28
117	107
117	115
117	147
117	113
117	358
359	360
360	359
360	361
360	8
125	121
125	120
125	362
125	122
125	123
125	25
125	134
125	127
125	128
125	131
125	132
125	363
125	135
125	136
12	11
12	364
12	365
12	62
12	318
12	13
12	271
12	366
12	119
12	367
12	14
12	50
12	368
12	60
12	369
12	15
12	272
12	163
12	10
12	59
12	370
12	371
12	51
12	66
372	113
373	124
374	113
113	375
113	110
113	376
113	101
113	105
113	107
113	115
113	344
113	116
113	372
113	347
113	374
113	117
113	102
113	118
113	106
113	5
377	378
377	379
377	380
377	173
377	381
380	382
380	377
380	379
380	68
380	383
380	384
80	385
80	386
80	71
80	387
388	389
268	241
268	110
268	288
268	274
390	391
390	392
390	393
390	394
390	68
390	395
68	396
68	174
68	316
68	397
68	206
68	398
68	399
68	384
68	400
68	401
68	383
68	402
68	403
68	404
68	405
68	50
68	379
68	406
68	393
68	394
68	188
68	407
68	408
68	380
68	392
68	382
68	390
68	409
68	395
395	410
395	401
395	411
395	397
395	390
395	68
395	412
60	11
60	365
60	12
60	413
60	414
60	50
60	368
60	415
416	224
416	349
401	411
401	405
401	68
401	395
411	401
411	395
412	395
114	101
363	125
410	395
62	56
62	11
62	59
62	50
62	12
62	51
62	63
62	55
417	418
39	26
39	32
39	40
40	26
40	32
40	39
246	259
246	419
246	420
246	244
246	249
246	421
246	5
112	101
422	423
422	424
422	425
422	173
422	426
422	427
422	428
422	429
424	422
424	425
425	430
425	431
425	432
425	433
425	434
425	173
425	435
425	423
425	436
425	437
425	429
425	438
425	439
425	428
425	440
425	441
425	442
425	426
425	443
425	427
425	444
425	422
425	424
425	445
425	446
425	447
425	174
425	448
379	377
379	380
379	382
379	68
379	383
379	384
449	163
449	450
449	451
163	159
163	70
163	126
163	450
163	451
163	12
163	161
163	306
163	449
163	93
163	452
450	163
450	451
450	251
450	449
451	163
451	450
451	251
451	449
203	202
203	201
453	351
454	455
454	317
454	456
202	203
202	201
457	133
457	458
457	459
133	460
133	76
133	461
133	292
133	223
133	126
133	457
133	458
133	459
133	129
133	462
133	130
133	120
458	460
458	463
458	133
458	457
458	459
458	462
459	464
459	462
459	457
459	133
459	458
459	465
459	466
437	425
82	71
460	467
460	468
460	462
460	133
460	458
460	469
467	460
470	304
8	399
8	471
8	7
8	472
8	316
8	473
8	474
8	475
8	476
8	477
8	478
8	479
8	360
8	480
197	196
197	198
84	481
84	482
84	483
84	71
84	195
484	257
483	76
483	485
483	486
483	84
483	92
483	487
483	195
288	488
288	285
288	489
288	268
288	147
162	490
162	70
162	491
162	492
162	251
162	493
461	494
461	133
461	223
212	210
212	306
212	3
212	171
438	441
438	433
438	173
438	435
438	439
438	432
438	442
438	447
438	427
438	426
438	425
136	134
136	131
136	25
136	132
136	121
136	125
136	128
136	122
136	127
136	123
136	135
136	495
136	120
292	496
292	291
292	133
292	497
292	76
292	498
292	231
499	173
499	446
455	454
455	456
455	500
455	317
501	502
501	503
501	322
25	121
25	21
25	17
25	122
25	123
25	120
25	125
25	127
25	134
25	131
25	132
25	128
25	135
25	136
218	143
349	308
349	416
349	224
504	505
504	447
504	431
378	377
378	173
378	381
378	423
394	506
394	392
394	406
394	507
394	390
394	68
476	475
476	8
476	480
423	478
423	426
423	422
423	425
423	378
423	427
423	381
508	181
502	501
502	322
381	377
381	173
381	378
381	452
381	423
468	460
468	509
468	469
462	133
462	459
462	460
462	458
88	71
88	510
94	71
94	87
339	511
339	187
77	71
77	92
512	164
207	206
497	292
147	151
147	137
147	141
147	143
147	150
147	144
147	214
147	285
147	145
147	146
147	513
147	148
147	117
147	149
147	288
514	205
514	236
95	71
249	18
249	241
249	246
249	247
249	110
249	290
249	230
249	237
249	5
249	421
249	245
456	515
456	454
456	317
456	455
456	516
456	517
456	518
456	519
456	520
456	521
210	212
210	522
210	208
210	209
210	211
210	171
523	524
474	525
474	8
526	221
389	388
389	452
280	145
280	281
128	121
128	120
128	122
128	123
128	25
128	125
128	127
128	134
128	131
128	132
128	199
128	135
128	136
527	400
528	510
528	236
159	70
159	163
159	161
160	70
362	125
520	456
529	167
391	390
357	530
357	311
75	71
75	531
532	477
532	533
534	345
257	484
257	235
257	254
375	113
331	187
221	526
221	43
221	535
513	147
536	399
536	537
536	436
536	538
539	304
96	71
87	94
87	540
87	71
87	99
541	542
541	167
541	406
400	398
400	384
400	409
400	403
400	68
400	404
400	527
406	392
406	473
406	394
406	68
406	543
406	541
403	68
403	404
403	409
403	400
404	68
404	409
404	403
404	400
544	545
544	477
544	546
542	547
542	167
542	541
167	166
167	541
167	548
167	529
167	547
167	169
167	542
167	549
167	168
167	550
342	551
342	552
342	553
342	185
342	554
342	555
342	478
342	413
342	343
478	552
478	472
478	342
478	556
478	8
478	423
552	551
552	553
552	342
552	555
552	478
552	343
405	401
405	68
472	557
472	558
472	478
472	8
365	364
365	559
365	15
365	13
365	368
365	53
365	369
365	60
365	12
365	371
428	422
428	425
428	429
428	560
428	173
441	442
441	433
441	425
441	438
442	441
442	438
442	425
426	432
426	422
426	434
426	425
426	173
426	438
426	427
426	439
426	174
426	448
426	423
426	436
335	333
335	328
335	327
335	326
335	329
335	332
335	336
335	561
335	338
335	187
335	157
335	337
335	340
392	390
392	406
392	394
392	68
473	479
473	8
473	406
473	562
479	473
479	562
479	8
563	564
104	101
565	418
431	504
431	425
431	173
431	440
431	447
431	566
566	447
566	431
554	342
290	249
290	245
184	183
184	185
184	567
184	76
184	182
184	186
184	187
27	26
27	524
27	32
27	153
568	446
482	84
482	251
482	195
9	241
9	7
92	230
92	238
92	102
92	569
92	77
92	570
92	344
92	76
92	161
92	232
92	483
92	236
92	237
92	71
92	110
92	93
92	195
92	106
92	198
92	5
92	239
487	270
487	483
487	486
487	485
195	151
195	76
195	189
195	84
195	571
195	482
195	483
195	192
195	92
195	152
195	193
402	68
402	174
402	316
397	68
397	395
397	384
572	573
572	574
572	418
418	572
418	565
418	573
418	436
418	417
418	575
418	574
573	418
573	572
436	576
436	536
436	537
436	433
436	418
436	425
436	173
436	446
436	426
436	399
436	427
436	538
436	577
436	578
579	173
579	580
579	447
579	443
142	143
142	137
142	194
282	296
282	279
282	145
282	297
270	571
270	105
270	146
270	248
270	193
270	110
270	487
270	106
581	471
581	582
581	173
581	446
581	583
581	584
585	367
585	586
585	587
585	588
585	371
247	18
247	241
247	230
247	237
247	249
247	589
247	5
247	110
495	136
106	230
106	238
106	102
106	240
106	101
106	76
106	161
106	105
106	107
106	270
106	232
106	236
106	237
106	248
106	110
106	92
106	18
106	113
106	198
106	5
106	239
590	146
590	591
227	234
227	228
227	235
227	229
227	230
227	198
276	278
276	277
276	260
276	226
277	276
277	278
277	226
277	260
278	226
278	276
278	277
278	260
255	258
255	230
255	253
255	238
255	252
255	254
255	256
253	244
253	255
253	238
253	230
253	252
253	254
253	256
238	230
238	255
238	253
238	102
238	231
238	256
238	76
238	232
238	236
238	237
238	110
238	92
238	258
238	106
238	198
238	5
238	592
238	252
238	254
238	239
231	228
231	229
231	230
231	238
231	256
231	292
231	190
231	233
231	234
231	235
231	198
231	254
256	230
256	255
256	253
256	238
256	231
256	252
256	254
122	593
122	131
122	25
122	132
122	121
122	125
122	134
122	127
122	128
122	123
122	135
122	136
122	120
124	373
124	594
124	595
124	596
124	120
129	313
129	224
129	597
129	312
129	120
129	126
129	133
129	598
129	130
129	306
129	599
129	179
135	134
135	131
135	25
135	132
135	121
135	125
135	122
135	127
135	128
135	123
135	136
135	120
398	384
398	400
398	600
398	409
398	68
398	601
364	365
364	12
322	502
322	501
322	317
322	306
317	521
317	454
317	455
317	456
317	306
317	322
321	306
321	323
86	71
602	85
551	552
551	553
551	342
551	555
551	343
336	335
336	333
336	328
336	327
336	329
336	340
336	332
336	337
336	187
336	338
330	187
576	577
576	436
576	173
555	551
555	552
555	553
555	342
555	343
603	440
440	425
440	173
440	446
440	447
440	431
440	443
440	603
604	430
343	551
343	552
343	553
343	185
343	342
343	555
343	413
393	390
393	68
11	14
11	12
11	13
11	64
11	50
11	60
11	62
11	15
11	58
11	53
11	10
11	65
11	605
304	606
304	607
304	539
304	470
304	301
304	608
296	279
296	282
296	297
609	600
610	420
299	146
299	298
299	611
299	612
299	600
546	544
592	238
489	288
408	68
613	614
613	615
613	181
613	616
613	617
613	618
548	505
548	167
548	443
498	292
498	496
509	468
509	469
235	227
235	228
235	229
235	110
235	230
235	1
235	190
235	233
235	234
235	257
235	261
235	231
235	198
235	254
452	389
452	619
452	163
452	620
452	381
205	236
205	514
205	204
181	508
181	179
181	613
181	614
181	615
181	308
181	350
181	420
181	348
181	351
181	616
181	617
181	618
589	247
569	92
344	92
344	113
344	118
432	426
432	425
432	445
432	438
432	427
432	439
193	151
193	567
193	189
193	270
193	571
193	192
193	176
193	195
193	152
116	107
116	113
116	118
93	285
93	287
93	71
93	92
93	223
93	163
93	289
168	166
168	167
371	367
371	585
371	586
371	587
371	365
371	588
371	12
490	493
490	162
621	622
621	146
621	623
621	524
621	624
248	270
248	105
248	106
248	5
248	110
248	240
506	394
625	626
625	627
625	628
66	370
66	537
66	50
66	12
66	629
224	222
224	223
224	313
224	349
224	178
224	129
224	130
224	306
224	416
469	468
469	460
469	509
622	621
15	11
15	365
15	12
15	271
15	14
15	272
15	10
272	15
272	271
272	12
318	630
318	626
318	12
318	315
318	313
318	306
318	464
318	187
103	111
103	101
164	512
164	70
164	631
164	632
164	633
634	524
634	635
591	146
591	590
567	184
567	193
3	212
3	636
3	637
3	2
3	638
639	430
430	639
430	173
430	640
430	425
430	604
430	174
430	448
430	641
507	394
642	178
600	398
600	146
600	609
600	299
600	601
354	352
354	353
354	313
347	113
347	308
347	376
376	347
376	113
494	461
242	220
242	5
475	476
475	643
475	8
475	480
643	475
644	477
477	316
477	399
477	471
477	644
477	8
477	645
477	544
477	532
156	549
156	157
156	646
156	158
156	155
47	26
47	46
47	35
47	32
47	48
47	37
281	280
281	145
647	174
620	452
233	234
233	228
233	235
233	648
233	229
233	230
233	190
233	198
233	231
146	649
146	137
146	139
146	140
146	591
146	650
146	299
146	270
146	175
146	176
146	621
146	147
146	600
146	590
251	482
251	162
251	450
251	451
251	5
251	651
18	228
18	19
18	230
18	17
18	241
18	243
18	244
18	267
18	22
18	266
18	247
18	236
18	269
18	237
18	249
18	110
18	106
18	5
18	24
624	621
624	652
624	524
356	346
356	355
653	59
654	286
53	13
53	11
53	50
53	14
53	365
599	129
524	523
524	652
524	621
524	624
524	126
524	634
524	27
524	655
286	214
286	285
286	654
632	631
632	633
632	164
652	524
652	624
215	143
500	455
481	84
236	205
236	230
236	238
236	102
236	241
236	76
236	161
236	514
236	232
236	237
236	110
236	92
236	18
236	656
236	106
236	198
236	5
236	528
236	239
90	71
90	98
358	117
446	657
446	658
446	436
446	316
446	433
446	440
446	582
446	425
446	499
446	173
446	583
446	581
446	568
446	447
446	174
446	584
328	335
328	333
328	336
328	327
328	329
328	340
328	332
328	337
328	187
328	338
521	317
521	456
399	536
399	471
399	537
399	477
399	538
399	645
399	436
399	8
399	68
399	578
659	564
659	660
659	126
661	662
6	4
515	456
611	299
611	612
323	662
323	321
323	663
323	306
519	516
519	518
519	456
598	129
598	597
547	542
547	167
110	228
110	230
110	238
110	102
110	1
110	76
110	240
110	241
110	101
110	243
110	244
110	105
110	274
110	22
110	270
110	232
110	235
110	247
110	268
110	236
110	107
110	248
110	249
110	92
110	18
110	113
110	237
110	106
110	198
110	5
110	239
36	26
36	30
36	44
664	239
664	665
664	419
59	62
59	50
59	12
59	51
59	653
606	304
351	666
351	453
351	308
351	181
351	348
351	350
368	415
368	60
368	365
368	12
368	414
13	10
13	11
13	53
13	365
13	12
192	571
192	151
192	189
192	195
192	193
192	152
115	107
115	117
115	113
637	3
637	636
637	638
667	570
666	351
265	241
383	379
383	380
383	382
383	384
383	68
570	667
570	92
570	668
108	101
127	131
127	136
127	132
127	121
127	125
127	128
127	122
127	134
127	123
127	135
127	120
127	25
190	234
190	151
190	235
190	648
190	229
190	230
190	191
190	231
190	198
190	233
190	228
190	152
596	124
352	354
352	353
352	313
427	432
427	422
427	425
427	173
427	426
427	435
427	438
427	439
427	423
427	436
325	187
669	670
669	239
518	519
518	516
518	456
65	50
65	11
445	432
445	425
445	439
645	477
645	399
463	458
558	472
558	557
671	549
672	619
250	5
250	673
505	674
505	504
505	548
505	530
505	173
505	447
261	1
261	235
447	530
447	173
447	674
447	438
447	440
447	504
447	505
447	579
447	443
447	431
447	566
447	425
447	446
675	676
675	287
675	677
29	26
540	87
355	356
355	346
19	18
19	176
19	21
19	22
19	17
19	24
332	333
332	335
332	328
332	327
332	336
332	329
332	340
332	337
332	187
332	338
678	679
678	123
678	680
334	187
38	26
516	519
516	518
516	456
616	613
616	614
616	615
616	181
616	617
580	579
480	476
480	8
480	475
587	367
587	585
587	371
587	588
587	586
78	89
78	79
78	71
232	126
232	76
232	230
232	238
232	102
232	106
232	198
232	5
232	110
232	92
232	239
232	236
232	237
111	103
111	101
665	664
665	239
665	419
267	269
267	18
267	241
267	266
267	285
223	133
223	289
223	178
223	681
223	287
223	222
223	461
223	224
223	93
64	14
64	50
64	11
635	634
560	428
76	230
76	238
76	102
76	186
76	292
76	161
76	182
76	232
76	483
76	236
76	133
76	71
76	110
76	92
76	187
76	183
76	184
76	237
76	185
76	195
76	106
76	198
76	5
76	239
76	341
46	26
46	41
46	35
46	32
46	47
46	48
46	43
46	37
121	134
121	131
121	25
121	132
121	125
121	122
121	127
121	128
121	123
121	135
121	136
121	120
73	71
73	83
345	534
345	305
496	292
496	498
586	367
586	585
586	587
586	588
586	371
186	183
186	184
186	182
186	76
186	187
537	399
537	536
537	538
537	436
537	66
123	134
123	131
123	680
123	25
123	132
123	121
123	125
123	679
123	122
123	127
123	128
123	678
123	135
123	136
123	120
14	10
14	11
14	605
14	50
14	56
14	12
14	64
14	53
14	15
682	370
630	318
636	3
636	637
636	638
683	684
683	660
99	71
99	87
366	320
366	12
49	26
657	446
419	246
419	664
419	239
419	665
200	199
681	223
287	675
287	676
287	289
287	285
287	223
287	677
287	93
74	72
74	71
74	81
627	625
627	626
627	628
173	377
173	293
173	294
173	433
173	581
173	499
173	435
173	576
173	436
173	172
173	316
173	582
173	429
173	438
173	439
173	361
173	577
173	584
173	430
173	658
173	505
173	579
173	443
173	427
173	431
173	428
173	381
173	426
173	422
173	425
173	440
173	446
173	378
173	583
173	174
173	448
173	447
677	676
677	287
677	675
420	246
420	610
420	181
303	302
303	301
303	130
303	306
303	305
89	78
89	79
89	71
556	478
102	238
102	685
102	232
102	76
102	113
102	101
102	230
102	236
102	105
102	106
102	198
102	5
102	110
102	107
102	92
102	239
102	237
37	26
37	35
37	47
37	32
37	48
37	46
615	613
615	614
615	181
615	616
615	617
615	618
612	611
612	299
284	145
686	370
144	137
144	147
144	150
144	148
144	149
144	141
144	145
20	23
20	17
57	61
57	50
57	54
673	250
327	333
327	335
327	328
327	336
327	329
327	340
327	332
327	337
327	187
327	338
607	304
150	137
150	147
150	148
150	144
150	149
150	141
150	145
302	303
302	301
302	130
302	306
302	305
263	241
22	19
22	17
22	241
22	243
22	244
22	307
22	110
22	18
22	5
22	687
22	24
575	418
131	25
131	132
131	121
131	125
131	134
131	122
131	127
131	128
131	123
131	135
131	136
131	120
670	669
660	683
660	564
660	126
660	659
491	162
67	50
687	22
559	365
557	472
557	558
316	173
316	545
316	8
316	306
316	471
316	477
316	402
316	658
316	446
316	68
316	174
83	71
83	73
429	422
429	425
429	173
429	428
633	631
633	632
633	164
421	249
421	246
63	62
63	50
174	430
174	658
174	316
174	172
174	425
174	173
174	446
174	426
174	647
174	68
174	448
174	402
33	26
33	32
33	43
663	323
663	662
16	10
574	572
574	418
319	306
348	308
348	350
348	181
348	351
688	535
543	406
165	70
165	689
109	101
209	210
209	522
209	208
326	335
326	187
486	487
486	483
486	485
384	398
384	380
384	379
384	382
384	409
384	397
384	68
384	383
384	400
685	102
662	661
662	663
662	323
295	293
55	62
55	50
315	318
315	626
315	130
315	306
618	614
618	615
618	181
618	613
471	399
471	316
471	477
471	581
471	8
126	232
126	660
126	524
126	163
126	133
126	137
126	129
126	130
126	564
126	306
126	659
126	120
214	147
214	143
214	285
214	286
237	18
237	690
237	241
237	247
237	691
237	110
237	230
237	236
237	238
237	102
237	232
237	249
237	198
237	5
237	76
237	92
237	106
237	239
91	71
578	399
578	436
176	19
176	241
176	146
176	175
176	193
98	71
98	90
72	71
72	74
72	81
649	146
649	650
649	191
178	223
178	642
178	177
178	222
178	224
178	692
61	50
61	54
61	57
350	308
350	181
350	348
350	351
693	369
553	551
553	552
553	342
553	555
553	343
530	357
530	447
530	505
243	18
243	241
243	228
243	244
243	5
243	110
243	22
56	62
56	52
56	50
56	14
407	68
361	582
361	360
361	173
414	60
414	368
414	415
564	563
564	660
564	126
564	659
650	146
650	649
650	191
623	621
194	151
194	142
194	152
191	649
191	151
191	650
191	190
191	152
444	425
435	425
435	173
435	438
435	427
149	137
149	147
149	150
149	148
149	144
149	141
149	145
694	217
694	213
694	695
694	219
694	216
45	26
45	34
300	298
240	105
240	248
240	5
240	110
240	106
30	26
30	36
30	44
386	80
595	124
561	335
48	26
48	46
48	35
48	47
48	32
48	43
48	37
370	686
370	66
370	682
370	12
337	335
337	333
337	328
337	327
337	336
337	329
337	340
337	332
337	187
337	338
593	122
535	221
535	688
216	694
216	695
216	143
216	217
216	213
216	219
439	432
439	426
439	433
439	425
439	445
439	438
439	427
439	173
631	633
631	632
631	164
511	339
239	236
239	232
239	76
239	237
239	664
239	669
239	230
239	238
239	102
239	106
239	198
239	5
239	110
239	92
239	665
239	419
52	50
52	56
597	598
597	129
157	335
157	156
157	155
382	379
382	68
382	383
382	380
382	384
161	159
161	70
161	341
161	236
161	163
161	106
161	5
161	76
161	92
333	335
333	328
333	327
333	336
333	329
333	340
333	332
333	337
333	187
333	338
550	549
550	167
289	287
289	285
289	223
289	93
309	312
309	307
309	308
189	571
189	151
189	192
189	195
189	193
189	152
680	678
680	679
680	123
503	501
219	694
219	695
219	143
219	216
219	217
219	213
329	335
329	328
329	333
329	696
329	697
329	336
329	340
329	332
329	337
329	187
329	327
329	338
668	570
698	545
656	236
641	430
28	26
28	32
28	153
28	154
31	26
31	42
676	677
676	287
676	675
658	446
658	174
658	316
658	173
619	452
619	672
324	306
465	459
525	474
213	694
213	695
213	143
213	216
213	217
213	219
217	694
217	695
217	143
217	216
217	213
217	219
583	582
583	581
583	173
583	446
583	584
531	75
655	524
626	318
626	625
626	627
626	315
626	628
538	399
538	536
538	537
538	436
651	251
689	165
571	270
571	192
571	189
571	195
571	193
549	671
549	156
549	167
549	550
646	156
684	683
297	296
297	279
297	282
466	459
691	690
691	237
488	288
180	179
385	80
385	387
448	430
448	425
448	173
448	426
448	174
696	329
696	697
533	532
141	137
141	147
141	150
141	148
141	144
141	149
141	145
148	137
148	147
148	150
148	144
148	149
148	141
148	145
697	329
697	696
493	490
493	162
617	613
617	614
617	615
617	181
617	616
464	318
464	459
434	426
434	425
679	678
679	680
679	123
314	130
314	306
695	694
695	216
695	217
695	213
695	219
42	26
42	31
614	613
614	615
614	181
614	616
614	617
614	618
485	483
485	486
485	487
34	26
34	45
41	26
41	46
41	32
41	43
584	582
584	581
584	173
584	446
584	583
369	693
369	365
369	12
220	43
220	242
582	581
582	173
582	446
582	583
582	361
582	584
648	190
648	233
638	3
638	636
638	637
273	271
594	124
367	585
367	586
367	371
367	587
367	588
367	12
54	61
54	50
54	57
409	398
409	400
409	384
409	68
409	403
409	404
81	72
81	71
81	74
605	14
605	11
601	398
601	600
577	576
577	436
577	173
338	333
338	335
338	328
338	327
338	336
338	329
338	340
338	332
338	337
338	187
340	333
340	335
340	328
340	327
340	336
340	329
340	332
340	337
340	187
340	338
522	209
522	210
517	456
629	66
692	178
443	425
443	173
443	548
443	447
443	579
443	440
151	190
151	189
151	191
151	192
151	193
151	194
151	147
151	195
151	138
151	152
387	80
387	385
396	68
234	227
234	228
234	235
234	229
234	230
234	190
234	231
234	198
234	233
266	241
266	269
266	267
266	18
51	12
51	62
51	50
51	59
353	352
353	354
353	313
413	342
413	60
413	343
588	367
588	585
588	371
588	587
588	586
23	20
23	17
492	162
628	625
628	626
628	627
44	26
44	30
44	36
24	18
24	22
24	226
24	19
24	17
690	237
690	691
79	89
79	71
79	78
562	473
562	479
97	71
320	366
320	306
58	50
58	11
674	505
674	447
35	26
35	46
35	47
35	32
35	48
35	37
21	19
21	17
21	25
85	71
85	602
433	441
433	425
433	173
433	446
433	438
433	439
433	436
134	131
134	25
134	132
134	121
134	125
134	122
134	127
134	128
134	123
134	135
134	136
134	120
640	430
608	304
510	528
510	88
545	698
545	316
545	544
415	60
415	414
415	368
