224	511
225	24197
226	24198
227	24202
228	24203
229	24208
230	24210
231	24211
232	24215
233	24220
234	24221
235	24224
236	24225
237	24227
238	24229
239	24232
240	24235
241	24236
242	24238
243	24240
244	24241
245	24242
246	24246
247	24247
248	24248
249	24249
250	24250
251	24255
252	24257
253	24260
254	24263
255	24264
256	24265
257	24267
258	24268
259	24273
260	24274
261	24277
262	24278
263	24280
264	24285
265	24287
266	24288
267	24289
268	24291
269	24292
270	24293
271	24295
272	24296
273	24297
274	24298
275	24299
276	24301
277	24306
278	24307
279	24309
280	24314
281	24315
282	24318
283	24319
284	24320
285	24321
286	24322
287	24324
288	24326
289	24332
290	24334
291	24335
292	24337
293	24338
294	24342
295	24343
296	24344
297	24347
298	24348
299	24353
300	24354
301	24355
302	24362
303	24363
304	24365
305	24366
306	24367
307	24368
308	24369
309	24370
310	24372
311	24373
312	24375
313	24377
314	24380
315	24381
316	24382
317	24383
318	24384
319	24387
320	28788
321	28789
322	28752
323	28753
324	28754
325	28790
326	28791
327	28792
328	28793
329	28794
330	28765
331	29445
332	29446
