511	24197
511	24198
511	24202
511	24203
511	24208
511	24210
511	24211
511	24215
511	24220
511	24221
511	24224
511	24225
511	24227
511	24229
511	24232
511	24235
511	24236
511	24238
511	24240
511	24241
511	24242
511	24246
511	24247
511	24248
511	24249
511	24250
511	24255
511	24257
511	24260
511	24263
511	24264
511	24265
511	24267
511	24268
511	24273
511	24274
511	24277
511	24278
511	24280
511	24285
511	24287
511	24288
511	24289
511	24291
511	24292
511	24293
511	24295
511	24296
511	24297
511	24298
511	24299
511	24301
511	24306
511	24307
511	24309
511	24314
511	24315
511	24318
511	24319
511	24320
511	24321
511	24322
511	24324
511	24326
511	24332
511	24334
511	24335
511	24337
511	24338
511	24342
511	24343
511	24344
511	24347
511	24348
511	24353
511	24354
511	24355
511	24362
511	24363
511	24365
511	24366
511	24367
511	24368
511	24369
511	24370
511	24372
511	24373
511	24375
511	24377
511	24380
511	24381
511	24382
511	24383
511	24384
511	24387
24197	24198
24198	28788
24198	28789
24235	28752
24235	28753
24235	28754
24247	24260
24287	24288
24291	24292
24291	24293
24292	24293
24297	24298
24314	28790
24314	28791
24314	28792
24314	28793
24314	28794
24334	24335
24368	28765
28752	28753
28752	28754
28753	28754
28788	28789
28790	28791
28790	28792
28790	28793
28790	28794
28790	29445
28790	29446
28791	28792
28791	28793
28791	28794
28792	28793
28792	28794
28793	28794
28793	29445
28793	29446
29445	29446
