654	5965
655	15090
656	15280
657	15970
658	20731
659	21146
660	21165
661	21319
662	21320
663	21322
664	21323
665	21324
666	21325
667	21326
668	21327
669	21328
670	21329
671	21330
672	21331
673	21332
674	21333
675	21334
676	21335
677	21336
678	21337
679	21338
680	21341
681	21342
682	21343
683	21344
684	21346
685	21347
686	21348
687	21349
688	21350
689	21351
690	21353
691	21354
692	21355
693	21358
694	21359
695	21360
696	21361
697	21362
698	21363
699	21364
700	21366
701	21367
702	21368
703	21369
704	21370
705	21371
706	21372
707	21374
708	21375
709	21376
710	21379
711	21380
712	21381
713	21382
714	21383
715	21384
716	21385
717	21386
718	21387
719	21388
720	21389
721	21390
722	21391
723	21393
724	21394
725	21395
726	21396
727	21397
728	21398
729	21399
730	21400
731	21401
732	21402
733	21403
734	21404
735	21405
736	21406
737	21407
738	21408
739	21409
740	21410
741	21411
742	21412
743	21413
744	21416
745	21417
746	21420
747	21421
748	21423
749	21424
750	21425
751	21426
752	21427
753	21428
754	21429
755	21430
756	21431
757	21432
758	21433
759	21434
760	21435
761	21436
762	20732
