5965	15090
5965	15280
5965	15970
5965	20731
5965	21146
5965	21165
5965	21319
5965	21320
5965	21322
5965	21323
5965	21324
5965	21325
5965	21326
5965	21327
5965	21328
5965	21329
5965	21330
5965	21331
5965	21332
5965	21333
5965	21334
5965	21335
5965	21336
5965	21337
5965	21338
5965	21341
5965	21342
5965	21343
5965	21344
5965	21346
5965	21347
5965	21348
5965	21349
5965	21350
5965	21351
5965	21353
5965	21354
5965	21355
5965	21358
5965	21359
5965	21360
5965	21361
5965	21362
5965	21363
5965	21364
5965	21366
5965	21367
5965	21368
5965	21369
5965	21370
5965	21371
5965	21372
5965	21374
5965	21375
5965	21376
5965	21379
5965	21380
5965	21381
5965	21382
5965	21383
5965	21384
5965	21385
5965	21386
5965	21387
5965	21388
5965	21389
5965	21390
5965	21391
5965	21393
5965	21394
5965	21395
5965	21396
5965	21397
5965	21398
5965	21399
5965	21400
5965	21401
5965	21402
5965	21403
5965	21404
5965	21405
5965	21406
5965	21407
5965	21408
5965	21409
5965	21410
5965	21411
5965	21412
5965	21413
5965	21416
5965	21417
5965	21420
5965	21421
5965	21423
5965	21424
5965	21425
5965	21426
5965	21427
5965	21428
5965	21429
5965	21430
5965	21431
5965	21432
5965	21433
5965	21434
5965	21435
5965	21436
20731	20732
21146	21384
21393	21416
21393	21417
21416	21417
