416	5716
416	5717
416	5718
416	5730
416	5746
416	5748
416	5749
416	5750
416	5759
416	5776
416	5777
416	5784
416	5787
416	5791
416	5794
416	5798
416	5799
416	5800
416	5804
416	5817
416	5823
416	5835
416	5849
416	5851
416	5852
416	5853
416	5857
416	5871
416	5875
416	5879
416	5884
416	5896
416	5900
416	5904
416	5908
5717	5718
5748	5749
5776	5777
5777	33170
5798	5799
5798	5800
5799	5800
5849	33175
5849	33176
5849	33177
33175	33176
33175	33177
33176	33177
416	5716
416	5717
416	5718
416	5730
416	5746
416	5748
416	5749
416	5750
416	5759
416	5776
416	5777
416	5784
416	5787
416	5791
416	5794
416	5798
416	5799
416	5800
416	5804
416	5817
416	5823
416	5835
416	5849
416	5851
416	5852
416	5853
416	5857
416	5871
416	5875
416	5879
416	5884
416	5896
416	5900
416	5904
416	5908
5717	5718
5748	5749
5776	5777
5777	33170
5798	5799
5798	5800
5799	5800
5849	33175
5849	33176
5849	33177
33175	33176
33175	33177
33176	33177
