1745	11295
1745	11296
1745	11298
1745	11301
1745	11302
1745	11303
1745	11304
1745	11308
1745	11310
1745	11312
1745	11313
1745	11316
1745	11319
1745	11320
1745	11322
1745	11328
1745	11329
1745	11330
1745	11333
1745	11334
1745	11335
1745	11336
1745	11337
1745	11344
1745	11345
1745	11350
1745	11351
1745	11352
1745	11355
1745	11360
1745	11362
1745	11365
1745	11366
1745	11368
1745	11369
1745	11370
1745	11377
1745	11380
1745	11381
1745	11385
1745	11386
1745	11388
1745	11390
1745	11391
1745	11392
1745	11396
1745	11397
1745	11398
1745	11399
11298	16243
11298	16244
11328	11329
11328	17418
11333	11334
11336	11337
11368	17422
11368	17423
11368	17424
11368	17425
16243	16244
17422	17423
17422	17424
17423	17424
17425	19194
