0	155
1	8751
2	8752
3	8753
4	8757
5	8758
6	8760
7	8763
8	8764
9	8767
10	8768
11	8769
12	8772
13	8775
14	8776
15	8779
16	8780
17	8781
18	8783
19	8784
20	8785
21	8786
22	8787
23	8788
24	8789
25	8792
26	8795
27	8796
28	8797
29	8798
30	8799
31	8800
32	8801
33	8803
34	8804
35	8805
36	8806
37	8807
38	8808
39	8809
40	8810
41	8811
42	8812
43	8813
44	8815
45	8817
46	8818
47	8819
48	8820
49	8821
50	8823
51	8826
52	8827
53	8830
54	8831
55	8832
56	8835
57	8836
58	8837
59	8838
60	8841
61	8842
62	8846
63	8848
64	8850
65	8851
66	8855
67	8856
68	8863
69	8864
70	8869
71	8872
72	8873
73	8874
74	8876
75	8878
76	8880
77	8881
78	8882
79	8883
80	8884
81	8888
82	8889
83	8893
84	8898
85	8902
86	8903
87	8908
88	11724
89	11725
90	11726
91	11727
92	11728
93	13842
94	13843
95	13844
96	11579
