155	8751
155	8752
155	8753
155	8757
155	8758
155	8760
155	8763
155	8764
155	8767
155	8768
155	8769
155	8772
155	8775
155	8776
155	8779
155	8780
155	8781
155	8783
155	8784
155	8785
155	8786
155	8787
155	8788
155	8789
155	8792
155	8795
155	8796
155	8797
155	8798
155	8799
155	8800
155	8801
155	8803
155	8804
155	8805
155	8806
155	8807
155	8808
155	8809
155	8810
155	8811
155	8812
155	8813
155	8815
155	8817
155	8818
155	8819
155	8820
155	8821
155	8823
155	8826
155	8827
155	8830
155	8831
155	8832
155	8835
155	8836
155	8837
155	8838
155	8841
155	8842
155	8846
155	8848
155	8850
155	8851
155	8855
155	8856
155	8863
155	8864
155	8869
155	8872
155	8873
155	8874
155	8876
155	8878
155	8880
155	8881
155	8882
155	8883
155	8884
155	8888
155	8889
155	8893
155	8898
155	8902
155	8903
155	8908
8775	8878
8776	11724
8776	11725
8776	11726
8776	11727
8776	11728
8830	13842
8830	13843
8830	13844
8884	11579
11724	11725
11724	11726
11724	11727
11724	11728
11725	11726
11725	11727
11725	11728
11726	11727
11726	11728
11727	11728
13842	13843
13842	13844
13843	13844
