1200	3083
1201	7498
1202	22031
1203	22032
1204	22033
1205	22036
1206	22042
1207	22043
1208	22045
1209	22048
1210	22049
1211	22051
1212	22052
1213	22057
1214	22058
1215	22062
1216	22063
1217	22064
1218	22066
1219	22068
1220	22069
1221	22070
1222	22071
1223	22072
1224	22076
1225	22080
1226	22082
1227	22083
1228	22084
1229	22085
1230	22086
1231	22088
1232	22089
1233	22090
1234	22091
1235	22092
1236	22093
1237	22094
1238	22097
1239	22098
1240	22099
1241	22100
1242	22103
1243	22104
1244	22107
1245	22108
1246	22109
1247	22110
1248	22112
1249	22113
1250	22114
1251	22115
1252	22119
1253	22121
1254	22124
1255	22125
1256	22126
1257	22127
1258	26668
1259	26667
1260	26663
1261	26664
1262	26665
1263	26669
