3083	7498
3083	22031
3083	22032
3083	22033
3083	22036
3083	22042
3083	22043
3083	22045
3083	22048
3083	22049
3083	22051
3083	22052
3083	22057
3083	22058
3083	22062
3083	22063
3083	22064
3083	22066
3083	22068
3083	22069
3083	22070
3083	22071
3083	22072
3083	22076
3083	22080
3083	22082
3083	22083
3083	22084
3083	22085
3083	22086
3083	22088
3083	22089
3083	22090
3083	22091
3083	22092
3083	22093
3083	22094
3083	22097
3083	22098
3083	22099
3083	22100
3083	22103
3083	22104
3083	22107
3083	22108
3083	22109
3083	22110
3083	22112
3083	22113
3083	22114
3083	22115
3083	22119
3083	22121
3083	22124
3083	22125
3083	22126
3083	22127
22043	26668
22062	22063
22070	22071
22070	22072
22071	22072
22093	26667
22104	26663
22104	26664
22104	26665
26663	26664
26663	26665
26664	26665
26668	26669
