4390	18238
4390	19671
4390	22825
4390	22826
4390	22827
4390	22828
4390	22829
4390	22831
4390	22832
4390	22833
4390	22834
4390	22835
4390	22837
4390	22839
4390	22840
4390	22841
4390	22842
4390	22843
4390	22844
4390	22845
4390	22846
4390	22847
4390	22848
4390	22849
4390	22850
4390	22851
4390	22854
22826	30830
22828	22834
22829	22851
22833	22834
22839	22840
22839	22841
22839	22842
22839	22843
22839	22844
22840	22841
22840	22842
22840	22843
22840	22844
22841	22842
22841	22843
22841	22844
22842	22843
22842	22844
22843	22844
22845	22846
22845	22847
22846	22847
