1269	1745
1270	11295
1271	11296
1272	11298
1273	11301
1274	11302
1275	11303
1276	11304
1277	11308
1278	11310
1279	11312
1280	11313
1281	11316
1282	11319
1283	11320
1284	11322
1285	11328
1286	11329
1287	11330
1288	11333
1289	11334
1290	11335
1291	11336
1292	11337
1293	11344
1294	11345
1295	11350
1296	11351
1297	11352
1298	11355
1299	11360
1300	11362
1301	11365
1302	11366
1303	11368
1304	11369
1305	11370
1306	11377
1307	11380
1308	11381
1309	11385
1310	11386
1311	11388
1312	11390
1313	11391
1314	11392
1315	11396
1316	11397
1317	11398
1318	11399
1319	16243
1320	16244
1321	17418
1322	17422
1323	17423
1324	17424
1325	17425
1326	19194
