0	112
1	23736
2	23737
3	23740
4	23741
5	23744
6	23745
7	23746
8	23749
9	23750
10	23752
11	23753
12	23754
13	23757
14	23761
15	23762
16	23766
17	23773
18	23774
19	23776
20	23777
21	23783
22	23784
23	23787
24	23789
25	23790
26	23791
27	23795
28	23798
29	23799
30	23801
31	23802
32	23804
33	23807
34	23809
35	23810
36	23811
37	23812
38	23813
39	23814
40	23818
41	23820
42	23823
43	23827
44	23828
45	23833
46	23835
47	23836
48	23837
49	23838
50	23839
51	23840
52	23841
53	23842
54	23843
55	23845
56	23846
57	23847
58	23853
59	23854
60	23855
61	23856
62	23857
63	23858
64	23859
65	23861
66	23862
67	23863
68	23865
69	23866
70	23867
71	23868
72	23869
73	23870
74	23871
75	23872
76	23873
77	23874
78	23875
79	23876
80	23877
81	23878
82	23879
83	23880
84	23881
85	23882
86	23883
87	23884
88	23886
89	23888
90	23889
91	23892
92	23893
93	23894
94	23895
95	23896
96	23897
97	23898
98	23901
99	23902
100	23905
101	23912
102	23913
103	23914
104	23918
105	23919
106	23920
107	23922
108	23923
109	23924
110	23925
111	23926
