5706	13130
5706	13152
5706	13167
5706	13199
5706	13237
5706	13261
5706	13269
5706	13399
5706	13430
5706	13472
5706	13480
5706	13496
5706	13560
5706	18898
5706	19039
5706	24806
5706	30074
5706	30075
5706	30167
5706	30168
5706	30174
5706	30175
5706	30178
5706	30180
5706	30181
5706	30182
5706	30186
5706	30189
5706	30190
5706	30192
5706	30193
5706	30195
5706	30198
5706	30200
5706	30201
5706	30202
5706	30203
5706	30204
5706	30205
5706	30209
5706	30211
5706	30214
5706	30218
5706	30219
5706	30224
5706	30226
5706	30227
5706	30228
5706	30229
5706	30230
5706	30231
5706	30232
5706	30233
5706	30234
5706	30237
5706	30238
5706	30239
5706	30245
5706	30246
5706	30247
5706	30248
5706	30249
5706	30253
5706	30254
5706	30256
5706	30257
5706	30258
5706	30260
5706	30261
5706	30262
5706	30263
5706	30264
5706	30265
5706	30266
5706	30267
5706	30268
5706	30269
5706	30270
5706	30271
5706	30272
5706	30273
5706	30274
5706	30275
5706	30276
5706	30277
5706	30278
5706	30279
5706	30281
5706	30283
5706	30284
5706	30287
5706	30288
5706	30289
5706	30290
5706	30291
5706	30292
5706	30293
5706	30296
5706	30297
5706	30302
5706	30309
5706	30310
5706	30311
5706	30315
5706	30316
5706	30317
5706	30319
5706	30320
5706	30321
5706	30322
5706	30323
13480	30260
18898	19039
18898	30074
18898	30075
19039	30074
19039	30075
30074	30075
30189	30190
30202	30203
30202	30204
30203	30204
30246	30247
30246	30248
30247	30248
30275	30276
