226	406
227	2570
228	2571
229	2576
230	2579
231	2580
232	2581
233	2582
234	2583
235	2591
236	2592
237	2594
238	2595
239	2597
240	2601
241	2602
242	2607
243	2608
244	2609
245	2615
246	2617
247	2619
248	2624
249	2628
250	2629
251	2632
252	2633
253	2634
254	2635
255	2636
256	2637
257	2641
258	2642
259	2643
260	2646
261	2648
262	2651
263	2655
264	2656
265	2660
266	2664
267	2670
268	2674
269	2677
270	2680
271	2683
272	2685
273	2689
274	2693
275	2694
276	2699
277	2700
278	2701
279	2706
280	2707
281	2708
282	2711
283	2712
284	2713
285	2722
286	2724
287	2728
288	2730
289	2731
290	2733
291	2735
292	2736
293	2745
294	2746
295	2753
296	2754
297	2756
298	2757
299	31882
300	31883
301	31884
302	31885
