226	4442
227	27509
228	27510
229	27511
230	27512
231	27513
232	27514
233	27515
234	27516
235	27517
236	27518
237	27519
238	27520
239	27521
240	27522
241	27523
242	27524
243	27525
244	27526
245	27527
246	27528
247	27529
248	27530
249	27531
250	27532
251	27533
252	27534
253	27535
254	27536
255	27537
256	27538
257	27539
258	27540
259	27541
260	27542
261	27543
262	27544
263	27545
264	27546
265	27547
266	27548
267	27549
268	27550
269	27551
270	27552
271	27553
272	27554
273	27555
274	27556
275	27557
276	27558
277	27559
278	27560
279	27561
280	27562
281	27563
282	27564
283	27565
284	27566
285	27567
286	27568
287	27569
288	27570
289	27571
290	27572
291	27573
292	29124
293	29125
294	29085
295	29086
296	29139
297	29140
298	29111
299	29112
300	29113
301	29080
302	29081
303	29082
304	29083
305	29084
306	29105
307	29106
308	29071
309	29072
310	29073
311	29074
312	29075
313	29076
314	29077
315	29078
316	29079
317	29104
318	29097
319	29099
320	29102
321	29103
322	29114
323	29115
324	29116
325	29117
326	29118
327	29119
328	29120
329	29121
330	29122
331	29123
332	29100
333	29101
334	29087
335	29088
336	29089
337	29090
338	29091
339	29092
340	29093
341	29094
342	29107
343	29108
344	29109
345	29110
346	29095
347	29096
348	29098
349	29126
350	29127
351	29128
352	29129
353	29130
354	29131
355	29132
356	29133
357	29135
358	29136
359	29137
360	29138
361	29145
362	29147
363	29148
364	29146
