4442	27509
4442	27510
4442	27511
4442	27512
4442	27513
4442	27514
4442	27515
4442	27516
4442	27517
4442	27518
4442	27519
4442	27520
4442	27521
4442	27522
4442	27523
4442	27524
4442	27525
4442	27526
4442	27527
4442	27528
4442	27529
4442	27530
4442	27531
4442	27532
4442	27533
4442	27534
4442	27535
4442	27536
4442	27537
4442	27538
4442	27539
4442	27540
4442	27541
4442	27542
4442	27543
4442	27544
4442	27545
4442	27546
4442	27547
4442	27548
4442	27549
4442	27550
4442	27551
4442	27552
4442	27553
4442	27554
4442	27555
4442	27556
4442	27557
4442	27558
4442	27559
4442	27560
4442	27561
4442	27562
4442	27563
4442	27564
4442	27565
4442	27566
4442	27567
4442	27568
4442	27569
4442	27570
4442	27571
4442	27572
4442	27573
27509	27515
27509	27547
27509	29124
27509	29125
27511	27515
27511	27517
27511	27540
27511	27564
27511	27565
27511	27567
27511	27572
27511	29085
27511	29086
27512	27554
27512	29139
27512	29140
27513	27520
27513	27521
27513	27570
27513	29111
27513	29112
27513	29113
27514	27528
27514	27561
27515	27565
27515	27567
27516	27518
27516	27541
27516	27542
27516	27553
27516	29080
27516	29081
27516	29082
27516	29083
27516	29084
27517	27533
27517	27534
27517	27538
27517	27540
27517	27544
27517	27563
27517	27572
27517	27573
27517	29086
27517	29105
27517	29106
27518	27542
27518	27553
27518	29080
27518	29081
27518	29082
27520	27521
27521	27570
27522	27556
27522	27557
27522	27568
27522	27569
27522	29071
27522	29072
27522	29073
27522	29074
27522	29075
27522	29076
27522	29077
27522	29078
27522	29079
27528	27561
27530	27531
27530	27532
27531	27532
27531	27545
27531	27546
27531	29104
27533	27534
27533	27535
27533	27538
27533	27563
27534	27535
27534	27538
27534	27544
27534	29097
27534	29099
27534	29102
27534	29103
27534	29114
27534	29115
27534	29116
27534	29117
27534	29118
27534	29119
27534	29120
27534	29121
27534	29122
27534	29123
27536	27537
27538	27544
27538	29097
27538	29100
27538	29101
27538	29114
27538	29115
27540	27564
27540	27572
27540	29087
27540	29088
27540	29089
27540	29090
27540	29091
27540	29092
27540	29093
27540	29094
27540	29105
27540	29106
27540	29107
27540	29108
27540	29109
27540	29110
27541	27542
27541	27553
27541	29081
27542	27553
27542	29081
27544	29097
27544	29099
27544	29114
27544	29115
27544	29116
27545	27546
27545	29091
27545	29104
27546	29091
27546	29095
27546	29096
27546	29097
27546	29098
27546	29104
27547	29124
27547	29125
27552	29104
27552	29126
27552	29127
27552	29128
27552	29129
27552	29130
27552	29131
27552	29132
27552	29133
27553	29080
27553	29081
27553	29082
27553	29083
27553	29084
27554	29139
27554	29140
27556	27557
27556	27568
27556	27569
27562	29135
27562	29136
27562	29137
27562	29138
27564	27565
27564	27567
27564	29085
27564	29087
27564	29088
27564	29089
27564	29090
27564	29091
27564	29092
27564	29093
27564	29094
27565	27567
27567	29085
27568	27569
27568	29071
27568	29072
27569	29071
27569	29072
27572	27573
27572	29086
27572	29105
27572	29106
29071	29072
29073	29074
29073	29075
29074	29075
29074	29076
29074	29077
29076	29077
29076	29078
29076	29079
29078	29079
29081	29083
29082	29084
29087	29088
29087	29089
29087	29090
29087	29091
29087	29092
29087	29093
29087	29108
29087	29109
29088	29089
29088	29090
29088	29091
29088	29092
29088	29093
29088	29094
29088	29107
29088	29108
29088	29109
29088	29110
29089	29090
29089	29091
29089	29092
29089	29093
29089	29094
29089	29107
29089	29108
29089	29109
29089	29110
29090	29091
29090	29092
29090	29093
29090	29094
29090	29107
29090	29108
29091	29092
29091	29093
29091	29104
29092	29093
29092	29094
29093	29094
29093	29107
29093	29108
29093	29109
29093	29110
29094	29107
29094	29108
29095	29096
29095	29097
29095	29098
29096	29097
29096	29098
29097	29098
29097	29099
29097	29100
29097	29101
29097	29102
29097	29103
29100	29101
29102	29103
29104	29128
29104	29131
29104	29132
29104	29133
29105	29106
29107	29108
29107	29109
29107	29110
29108	29109
29108	29110
29109	29110
29111	29112
29111	29113
29112	29113
29114	29115
29114	29145
29114	29147
29114	29148
29115	29116
29117	29118
29117	29119
29117	29120
29118	29119
29118	29120
29119	29120
29121	29122
29121	29123
29121	29132
29121	29145
29121	29146
29122	29123
29124	29125
29126	29127
29126	29128
29126	29129
29127	29128
29127	29129
29127	29130
29128	29129
29128	29130
29128	29131
29131	29132
29131	29133
29132	29133
29132	29145
29132	29146
29135	29136
29135	29137
29135	29138
29136	29137
29136	29138
29139	29140
29145	29146
29145	29147
29145	29148
29147	29148
