221	8817
221	8818
221	8819
221	8823
221	8824
221	8826
221	8829
221	8830
221	8833
221	8834
221	8835
221	8838
221	8841
221	8842
221	8845
221	8846
221	8847
221	8849
221	8850
221	8851
221	8852
221	8853
221	8854
221	8855
221	8858
221	8861
221	8862
221	8863
221	8864
221	8865
221	8866
221	8867
221	8869
221	8870
221	8871
221	8872
221	8873
221	8874
221	8875
221	8876
221	8877
221	8878
221	8879
221	8881
221	8883
221	8884
221	8885
221	8886
221	8887
221	8889
221	8892
221	8893
221	8896
221	8897
221	8898
221	8901
221	8902
221	8903
221	8904
221	8907
221	8908
221	8912
221	8914
221	8916
221	8917
221	8921
221	8922
221	8929
221	8930
221	8935
221	8938
221	8939
221	8940
221	8942
221	8944
221	8946
221	8947
221	8948
221	8949
221	8950
221	8954
221	8955
221	8959
221	8964
221	8968
221	8969
221	8974
8841	8944
8842	11790
8842	11791
8842	11792
8842	11793
8842	11794
8896	13908
8896	13909
8896	13910
8950	11645
11790	11791
11790	11792
11790	11793
11790	11794
11791	11792
11791	11793
11791	11794
11792	11793
11792	11794
11793	11794
13908	13909
13908	13910
13909	13910
