8384	8480
8384	8565
8384	8699
8384	8817
8384	9085
8480	8619
8480	8699
8480	31492
8480	31493
8480	31494
8480	31495
8480	31496
8480	31497
8480	31498
8480	31499
8480	31500
8480	31501
8480	31502
8565	31714
8565	31715
8565	31716
8619	8699
8619	31179
8619	31180
8666	8699
8666	9085
8699	9085
8699	31503
8699	31504
8699	31505
31179	31180
31492	31493
31492	31494
31492	31495
31493	31494
31493	31495
31494	31495
31495	31496
31495	31498
31495	31499
31495	31500
31495	31501
31495	31502
31496	31497
31496	31498
31496	31499
31496	31500
31496	31501
31496	31502
31497	31498
31498	31499
31498	31500
31498	31501
31498	31502
31499	31500
31499	31501
31499	31502
31500	31501
31500	31502
31501	31502
31503	31504
31503	31505
31504	31505
31714	31715
31714	31716
31715	31716
