5127	17005
5127	17542
5127	21681
5127	22179
5127	26628
5127	26660
5127	28230
5127	28231
5127	28232
5127	28233
5127	28234
5127	28235
5127	28236
5127	28237
5127	28238
5127	28239
5127	28240
5127	28241
5127	28242
5127	28244
5127	28245
5127	28246
5127	28247
5127	28248
5127	28250
5127	28251
21681	29316
26658	26659
26658	26660
26659	26660
28230	29316
28230	29317
28231	28232
28232	29316
28232	29319
28234	28235
28239	29329
28240	28241
28246	28247
28246	29316
29316	29317
29316	29318
29316	29319
29317	29318
29329	34375
