1154	24016
1154	24028
1154	24032
1154	24034
1154	24035
1154	24037
1154	24038
1154	24041
1154	24042
1154	24043
1154	24044
1154	24045
1154	24047
1154	24048
1154	24054
1154	24056
1154	24057
1154	24059
1154	24060
1154	24061
1154	24062
1154	24063
1154	24064
1154	24065
1154	24067
1154	24068
1154	24070
1154	24071
1154	24073
1154	24076
1154	24077
1154	24078
1154	24083
1154	24085
1154	24086
1154	24087
1154	24088
1154	24089
1154	24094
1154	24095
1154	24097
1154	24100
1154	24101
1154	24102
1154	24103
1154	24104
1154	24105
1154	24106
1154	24110
1154	24111
1154	24112
1154	24114
1154	24116
1154	24117
24016	24076
24034	24035
24034	24070
24035	24070
24056	24057
24059	24060
24085	24086
24087	24088
24097	26279
24097	26280
24104	24105
24106	24114
24110	24111
24116	24117
26279	26280
