1831	6363
1831	6366
1831	6376
1831	6377
1831	6382
1831	6388
1831	6390
1831	6395
1831	6403
1831	6404
1831	6405
1831	6411
1831	6418
1831	6419
1831	6422
1831	6423
1831	6424
1831	6425
1831	6426
1831	6431
1831	6436
1831	6441
1831	6442
1831	6446
1831	6450
1831	6452
1831	6456
1831	6457
1831	6463
1831	6464
1831	6465
1831	6466
1831	6467
6363	6395
6377	34829
6377	34830
6377	34831
6418	6419
6419	34416
6419	34417
6419	34418
6419	34419
6419	34420
6422	6423
6464	6465
34416	34417
34416	34418
34416	34419
34416	34420
34417	34418
34417	34419
34417	34420
34418	34419
34418	34420
34419	34420
34829	34830
34829	34831
34830	34831
