6007	15729
6007	21147
6007	21149
6007	21155
6007	21156
6007	21157
6007	21158
6007	21159
6007	21160
6007	21161
6007	21162
6007	21169
6007	21170
6007	21171
6007	21176
6007	21178
6007	21181
6007	21182
6007	21184
6007	21189
6007	21190
6007	21191
6007	21195
6007	21196
6007	21197
6007	21198
6007	21199
6007	21201
6007	21202
21155	30296
21155	30297
21155	30298
21155	30299
21155	30300
21155	30301
21160	21161
21160	21201
21189	21198
21189	21199
21189	21202
21195	21196
21198	21199
30296	30297
30296	30298
30297	30298
30299	30300
30299	30301
30300	30301
