1	1140
2	14051
3	14064
4	14069
5	14073
6	14076
7	14079
8	14080
9	14088
10	14091
11	14097
12	14100
13	14101
14	14104
15	14105
16	14120
17	14121
18	14122
19	14124
20	14127
21	14128
22	14132
23	14133
24	14137
25	14146
26	14147
27	14148
28	14153
29	14175
30	14179
31	14185
32	14186
33	14196
34	14197
35	14198
36	14203
37	14204
38	14207
39	14208
40	14209
41	14215
42	14219
43	14230
44	14236
45	14237
46	14247
47	14251
48	14253
49	14255
50	14256
51	14258
52	14260
53	14261
54	14262
55	14263
56	14267
57	14269
58	14270
59	14274
60	14279
61	14284
62	14301
63	14302
64	14303
65	14312
66	14314
67	14320
68	14322
69	14324
70	14328
71	14332
72	14334
73	14338
74	14341
75	14344
76	14345
77	14346
78	14347
79	14348
80	14350
81	14351
82	14359
83	14360
84	14361
85	14362
86	14374
87	14375
88	14377
89	14378
90	14381
91	14382
92	14384
93	14388
94	14397
95	14398
96	14400
97	14414
98	14415
99	14416
100	14424
101	14425
102	14426
103	14429
104	14430
105	14431
106	14434
107	14435
108	14450
109	14453
110	14462
111	14466
112	14470
113	14473
114	14477
115	14478
116	14479
117	14480
118	14485
119	14501
120	14502
121	14504
122	32349
123	32350
124	32351
125	32357
126	32358
127	32359
128	32340
129	32341
130	32327
131	32328
132	32329
133	32330
134	32334
135	32335
136	32336
137	32369
138	32370
139	32371
140	32372
141	29008
142	32047
143	32360
144	32361
145	32362
146	32387
147	32397
148	32398
149	32399
150	29007
151	29015
152	32331
153	32332
154	32333
155	32386
