654	5968
655	12956
656	12966
657	12995
658	20138
659	20360
660	20387
661	20737
662	20859
663	28886
664	28889
665	28891
666	28892
667	28896
668	28897
669	28898
670	28899
671	28900
672	28901
673	28902
674	28906
675	28907
676	28910
677	28912
678	28913
679	28914
680	28915
681	28916
682	28917
683	28918
684	28919
685	28920
686	28921
687	28922
688	28925
689	28926
690	28927
691	28928
692	28929
693	28931
694	28932
695	28935
696	28936
697	28937
698	28939
699	28940
700	28941
701	28942
702	28943
703	28944
704	28945
705	28947
706	28951
707	28953
708	28954
709	20374
710	29055
