5968	12956
5968	12966
5968	12995
5968	20138
5968	20360
5968	20387
5968	20737
5968	20859
5968	28886
5968	28889
5968	28891
5968	28892
5968	28896
5968	28897
5968	28898
5968	28899
5968	28900
5968	28901
5968	28902
5968	28906
5968	28907
5968	28910
5968	28912
5968	28913
5968	28914
5968	28915
5968	28916
5968	28917
5968	28918
5968	28919
5968	28920
5968	28921
5968	28922
5968	28925
5968	28926
5968	28927
5968	28928
5968	28929
5968	28931
5968	28932
5968	28935
5968	28936
5968	28937
5968	28939
5968	28940
5968	28941
5968	28942
5968	28943
5968	28944
5968	28945
5968	28947
5968	28951
5968	28953
5968	28954
20374	20387
28898	28899
28916	28917
28916	28918
28916	28919
28917	28918
28917	28919
28918	28919
28936	28937
28941	29055
