0	174
1	2842
2	2871
3	2877
4	2881
5	2885
6	2888
7	2892
8	2894
9	2897
10	2900
11	2901
12	2902
13	2904
14	2905
15	2907
16	2911
17	2919
18	2921
19	2922
20	2924
21	2925
22	2930
23	2931
24	2932
25	2935
26	2936
27	2938
28	2939
29	2941
30	2945
31	2946
32	2948
33	2949
34	2952
35	2953
36	2958
37	2961
38	2963
39	2970
40	2971
41	2972
42	2976
43	2981
44	2983
45	2984
46	2985
47	2988
48	2991
49	2992
50	2993
51	2994
52	2995
53	2996
54	2997
55	2998
56	2999
57	3004
58	3005
59	3006
60	3011
61	3013
62	3014
63	3017
64	3018
65	3022
66	3025
67	3031
68	3032
69	3034
70	3035
71	3036
72	3037
73	3039
74	3040
75	3041
76	3042
77	3043
78	3047
79	3048
80	3049
81	3051
82	3052
83	3054
84	3055
85	3057
86	3058
87	3059
88	3060
89	3061
90	3062
91	3063
92	3064
93	3065
94	3066
95	3070
96	3071
97	3072
98	3073
99	3074
100	3076
101	3080
102	3081
103	3082
104	3083
105	3084
106	3086
107	3088
108	3089
109	3090
110	3095
111	3098
112	3099
113	3100
114	3101
115	27794
116	27795
117	27796
118	27797
119	27798
120	27847
