1571	8616
1571	9842
1571	11791
1571	11792
1571	11793
1571	11794
1571	11795
1571	11796
1571	11797
1571	11798
1571	11799
1571	11801
1571	11802
1571	11803
1571	11804
1571	11805
1571	11806
1571	11809
1571	11810
1571	11811
1571	11813
1571	11815
1571	11817
1571	11818
1571	11823
1571	11824
1571	11826
1571	11827
1571	11828
8616	22545
8616	22565
11791	22387
11794	11795
11794	22714
11802	11803
11802	11804
11802	11823
11802	11824
11803	11804
11803	11823
11803	11824
11809	16483
11809	32419
11809	32420
11809	32421
11809	32422
11809	32423
11817	11818
11823	11824
32419	32420
32419	32421
32419	32422
32419	32423
32420	32421
32420	32422
32420	32423
32421	32422
32421	32423
