1	21
1	3
1	16
1	5
1	33
1	60
1	56
1	53
1	31
1	2
1	65
1	26
1	58
1	64
1	7
1	66
2	21
2	3
2	16
2	53
2	20
2	65
2	7
2	5
2	26
2	33
2	60
2	31
1	20
21	53
21	65
21	26
21	33
21	60
21	58
21	31
21	22
21	23
21	24
21	25
3	21
3	20
3	65
3	7
3	5
3	26
3	33
3	60
3	4
16	21
16	20
16	26
16	33
16	60
16	58
16	17
16	18
16	19
53	64
53	65
53	56
53	58
53	54
53	55
20	21
20	65
20	26
20	33
20	60
20	58
20	66
7	21
7	16
7	53
7	20
7	65
7	56
7	58
7	31
7	8
7	9
7	10
7	11
7	12
7	13
7	14
7	15
5	21
5	20
5	65
5	7
5	26
5	33
5	6
26	33
26	60
26	27
26	28
26	29
26	30
33	65
33	60
33	66
33	34
33	35
33	36
33	37
33	38
33	39
33	40
33	41
33	42
33	43
33	44
33	45
33	46
33	47
33	48
33	49
33	50
33	51
33	52
60	65
60	66
60	61
60	62
60	63
56	64
56	65
56	58
56	57
58	65
58	59
31	53
31	64
31	65
31	56
31	58
31	32
4	5
6	53
8	65
9	53
10	58
11	65
12	53
12	31
13	21
14	21
14	58
15	58
17	26
18	65
19	33
19	60
22	58
23	53
24	58
25	64
27	58
28	33
29	33
30	64
32	58
34	60
35	60
36	66
37	60
38	66
39	66
40	60
41	66
42	60
43	60
44	60
46	66
47	60
48	60
49	60
50	60
51	60
52	60
54	58
55	58
57	64
59	60
61	66
45	60
62	66
63	66
