10839	14466
10839	14467
10839	22873
10839	22924
10839	22925
10839	22926
10839	25070
10839	30649
10839	30650
14465	14466
14465	14467
14465	14468
14465	14507
14465	37612
14465	37620
14466	14467
14466	14468
14466	14484
14466	14511
14466	14512
14466	37611
14466	37612
14467	14468
14467	14507
14468	14484
14468	14506
14468	14507
14468	14508
14484	14511
14506	14507
14506	14508
14507	14508
14508	37618
14508	37622
14511	14512
14512	14546
22873	22924
22873	22925
22873	22926
22873	22940
22924	22925
22924	22926
22925	22926
30649	30650
37610	37611
37610	37612
37611	37612
37612	37619
37612	37620
37618	37622
37619	37620
