615	1197
616	9838
617	9839
618	9840
619	9845
620	9850
621	9851
622	9852
623	9853
624	9854
625	9857
626	9859
627	9860
628	9862
629	9863
630	9865
631	9871
632	9873
633	9874
634	9878
635	9880
636	9881
637	9882
638	9883
639	9884
640	9888
641	9890
642	9895
643	9897
644	9898
645	9901
646	9902
647	9904
648	9905
649	9906
650	9907
651	9910
652	9911
653	9920
654	9923
655	9925
656	9931
657	9932
658	9934
659	9938
660	9941
661	9943
662	9944
663	9947
664	9948
665	9951
666	9955
667	9960
668	9962
669	9981
670	9985
671	9987
672	9990
673	9994
674	9996
675	32738
676	32739
677	32740
678	22294
