67	1596
68	13314
69	13315
70	13319
71	13320
72	13322
73	13323
74	13324
75	13329
76	13331
77	13332
78	13334
79	13335
80	13336
81	13339
82	13340
83	13341
84	13342
85	13343
86	13344
87	13345
88	13346
89	13348
90	13349
91	13351
92	13352
93	13353
94	13354
95	13355
96	13358
97	13361
98	13362
99	13363
100	13365
101	13366
102	13367
103	13368
104	13369
105	13371
106	13375
107	13376
108	13378
109	13379
110	13380
111	13381
112	13382
113	13383
114	13384
115	13385
116	13386
117	13387
118	13388
119	13389
120	13392
121	13393
122	13394
123	33207
124	33208
125	33209
126	33228
127	33229
128	33230
