1596	13314
1596	13315
1596	13319
1596	13320
1596	13322
1596	13323
1596	13324
1596	13329
1596	13331
1596	13332
1596	13334
1596	13335
1596	13336
1596	13339
1596	13340
1596	13341
1596	13342
1596	13343
1596	13344
1596	13345
1596	13346
1596	13348
1596	13349
1596	13351
1596	13352
1596	13353
1596	13354
1596	13355
1596	13358
1596	13361
1596	13362
1596	13363
1596	13365
1596	13366
1596	13367
1596	13368
1596	13369
1596	13371
1596	13375
1596	13376
1596	13378
1596	13379
1596	13380
1596	13381
1596	13382
1596	13383
1596	13384
1596	13385
1596	13386
1596	13387
1596	13388
1596	13389
1596	13392
1596	13393
1596	13394
13329	33207
13329	33208
13329	33209
13339	13365
13339	13392
13365	13392
13380	33228
13380	33229
13380	33230
13385	13386
13385	13387
13386	13387
33207	33208
33207	33209
33208	33209
33228	33229
33228	33230
33229	33230
