67	681
68	3517
69	7771
70	15270
71	15287
72	15302
73	15310
74	15331
75	15337
76	15338
77	15339
78	15340
79	15341
80	15345
81	15351
82	15354
83	15402
84	15630
85	15668
86	21588
87	22541
88	22542
89	22543
90	22544
91	22545
92	22546
93	22547
94	22548
95	22549
96	22551
97	22552
98	22553
99	22554
100	22556
101	22557
102	22558
103	22559
104	22560
105	22561
106	22564
107	22565
108	22567
109	22568
110	22569
111	22570
112	22571
113	22576
114	22577
115	22579
116	22580
117	22581
118	22582
119	22583
120	22584
121	22586
122	22587
123	22589
124	22590
125	22591
126	22592
127	22593
128	22594
129	22595
130	22596
131	22597
132	22598
133	22600
134	22601
135	22602
136	22604
137	22606
138	22607
139	22608
140	22609
141	22610
142	22611
143	22613
144	22614
145	22615
146	22616
147	22617
148	22620
149	22621
150	22622
151	22623
152	22624
153	22625
154	22626
155	22627
156	22628
157	22629
158	22630
159	22631
160	22632
161	22633
162	22634
163	22635
164	22636
165	22637
166	22639
167	22640
168	22641
169	22643
170	22644
171	22645
172	22646
173	22656
174	15329
175	15561
176	15562
177	15563
178	29966
179	29980
180	29981
181	29987
182	30044
183	30112
184	30113
185	31169
186	31187
187	29982
188	29983
189	30261
190	30388
191	30389
192	30390
193	30391
194	31170
195	31171
196	31506
197	31507
198	15669
199	15670
200	31502
201	31498
202	31499
203	31500
204	31501
205	30405
206	31503
207	31504
208	31492
209	31493
210	31494
211	31587
212	31588
213	31589
214	31590
215	31591
216	31592
217	31593
218	31594
219	30054
220	30055
221	30056
222	30731
223	31584
224	31585
225	31586
226	30732
227	29324
228	29325
229	29326
230	31495
231	31496
232	31497
233	33314
234	33315
235	33316
236	29967
237	31508
238	31509
239	30266
240	30267
241	30268
242	31557
243	31558
244	31650
245	31651
246	31652
247	31653
248	31654
249	31655
250	31550
