681	3517
681	7771
681	15270
681	15287
681	15302
681	15310
681	15331
681	15337
681	15338
681	15339
681	15340
681	15341
681	15345
681	15351
681	15354
681	15402
681	15630
681	15668
681	21588
681	22541
681	22542
681	22543
681	22544
681	22545
681	22546
681	22547
681	22548
681	22549
681	22551
681	22552
681	22553
681	22554
681	22556
681	22557
681	22558
681	22559
681	22560
681	22561
681	22564
681	22565
681	22567
681	22568
681	22569
681	22570
681	22571
681	22576
681	22577
681	22579
681	22580
681	22581
681	22582
681	22583
681	22584
681	22586
681	22587
681	22589
681	22590
681	22591
681	22592
681	22593
681	22594
681	22595
681	22596
681	22597
681	22598
681	22600
681	22601
681	22602
681	22604
681	22606
681	22607
681	22608
681	22609
681	22610
681	22611
681	22613
681	22614
681	22615
681	22616
681	22617
681	22620
681	22621
681	22622
681	22623
681	22624
681	22625
681	22626
681	22627
681	22628
681	22629
681	22630
681	22631
681	22632
681	22633
681	22634
681	22635
681	22636
681	22637
681	22639
681	22640
681	22641
681	22643
681	22644
681	22645
681	22646
681	22656
15329	15561
15329	15562
15329	15563
15337	15338
15337	15339
15337	15340
15337	15341
15338	15339
15338	15340
15338	15341
15339	15340
15339	15341
15340	15341
15561	15562
15561	15563
15561	22553
15561	22567
15561	22580
15561	22625
15561	29966
15561	29980
15561	29981
15561	29987
15561	30044
15561	30112
15561	30113
15561	31169
15561	31187
15562	15563
15562	22553
15562	22580
15562	22625
15562	29966
15562	29980
15562	29981
15562	29982
15562	29983
15562	29987
15562	30112
15562	30261
15562	30388
15562	30389
15562	30390
15562	30391
15562	31169
15562	31170
15562	31171
15562	31187
15562	31506
15562	31507
15668	15669
15668	15670
15668	22576
15668	22577
15669	15670
22546	31502
22548	31498
22551	31499
22551	31500
22551	31501
22553	22567
22553	22580
22553	22625
22553	29980
22553	29981
22553	29982
22553	29983
22553	29987
22553	30405
22553	31169
22553	31187
22554	22635
22554	31503
22554	31504
22556	22596
22556	31492
22556	31493
22556	31494
22559	31587
22559	31588
22559	31589
22559	31590
22559	31591
22559	31592
22559	31593
22559	31594
22564	30054
22564	30055
22564	30056
22567	22625
22567	29981
22567	29987
22567	30044
22567	30112
22567	30113
22567	30405
22576	22577
22580	29980
22580	29981
22580	29982
22580	29983
22580	30731
22580	31169
22580	31187
22583	31584
22583	31585
22583	31586
22591	30731
22591	30732
22596	31492
22596	31493
22596	31494
22598	29324
22598	29325
22598	29326
22625	29966
22625	29980
22625	29981
22625	29987
22625	30044
22625	30112
22625	30113
22625	30731
22625	31495
22625	31496
22625	31497
22628	22629
22628	22630
22628	22631
22628	22632
22629	22630
22629	22631
22629	22632
22630	22631
22630	22632
22631	22632
22635	31503
22635	31504
29326	33314
29326	33315
29326	33316
29966	29967
29966	29981
29966	29987
29966	30731
29966	31495
29966	31508
29966	31509
29967	29981
29967	30731
29967	31495
29980	29981
29980	29982
29980	29983
29980	30112
29980	30261
29980	30731
29980	31169
29980	31170
29980	31171
29980	31187
29980	31495
29980	31496
29980	31497
29981	29982
29981	29983
29981	29987
29981	30044
29981	30112
29981	30113
29981	30405
29981	30731
29981	31169
29981	31171
29981	31187
29981	31495
29981	31496
29981	31497
29981	31506
29981	31507
29982	29983
29982	29987
29982	30044
29982	30266
29982	30267
29982	30268
29982	30731
29982	31187
29987	30044
29987	30112
29987	30113
29987	30405
29987	31508
29987	31509
30044	30405
30054	30055
30054	30056
30055	30056
30056	31557
30056	31558
30112	30113
30112	30261
30112	31169
30112	31170
30112	31171
30112	31506
30112	31507
30261	31169
30261	31170
30261	31171
30266	30267
30266	30268
30267	30268
30388	30389
30388	30390
30388	30391
30389	30390
30389	30391
30390	30391
30731	30732
30731	31187
30731	31495
30731	31496
30731	31497
31169	31170
31169	31171
31169	31187
31170	31171
31170	31650
31170	31651
31170	31652
31170	31653
31170	31654
31170	31655
31171	31506
31171	31507
31492	31493
31492	31494
31492	31550
31493	31494
31493	31550
31494	31550
31495	31496
31495	31497
31496	31497
31499	31500
31499	31501
31500	31501
31503	31504
31506	31507
31508	31509
31557	31558
31584	31585
31584	31586
31585	31586
31587	31588
31587	31589
31587	31590
31587	31591
31588	31589
31588	31590
31588	31591
31589	31590
31589	31591
31589	31592
31589	31593
31589	31594
31590	31591
31591	31592
31591	31593
31591	31594
31592	31593
31592	31594
31593	31594
31650	31651
31650	31652
31650	31653
31650	31654
31650	31655
31651	31652
31651	31653
31651	31654
31651	31655
31652	31653
31652	31654
31652	31655
31653	31654
31653	31655
31654	31655
