1378	6435
1379	11448
1380	15785
1381	21510
1382	21512
1383	21518
1384	21546
1385	21758
1386	30259
1387	30360
1388	30361
1389	30362
1390	30363
1391	30364
1392	30365
1393	30366
1394	30367
1395	30369
1396	30370
1397	30371
1398	30372
1399	30373
1400	30374
1401	30375
1402	30378
1403	30380
1404	30382
1405	30383
1406	30384
1407	30385
1408	30387
1409	30389
1410	30390
1411	30391
1412	30392
1413	30393
1414	30394
1415	30395
1416	30396
1417	30397
1418	30398
1419	30399
1420	30400
1421	30401
1422	30402
1423	30403
1424	30405
1425	30406
1426	30408
1427	30409
1428	30410
1429	21487
1430	21488
1431	21489
1432	21556
1433	30420
1434	30421
1435	30422
1436	21969
1437	22027
1438	22028
1439	21504
1440	21554
1441	21753
1442	30256
1443	30257
1444	30258
1445	21555
1446	30267
1447	21752
1448	30285
1449	30286
1450	30425
1451	30426
1452	30427
1453	30428
1454	30429
1455	21980
1456	30448
1457	30460
1458	30461
1459	30471
1460	30472
1461	30447
1462	30449
1463	30450
1464	30451
1465	30452
1466	30453
1467	30454
1468	30455
1469	30456
1470	30457
1471	30458
1472	30459
1473	30462
1474	30463
1475	30464
1476	30467
1477	30468
1478	30469
