6435	11448
11448	15785
11448	21510
11448	21512
11448	21518
11448	21546
11448	21758
11448	30259
11448	30360
11448	30361
11448	30362
11448	30363
11448	30364
11448	30365
11448	30366
11448	30367
11448	30369
11448	30370
11448	30371
11448	30372
11448	30373
11448	30374
11448	30375
11448	30378
11448	30380
11448	30382
11448	30383
11448	30384
11448	30385
11448	30387
11448	30389
11448	30390
11448	30391
11448	30392
11448	30393
11448	30394
11448	30395
11448	30396
11448	30397
11448	30398
11448	30399
11448	30400
11448	30401
11448	30402
11448	30403
11448	30405
11448	30406
11448	30408
11448	30409
11448	30410
21487	21488
21487	21489
21487	21556
21487	30420
21487	30421
21487	30422
21488	21489
21488	21969
21488	22027
21488	22028
21504	21554
21504	21753
21504	30256
21504	30257
21504	30258
21504	30259
21554	21555
21554	21556
21554	30259
21554	30267
21555	21556
21556	30420
21556	30421
21752	21753
21752	30285
21752	30286
21752	30425
21752	30426
21752	30427
21753	30256
21753	30257
21753	30258
21753	30286
21753	30425
21753	30426
21753	30427
21753	30428
21753	30429
21758	30364
21758	30380
21969	21980
21969	22027
21969	22028
22027	22028
30256	30257
30257	30258
30259	30406
30259	30448
30259	30460
30259	30461
30267	30471
30267	30472
30285	30286
30286	30427
30286	30429
30364	30380
30364	30392
30364	30393
30392	30393
30420	30421
30425	30426
30425	30427
30425	30428
30426	30427
30426	30428
30427	30429
30447	30448
30447	30449
30447	30450
30447	30451
30448	30449
30448	30450
30448	30451
30448	30452
30448	30453
30448	30454
30448	30455
30448	30456
30448	30457
30448	30458
30448	30459
30448	30460
30448	30461
30448	30462
30448	30463
30448	30464
30449	30450
30449	30451
30453	30454
30453	30455
30454	30455
30460	30461
30462	30467
30462	30468
30462	30469
30467	30468
30467	30469
30468	30469
