0	111
1	23067
2	23068
3	23080
4	23081
5	23085
6	23086
7	23087
8	23092
9	23097
10	23103
11	23108
12	23111
13	23112
14	23113
15	23116
16	23117
17	23118
18	23119
19	23120
20	23127
21	23128
22	23129
23	23130
24	23131
25	23137
26	23139
27	23146
28	23150
29	23153
30	23154
31	23155
32	23157
33	23159
34	23160
35	23164
36	23165
37	23167
38	23168
39	23171
40	23172
41	23175
42	23181
43	23182
44	23183
45	23187
46	23190
47	23191
48	23195
49	23196
50	23198
51	23199
52	23200
53	23203
54	23205
55	23211
56	23212
57	23218
58	23219
59	23220
60	28642
61	28643
62	28644
63	28645
64	28666
65	28667
66	28668
67	28669
68	28670
69	28671
70	28672
71	28673
72	28674
73	28675
74	28676
75	28677
76	28678
77	28679
78	28680
79	28681
80	28687
81	28688
82	28689
83	28690
84	29411
85	29412
86	29413
87	29414
88	29415
89	29416
90	29417
91	29418
92	29419
93	29420
94	29421
95	29422
96	29423
97	29424
98	29425
99	29426
100	29427
101	29428
102	29429
103	29430
104	29431
