0	1
0	2
0	3
0	4
0	5
0	6
0	7
0	8
0	9
0	10
0	11
0	12
0	13
0	14
0	15
0	16
0	17
0	18
0	19
0	20
0	21
0	22
0	23
0	24
0	25
0	26
0	27
0	28
0	29
0	30
0	31
0	32
0	33
0	34
0	35
0	36
0	37
0	38
0	39
0	40
0	41
0	42
0	43
0	44
0	45
0	46
0	47
0	48
0	49
0	50
0	51
0	52
0	53
0	54
0	55
0	56
0	57
0	58
0	59
3	60
3	61
3	62
3	63
13	14
13	34
17	18
17	19
18	19
20	64
20	65
20	66
20	67
20	68
20	69
21	22
21	23
21	56
21	70
22	23
23	56
23	70
32	71
32	72
32	73
32	74
32	75
32	76
42	43
44	77
44	78
44	79
55	80
55	81
55	82
55	83
56	70
58	59
60	61
60	62
60	63
61	62
61	63
62	63
64	65
67	68
67	69
68	69
71	72
71	73
71	74
71	75
71	76
72	73
72	74
72	75
72	76
73	74
73	75
73	76
74	75
74	76
74	84
74	85
74	86
74	87
74	88
74	89
74	90
74	91
74	92
74	93
74	94
74	95
74	96
74	97
74	98
77	78
77	79
78	79
80	81
80	82
80	83
81	82
81	83
82	83
84	85
84	86
84	87
84	88
84	89
85	86
85	87
85	88
85	91
85	92
85	96
85	98
85	99
85	100
86	87
86	88
86	89
86	90
86	97
86	98
87	88
87	89
87	90
87	97
87	98
87	101
87	102
88	89
88	90
88	101
88	102
89	90
89	97
89	98
91	92
91	93
91	94
91	95
91	96
91	98
91	99
91	100
91	103
91	104
92	93
92	94
92	95
92	96
92	98
92	99
92	100
92	103
92	104
93	94
93	95
93	96
94	95
94	96
94	99
94	103
94	104
95	96
96	98
96	99
96	100
96	103
96	104
97	98
98	99
98	100
99	100
99	103
99	104
101	102
103	104
