0	733
1	5129
2	5180
3	5181
4	5182
5	5183
6	789
7	1022
8	1023
9	1024
10	1026
11	795
12	4712
13	822
14	826
15	2756
16	3706
17	1029
18	1031
19	1034
20	1035
21	1036
22	1037
23	1051
24	5558
25	2585
26	2586
27	1186
28	4869
29	2209
30	6393
31	4870
32	4871
33	2210
34	8266
35	8267
36	8269
37	8270
38	8223
39	8224
40	8225
41	8226
42	7135
43	7136
44	2796
45	2984
46	3195
47	4715
48	3196
49	6434
50	8421
51	6439
52	6351
53	4963
54	6840
55	7657
56	7658
57	6438
58	5777
59	5559
60	5560
61	5561
62	5562
63	5563
64	6049
65	6050
66	5778
67	8733
68	8734
69	6352
70	8531
71	8532
72	8975
73	11001
74	8977
