0	1
0	2
0	3
0	4
0	5
6	7
6	8
6	9
6	10
11	12
13	14
14	15
14	16
7	17
7	18
8	19
8	20
8	21
8	22
9	10
10	23
17	24
19	25
19	26
20	27
20	28
23	29
23	30
27	31
27	32
29	33
29	34
33	35
33	36
33	37
26	38
26	39
26	40
26	41
15	42
15	43
45	46
45	47
46	48
46	47
48	49
48	50
16	51
12	21
12	45
12	46
12	47
31	52
53	54
1	29
1	44
1	2
1	55
1	56
2	57
2	51
3	4
3	5
3	58
4	5
5	58
24	53
24	59
24	60
59	61
59	62
59	63
61	62
62	64
62	65
58	66
58	67
58	68
64	65
52	69
49	50
49	70
49	71
38	39
40	41
35	36
35	37
35	72
35	73
36	37
70	71
67	68
72	74
72	73
