0	231
1	11474
2	11476
3	11510
4	11511
5	11513
6	11516
7	11517
8	11521
9	11522
10	11528
11	11529
12	11534
13	11535
14	11536
15	11537
16	11543
17	11547
18	11548
19	11549
20	11552
21	11553
22	11554
23	11556
24	11558
25	11560
26	11565
27	11567
28	11568
29	11571
30	11574
31	11575
32	11576
33	11580
34	11581
35	11583
36	11584
37	11585
38	11589
39	11590
40	11591
41	11592
42	11594
43	11596
44	11598
45	11599
46	11600
47	11603
48	11612
49	11615
50	11621
51	11625
52	11626
53	11627
54	11628
55	11629
56	11630
57	11632
58	11638
59	11639
60	11640
61	11646
62	11647
63	11649
64	11651
65	11652
66	11657
67	11658
68	11660
69	11661
70	11662
71	11663
72	11664
73	11665
74	11669
75	11670
76	11672
77	11674
78	11680
79	11682
80	11683
81	11684
82	11685
83	11686
84	11691
85	11692
86	11702
87	11704
88	11705
89	11706
90	11707
91	11711
92	11714
93	11716
94	11718
95	11720
96	11725
97	11728
98	11729
99	11734
100	11735
101	11738
102	11739
103	11743
104	11745
105	11747
106	11748
107	11749
108	11750
109	11757
110	11759
111	11760
112	11761
113	11762
114	11764
115	27592
116	27593
117	27596
118	27597
119	27598
120	27599
121	27603
122	27604
123	27605
124	27635
125	27636
126	27653
127	27654
