2377	5357
2378	8366
2379	10464
2380	16992
2381	18988
2382	24220
2383	24222
2384	24223
2385	24224
2386	24225
2387	24226
2388	24227
2389	24228
2390	24231
2391	24232
2392	24233
2393	24234
2394	24235
2395	24236
2396	24237
2397	24238
2398	24239
2399	24241
2400	24242
2401	24244
2402	24245
2403	24246
2404	24247
2405	24248
2406	24249
2407	24250
2408	24251
2409	24252
2410	24253
2411	24254
2412	24255
2413	24256
2414	24257
2415	24258
2416	25253
2417	25254
2418	30428
2419	30429
2420	30430
2421	30512
2422	30513
2423	30514
