5357	8366
8366	10464
8366	16992
8366	18988
8366	24220
8366	24222
8366	24223
8366	24224
8366	24225
8366	24226
8366	24227
8366	24228
8366	24231
8366	24232
8366	24233
8366	24234
8366	24235
8366	24236
8366	24237
8366	24238
8366	24239
8366	24241
8366	24242
8366	24244
8366	24245
8366	24246
8366	24247
8366	24248
8366	24249
8366	24250
8366	24251
8366	24252
8366	24253
8366	24254
8366	24255
8366	24256
8366	24257
8366	24258
10464	25253
10464	25254
24220	24222
24220	24223
24220	24226
24220	24237
24220	24249
24222	24223
24222	24237
24223	24226
24231	30428
24231	30429
24231	30430
24236	24237
24236	24238
24237	24238
24244	30512
24244	30513
24244	30514
24253	24257
24253	24258
24254	25253
30428	30429
30428	30430
30429	30430
30512	30513
30512	30514
30513	30514
