2782	2886
2782	2823
2782	2791
2782	3055
2782	2847
2782	2784
2782	2961
2782	3571
2785	2846
2785	3055
2782	2783
2782	3332
2782	3215
2786	2846
2786	3055
2782	2840
2782	3181
2782	2789
3529	3530
3529	3531
3529	3555
3530	3531
3530	3606
3531	3710
2782	2793
2782	3626
2782	3652
2782	3567
2782	2990
2782	2985
2782	2848
2782	3651
2782	2922
2782	3079
2782	3665
2783	3175
2783	2922
2783	3619
2782	3300
2782	3699
3036	3529
3036	3530
3036	3531
3036	3327
3036	3606
3036	3609
3036	3610
2782	3036
2782	3619
2782	3622
2782	3273
2782	2981
2782	3505
2782	3700
2987	3709
2987	3737
2987	3065
2782	2856
2782	2814
2782	3717
2782	3789
2782	3316
2793	2848
2793	2930
2793	3626
2793	3631
2793	3651
2793	3652
3116	3555
3116	3606
3116	3298
3035	3530
3035	3036
3035	3116
3035	3592
3035	3606
3035	3088
3035	3644
3035	3049
2782	3487
2782	3624
2782	3170
2842	2878
2842	2904
2842	3154
2842	3436
2842	3435
2842	2905
2842	2907
2842	3505
2782	2930
2782	3570
2782	3517
2782	3158
2782	2842
2782	3533
2782	2909
2782	3544
2782	3064
2782	2975
2782	3635
2782	3193
2782	3705
2782	3534
2782	3280
2782	2882
2782	2906
2782	3779
2782	3825
2782	3542
2782	3110
3532	3556
3532	3612
3532	3628
3532	3721
3532	3747
2782	3690
2782	2921
2782	2968
2782	3684
2782	2947
2782	3545
2782	2805
2782	3143
3534	3724
2848	3150
2848	3590
2848	3607
2848	3651
2782	3620
2782	3794
2782	3584
2782	3647
2782	3714
2782	3598
2782	2829
2782	3786
2782	3053
2782	3648
2782	2999
2782	3302
2782	3564
2782	2796
2782	3272
2782	3595
2782	3106
2782	2987
2782	3275
2878	2923
2878	3436
2878	3505
2782	3586
2782	2830
2830	3543
2830	2992
2830	2988
2830	3431
2830	3614
2782	3135
2782	3090
2997	3774
2997	3362
2914	3536
2914	3634
2914	3316
2914	3143
2914	3080
2782	3599
2782	3748
2782	3100
2909	3533
2909	2930
2909	2979
2909	3171
2782	3144
2782	3582
2782	3770
2782	3771
2782	3355
2782	3645
2782	3703
2782	2835
2782	3766
2782	3551
2782	3552
2782	3631
2782	3153
2782	3752
3536	3634
2782	3160
2782	3649
2782	3650
2782	3585
2782	3010
2782	3384
3537	3538
3537	3657
3537	3659
3537	3751
3537	3812
3538	3636
2782	3537
2782	3538
2782	3759
2782	3385
2792	3548
2792	2797
2792	3280
2792	3603
2792	2953
2792	2885
2792	3028
2792	3755
2792	3397
3539	3560
3539	3813
2782	3539
2782	3628
2782	3721
2782	3556
2782	3163
2782	3568
2782	3312
2782	3319
3540	3541
3540	3542
3540	3638
3540	3677
3540	3721
3541	3542
3541	3566
3541	3582
3541	3638
3542	3551
3542	3554
3542	3638
3542	3707
2782	3629
2782	3152
2782	3097
2782	3388
2791	2816
2791	3175
2791	2817
2782	3290
2782	3360
2782	3632
2782	3633
2782	2861
2782	3658
2782	3045
2782	3532
2782	3747
2782	2979
2782	3188
2782	3081
3543	3562
3543	3611
3543	3738
3543	3857
3544	3555
3544	3654
3544	3811
2782	3707
2782	3784
2782	3785
3545	3686
3546	3588
3546	3658
2782	3178
2782	3004
2782	3806
2782	3813
3178	3551
3178	3481
3178	3557
3178	3561
3178	3601
2782	3553
2782	3597
3061	3688
3061	3155
3061	3789
3061	3162
3061	3861
3061	3309
3061	3380
2782	3547
3547	3551
3547	3552
3547	3837
2782	2942
2782	3587
2782	2871
2782	2792
2782	3548
3548	3598
3548	3725
3548	3750
3548	3755
3549	3601
3549	3733
2782	3284
2782	3529
2782	3555
2782	3327
2782	3171
2782	3119
2782	2849
2782	3826
3372	3426
3372	3598
3372	3662
3372	3757
3372	3761
2782	3549
2782	3073
2782	3601
2782	3103
2782	3743
2782	3755
2782	3372
2782	2925
2782	3156
2782	3557
2782	3715
2782	2984
2782	2874
2782	2957
2782	3750
2782	3560
2782	3392
2782	2806
2782	3607
2942	3549
2942	3558
2942	3073
2942	3601
2942	3107
3302	3564
3302	3792
3302	3803
3302	3334
3302	3822
3302	3837
3302	3844
3302	3339
2782	3067
2782	2841
2782	2794
2782	3065
2782	3014
2782	3112
2782	3704
2782	2855
2782	3330
3550	3583
3550	3602
3550	3842
2782	2954
2782	3093
2782	3569
2782	3660
2782	3229
2782	3860
2804	3736
2804	2945
2804	2935
2923	3595
2923	3596
2923	2968
2923	3677
3551	3553
3551	3554
3551	3607
3551	3608
3551	3707
3552	3631
3552	3653
2805	2979
2805	3003
2805	3033
2805	3650
2805	2957
2805	3142
2782	3099
2782	3426
2782	3708
2782	3062
3426	3550
3426	3583
3426	3598
3426	3601
3426	3662
3553	3559
3553	3767
3553	3768
3553	3769
3553	3836
2795	3061
2795	3073
2782	3259
3259	3544
3259	3312
3259	3672
3554	3707
3554	3784
3554	3814
2797	2897
2797	2941
2797	3731
3481	3558
3481	3561
3481	3601
3481	3770
3481	3844
3067	3100
3067	3103
3067	3754
3555	3627
2782	3583
2782	3593
2782	3608
2782	3680
2782	2994
2782	3857
2782	2804
2782	2862
2802	3757
2802	3227
2802	3027
3556	3612
3556	3628
3556	3721
3556	3724
3556	3747
2782	2801
2782	3205
2782	2967
2782	3172
2782	2892
2782	2876
2782	3672
2782	3683
2782	3581
2782	3611
2782	2838
2782	3765
2782	3639
2782	3003
2782	2958
3001	3530
3001	3531
3001	3036
3001	3327
3001	3606
3001	3610
3001	3147
3001	3795
3001	3289
2782	3481
2782	3217
2782	3095
3557	3567
3557	3568
3557	3592
3557	3705
3557	3788
3557	3803
2782	2910
2782	3393
2782	3066
2782	3691
2801	2965
2801	2851
2801	3190
2801	2933
2801	3660
2801	3189
2782	3677
2782	3596
2782	3546
3558	3770
3558	3771
2782	3769
2782	3836
2782	3856
2782	2834
3290	3644
3290	3654
3290	3687
3290	3711
3290	3806
2841	3529
2841	3530
2841	3531
2841	3035
2841	3555
2841	3592
2841	2986
2841	3088
2841	2912
2841	2913
2841	3733
2841	3104
2782	3811
2897	3441
2897	3679
2897	3449
2897	3878
2897	3880
3559	3769
3559	3836
3559	3856
3560	3600
3560	3813
2803	3639
2803	3000
2803	3092
2782	3644
2782	3179
2782	3161
2782	3805
3280	3542
3280	3544
3280	3587
3280	3636
3280	3724
3280	3779
3280	3825
2799	3280
2799	3752
2782	3822
2782	3837
2820	3531
2820	3036
2820	3178
2820	3551
2820	3555
2820	2822
2820	2827
2820	3088
2782	2820
2782	3561
2782	2977
3561	3603
3073	3637
3073	3686
3073	3227
2782	3434
2782	3098
2782	3588
2782	3594
3172	3539
3172	3434
3172	3179
3172	3665
3172	3230
2800	3583
2800	3665
2800	3805
2977	3178
2977	3557
2977	3561
2977	3603
2977	3040
2977	3282
2977	3294
2782	2836
2782	3604
2782	3605
2782	3240
3562	3611
3562	3767
3562	3791
3562	3827
3562	3856
2782	3625
2782	3634
2782	3007
2782	2802
2782	3279
3188	3532
3188	3556
3188	3681
3188	3813
2782	3686
2782	2803
2965	3178
2965	3205
2965	3011
2782	3602
2782	3725
2782	3078
2782	2933
2782	3169
3563	3603
3563	3672
3563	3689
3217	3481
3217	3722
3217	3792
2782	3540
2782	3638
2782	3799
2782	3343
2893	3541
2893	3542
2893	3544
2893	2925
2893	3645
2893	2915
2893	2966
3564	3766
3564	3782
2796	3535
2796	3302
2796	3564
2796	3240
2796	2950
2796	3334
2796	3844
2796	3866
2796	3236
3135	3487
3135	3755
2782	3282
2782	3035
2782	3606
2782	2988
2782	3543
2782	3821
2782	3431
2782	3614
2782	2997
2782	2788
2782	3420
2782	3040
2782	3005
3565	3627
3566	3645
3566	3811
2782	3151
3567	3568
3567	3599
3567	3624
3568	3705
3568	3763
3568	3829
3568	3851
3568	3852
2930	3061
2930	3570
2930	3053
2930	3709
2930	3054
2930	3161
3569	3788
3569	3866
2782	3642
3044	3642
3044	3749
2782	3911
2782	3361
2782	3203
2782	3154
2782	2955
2782	3227
2836	3435
2836	3648
2836	3695
2836	3697
2836	3005
2836	3074
2834	3607
2834	3608
2834	3707
2834	3074
2834	3866
2782	2995
2995	3531
2995	3565
2995	3614
2995	3626
2995	3088
2995	3681
2995	3004
2995	3723
2995	3026
3570	3709
3570	3825
3571	3753
2782	3572
2782	3573
2782	3269
3572	3573
3572	3574
3572	3578
3572	3579
3573	3578
3573	3579
2807	3572
2807	3573
2807	2809
2807	2811
2807	3579
2807	2812
2782	2807
2782	3578
2782	3574
2782	2808
2782	3669
2782	3674
2808	2809
2808	3575
2808	3576
2808	2810
2808	3668
2808	3673
2808	3879
2808	3881
2808	3432
2809	3572
2809	3573
2809	3575
2809	3668
3574	3578
3574	3667
3574	3668
3574	3669
2782	3468
3575	3576
3575	3668
3575	3673
3575	3879
3575	3881
3576	3669
3576	3674
3576	3675
3576	3881
2810	3575
2810	3576
2782	3719
3577	3669
2782	3577
2811	3572
2811	3573
2782	3579
2782	2920
3578	3669
3579	3678
3579	3874
3579	3877
3579	3878
3579	3880
2782	2929
2782	2813
2782	3914
2812	3572
2812	3573
2782	3167
2782	3200
2794	2987
2794	2909
2794	2841
2794	3154
2794	3090
2794	3000
2794	3006
2782	3603
2782	3212
2782	3807
2782	3382
3150	3555
3150	3587
3150	3591
3150	3312
3150	3254
3150	3282
2782	3590
3580	3585
3580	3621
3580	3701
3580	3716
3580	3864
2782	3313
3581	3584
3581	3620
3581	3635
3581	3821
2782	3048
2782	2857
2782	3591
2782	3013
2782	3150
2782	2986
2782	3147
2782	3293
2782	3795
2782	3796
2782	2824
2824	3584
2824	3688
2824	2981
2824	3700
2824	3717
2824	3152
2824	2980
2824	3790
2782	3186
2782	3621
3167	3581
3167	3200
3167	3487
3167	3691
3167	3722
3200	3487
2782	3541
2782	3190
3582	3650
3081	3290
3081	3629
3081	3704
3081	3384
3081	3275
3081	3288
2782	3558
2782	3706
2782	2878
2925	3481
2925	3558
2925	3770
2782	2941
2782	3722
3098	3594
3098	3658
3098	3827
3098	3833
3098	3428
2960	3747
2960	3756
2960	3758
2960	3293
3583	3805
2982	3591
2982	3284
2982	3755
2982	3146
2982	3288
2782	3612
2782	3219
3584	3585
3584	3821
3585	3621
3585	3701
3585	3716
2782	3701
2782	3436
2782	2851
2782	3609
2782	3328
2782	3028
3422	3593
3586	3591
3586	3793
3586	3833
3186	3714
3186	3418
3587	3591
3587	3763
3587	3838
2782	3164
3588	3658
3588	3689
3589	3779
3589	3825
2782	3630
2782	3643
2782	3580
2782	3716
3420	3590
3420	3620
3420	3660
2814	3537
2814	3259
2814	2982
2814	3392
2814	3100
2814	3166
2814	3717
2782	2982
2782	2888
2782	3657
3590	3660
2782	3288
3591	3688
3591	3813
2782	3204
2782	2972
3592	3606
2782	3012
2782	3000
2782	3742
2782	3744
2782	3422
3593	3608
3593	3765
3593	3827
3593	3856
3593	3857
2782	3002
2782	3550
3473	3542
3473	3758
2815	2963
2816	3181
3175	3342
3175	3176
3175	3210
2782	2927
2782	2846
2782	2908
2782	3134
3272	3595
3272	3306
2782	3089
2782	3241
2782	3019
2782	3562
2782	3021
2782	3427
3595	3596
3595	3677
3106	3595
2782	3242
2782	3510
2861	2967
2861	3658
2861	2876
2861	3665
2818	3273
2818	3505
2782	2923
2782	3254
2888	3641
2888	2892
2888	3657
2888	3659
2782	3793
2782	3024
3596	3677
2782	3159
2782	3472
2782	2904
2782	3274
2782	3816
2782	3692
2782	2819
2979	3290
2979	3081
2979	3784
2979	3142
3170	3556
3170	3188
3170	3627
3170	3628
3170	3648
3170	3721
3170	3724
3170	3366
2782	3754
2782	3767
3597	3767
3597	3827
3597	3836
2782	3616
2782	3713
2782	3774
2984	3548
2984	3598
2984	3681
2984	3725
2984	3750
2984	3760
2984	3772
2984	3026
2984	3093
2984	3094
2782	3610
3598	3662
3598	3750
3599	3619
3599	3722
3599	3748
3392	3600
3392	3393
2821	3608
2821	3722
2821	3765
2821	2994
2821	3828
2782	3787
2782	3001
2782	3088
2782	3592
2782	3600
2782	2850
2782	3694
2782	3783
3601	3737
3601	3843
3383	3535
2782	3724
2782	3728
2782	3689
2782	3846
2782	3314
2822	3555
2782	3009
3602	3842
2782	3565
2782	3845
3603	3762
3603	3807
3604	3605
3604	3643
3604	3779
3604	3825
3604	3854
3605	3648
3605	3694
3605	3779
3606	3710
3606	3795
3606	3796
3012	3810
2782	2960
2782	3627
2782	3116
2782	3654
3608	3658
3608	3680
3608	3726
3608	3748
3608	3827
3608	3856
3160	3566
3160	3602
3160	3649
3160	3688
2782	3189
2782	3443
2782	3659
2782	3661
2782	3745
2782	3653
2782	3032
2782	3122
3003	3539
3003	3549
3003	3044
3003	3066
3003	3472
3003	3102
2782	3924
2782	3808
2922	3599
2922	3619
2922	3205
2922	2985
3610	3616
3610	3617
2782	3403
2782	3383
2782	3849
2782	2798
2782	3051
2782	3617
2850	3600
2850	3392
2850	3387
2850	3393
2850	3171
2850	3166
2850	3737
2850	3018
2850	3051
2850	3235
2850	3379
2825	3627
2825	3004
2782	3662
2826	3383
2986	3529
2986	3530
2986	3531
2986	3036
2986	3035
2986	3555
2986	3327
2986	2988
2986	3088
2986	3037
2986	3087
2782	2821
2827	3036
3611	3858
2782	3723
2782	3772
2782	3025
2782	3792
3048	3589
3048	3594
3048	3208
3048	3722
3048	3102
3085	3715
3085	3343
3085	3846
3612	3747
3612	3815
3613	3837
2782	3736
2828	3529
2828	2841
2904	3692
2904	3063
2904	3697
2782	3753
3208	3600
3208	3435
3208	3783
3208	3499
3208	3429
3208	3311
3100	3605
3100	3694
3100	3166
3100	3145
3100	3140
2782	3033
2782	3687
2782	3085
2782	3371
3079	3636
3079	3665
3079	3158
2782	3764
2782	3842
2969	3564
2969	3695
2969	3223
2969	3762
2969	3782
2969	3831
2782	3780
2782	2934
2782	3763
2782	3829
2782	3852
2992	3543
2992	3553
2992	3559
2992	3427
2992	3767
2992	3768
2992	3769
2992	3192
2992	3836
2992	3856
2988	3543
2988	3272
2988	3431
2988	2989
2988	3192
2988	2991
3431	3543
3431	3857
3614	3626
2782	2992
2831	3550
2831	3143
3615	3616
3615	3649
3615	3780
3615	3820
3615	3845
2782	3615
2829	2995
2829	3012
2782	3646
3616	3809
2782	3266
2782	3050
3154	3517
3154	3158
2782	2859
3617	3809
2782	3535
3091	3623
3091	3753
3091	3184
3091	3797
3091	3820
3091	3824
2919	3091
2919	3646
2919	3704
2919	3753
2919	3797
2782	3618
2782	3623
3618	3620
3618	3622
3618	3623
3618	3823
2782	3733
2782	3177
3619	3621
3619	3626
2782	3185
3620	3622
3620	3623
3620	3635
3621	3716
3622	3823
2782	3823
2782	3655
2782	3720
2782	3896
2782	3710
2782	3824
2832	3434
2832	3181
2832	3058
2782	3401
3623	3823
2833	3629
2833	3435
3487	3567
3487	3624
3624	3714
2782	3386
2782	2914
2782	3536
2788	3652
2788	3811
2788	3824
2782	3843
3625	3652
3625	3704
3625	3808
2782	3378
3365	3650
3365	3725
3365	3757
3365	3790
3626	3631
3626	3651
3626	3652
2837	3217
2837	3604
2837	2858
2837	3779
2837	3825
3627	3806
2782	3589
3628	3721
2782	3531
3629	3794
2782	3082
2838	3559
2838	3219
2838	3791
2782	3133
2782	3358
3630	3636
3630	3643
3630	3658
3630	3680
3630	3683
2839	3771
2839	3791
2839	3830
3300	3562
3300	3607
3300	3634
3300	3782
2782	3091
2782	3184
2782	3675
2782	3802
2782	3803
2782	3323
2782	3138
3631	3652
3631	3752
2782	3530
2782	3026
3088	3529
3088	3530
3088	3531
2782	3693
2782	3113
2782	3126
2782	3125
2782	3252
2782	2905
2782	3698
3436	3505
3436	3698
3436	3699
2782	3108
3435	3693
3435	3694
3435	3698
3360	3632
3360	3633
3360	3832
3360	3835
3632	3633
3633	3832
3633	3835
2782	3838
2782	2875
2921	3599
2921	2922
2921	3658
2921	3777
2921	3781
2953	3666
2953	3449
2953	3328
2953	3687
2953	3397
2875	3546
2875	3449
2844	3571
2844	3634
3634	3703
3634	3787
2782	3797
2845	2914
2845	3634
3064	3707
3064	3837
3064	3381
3090	3535
3090	3188
3090	3704
2782	3337
2782	3101
3021	3023
3021	3792
2782	3011
2782	2969
3635	3701
3635	3716
3635	3864
2782	3500
2782	3418
2782	3636
3185	3186
3185	3418
3205	3712
2782	3223
2782	3828
2782	3566
2782	3613
3078	3686
3078	3164
3078	3325
3078	3326
2782	2893
2782	3213
3144	3707
3144	3725
2782	3637
3637	3638
3637	3650
3637	3799
2782	3044
2917	3549
2917	3073
2917	3083
2917	3640
2917	3733
2917	3014
2782	2894
2782	3641
2782	3441
2782	3449
2894	3106
2894	3641
2894	3441
2782	3554
2782	2917
2782	3083
2782	3640
2782	2897
2782	3702
2968	3595
2968	3596
2968	3666
2968	3677
2968	3472
2782	3563
2782	3435
2851	2878
2851	3550
2851	3044
2851	3205
2851	2898
2920	3579
2920	3641
2920	3719
2920	3875
3083	3543
3083	3640
3083	3729
3083	3857
3640	3729
3640	3738
3641	3643
3641	3680
3641	3683
2782	3678
2782	3874
2782	2965
2782	3853
2782	3387
2782	3712
2852	2917
2852	3083
2967	3205
2967	3712
2782	2953
2862	3613
2862	2967
2862	2955
2862	3846
2782	3438
2782	3867
2782	3870
2782	3511
3438	3868
3438	3870
2782	3868
2782	3869
2782	3873
2782	3876
3642	3677
3642	3749
2853	3290
2853	3025
2854	2888
2854	3641
2782	2873
3033	3687
3033	3752
3033	3260
3643	3683
3190	3558
3190	3290
3190	3770
2782	2867
2782	3473
2782	3166
2782	3756
2782	3758
3133	3629
3133	3147
3133	3794
2782	3656
3644	3654
2819	3692
2819	3871
2782	3057
3313	3581
3313	3716
3313	3823
3193	3581
3193	3584
3193	3635
3193	3313
3193	3821
3645	3703
3646	3766
3646	3820
3647	3714
3647	3755
3110	3542
3110	3557
3110	3648
3649	3713
3649	3780
3650	3690
3650	3757
2782	3727
2782	2946
2782	3376
2856	3645
2856	3045
2856	3689
2856	3009
3252	3266
3252	3702
3252	3816
3252	3253
2782	2787
3652	3725
3652	3808
2782	3342
2782	3334
2782	3866
2782	3321
3653	3834
3040	3178
3040	3160
3040	3085
3040	3761
2857	3259
2857	3179
2857	3656
2857	2915
2782	3862
3007	3639
2782	2858
3011	3533
3011	3560
3011	3642
3011	3691
2858	3604
2858	3779
2858	3825
2782	3831
2782	3148
2782	3834
2782	3840
2782	3788
2782	3109
2782	3211
3654	3811
2782	3224
2782	3835
3655	3862
3655	3863
2782	2915
3114	3117
2782	3782
2782	3696
2782	3711
2782	3757
3179	3656
3656	3696
3656	3774
3656	3822
2782	3695
2860	3179
2860	3656
3025	3217
3025	3190
2797	3582
2797	3598
2797	2938
2782	3685
2892	3630
2892	3665
3443	3642
3657	3659
3658	3680
3658	3809
2955	3005
2955	3822
2955	3354
3659	3687
2782	3359
2782	3391
2782	3749
2876	3641
2876	2892
2876	3665
2876	3680
2876	3683
2876	2885
2797	3659
2782	2956
2933	3205
2933	2967
2933	3033
2933	3660
2933	3665
2933	2962
3032	3661
2782	3762
2782	3734
2782	3666
3066	3536
3066	3691
3066	3724
2782	2964
2863	3178
2863	2965
2882	2897
2882	3642
2882	3190
2882	3443
2882	3045
2867	2888
2867	3641
2867	2892
2867	3443
2867	2876
2867	3680
2867	3683
2782	3709
2782	2890
2782	3409
3045	3672
2782	3718
3663	3667
3663	3676
3663	3870
2874	3539
2874	2897
2874	3560
2874	2906
2874	3752
2874	3813
2874	3335
2782	3663
2782	3667
2782	3671
2782	3470
2782	3676
2782	3668
2881	2887
2881	3439
2881	3440
2881	2891
2782	2896
2782	3746
2782	3271
2864	2881
2864	2887
2782	2895
2896	3664
2865	2881
2865	2887
2865	3439
2865	3440
2782	3682
2782	2963
2782	3664
3664	3682
2782	2881
2782	3448
3665	3683
2782	3819
2887	3439
2887	3440
2887	2891
2887	3447
2782	3761
3666	3761
2866	2923
2866	3596
2782	3673
2782	3879
2782	3432
2782	3670
2782	3451
2782	3575
2782	3881
3273	3540
3273	3702
3439	3471
3439	3447
3667	3671
3667	3676
3668	3671
3668	3673
3668	3676
3668	3746
3668	3914
3668	3921
2782	2924
2782	3880
3448	3670
3669	3674
3669	3675
2782	3453
2782	3697
2782	3341
3671	3676
3269	3573
3269	3577
3269	3578
3269	3669
2975	3533
2975	3751
3440	3471
2868	3546
2868	3045
3672	3720
2782	3775
2782	3137
2782	2949
3470	3574
3470	3667
3470	3668
3470	3671
3673	3746
3673	3879
3673	3914
2782	2877
2782	3679
2782	3042
3219	3688
3219	3285
3219	3791
3219	3792
2870	3440
2870	3471
2782	3921
2872	3674
2872	3675
3674	3675
3674	3914
2877	3574
2877	3668
2877	3470
2877	3921
2877	3442
3676	3921
2782	3479
3678	3679
3678	3746
3678	3874
3678	3877
3678	3878
3678	3880
3679	3874
3679	3877
3679	3878
3679	3880
3679	3921
3680	3690
3680	3691
2782	3844
3681	3726
3681	3743
3681	3772
2964	3033
2964	3065
2964	3093
2782	3030
2873	2894
2873	3441
2873	3685
2782	3466
2782	3877
2782	3741
2782	3893
2782	3576
2782	3450
2880	2881
2880	2887
2782	3875
3449	3579
3449	3687
3449	3711
3684	3754
3684	3849
2883	3439
3189	3190
3189	3661
3189	3666
3189	3254
3189	3465
2884	3630
2884	3636
2884	3552
2883	2887
2883	3440
2883	3471
2885	2953
3030	3681
3030	3378
3030	3062
3030	3388
3030	3156
3030	3232
3378	3662
3378	3681
3378	3910
2889	3663
2889	3676
3414	3718
3414	3863
3414	3865
3414	3893
2871	3045
2871	2873
2871	2890
2871	3409
2871	3369
2895	3574
2895	3578
2895	3669
2895	3269
2895	2929
2895	3914
2890	3672
2890	3685
2890	3075
2890	3409
2782	3730
2954	3274
2954	3358
2954	3692
2954	3695
2954	3266
2954	3015
2954	3816
2954	3253
2954	3264
2782	3075
2958	3549
2958	3003
2958	3102
2782	3287
2957	3044
2957	3642
2957	3033
2957	3749
3686	3835
3382	3449
3328	3666
3328	3761
3328	3391
2782	3878
2869	3671
2869	3502
2869	3855
3687	3711
3013	3563
3013	3045
3013	3505
3013	3263
3688	3700
3688	3789
3689	3715
3689	3846
2898	3198
2981	3629
2981	3700
2981	3717
2981	3790
2972	3152
2972	3059
2972	3058
2972	3286
2782	3815
3053	3533
2905	3435
2905	2954
2905	3266
2905	3240
2905	3762
2905	3871
2905	3265
3010	3585
3010	3704
3010	3148
3010	3384
3010	3164
3159	3532
3159	3609
3159	3212
3159	3709
2901	3159
2901	3212
2782	3726
2782	3132
3143	3536
3143	3550
3143	3556
3143	3786
3143	3161
2782	3814
3691	3724
3691	3748
2782	3301
3042	3426
3042	3048
3042	3732
3042	3743
3042	3112
3517	3536
2782	3207
2902	3698
2903	3554
2903	3284
3284	3554
3274	3435
3274	3693
3274	3694
3274	3505
3274	3698
3274	3352
2782	3061
3004	3565
3004	3626
3004	3627
3004	3648
3004	3806
3358	3435
3358	3692
3358	3871
3692	3697
2915	2925
2915	2933
2915	3806
3063	3273
3063	3692
3063	3695
3063	3697
3063	3505
3063	3089
3063	3702
3063	3437
3693	3694
3694	3783
3695	3697
3695	3702
2782	3871
3696	3774
3696	3822
3696	3846
2782	3482
2806	2942
2806	2995
2806	3613
2806	2857
2806	3240
2806	3359
2806	3107
2806	3895
3697	3698
3697	3702
3266	3689
3266	3274
3266	3816
3266	3871
2906	3534
2906	3648
2906	3004
2906	3750
2906	3321
2907	3154
2782	3809
3698	3699
3698	3871
3089	3505
3089	3699
3089	3333
3699	3763
3699	3829
3699	3851
3699	3852
2782	3063
2782	3141
3141	3213
2782	3140
2782	3820
3700	3717
3700	3790
3223	3631
3223	3639
3223	3701
3223	3810
3223	3364
3701	3716
3701	3864
3050	3702
3050	3715
3050	3074
2782	3015
2782	3498
2782	2919
3705	3788
3705	3866
2855	3590
2855	3618
2855	3620
2855	3623
2855	3330
2855	3177
2855	3484
3330	3558
3330	3420
3330	3590
3330	3660
3330	3753
2782	3430
3706	3718
2956	3730
2956	3896
2956	3898
2956	3906
2956	3182
2782	3768
2782	3336
2782	3520
3337	3703
3080	3536
3080	3316
3080	3176
3171	3533
3171	3538
3171	3372
3171	3387
3171	3207
3171	3379
2782	3365
3153	3631
3153	3708
3212	3609
3212	3807
3212	3301
2782	3237
3119	3569
3119	3763
3119	3788
3119	3851
3119	3852
3158	3609
3158	3159
3158	3212
2910	3609
2910	3650
2910	3708
2910	3113
2910	3238
3147	3611
3147	3166
3147	3790
3147	3151
3147	3301
3147	3149
3147	3289
2782	3146
2782	3839
3002	3073
3002	3757
3002	3388
2911	3147
2911	3166
2911	3015
3708	3839
3148	3592
3148	3786
3148	3787
3148	3398
2912	3530
2912	3531
2912	3088
3710	3824
2913	3530
2913	3531
2913	2986
2913	3088
2843	3684
2843	3414
2843	3741
2843	3775
2843	3849
2843	3891
2843	3896
2916	3687
2916	3711
2782	3362
2782	3373
2782	3776
3713	3776
2782	3526
2782	2998
2918	3713
2918	3526
2918	2998
2782	3830
2782	3884
3714	3755
3166	3690
3166	3790
3166	3235
3715	3846
3716	3794
3716	3831
3716	3864
3716	3904
3717	3789
2949	3543
2949	3640
2949	3373
2949	2952
2949	3738
2949	3896
2782	3739
2782	3791
3718	3742
3718	3893
3718	3896
2782	3182
2782	3863
2782	3375
3242	3409
2924	3579
2924	3679
2924	3746
2924	3877
2924	3878
2924	3444
2924	3880
2782	2939
3152	3565
3152	3644
3152	3688
3152	3754
3177	3200
3177	3619
3177	3621
3177	3184
3177	3824
3240	3535
3720	3803
2859	2984
2859	3704
2859	3709
2859	3101
2859	3026
2859	3814
2782	3201
2782	3285
2782	3559
3384	3704
3384	3794
3384	3512
2926	3542
2926	3554
2782	3114
2927	3173
2927	3174
2927	3317
2927	3494
2927	3496
2927	3497
2927	3521
2782	3827
3722	3748
3722	3765
2929	3673
2929	3674
2929	3746
2929	3879
2929	3432
2929	3914
2782	3198
2782	3191
2789	2816
2789	2817
2789	3086
2846	3370
2782	3175
2840	3318
2840	3493
2840	3495
2840	3209
3198	3516
3332	3337
3332	3336
3215	3723
3215	3770
3215	3837
3215	3515
2931	3004
3191	3827
3191	3856
3108	3273
3108	3697
3108	3698
3108	3871
2782	3897
2782	3905
2782	3832
2782	3883
2782	3405
2782	3400
2782	3854
2782	2843
2782	3891
2782	2950
2934	3568
2934	3699
2934	3763
2934	3072
2934	3829
2934	3845
2934	3851
2934	3852
3723	3724
2782	3681
2782	3833
3725	3743
3725	3750
3725	3757
2782	3157
2798	3157
2798	3234
3726	3743
2782	3407
2782	3417
3727	3729
3727	3731
3727	3734
3727	3800
2946	3727
2946	3376
2946	3731
2946	3734
2946	2952
3376	3727
3376	3729
3376	3731
3376	3743
2936	3727
2936	2946
2936	3376
2936	2938
2936	3287
2936	2941
2936	3731
2936	3734
2938	3727
2938	3376
2938	3287
2938	2941
2938	3729
2938	3731
2938	3734
2938	2943
2938	3413
3728	3783
2782	2952
2782	2790
3287	3376
3287	3729
3287	3731
3287	3759
2941	3083
2941	3640
2941	3376
2941	3287
2941	3729
2941	3731
2941	3734
2937	3083
2937	3640
2937	2938
2937	3729
3729	3731
3729	3734
2782	3416
2782	3865
3730	3741
3730	3742
3730	3800
3730	3906
2782	2935
2782	3885
3373	3690
3373	3728
3373	3849
3373	3896
2782	2938
2782	3729
3731	3734
3731	3828
3731	3883
3731	3897
2782	3731
2782	2973
3732	3775
2782	3732
2782	3737
3734	3744
2782	3898
2782	3906
2782	3404
2782	2869
2947	3565
2947	2984
2947	3639
2947	3681
2947	2949
2947	3000
2947	3472
2947	3772
2782	3777
2782	3899
2950	3535
2950	2964
2950	3736
2950	3787
2950	3112
2950	3398
2950	3849
2782	3348
2782	3798
2782	3350
2952	2988
2952	3640
2952	3738
2952	3781
2952	3229
2952	3398
2952	3228
2782	3738
2782	3735
3736	3787
3736	3883
3736	3897
2940	3287
2940	2941
3430	3745
3430	3907
3737	3739
3737	3791
3737	3805
3737	3897
2782	3410
2782	3415
2782	3907
3738	3857
2782	2966
2943	3729
2782	3349
3000	3100
3000	3639
3000	3744
3000	3745
3000	3097
3000	3092
2944	3640
2944	3729
2782	3781
3739	3841
3739	3898
3739	3906
3740	3848
2782	3778
2782	3908
2945	3044
2782	3414
2782	3039
3742	3744
3014	3098
2782	3801
3745	3781
3745	3850
3745	3854
3745	3907
2990	3431
2990	3621
2990	3802
2990	3847
2990	3340
2782	2951
2847	2951
2847	3046
3028	3272
3028	3241
3028	3792
3746	3878
3746	3879
3746	3914
3271	3669
3271	3674
3271	3675
3271	3746
3271	3878
3271	3921
2782	3467
3427	3553
3427	3725
3427	3836
3747	3749
2782	3408
2782	3364
2985	3567
2985	3568
2985	3599
2985	3078
3371	3547
3371	3613
3371	3811
3371	3837
3371	3846
3254	3595
3075	3685
3749	3751
3103	3549
3103	3601
2782	3499
2962	3205
2782	3519
3751	3812
2782	3208
3472	3565
3472	3596
3472	3677
3472	3733
3472	3749
2782	3104
3065	3100
3065	3733
3065	3097
3752	3833
2782	3861
3753	3797
3753	3820
3753	3824
2782	3740
2970	2977
2970	3040
2970	3747
2782	3790
2782	3751
2971	3062
3146	3611
3146	3314
3146	3237
3146	3839
3146	3305
3146	3291
3756	3758
2782	3810
3758	3789
2782	3760
2782	3858
2782	3922
3275	3658
3275	3384
3275	3430
3275	3809
2782	3069
2974	3422
2974	3277
3082	3287
2782	3226
2782	3286
3759	3764
3293	3756
3293	3758
2782	3424
2782	3900
2782	3901
2782	3902
2782	3912
2782	3913
3062	3426
3062	3208
3062	3083
3062	3226
3062	3156
3226	3757
3155	3591
3155	3160
3155	3688
3155	3517
3155	3714
3155	3756
3155	3162
3155	3309
3288	3612
3288	3758
3288	3815
2976	2982
2976	3755
2978	3756
2978	3758
3760	3805
3760	3860
3760	3861
2980	3688
2782	3429
3761	3764
3507	3902
3507	3913
2782	3688
2782	3155
3762	3783
3763	3764
3763	3829
3763	3838
3763	3851
3763	3852
3113	3650
3764	3807
3765	3777
3765	3828
3765	3857
2983	3593
2983	3765
2782	2931
2813	2986
2813	3673
2813	2929
2813	3038
2813	3914
2782	3412
2835	3545
2835	3592
2835	3079
2835	2919
2835	3158
2835	3184
2835	3797
2835	3824
3766	3820
3767	3768
3767	3769
3767	3827
3768	3769
2782	3192
2782	3928
2989	3192
3769	3836
3769	3856
3192	3543
3192	3211
3192	3319
3192	3197
3192	3857
2991	3431
2994	3557
2994	3593
2994	3722
2994	3765
2994	3857
2994	3390
2993	3361
2782	3305
3097	3388
3388	3591
3388	3662
3388	3899
3227	3605
3227	3518
3227	3292
2782	3864
2782	3904
2782	3514
2782	3512
3321	3770
3321	3499
3321	3429
3321	3322
3770	3833
3770	3844
2996	3321
2996	3885
2868	3172
2868	3179
2868	3013
2782	3406
2799	3773
2799	3314
3773	3830
3773	3884
2782	3398
2782	2928
3774	3811
3362	3547
3362	3644
3362	3654
3362	3656
3362	3371
3362	3811
3775	3863
3775	3891
3775	3898
3528	3713
3528	3776
2782	3528
2782	3395
3777	3883
3778	3865
3778	3910
2782	3800
2782	3892
3101	3616
3101	3624
3101	3212
3101	3151
3101	3109
3101	3820
2782	3909
3779	3825
3184	3753
3184	3797
3184	3802
3184	3824
2782	3018
2782	3299
3780	3809
2782	3841
2782	3034
2782	3850
3416	3778
3416	3865
3781	3907
3781	3910
3057	3385
3057	3842
3126	3653
3126	3834
3126	3127
3126	3128
3211	3563
3211	3672
3211	3319
3211	3498
3211	3374
3784	3785
3784	3814
3005	3547
3006	3090
3026	3065
3026	3057
3285	3611
3285	3738
3285	3761
3785	3884
3385	3759
3034	3828
3034	3849
3034	3850
2782	3851
2849	3554
2849	2979
2849	3064
2849	2910
2849	3712
2849	3784
2849	3837
2782	3129
3789	3797
3008	3539
3008	3026
3151	3597
3151	3807
3151	3301
3151	3164
3151	3836
3016	3025
3016	3833
3791	3805
3791	3830
3023	3481
3023	3562
3023	3586
3023	3219
3023	3028
3023	3321
3023	3770
3023	3299
3023	3844
3023	3307
3019	3272
3019	3241
3019	3021
3019	3023
3019	3792
3019	3020
3019	3793
3019	3024
2782	3023
3017	3021
3017	3285
3018	3387
3018	3171
3018	3807
3018	3279
3018	3295
2782	3295
3099	3601
3299	3561
3299	3562
3299	3594
3299	3793
3299	3833
3299	3844
3299	3303
3020	3793
3020	3024
3024	3586
3024	3299
3024	3793
3024	3844
3024	3295
3024	3296
3024	3297
3024	3303
3024	3308
3022	3028
3022	3023
3017	3792
3095	3594
3095	3312
2839	3023
3027	3637
3156	3591
3156	3662
3156	3388
3156	3227
3156	3518
3029	3030
3029	3156
2782	3070
2782	3910
3031	3760
3031	3229
3031	3861
2782	3812
3093	3548
3093	3598
3093	3750
3093	3097
3093	3772
3093	3094
3391	3608
3391	3666
3391	3761
3391	3785
3794	3864
3795	3796
2999	3217
2999	3570
2999	3597
2999	3614
2999	3626
2999	3284
2999	3728
2999	3041
2999	3161
2999	3343
2999	3825
3037	3555
3797	3824
2782	3117
3348	3727
3348	3732
3348	3800
3348	3351
3039	3732
3039	3413
3798	3799
3799	3800
3038	3741
3350	3798
3350	3799
3350	3800
3350	3353
3801	3891
2782	3895
3349	3730
3349	3798
3349	3799
3349	3350
3349	3800
3412	3727
3412	3778
3412	3800
3412	3865
2971	2973
3041	3728
3041	3093
3109	3703
3109	3753
3109	3820
3109	3831
2996	3804
2996	3917
3804	3885
3804	3916
3804	3917
2782	3518
3112	3736
3112	3750
3112	3394
3229	3548
3229	3378
3229	3760
3229	3783
3229	3860
3229	3861
3043	3681
3043	3726
3043	3743
3051	3387
3051	3171
3051	3166
3051	3725
3051	3385
3051	3235
3051	3379
3805	3860
2782	3180
2782	3478
3807	3858
3808	3810
3181	3196
3046	3417
3237	3598
3237	3839
3049	3300
3282	3561
3282	3312
3282	3294
2782	3324
2782	3277
2782	3882
3052	3188
3052	3813
3054	3570
3056	3073
3056	3686
3319	3603
3319	3766
3319	3866
3060	3601
3129	3717
3129	3130
3129	3131
3301	3302
3301	3708
3301	3306
3058	3059
3058	3086
3334	3803
3334	3866
3334	3339
2900	2987
3015	3563
3015	3689
3015	3266
3015	3720
3015	3782
3015	3909
2961	3370
2886	3046
2886	3130
2886	3183
2886	3239
3161	3179
3068	3372
3068	3171
3070	3632
3071	3605
3071	3100
3071	3694
3072	3829
3132	3171
3132	3726
3816	3823
3074	3607
3074	3695
3074	3697
3074	3715
2782	3524
2782	3817
2782	3818
3524	3817
3524	3818
3524	3819
3817	3818
3817	3819
3818	3819
3164	3597
3164	3632
3164	3686
3164	3343
3164	3835
3076	3524
3076	3818
3077	3817
3077	3819
2823	3175
2823	3233
2823	3516
2782	3080
3821	3886
3323	3486
2787	3211
2787	3374
2782	3859
2782	3847
3084	3626
3084	3631
2782	3344
3822	3837
3822	3846
2782	3773
3343	3360
3343	3656
3343	3696
3343	3774
3343	3822
3343	3355
3343	3835
3355	3566
3355	3656
3355	3696
3355	3774
2782	3340
3395	3713
3395	3528
2998	3713
2998	3526
2998	3528
2998	3776
3087	3529
2782	3523
2782	3338
3094	3548
3094	3598
3094	3750
3094	3229
3204	3594
3204	3360
3204	3751
3204	3754
3204	3832
3096	3779
3096	3825
2790	3553
2790	3767
2790	3768
2790	2993
2790	3486
2966	3549
2966	3601
2966	3103
2966	3843
3827	3856
3828	3840
3828	3897
3400	3730
3400	3742
3400	3781
3400	3828
3400	3841
3400	3854
3400	3910
2782	3292
3518	3519
2782	3440
3829	3851
3829	3852
2939	3012
2939	3212
2939	3759
3830	3884
3105	3557
3105	3788
3359	3613
3359	3656
3359	3689
3359	3715
3359	3371
3359	3774
3359	3782
3359	3846
2902	3646
3111	3608
3111	3726
3117	3591
3117	3760
3117	3229
3117	3860
3117	3861
3115	3407
3115	3181
2782	3525
2782	2974
3482	3764
3482	3833
3482	3483
3833	3844
3833	3856
3118	3561
3118	3299
3118	3482
3118	3833
3120	3208
3120	3499
3120	3321
3120	3429
3122	3653
3122	3125
3122	3834
3121	3653
3121	3122
3125	3653
3125	3126
3125	3834
3125	3128
3123	3126
3123	3125
3124	3125
3124	3834
3169	3547
3169	3552
3169	3217
3169	3653
3169	3837
3169	3844
3127	3653
3128	3834
3131	3132
3502	3503
3502	3504
3398	3883
3136	3780
3136	3809
3279	3759
3279	3761
3279	3764
3279	3482
3279	3483
3224	3580
3224	3585
3224	3612
3224	3635
3224	3701
3224	3704
3224	3716
3224	3384
3224	3864
3224	3904
3224	3514
3224	3512
3224	3513
3139	3612
3139	3815
3836	3856
2782	3872
2782	3245
2782	3251
3145	3166
3149	3151
3838	3904
3840	3849
3840	3895
3840	3905
3841	3898
3841	3906
3841	3910
3842	3843
3165	3372
3165	3598
2948	3385
2948	3051
3168	3552
3168	3481
2782	3329
2782	3848
3424	3901
3424	3912
3424	3425
3424	3913
3523	3848
3338	3740
3338	3523
3338	3848
3338	3340
3340	3502
3340	3847
3340	3859
3340	3503
3340	3504
3850	3893
3850	3910
3850	3911
3047	3175
3138	3175
3138	3173
3138	3174
3138	3317
3138	3318
3138	3493
3138	3494
3138	3495
3138	3496
3138	3497
3138	3521
3180	3478
2782	3474
3851	3852
3183	3407
3853	3898
3500	3618
3500	3823
3500	3824
3187	3604
3187	3854
2782	3522
2782	3855
3305	3611
3305	3858
3194	3553
3194	3768
3195	3581
3195	3584
3195	3821
2782	3903
3197	3543
3199	3599
3199	3722
3201	3680
3201	3802
3201	3887
3201	3888
3201	3890
3858	3922
3202	3553
3202	3767
3206	3597
3206	3767
3206	3827
2782	3444
3860	3861
3862	3863
3863	3898
3214	3215
3214	3427
3216	3220
2782	3218
3216	3338
3221	3223
3221	3810
3364	3808
3364	3810
3222	3223
3222	3364
3864	3904
3225	3227
3225	3518
3225	3292
3292	3518
3292	3519
3410	3745
3410	3907
3410	3908
3228	3398
3230	3539
3231	3650
3231	3378
3231	3690
3865	3891
3232	3378
3234	3709
3236	3334
3236	3866
3238	3650
3239	3417
3295	3792
3295	3793
3295	3297
3867	3868
3867	3869
3867	3870
3867	3873
3867	3876
3868	3869
3868	3870
3868	3873
3868	3876
2782	3918
2782	3919
2782	3920
3869	3870
3869	3873
3869	3876
3870	3873
3870	3876
3243	3918
3243	3919
3243	3920
3245	3252
3245	3872
3245	3251
3245	3247
3245	3248
3245	3249
3245	3250
3251	3872
3244	3252
3244	3245
3246	3872
3246	3251
3247	3251
3248	3251
3249	3251
3250	3251
3253	3266
3253	3816
3511	3574
3511	3867
3511	3869
3511	3870
3511	3876
2782	3925
2782	3926
2782	3927
3873	3925
3873	3926
3873	3927
3255	3918
3255	3919
3255	3920
3256	3918
3256	3919
3256	3920
3257	3925
3257	3926
3257	3927
3258	3918
3258	3919
3258	3920
3874	3877
3467	3880
3260	3752
2782	3306
3261	3340
3261	3859
3510	3867
3510	3868
3510	3869
3510	3870
3510	3873
3510	3876
3261	3894
3263	3386
3264	3816
3265	3871
3324	3882
3267	3874
3267	3877
3878	3880
3268	3679
3268	3874
3268	3877
3879	3914
3444	3579
3444	3678
3444	3679
3444	3746
3444	3874
3444	3877
3444	3878
3444	3880
3432	3576
3432	3673
3432	3746
3432	3879
3432	3881
3432	3914
3270	3678
3270	3444
3270	3880
3276	3580
3276	3585
3277	3324
3277	3882
3277	3278
3277	3315
3281	3662
3281	3388
3283	3589
3283	3779
3291	3839
2959	3586
2959	3305
2815	3178
2815	3561
2815	3299
3060	3562
3296	3793
3297	3793
3298	3555
3303	3793
3304	3770
3304	3833
3307	3481
3307	3844
3308	3793
3310	3756
3310	3758
3429	3499
3311	3429
3278	3324
3883	3897
3315	3324
3315	3882
3498	3773
3498	3830
3498	3884
2928	3892
2928	3908
2928	3909
2782	3886
3885	3916
3885	3917
3320	3321
3320	3499
3320	3429
3322	3429
2971	3210
3325	3686
3326	3686
2782	3887
2782	3888
2782	3889
3887	3888
3887	3889
3887	3890
3888	3889
3888	3890
2782	3890
3889	3890
3331	3337
3331	3332
3333	3505
3335	3752
3339	3803
2782	3047
2782	2879
2782	3502
3345	3656
3345	3359
3346	3566
3346	3357
3357	3566
3357	3363
3347	3348
3347	3727
3347	3905
3351	3800
3352	3435
3352	3693
3352	3694
3353	3798
3892	3893
3892	3908
3892	3909
3893	3899
3893	3907
3403	3706
3403	3430
3403	3781
3403	3907
3261	3262
2900	3356
3895	3905
2782	3915
3363	3566
3897	3899
3897	3905
3375	3739
3375	3741
3375	3841
3375	3863
3375	3898
3375	3906
3898	3906
3406	3741
3415	3684
3415	3745
3415	3841
3415	3850
2932	3580
2932	3794
3366	3556
3366	3724
3367	3550
3367	3602
3367	3842
3900	3901
3900	3913
3368	3745
3368	3850
3368	3910
3368	3911
3901	3902
3901	3912
3901	3913
3902	3912
3902	3913
3903	3915
3514	3635
3514	3716
3514	3794
3514	3864
3514	3904
3377	3741
3377	3896
3379	3387
2935	2946
2935	3731
2935	3736
2935	3196
2963	3422
2963	3369
2963	3421
3380	3688
3381	3906
3512	3864
3512	3904
3512	3514
3389	3593
3389	3765
3390	3765
3390	3857
3182	3410
3182	3403
3182	3906
3182	3907
3182	3908
3182	3402
3394	3750
3907	3908
3908	3910
3396	3684
3396	3415
3203	3233
3405	3730
3405	3741
3405	3778
3405	3416
3405	3412
3405	3865
3405	3408
3401	3406
3408	3414
3408	3416
3408	3899
3408	3411
3399	3542
3399	3473
3910	3911
3404	3414
3404	3775
3404	3778
3404	3416
3404	3863
3404	3865
3404	3898
3404	3405
3402	3410
3411	3899
3419	3606
3419	3710
3421	3422
3423	3699
3423	3851
3912	3913
2782	3507
3425	3902
3218	3354
2782	3480
3915	3923
2782	3477
2782	3923
3479	3915
3479	3480
3480	3903
3480	3915
3480	3923
2826	2840
3428	3658
2996	3916
3433	3695
3433	3697
3918	3919
3918	3920
3918	3927
3919	3920
3919	3927
3920	3927
3437	3692
3468	3574
3468	3675
3468	3881
3468	3469
3442	3574
3442	3470
3445	3874
3445	3877
3446	3874
3446	3877
2782	3460
3451	3670
2782	2899
3450	3451
3450	3453
2899	3450
2899	3466
2899	3453
2899	3452
2899	3460
2899	3454
2899	3455
2899	3456
3453	3460
3452	3460
3460	3466
3460	3461
3460	3462
3460	3463
3460	3464
3454	3460
3455	3460
3456	3466
3456	3460
3457	3466
3457	3460
3458	3466
3458	3460
3459	3466
3459	3460
3461	3466
3462	3466
3463	3466
3464	3466
3137	3381
3465	3666
3469	3675
3475	3838
3475	3904
3476	3838
3476	3904
3477	3923
3483	3764
3484	3500
3485	3530
3485	3606
3488	3887
3488	3888
3488	3889
3488	3890
3489	3887
3489	3888
3489	3889
3489	3890
3490	3887
3490	3888
3490	3889
3490	3890
3491	3887
3491	3888
3491	3889
3491	3890
3492	3887
3492	3888
2996	3793
3501	3794
3501	3514
3209	3835
3506	3901
3506	3902
3506	3913
3925	3926
3925	3927
3926	3927
3508	3873
3508	3925
3508	3926
3508	3927
3509	3873
3509	3925
3509	3926
3509	3927
2971	3342
3513	3864
3515	3770
3527	3713
3527	3528
