1
1
1
1
1
1
1
1
1
1
2
3
4
1
1
5
1
6
1
1
1
1
1
7
1
1
1
6
8
9
748
749
750
1
1
10
1
1
1
2
1
10
255
1
1
1
1
206
1
1
1
10
12
1
335
254
1
1
10
61
1
1
1
1
1
1
1
1
1
751
1
1
1
752
1
1
753
1
67
1
1
1
1
1
1
1
1
1
1
1
1
1
1
97
1
1
1
49
1
216
133
1
1
1
128
1
754
1
1
1
1
1
1
1
755
1
1
756
757
1
1
1
1
11
11
1
758
1
1
1
1
1
759
760
761
1
1
1
10
1
1
1
1
1
1
1
1
12
1
1
1
1
1
1
13
1
762
1
1
1
763
1
1
764
1
765
1
397
1
1
1
280
1
766
1
1
1
1
767
768
1
1
1
591
1
1
1
1
1
1
1
1
1
161
521
1
1
1
769
1
1
1
1
23
1
142
770
771
24
1
1
1
1
645
1
772
14
15
1
478
1
773
1
1
16
700
286
774
1
1
1
1
1
21
1
775
1
1
1
1
1
1
220
1
1
1
776
1
1
1
1
1
1
20
1
1
1
1
1
1
1
1
1
777
1
17
1
1
1
509
60
1
1
1
1
116
1
1
1
1
778
1
1
1
779
1
22
1
1
1
1
499
18
1
1
1
39
1
1
780
292
1
653
1
1
391
19
196
1
1
781
1
1
1
1
1
1
1
407
1
1
184
1
1
1
1
1
20
1
1
1
782
436
1
1
1
112
21
21
22
1
23
783
15
1
354
1
1
1
1
1
1
1
1
1
1
1
1
784
785
1
786
787
1
149
1
1
1
788
1
1
263
1
1
1
1
1
1
1
1
1
1
1
1
1
55
24
24
53
1
214
789
25
25
25
25
25
790
1
1
1
1
1
1
1
1
791
792
26
1
1
1
1
26
1
1
27
27
26
28
793
1
794
795
29
1
796
1
1
1
1
1
30
1
1
1
1
1
1
1
1
797
26
1
1
1
798
1
1
1
26
31
1
1
1
1
1
13
1
1
1
369
1
799
1
1
1
1
800
1
1
1
1
1
1
43
1
1
1
386
419
1
1
1
801
300
1
1
144
1
1
1
1
317
179
802
201
1
1
1
1
803
804
1
1
1
1
1
1
1
641
1
805
405
1
1
1
806
1
807
1
808
1
1
32
1
1
1
639
33
1
1
809
1
810
1
1
1
1
811
1
1
1
1
1
546
1
1
1
1
1
1
812
1
813
1
1
1
1
1
1
1
1
33
692
34
10
35
10
394
10
10
10
10
10
1
10
10
10
10
36
10
10
10
10
10
10
10
10
10
10
10
10
10
10
10
1
1
1
491
1
1
1
1
1
1
814
1
1
325
1
1
80
37
1
107
1
460
1
1
1
815
1
1
1
1
1
1
1
1
1
1
1
1
1
1
1
1
1
1
1
1
198
1
1
389
1
816
1
1
1
38
1
1
1
1
1
1
203
1
1
1
1
1
1
817
818
1
819
611
1
1
3
1
1
39
40
40
1
1
1
1
1
1
1
1
1
820
40
602
1
1
1
1
1
1
1
1
41
1
1
1
1
821
1
1
1
1
1
1
1
822
1
1
823
824
825
231
1
1
1
1
1
1
1
1
1
1
1
42
1
1
1
1
1
1
1
826
1
1
1
1
1
1
1
1
1
1
1
827
1
379
1
1
1
1
1
1
222
1
1
1
141
1
1
828
1
829
3
1
1
1
1
1
1
43
1
1
1
1
1
69
1
44
1
45
205
1
1
1
1
1
1
1
1
1
46
830
1
1
1
1
1
1
1
45
1
1
1
1
1
1
267
1
304
1
1
1
831
832
1
1
1
1
1
1
47
1
1
123
1
427
48
1
1
1
1
319
3
3
1
1
1
1
1
1
1
1
1
1
1
298
1
1
1
1
1
1
1
1
1
1
1
1
1
188
1
1
1
49
49
1
1
1
211
1
1
49
1
49
207
650
1
1
833
1
1
49
49
1
1
1
1
1
50
1
1
1
1
834
1
1
1
48
1
1
1
835
1
1
1
1
1
1
373
1
1
1
1
836
1
1
1
1
1
1
1
1
1
1
1
1
310
1
1
1
1
1
1
1
138
1
1
1
1
1
1
837
1
1
1
1
1
1
1
1
1
1
1
838
1
839
840
1
841
1
1
1
1
1
1
1
1
1
1
1
1
1
1
1
1
51
1
1
842
1
52
1
1
1
1
706
843
1
1
1
7
1
53
54
1
1
1
844
1
1
1
1
584
845
1
1
1
1
55
56
846
1
1
1
1
1
847
2
1
1
848
1
1
1
1
1
1
1
57
57
1
1
1
1
1
1
1
1
1
849
1
58
1
1
1
519
1
1
1
1
1
1
1
1
1
1
59
1
1
1
1
1
1
1
60
1
1
1
1
1
1
1
850
1
1
1
1
1
1
1
1
1
1
1
1
1
1
1
1
1
56
1
61
1
307
1
1
1
1
655
1
1
1
654
1
1
579
851
852
1
1
1
1
1
1
1
1
140
172
62
1
1
94
63
1
1
1
1
853
1
1
1
1
1
1
1
1
1
1
1
1
1
1
1
1
1
1
1
1
64
1
1
1
535
283
1
1
1
1
309
65
1
1
1
1
1
65
66
1
240
1
1
1
1
1
1
1
1
1
1
1
1
1
1
1
1
1
1
1
66
1
1
1
1
1
854
1
1
1
1
1
1
1
1
1
1
1
1
1
1
1
1
1
855
404
1
1
424
1
1
1
1
1
1
1
1
1
1
67
297
1
1
1
1
1
1
1
68
1
1
1
1
1
1
1
1
1
1
1
1
1
1
363
1
856
1
136
1
606
1
1
69
1
1
1
1
1
113
1
857
1
858
1
1
1
1
1
1
187
1
1
70
70
1
1
1
1
1
1
1
139
302
859
1
1
1
1
860
1
1
1
1
1
1
1
71
71
1
1
1
186
1
1
1
1
1
1
81
1
1
1
1
1
657
1
1
1
1
1
1
1
1
861
1
1
1
72
72
1
1
73
1
252
1
1
612
862
660
409
1
1
1
1
1
1
1
1
1
352
1
1
1
1
1
1
863
1
1
1
1
38
1
1
1
532
412
1
1
1
864
1
1
1
1
1
1
865
1
866
1
1
1
1
1
867
329
1
1
1
1
1
1
1
868
1
1
869
1
1
74
1
1
1
1
870
1
75
1
471
1
871
1
1
1
1
75
1
1
1
1
872
1
1
1
1
1
1
1
67
1
259
1
76
1
1
1
76
1
1
1
1
226
12
1
1
1
1
1
1
1
230
1
77
77
1
1
1
1
1
1
78
1
1
1
1
1
1
1
1
1
1
1
1
1
1
1
1
1
1
1
1
1
1
1
1
1
1
1
1
1
1
1
1
1
1
1
1
1
873
1
1
1
1
1
1
874
1
1
1
1
1
333
1
1
1
1
1
1
1
1
1
1
1
1
1
1
1
1
1
1
1
1
398
875
1
1
1
1
1
1
1
1
1
1
1
1
79
1
1
244
1
1
16
1
1
1
1
1
1
111
662
876
1
1
1
531
1
1
877
1
1
1
1
174
1
1
1
1
878
1
1
1
1
1
80
1
1
1
1
1
1
1
1
1
1
95
16
1
1
70
1
1
1
1
1
152
1
251
1
1
80
80
1
1
1
1
1
1
1
1
1
879
1
1
81
1
1
880
1
1
285
1
1
82
101
1
1
1
1
1
1
1
1
1
1
86
1
1
1
881
1
1
1
1
1
264
1
1
1
882
93
1
1
1
100
1
1
1
1
1
1
1
1
83
1
1
1
1
1
1
115
84
1
1
1
1
883
1
1
1
1
1
1
1
1
1
884
1
106
1
1
1
1
885
1
85
1
1
1
1
1
1
1
1
1
1
1
1
1
1
492
658
886
1
1
887
1
667
1
1
888
1
1
889
1
1
1
1
1
1
1
890
1
1
1
1
488
84
1
1
1
1
1
86
1
1
1
1
1
1
1
194
1
1
1
1
659
1
87
891
1
1
1
1
1
1
689
690
1
88
88
88
88
1
1
1
1
1
1
1
892
1
1
1
1
1
1
1
1
438
1
89
90
1
1
1
1
1
91
91
893
894
96
84
1
895
1
1
1
1
1
1
1
1
88
88
88
1
896
1
897
898
1
1
899
1
1
1
1
1
1
900
901
84
1
183
92
88
88
1
1
1
1
88
88
1
1
93
94
1
1
1
1
95
1
1
1
1
92
1
1
1
1
1
1
1
84
1
1
1
1
1
1
1
1
1
1
1
1
1
1
1
1
1
88
88
96
1
1
1
84
1
1
1
1
1
1
1
1
1
1
1
1
1
1
1
1
1
1
1
1
1
1
1
1
1
1
902
97
1
1
1
1
98
1
1
1
1
99
1
100
1
1
1
1
1
1
1
101
1
1
1
1
1
1
1
1
1
1
1
1
1
100
1
102
1
1
1
1
1
1
1
1
1
84
1
1
1
100
100
100
100
1
1
1
1
668
903
1
1
1
102
102
102
1
100
408
83
83
904
1
1
1
1
100
1
1
1
103
103
1
102
104
104
105
1
1
249
597
1
106
1
88
88
1
1
88
1
1
1
107
1
1
1
1
1
1
108
1
1
1
1
1
1
106
1
633
1
1
1
1
90
1
1
1
114
1
109
109
1
1
1
1
1
106
1
1
1
1
1
1
1
110
110
110
102
1
1
1
88
1
1
1
1
1
1
173
1
1
1
177
1
1
1
1
176
111
112
1
1
1
1
1
1
1
905
113
1
1
100
100
100
1
1
601
1
1
1
97
1
1
547
1
1
1
83
88
906
1
102
1
1
1
84
1
1
1
114
232
1
1
1
115
1
1
1
1
1
1
1
1
1
1
907
1
1
1
116
1
908
117
1
118
1
1
1
1
1
1
119
1
1
1
1
1
1
1
1
1
1
1
909
1
1
1
1
1
1
1
1
200
191
1
1
1
1
272
1
1
1
1
1
1
1
1
1
1
1
124
1
1
2
1
1
1
1
1
229
1
1
1
1
1
1
1
1
1
1
1
378
120
1
1
1
1
1
362
1
1
910
1
1
1
261
1
1
1
736
1
1
1
1
1
1
1
121
1
1
122
122
122
503
493
1
1
223
1
39
1
577
1
911
134
282
1
1
1
1
1
912
1
1
1
1
1
123
1
913
1
1
1
1
1
914
1
1
124
915
1
1
1
1
25
1
1
916
1
485
125
125
126
1
1
1
1
1
724
1
1
917
1
61
1
1
308
1
918
1
1
1
1
1
1
1
1
1
1
1
1
360
1
1
1
1
1
1
1
1
1
432
1
1
1
1
1
1
919
1
1
1
1
1
442
920
1
1
1
269
1
1
1
1
1
1
1
1
1
1
1
1
1
921
1
1
1
1
1
1
1
1
1
1
1
1
1
1
97
1
1
1
1
1
1
1
1
1
1
1
1
1
1
1
1
1
1
1
922
1
1
1
1
923
1
1
1
1
1
924
1
1
1
1
1
74
74
1
549
1
1
1
1
1
127
1
1
925
175
1
1
1
1
1
1
1
1
1
1
1
1
1
1
1
1
1
1
1
556
1
1
1
1
1
1
1
1
1
1
1
1
1
1
1
1
1
299
1
1
1
1
1
1
1
1
1
1
1
1
128
1
1
1
1
390
1
1
1
128
1
12
1
1
1
1
1
1
1
1
1
1
372
1
1
1
431
1
1
1
1
1
1
338
377
1
1
926
1
129
129
1
1
1
366
1
221
1
1
1
1
1
1
1
130
1
1
927
1
1
1
1
1
1
1
1
1
367
1
1
928
1
1
1
1
1
1
1
1
1
1
131
1
1
1
1
929
1
132
1
1
1
1
1
1
1
133
1
1
930
134
1
62
135
1
1
136
1
1
1
1
1
1
1
931
1
1
533
1
1
932
1
1
745
1
137
1
1
1
1
1
933
1
1
1
1
1
1
1
1
1
1
1
385
1
1
1
1
1
1
1
1
1
1
934
935
936
1
1
1
1
1
1
138
1
1
1
1
1
139
168
1
1
140
141
1
1
937
1
1
1
1
142
1
461
1
143
1
93
1
93
1
938
1
1
1
1
1
1
143
1
1
1
1
371
1
1
1
1
1
61
1
1
1
1
1
1
1
1
1
396
1
1
13
1
459
1
1
1
1
1
939
1
1
1
1
78
1
1
1
1
1
1
1
1
1
1
1
1
1
1
1
1
1
1
1
1
1
1
1
1
1
1
1
1
1
1
1
144
1
603
1
1
940
1
1
1
1
1
1
1
1
145
145
1
1
1
1
1
1
1
1
146
146
1
1
1
98
1
1
1
1
1
1
1
147
1
1
148
148
148
1
146
1
1
1
1
148
148
149
941
1
1
1
1
146
148
1
148
1
148
1
1
1
1
1
8
65
274
1
1
59
127
417
1
1
1
1
551
1
1
434
1
1
1
1
150
150
1
1
1
1
410
561
1
1
1
327
1
1
151
151
1
1
1
1
1
1
1
1
1
152
152
1
1
1
1
1
1
1
1
1
1
1
1
1
1
1
1
1
1
1
1
1
1
1
1
1
1
1
1
1
1
1
1
153
153
153
942
943
1
1
1
1
1
1
1
1
1
1
1
1
1
1
1
1
1
1
944
1
1
17
1
945
1
1
1
1
1
1
1
1
1
1
1
1
1
1
154
154
154
946
165
595
155
157
947
1
1
1
1
1
506
160
156
1
948
1
154
1
1
949
1
1
1
1
1
1
1
592
1
1
950
1
1
1
1
1
951
1
1
1
952
1
1
1
1
1
1
154
1
1
953
1
1
1
1
1
166
1
1
1
154
1
1
1
169
1
1
1
1
157
156
1
1
158
1
1
1
171
1
1
1
1
954
1
955
159
159
154
154
1
1
1
1
1
1
649
1
1
160
1
1
956
1
161
1
1
957
1
1
1
1
1
1
1
1
1
1
1
154
154
1
1
1
1
162
155
1
1
1
1
154
219
1
1
163
1
1
1
1
1
1
958
1
959
1
1
1
960
1
1
1
1
164
1
1
1
1
1
1
1
1
1
1
961
1
1
1
1
1
1
1
1
1
1
1
165
1
1
1
1
1
1
1
962
1
233
1
1
166
1
1
1
1
154
1
1
1
1
1
1
1
167
167
167
167
167
963
168
169
169
1
1
964
1
1
1
1
1
1
1
1
1
1
1
1
1
209
1
1
1
1
1
1
1
1
1
1
1
1
1
170
66
170
1
1
1
127
1
1
66
127
66
1
1
1
1
1
171
247
1
172
965
490
1
1
1
1
94
646
1
1
1
1
1
1
1
1
1
1
1
966
1
1
1
94
1
1
1
173
1
967
1
1
1
1
1
1
1
1
1
1
1
1
1
1
1
1
1
204
174
1
1
1
1
1
1
1
590
1
1
1
1
1
1
1
1
1
1
473
1
1
1
1
1
1
175
1
1
1
1
1
1
1
294
1
1
176
1
1
1
968
1
1
1
1
1
1
1
177
177
969
1
1
322
1
1
1
1
1
1
1
1
1
1
1
1
1
1
1
81
178
178
1
1
1
1
1
1
1
1
1
1
80
80
1
1
1
1
1
1
323
179
1
1
1
180
1
1
66
1
1
1
181
181
1
1
1
1
182
1
1
1
183
1
1
1
1
1
1
1
1
184
1
1
1
1
970
1
185
1
1
1
1
1
1
1
22
1
1
1
1
1
186
187
691
1
1
21
1
1
1
1
1
1
188
1
284
1
1
1
1
1
1
971
1
1
1
1
1
1
1
1
1
1
1
1
1
1
1
1
972
1
1
1
189
1
1
1
1
1
973
1
1
1
1
1
1
1
1
1
1
1
1
1
1
190
1
1
1
974
1
365
1
1
1
1
1
975
1
1
190
1
1
191
1
976
1
1
1
977
1
1
1
1
1
1
1
1
192
1
1
494
1
1
1
1
1
1
1
1
1
1
1
1
1
1
193
193
1
1
301
1
1
1
1
1
1
1
1
1
1
978
1
1
1
1
1
1
1
512
1
191
1
1
1
1
1
1
1
1
1
1
1
1
281
1
1
1
1
1
1
1
179
1
1
1
1
1
191
191
1
445
1
1
1
1
1
194
1
1
1
1
374
190
1
1
1
1
1
1
1
1
1
1
1
1
1
1
1
1
1
1
1
1
1
507
1
1
1
98
195
1
1
1
1
196
196
197
198
979
199
1
1
1
1
1
1
980
1
1
98
1
1
1
1
1
1
191
1
1
1
1
1
1
1
1
1
1
1
1
1
726
1
1
1
1
1
1
129
1
1
1
1
1
1
1
1
1
1
1
1
1
1
1
1
1
1
1
1
1
1
1
1
1
1
1
981
982
1
1
1
332
1
1
983
1
1
1
1
1
98
98
98
1
1
200
1
1
1
1
1
1
1
1
1
193
1
1
201
1
1
1
1
1
1
1
1
1
191
1
1
1
1
1
1
1
1
1
1
1
1
1
1
1
1
190
1
1
1
1
1
1
1
1
1
984
202
1
1
1
1
1
1
1
1
203
1
1
1
1
1
1
1
1
1
1
1
1
1
32
1
1
1
1
1
1
1
1
1
1
1
6
1
1
204
1
1
1
1
1
1
1
1
1
1
1
1
32
205
1
1
1
1
1
1
1
1
1
1
1
1
1
206
1
54
985
1
1
1
1
1
1
1
986
987
1
1
207
207
1
1
1
208
208
209
1
1
1
988
1
1
1
1
1
1
411
1
210
2
213
1
1
1
211
1
1
1
1
212
580
1
1
1
1
1
209
1
1
1
171
1
1
52
1
213
1
209
316
607
1
1
446
1
1
1
1
1
1
1
540
1
1
214
1
989
1
1
1
1
1
1
1
1
1
215
1
1
1
990
1
1
1
1
87
1
1
1
1
1
1
1
1
1
1
1
1
1
991
1
1
1
1
1
1
1
1
1
1
18
18
992
1
1
1
1
1
1
1
1
1
1
1
993
1
1
1
216
1
1
1
216
581
1
216
1
1
1
1
1
1
1
1
1
1
217
1
1
1
994
1
1
747
1
995
1
1
996
1
1
137
1
997
1
1
1
1
1
1
217
1
1
1
1
1
1
217
1
1
1
1
1
1
1
1
1
1
1
1
320
1
1
1
1
1
1
998
1
1
1
1
1
1
1
1
217
1
1
403
1
217
1
1
1
1
1
1
999
1
1
1
1
1
1
1
1
1
1
217
1
1
1
1
1
1
1
1
218
1
1
626
1
1
1
1
1
1
635
1
1000
1
1
1
1
1
1
1
1
1
1
219
1
1
1
220
276
1
1
1
221
1
345
222
1
1
1
430
1
1
1001
1
1
1002
1
1
1
1
1
605
1
1
1
1
1
1
1
1
1
1
221
1
1
1
1
1
1003
1
223
1
1
1
1
1
1
1
224
224
1
1
1
1
1
1
1
1
1
1
1
1
1
1
225
245
1
504
1
1
1004
1
1
1
1
1
1
1
1
226
1
1
1005
1
1
1
1
1
1
1
1
1
1
227
1
1
1
1
1
1
1
1
1
1
1
1
1
604
1
1
1
1
1
1
1
1
1
1
1
1
1
1
1
1
253
1
1
1
1
1
1
228
1
1
1
1
1
1
1
1
1
1
1
1
1
1
1
1
1
1
1
1
1
1
1
1
1
1
1
1
1
1
229
1
1
230
1
1
1
1
1
1
1
1
1
1
1006
1007
1
1
1
1
1
1
1
68
1
1
1
1
1
1
1
1
1
1
1
1
1
1
231
1
1
1
226
1
1
1
1
232
1
233
1
1
1
1
1
1
233
233
233
1
1
1
1
1
1
1
1
1
234
1
1
1
1
1
1
1
1008
1
1
1
1
227
1
1
1
1
1
1009
1
1
1
1
1
370
1
1
1
1
1
235
1
1
1010
1
242
238
1
1
1
1
1
1
236
236
237
237
1
1
1
1
1011
238
1
1
318
1
236
518
239
1012
243
1
1
1
236
1
1
1
1
1
1
1
1
1
1
240
1
1
1
1
241
1
236
1
1
1
1
1
1
1
236
1
1
242
1
1
1
1
1
1
1
1
243
1
314
244
244
1
1
58
1
1
1
1
1
1
1
1
1
1
1
1
1
1
1
1
1
1
1
1
1
1
1
1
1
245
1
1
1
1
1
246
1
1
70
247
375
248
1
1
1
1
1
1
1
1
1
1
1
1
1
1
1
1
1
1
175
1
21
1
1
249
1
1
1
1
1
1
1
1
1
1
1
1
1
1
1
1
1
1
1
1
1
246
1
1
1
1
250
1
1
1
1
1
1
1
1
1
1
1
1
21
1
1
1
1
1
251
1
1
1
312
1
1
252
1
1
1
1
610
1
1
1
80
1
1
1
1
1
1
1
1
1
1
1
1
1
1
1
1
1
1
1
1
1
1
1
16
1
1
1
253
1
718
1
1
1
1
1
1
1013
1
54
1
1
1014
254
1
1015
54
54
54
1
1
54
255
1
1
1
1
1
1
1
1
1
1
1
54
1
1
1
1
218
1
1
1
1
1
1
1
1
1
1
256
1
1
1
1
1
1
1
1
7
1
1
1
1
1016
1
1
1
1
1
1
1
1
1
1
1
1
1
1
1
1
1
1
1
1
1
1
1
1
1
567
257
258
1
1
1
1017
1018
1
1
257
1
1
1
1
1
257
257
257
257
569
1
1
1
1
1
1
1
1
1019
1
1
258
1
1020
1
1
1
1
1
1
1
1
1
568
1
1
1
1
1
1
257
257
1
1
1
631
192
1
1
1
1
1
1
1
1
192
1
1
1
1
1
1
1
1
1
1
1
1
1
190
1
1
1
1
1
1
192
1
1
1
1
1
1
1
1
1
1
1
1
1
1
1
1
1
1
1
190
1
1
1
1
1
1
1
1
1
1
1
1
1
1
190
1
190
1
190
1
1
1
1
259
1
1
1
1
1
1
1
1
1
1
1
1021
1
1
1
1
1
196
1
1
1
1
1
1
1022
1
1
1
1
1
232
1
1
1
1
1
1
260
1
1
1
1
1
1
1
328
1
1
1
1
1
1
1
1
1
1
215
215
1
1
1
1
1023
1
1
1
1
1
1
1
331
1
1
1
1
1
1
1
448
261
261
261
1
262
1
1
1
21
21
270
1
1
1
1
263
1
1
1
1
1
1024
1
1
1
11
1
1
1
1
1
1
1
1
1
1
1
1
1
1
1
14
14
1
1
1
1
1
1
1
1
1
1
1
1
81
81
1
1
1
1
1
1
1
1
1
264
173
1
1
1
1
1
1
1
1
1
1
1025
1
1
134
134
134
1
1
1
1
1
1026
1
1
1027
1
1
1
400
1
3
1
1
1
1
1
1
1
1
1
1
1
1
1
1
1
1
1
1
1
1
1
1
1
1
65
265
266
1
1
1
1
1
1028
1
1
1
1
1
1
1
1
48
267
1
1
1
1
1
1
1
1029
1
1
1
1
1
1
456
1
1
1
1030
1
1031
1
1
268
1
1
1
1
269
501
1
1
1
1
1
1
1
1
1
1
1
1
1
1
1
1
1
1
1
270
270
1
1
1
1
1
1
1
1
1
1
1
1
1
1
1
1
1
1
1
1
1
1
1
1
2
1
1
1
1
1
1032
271
1
228
228
1
1
272
273
1
105
1
1
1
1
1
1
1
274
275
1
1
1
1
1
1
1
1
1
105
105
1
1
276
1
1
1
1
1
1
1
214
1
1
1
1
1
1
1
192
277
1
1
1
1
1
1
1
1
1
1
278
538
1
190
279
348
1
1
1
1
21
1
1
1
214
1
1
1
1
280
1
1
1
1
1
1
1
1
1
281
277
1
1
520
277
1
1
1
1
214
1
1
1
190
1
1
1
1
553
119
119
1
277
1
1
1
190
1
1
1
1
1
1
87
1
1
234
1
1
1
282
282
282
1
180
1
105
1
1
1
1
1
1
1
1033
1
1
1
1
1
283
1
284
1
380
1
285
1
1
1
286
1
1
1
1
1
1
1
1
1
1
55
1
1
1
1
287
1
1
1
288
289
1
1
289
1
251
251
1
1
1
1
1
1
1
1
1
1
1
1
1
1
1
1
1
1034
1
1
1
1
1
1
1
1
1
1
290
291
1
351
1
292
1
1
1
98
1
1
1
1
1035
1
1
1
1
293
1
1
1
1
1
1
1
1
1
1
1
1
1
743
1
1
1036
1
1037
294
294
294
294
1
1
1
1
383
1038
1
295
294
1
1
1
1
296
294
294
294
294
294
105
1
1
1
1
1
1
1
1
1
1
1
294
1
1
1
1
1
1
1
1039
1
1
1
1
1
297
1
1
1
1
1
298
1
1
1
1
1
42
1
1
1
260
1
1
1
1
1
1
1
1
1
1
1
1
1
1
1
1
1
1
1
1
1
1
1
1
299
300
1
1
1
1
1
1
1
1
1
1
1
1
1
1
1
1
1
1
1
1040
1
1
1
1
1
1
1
1
1
1
1
1
1
1
150
1
299
1
1
1
1
1
1
1
1
1
1
1
54
1
1
1
1
1
1
1
1
1
1
1
1
1
1
542
1
1
1
1
1
1
1
1
1
1
301
266
1
1
1
247
247
247
1
266
247
1
87
1
1
1
1
1
1
1
1
1
1
1
1
1
1
1
6
1
1
1
302
1
1
6
1
1
1
1
1
1
1
1
303
1
1
1
1041
1
1
1
1
1
1
1
1
1
1
1
1
304
304
304
1
1
1
1
562
574
1
1
1
1
1
1
1
1
1
1
8
1
1
1
1
1
1
1
1
1
1
8
1
1
1
1
1
1
1
305
1
1
1
1
8
1
1
1
1
1
1
1
1
1
1
1
1
1
1
1
1
1
614
1
1
1
1
1
1
1
1
1
1
1
217
1
217
1
1
1
1
1
1
306
306
1
1
1
60
1
1
1
1
1
1
1
1
307
1
1
1
1
1
1
1
308
308
308
1
1
1
1
1
1
1
1
274
1
309
1
1
1
1
1
1
1042
1
1043
310
1
1
1
1
1
1
1
1
7
7
7
7
7
1
1
1
1
1
1
1
1
1
1
1
1
1
1
1
1
1
1
1
1
1
555
353
1
1
1
1
1
1
1
1
1
1
1
1
1
1
1
1
1
22
1
1
1
311
1
1
1
1
1
1
1
1
1
1
1
1
312
1
1
1
313
1
312
6
1
1
1
1
1
1
312
1
34
1
1
1
1
1
34
1
1
1
1
1
1
1
1
1
1
1
1
1
98
34
34
1
1
1
1
1
1
1
1
1
1
1
1
423
1
1
1
1
1
1
1
1
1
1
1
1
1
206
314
1
1
1
1
1
1
1044
315
1
316
316
1
1
1
1
1
1
1
1
262
1
1
1
1
1
1
1
1
1
1
1
317
1
1
1
1
318
1
1
1
1
316
316
1
1
1
1
1
1
1
1
1
1
1
1
1
1
1
1
1
1
1
319
1
9
1
1
1
1
1
61
1
1
320
1
1
1
185
1
1
1
1
1
1
1
1
1
1
192
1
192
321
1
1
1
1
1
48
1
1
1
1
322
1
1045
1
1
1
1
1
1
1
1
1
1
1
1
1
1
1
1
1
1
1
1
1
1
1
1
1
1
1
1
1
1
1
1
1
1
323
1
1
1
1
1
1
1
1
1
323
1
323
1
323
323
1
1
1
1
1
1
1
1
1046
1
1
1
1
1
1
1
1
1
1
1
1
1
1
1
1
1
1047
619
1
1
1
1
1
1
1
1
1
1
1
1
1
1
737
1
1
1
1
1
1
1
1
1
1
1
1
1
1
1
1
1
1
1
1
1048
1
1
220
220
1
158
1
1
1
1
1
1
1
1
1049
1
1
1
1
1
1
1
324
1
1
1
1
138
1
1
1
220
1
1
1
1
1
325
1
1
61
578
1
326
42
42
327
1
1
1
1
1
1
1
1
1
42
1
1
1
1
61
1
1
1
1
42
1
61
1
1
1
1
1
1
1
1
1
1
1
1
1
1
1
1
1
1
1
1
1
1
1
1
1
1
1
121
1
1
1
1
1
1
1
25
1
1
328
1050
1
1
1
1
1
1
1
1
1
1
1
1
1
1
1
329
330
1
1
1
1
1
1
1
1
1
1
1
1
1
1
1
1
1051
1
1
1
1
1
1
1
1
331
1
1
146
1
1
1
1
1
1
332
332
1
1
333
333
1
1
1
1
336
1
1
1
25
1
1
1
1
1
1
1
334
1
1
1
1
1
1
1
1
1
1
1
1
1
1
1
1
1
1
1
1
1
1
1
1
1
1
1
1
1
335
1
317
336
1
1
332
332
109
628
701
1052
337
1
1
1
1
335
335
1
1
1
1
1
332
1
338
317
339
339
339
1
1
1
1
1
341
340
1
344
341
341
1053
1
1
1
1
342
1
1
343
343
1
1
1
1
1
1
1
344
1
1
1
345
1
1
1
1
1
1
1
1
1
1
1
1
1
388
1
1
346
346
346
1
1
1
1
1
347
347
347
1
1
105
348
1
348
1
1
1
349
1
350
351
1
351
105
1
1
1
105
1
1
1
1
351
1
1
1
1
1
348
1
1
1
721
1
196
1
1
1
1
1
1
1
1
1
1
1
1054
198
352
352
1
1
1
1
1
1
353
1
1
1
1
341
341
1
617
1
1
1
1
1
1
1
1
1
1
1
354
354
354
354
354
354
354
354
354
1
1
1
1
1
1
1
1
1
1
1
1
1
1
355
1
1
177
1
356
356
1
1
1
1
1
1
1
1
1
1
1
1
1
1
1
1
1
1
1
1
1
1
1
1
1
1
357
498
1
1
1
1
1
1
1
88
59
59
1
88
88
1
1
1
1
88
1
1
1
1
1
1
443
358
358
1
359
1
1
1
1
1
1
1
1
1
1
1
1
360
1
1
359
1
1
1
1
360
1
1
1
360
1
1
1
1
1
360
1
1
1
1
1
1
1
1
1
1
1
1
1
1
1
1
1055
1
1
1
1
1
1
1
1
1
1
1
1
1
1
1
1
1
1
1
1
1
1
1
1
1
1
1
1
1
361
361
1
1
1
1
1
1
1
198
1
1
198
1
127
3
1
1
1
1
1
1
1
1
1
1
1
1
1
1
1
1
1
1
1
362
1
1
1
1
1
1
1
1
1
1
1
1
382
362
1
1
1
1
1
1
1
1
1
1
1
1
7
1
1
1
1
1
1
287
363
126
1
1
1
1
16
16
16
1
1
1
1
1
1
1
1
1
1
1
1
364
364
1
1
1
1
1
1
1
1
1
1
1
1
1
1056
1
1
1
1
42
1
1
365
1
1
1
1
1
1
366
1
367
1
1
1
1
1
1
1
1
1
1
1
1
1
1
21
1
1
1
1
1
1
1
1
1
1
1
1
1
368
1
1
1
1
1
1
369
1
1057
261
1
1
1
1
1
1
1
1
1
1
1
1
1
370
370
1
1
1
1
371
371
1
1
1
1
1
1
1
1
1
1
1
1
1
1
372
105
1
1
1
1
1
1
1
1
1
1
1
1
1
1
1
1058
1
1
1
1
1
1
1
1
1
1
1
1
1
1
1
373
373
373
373
1
374
1
1
1
375
1
1
376
1
1
1
1
1
1
1
1
1
1
1
1
1
1
1
1
329
1
377
1
1
1
1
1
1
1
1
1
1
1
1
1
1
1
1
1
376
1
1
1
13
1
378
1
362
373
373
373
1
1
1
1
1
1
1
379
1
1
1
1
1
1
1
373
1
1
1
1
1
1
1
1
1
1
1
1
1
1059
1
1
1
1
1
1
1
1
1
1
1
1
1
1
1
1
1
1
1
1
1
1060
362
1
1
1
1
1
1
380
231
1
1
1
1
1
1
1
1
1
1
13
1
1
1
373
1
126
373
1
1
1
1
1
1
1
1
1
1
1
1
1
1
1
1
1
1
381
1
382
382
382
1
1
1
1
1
1
1
383
1
1
6
1
3
42
42
1
1
1061
1
1
1
384
1
1
1
167
1
1062
1
1
1
1
1
1
1
1
1
1
1
1
1
1
1
1
1
385
1
167
1
1
48
167
167
167
1
1
1
1
1
1
1
1
1
1
1
1
1
1
25
1
274
274
274
274
274
274
1
274
1
426
1
1
1
1
1
1
1
1
1
386
1
386
1
1
1
1
387
1
1
1
1
1
1
1
1
388
1
1063
1
388
1
1
1
1064
1
1
1
1
1
1
1
1
1
1
1
1
1
1
1
1
1
1
1
1
1
1
1
1
1
1
1
1
352
1
1
1
1065
1
1
1
1
1
1
1
1
1
1
1
389
1
1
1
1
1
1
1
1
1
1
1
1
1
1
95
95
95
95
1
1
1
1
1
1
1
1
1
1
1
1
1
1
1
1
1
1
1
1
1
1
1
1
1
1
1
1
1
322
1
1
1
1
1
1
1
1
348
1
1
1
1
1
390
390
348
348
105
1
1
348
1
390
1
105
105
1
1
1
1
1
1
1
1
1
1
1
1
1
1
1
1
1
1
1
263
636
391
1
1
1
1
1
1
1
1066
1
1
1
643
1
1
1
548
1
742
1067
1
1
1
557
1
1
1
1
559
1
149
146
1
1
1
357
1
149
1
392
1
1
149
149
1
1
1
393
1
1
1
149
1
1
1
1
1
1
1
1
357
1
1
1
1
1
1068
1069
1
357
357
357
357
357
1
1
1
1
1
1
1
394
395
1
394
429
266
394
357
394
1
396
1
1
1
1
1
1
1
1
1
1
1
563
1
174
174
1
1
1
1
1
1
1
1
1
397
398
1
1
1
399
399
399
1
1
81
81
81
81
1
192
1
1
1
1
1
1
1
1070
1
1
693
1
1
1
1
1
1
1
1
1
1
1
1
1
1
1
1
1
1
1
1
1
1
1
1
1
1
1
1
1
1
1
1
1
1
1
1
1
1
1
1
1
1071
1
1
1
1
1
1
400
400
400
400
400
400
401
401
400
400
400
400
400
1
400
400
1
1
1
1
1
1
149
149
1
1
1
1
1
1
1
1
1
1
1
1
1
1
1
1
1
1
1
402
1
7
1
1
1
1
1
1
1
1
1072
1
1
719
1
1
1
1
1
1
1
403
1
1
1
637
1
1
1
1
1
1
1
404
1
1
1
405
405
405
1
1
1
1
1
1
1
1
1
1
1
1
1
1
56
1
1073
406
1
1
1
1
1
277
1
368
368
1
1
1
1
1
1
1
158
158
1
1
1
1
1
407
1
1
1
1
1
1
1
1
1
1
1
1
1
1
1
1
1
1
1
1
1
1
1
408
1
1
1
1
1
1
409
1
1
1
1
211
1
1
1
1
1
1
1
1
1
1
410
1
1
1
1
1
1
1
1
1074
1
1
1075
1
1
410
411
1
1
1
1
410
412
1
211
1
1
411
1
1
1
1
1
1
524
1
1
1
410
1
1
413
1
1
1
1
1
1
1
1
1
1
1
1
1
1
1
410
410
410
1
1
1
1
1
1
1
1
414
1
1
1
1
1
1
1
1
1
1
1
1
411
411
1
1
1
1
1
1
1
1
1
1
1
1
1
1
1
409
1
1
415
193
1
1
1
1
1
741
1
1
1
1
410
1
416
211
1
417
1
418
1
1
1
1
1
1
1
1
1
1
410
1
1
1076
1
1
1
1
1
1
419
1
1
1
420
420
1
1
1
1
1
1
1
1
1
1
1
1
1
1
1
1
1
1077
1
1
1
410
1
1
1
421
1
1
1
1
1
1
1
1
1
1
1
1
422
1
1
1
1
1
1
1
1
1
1
1
1
423
1
1
424
1
411
1
1
1
1
1
1
1
1
1
1
1
1
425
426
426
1
1
1
410
1
1
1
1
427
1
1
1
1
1
1
1
1
1
1
1
1
398
398
1
1
1
1
1
1
1
1
1
1
1
428
429
1078
1
1
429
1
1
1
1
1
1
1
1
1
1
1
1
1
1
1
1
1
1
1
1
1
1
1
1
1
1
1
1
1
1
1
1
1
1
1
6
1
1
6
1
6
6
6
6
1
1
1
1
430
1
1
6
6
6
1
1
1
1
1
1
302
302
1
431
431
1
1
1
1
1
1
1
1
1
1
1
1
432
432
432
432
432
432
432
432
432
432
432
432
432
360
360
360
360
360
360
360
360
360
360
360
360
360
360
360
360
360
360
360
360
1
1
1
1
1
1
1
1
1
1
87
87
87
1
1079
1080
1
1
1
1
1
1081
1
1
1082
1
1
1
1
1
1
1
1
1
1
1
1
1
1
1
1
1
1
1
1
1
1
1
433
1
1
434
1
439
435
434
1
400
1
1
1
1
1
1
1
433
1
1
1
1
1
1
1
1
1
388
1
1
1
1
434
1
1
1
1
1
1
1
1
1
400
1
436
1
1
435
435
435
1
434
434
434
1
1
1
1
437
1
1
1
1
1
1
438
1
434
437
1
1
1
439
439
439
435
1
1
1
437
1
1
437
437
1
1
1
1
1
1
1
437
1
1
1
1
1
1
15
1
1
1
1
1
1
1
1
1
1
1
1
1
1
1
1
1
440
440
1
583
1
1
1
441
1
1
442
1
1
1
1
443
443
1083
1
1
1
1
144
1
1
1
1
1
1
1
1
1
1
1
1
1
1
75
75
75
75
75
1
1
1
1
1
1
1
1
1
1
1
1
1
1
1
1
1
1
1
1
1
1
1
1
1
1
1
1
1
1
1
738
1
1
1
1
1
1
444
445
1
1
1
511
1
1
1
1
1
1
1
1
1
1
1
375
21
1
1
1
1
1
1
1
1
21
21
446
1
1
1
1
1
445
445
1
1
629
1
445
1
1
1
1
1
1
1
1
1
447
448
449
1
1
1
1
1
1
1
1
1
1
1
1
1
1
1
1
1
1
1
1
1
1
1
1
1
1
1
1
1
1
450
1
1
1084
1
1
1
1
1
1
1
451
451
1
1
1
1
1
246
1
1
1
446
1
1
1
1
452
1
1
1
1
1
1
1
1
1
1
1
453
1
454
231
1
118
1
1
280
1
377
1
1
1
1
1
1
167
167
1
1
1
1
1
1
1
375
1
1
1
1
1
1
1
1
1
1
112
1
1085
455
1
1
1
1
1
1
1
52
1
1
1
1
1
1
1
1
1
1
1
1
1
129
1
1
1
1
1
1
1
1
1
456
456
457
1
1
129
1
456
1
1
1
1
1
1
1
1
1
1
1
1
1
1
1
1
1
1
1
1
25
1
1
1
1
1
1
1
1
1
150
458
1
1
459
1
1
1
1
400
1
1
1
1
1
1
1
1
1
1
514
1
1
1
1
1
1
1
1
1
1
1086
1
1087
1
1
1
1
1
1
1
1
1
460
460
460
460
460
1
1
1
1
1088
1089
461
150
1
1
1
1
462
1
1
461
422
1
1
1
1
1
1
1
1
1
1
1
1
1
1090
1
1091
464
1
1
470
1
1
1
1
463
463
464
464
1
1
1
1
1
1
1
1
1
1
1
1
1
1
1
1
1
1
1
1
1
1
1
1
1
1
1
1
1
465
465
465
465
1
1
1
1
1
1
1
466
1
1
1
1
1
1
1
467
467
468
469
469
1
1
470
470
470
1
1
1
1
1
1
1
1
471
1
1
472
1
1
471
1
1
1
1
730
1
1
1
1
1
1
1
1
1
1
473
1
1
1
1
1
1
1
1
1
1
1
1
1
1
1
1
1
1
1
1
1
1
1
1
1
1
1092
1
1
474
1
475
1
476
477
1
1
193
1
1
107
1
1
1
1
1093
1
1
1
1
478
478
478
1
1
686
1
1
1
1
1
1
1
1
1
1
1
1
1
1
1
479
1
1
1
1
1
1
1
1
1
1
1
1
1
1
480
282
1
1
1
729
1
1
1
481
480
1
1
282
282
481
480
480
1
1
1
1
1
1
1
1
1
1
1
123
1
1
1
1
1
1
1
1
1
1
1
1
1
42
1
1
1
1
1
1
1
1
1094
1
1
1
1
139
1
139
139
1
1
1
1
1
1
1
1
1
1
1
1
1
1
1
482
482
1
1
1
1
1
1
1
1
483
1
484
485
482
1095
1
1
1
1
1
1
1
1
1
1
1
1
1
1
1
1
1
359
1
1
1
1
1
1
1
1
1
1
1
543
1
1
1
486
1096
1
1
1097
487
1
1098
1
1
1
1
1
663
1
1
1099
488
1100
1
1
1
1
1
1
1
1
651
1
1
1
1
1
1
1
1
1
489
1
1
1
1
1
1
1
1
1
1
1
490
1
1
1
1
1
1
1
1
1
525
1
1
1
491
491
491
1
1
1
492
1
1
493
1
1
1
1
1
1
1
1
1
1
1
1
1
1
1
1
1
1
1
1
1
494
1
1
180
1
1
1
1
1
1
1
1
1
1
1
1
1
1
494
739
1
1
1
1
1
1
406
406
1
1
1
1
470
470
1
495
1
1
1
1
1
484
1
1
1
1
1
1
1
1
1
1
1
1
1
1
470
470
470
470
1
1
1
1
496
1
1101
1
1
1
1
1
1
1
1
1
496
1
1
288
1
1
1
1
1
1
497
1
1
1
1
1
1
1
1
1
1
1
1
1
1
1
1
1
1
1
1
1
497
1
1
1
496
1
1
1
1
1
1
1
1
1
1
1
1
1
98
1
1
1
1
1
1
1
1
1
1
1
98
1
1
98
1
1
1
1
1
1
1
1
1
1
456
1
365
1
1
1
1
1
1
1
1
1
1
1
1
1
1
1
505
1
1
1
1
1
1
1
1
1
498
1
1
1
1
1
1
1
1
98
1
1
352
1
1
1
1
1
1
1
1
1
1
1
1
1
1
1
1
499
1
11
500
1
1
1
1
1
1
1
1
1
1
1
1
1
1
1
1
1
1
1
501
501
1
1
352
1
1
1
1
1
1
502
502
288
288
503
1
1
1
1
1
1
1
98
98
233
1
1
1
1
1
1
1
1
1
1
1
456
456
504
1
158
158
158
1
1
1
158
158
505
1
1
1
365
365
158
1
1
1
1
1
1
1
1
1
506
1
1
1
1
1
1
1
1
1
32
32
456
1
456
1
498
456
1
1
431
431
1
1
97
507
507
507
1
158
1
1
1
1
1
365
1
1
1
1
508
1
1
1
1
1
1
1
1
1
1
158
1
1
1
456
1
158
158
1
158
158
1
201
1
1
1
1
1
1
1
1
1
158
1
1
158
1
1
1
1
1
1
456
1
1
1
1
1
1
1
1
1
1
1
1
1
1
1
1
1
32
1
1
509
1
1
506
506
1
158
158
1
1
1
1
1
158
1
1
509
509
1
194
1
1
1
1
1
1
1
1
510
158
1
158
158
158
1
1
1
456
511
1
158
1
1
1
456
1
456
456
1
512
1
1
352
1
1
1
513
1
1
1
1
1
1
1
501
1
1
514
178
34
1
279
1
1
1
515
1
516
1
1
1
98
98
294
1
1
1
1
1
1
1
1
1
294
294
294
1
1
1
1
1
456
456
1
1
294
1
352
517
1
1
1
1
1
1
1
1
1
1
518
1
1
1
519
1
1
1
1
1
1
1
1
1
1
1
1
1
1
1
1
1
1
1
1
1
1
1
1
1
1
1
1
1
1
1
1
1
1
1
1
1
1
1
1
236
1
1
1
1
1
1
1
520
1
1
1
1
1
1
1
1
521
1
1
1
1
1
1
1
1
1
236
1
1
1
1
522
1
1
1
1
1
1
1
1
1
1
1
1
1
1
1
523
523
1
1
1
1
180
524
1
1
1
1
1
1
1
1
1
1
1
1
1
1
1
1
1
236
1
236
1
1
1
1
1
1
1
1
1
1
1
525
525
1
1
1
236
1
236
1
1
1
1
1
1
1
1
1
1
1
1
1
1
1
1
1
1
1
1
1
1
1
1
1
1
1
1
1
1
238
1
1
236
1
1
1
525
1
1
526
1
1
1
1
1
1
1
527
1
1
1
1
1
1
1
1
1
1
1
1
1
1
1
1
1
1
1
1
1
1
1
1
1
1
1
1
1
1
1
1
498
358
1
1
528
1
498
129
1
1
1
1
1
1
1
1
1
1
1
197
1
1
1
498
498
1
1
1
528
528
1
1
1
1
1
528
1
1
1
1
1
498
1
1
1
1
1
1
1
1
1
1
1
498
1
528
507
1
1
1
1
1
1
1
1
1
1
1
1
1
1
1
1
528
1
1
1
1
1
1
1
1
1
1
1
1
1
1
528
528
528
1
1
1
1
1
1
1
1
1
529
498
498
1
528
498
498
352
1
1
1
1
1
1
1
1
339
1
648
530
497
497
1
1
1
1
1
1
218
1
1
1
1
1
1
1
1
1
1
1
1
1
1
1
1
1
1
1
1
1
1
1
1
1
1
1
1
1
1
1
1
1
1
1102
1
1
531
531
531
1
308
308
308
308
1
1
1
1
1
1
1
1
532
1
1
1
1
316
18
533
533
1
533
533
533
534
1
1
1
1
1103
1
1
1
1
1
717
1
1
1
1
1
1
213
1
1
1
1
1
1
1
1
1
1
1
1
1
1
1
1
1
1
1
1
1
1
1
57
1
1
1
1
1
1
1
1
535
535
535
535
1
535
535
1
1
1
1
1
1
1
244
1
244
244
1
1
536
1
1
1
1
1
59
1
1
1
1
59
147
537
59
1
1
244
244
1
1
1
1
1
1
1
1
1
1
1
1
1
1
1
1
1
1
1
1
1
1
1
1
538
1
1
1
1
1
1
1
1
1
1
1
1
1
1
1
1
1
1
1
1
1
1
1
215
215
1104
215
215
215
539
540
541
339
339
8
1
190
1
542
66
542
1
1
1
1
1
1
1
1
1
146
146
1
1
1
1
1
1
1
1
1
1
1
1
1
1
1
1
1
1
543
543
544
1
1
1
1
545
1
1
1
1
1
1
1
1
1
543
1
546
1
1
32
57
1
1
1
1
1
1
1
1
1
1
1
1105
1
1
1
1
1
1
1
1
1
1
1
1
1
1
1
1
1
1
1
1
1
299
299
299
299
299
299
299
299
1
1
1
1
1
1
535
535
535
535
535
1
1
1
547
1106
1107
1
1
1
1
1
1
394
1
1
1
1
1108
1109
1
1
1
1
459
1
1
548
548
548
1
1
1
1
1
1
1
1
1
1
1
1
1
1
494
494
1
1
1
1
1
1
1
1
1
1
1
1
1
1
1
1
549
1
1
550
551
551
1
551
395
395
395
395
1
1
1
1
1
1
1
1
1
1
1
1
1
1
1
1
1
1
1
308
308
308
1
552
1
1
1
1
1
1
1
1
1
1
1
1
1
1
150
150
6
1
1
1
1
553
1
1
1
1
1
1
1
1
1
1
1
1
1
18
1
1
1
359
359
359
359
1
1
1
1
1
1
1
1
1
217
217
217
217
217
1
554
1
1
1
1
257
417
1
1
1
1
555
551
551
551
555
555
555
555
555
555
555
555
555
555
555
1
1
556
556
1
1
1
1
1
1
1
1
1
1
1
1
1
1
1
1
1
1
1
1
1
1
557
1
1
1
1
1
1
1
1
1
1
1
1
1
1
1
1
1
1
558
1
1
1
559
1
1
1
1
553
553
1
1
1
1
1
559
1
1
1
1
1
1
560
1
1
98
266
1
266
1
357
560
266
1
1
1
1
560
560
1
98
98
1
560
560
1
1
1
1
1
1
1
357
1
1
1
1
561
55
1
1
1
1
1
1
400
98
1
1
266
1
1
1
1
1
1
1
1
1
1
1
266
266
1
1
1
562
1
1
1
1
1
563
1
1
1
1
1
1
1
1
1
1
1
1
1
564
335
1
335
335
1
335
335
335
335
294
266
335
335
335
335
335
6
335
335
335
306
565
576
1
1
1
1
266
266
266
266
266
1
266
266
1
1
266
1
1
119
1
1
1
1
1
1
1
560
560
560
1
1
1
1
1
1
1
1
1
1
1
1
1
1
1
1
1
1
566
1
1
1
1
1
1
1
1
1
1
1
1
1
1
1
1
1
1
1
1
1
1
1
567
1
1
1
1
1
257
257
257
1
566
1
1
568
1
1
567
1
567
1110
1
1
1
1
1
1
569
1
1
1
1
1
1
1
1
1
566
1
1
1
45
1
1
570
1
1
1
1
1
1
1
1
1
1
1
1
1
1
1
1
1
571
1
569
1
1
1
1
1
1
572
1
1
1
567
567
1
1
1
1
1
1
1
1
1
1
1
1
1
1
1
1
1
1
98
98
98
98
98
98
98
98
98
98
98
98
98
98
98
1
174
573
1
1
1
1
1
1
1
1
1
180
180
1
180
1
180
180
180
180
1
1
1
1
1
1
1
1
1111
1
1
1
1
1
1112
1
1
1
1
622
1
1
1
1
1
1
480
480
1113
1
1
1
1
1
574
1
1
1
1
119
119
119
119
119
575
119
119
119
119
119
119
119
119
119
119
575
119
119
119
119
119
119
119
119
119
119
119
119
576
576
119
119
575
575
119
42
119
119
119
119
1114
1
1
1
1
1
1
1
1
1
1
577
1
1
1
1
1
1
1
1
1
1
1
578
578
559
1
1
1
1
1
1
1
1
1
1
1
1
1
1
1
1
1
327
1
1
1
1
1
1
38
1
1
282
1
38
1
1
1
1
1
1
1
1
98
1
1
1
1
1
1
1
1
1
1
1
1
1
1
1
1
1
1
1
1
1
1
1
1
1
1
1
1
1
1
579
579
1
1
1
1
1
1
1
1
1
1
1
423
1
1
1
1
1
1
1
1
1
1
1
1
1
1
363
1
1
1
1
1
1
1
1
1
1
1
1
1
1
1
1
1
1
1
1
1
1
1
1
1
1
1
1
1
1
1
1
1
1
1
1
1
1
1
1
1
1
1
580
580
580
580
580
580
580
580
580
580
580
580
580
580
580
580
580
212
212
212
212
25
1
581
1
1
1
1
1
437
573
1
581
65
174
266
400
1
1
1
1
1
1
1
1
1
1
1
1
1
98
98
98
98
98
98
1
1
180
1
1
1
1
1
1
1
1
1
1
1
1
581
1
1
1
582
582
582
1
583
583
1
1
1
1
1
1
1
1
1115
1
1
1
1
1116
1
1
1
1
594
1
1
1
1
1117
1
1
1
1
1
1
625
1
1
1
447
171
1
634
1
584
246
246
1
1
1
1
1
151
151
151
151
151
151
151
1
1
1
1
1
1
1
1
1
1
1
1
1
1
1
1
1118
1
1
283
585
585
1
586
1119
1
1
587
1
193
1
193
588
588
1
1
1
1120
1121
588
1
1
1
1
1
1
1
1
1
1
1
589
1
1
1
1
590
1
188
1
1
1
1
591
1
1
285
285
1
1
1
1
1
8
1
288
1
1
1
1
1
285
1
1
1
1
1
1
1
1
1
592
1
1
1
1122
1
1
1
1
1
1
1
1
1
1
1
1
1
1
1
1
1
1
1
1
1
1
1
1
1
1
1
1
1
1
1
1
1
1
1
1
1
1
1
1
1
1
1
1
1
1
1
1
1
1
1
1
1
1
1
1
1
1
1
1
1
499
499
499
1
1
1
1
1
1
1
1
1
1
1
288
1
1
1123
733
221
1
1
1
1
1
1
1
1
1
430
430
430
593
593
593
1
1
1
1
1
1
1
1
1
1
1
1
1
1
1
1
1
1
1
1
1
1
1
1
1
1
1
1
1
1
1
1
1
594
594
1
1
553
1
1
1
1
561
1
1
595
1
1
1
1
1
1
1
1
1
1
1
1
1
1
1
1
561
1
1
596
69
69
1
1
1
1
1
1
1
1
1
1
1
1
1
1
1
1
1
1
1
1
1
1
1
1
1
1
1
1
1
1
1
1
597
1
1
1
1
598
1
168
1
1
154
1
1
1
1
1
1
1
1
1
1
1
1
1
1
1
1
1
1
1
1
1
1
1
1
34
306
306
306
306
34
34
34
1
306
182
1
1
1
1
167
167
167
1
1
1
599
599
1
1
1
1
1
283
283
283
1
1
600
1
1
1
397
397
1
517
1
601
1
1
1
177
1
1
1
1
602
1
1
1
1
1
177
1
528
603
603
1
1
731
603
603
604
604
339
288
288
1
1
288
288
288
1
1
158
1
1
1124
1
1
1
1
1
405
1
1
1
1
1
1
68
1
1
482
1
1
1
605
605
605
1
606
1
1
1
1
1
1
332
332
332
332
1
1
1
1
1
1
1
1
1
607
607
607
1
608
609
1
1
1
1
473
473
473
473
473
1
1
1
1
1
1
1
1
1
1
1
39
1
382
382
382
1
168
168
168
168
1
1125
401
1
1
1
1
1
587
587
1
1
1
1
1
1
1
1
1
1
1
1
1
1
419
1
1
1
1
1
610
610
1
1
1
1
1
1
1
1
1
1
1
1
1
1
1
1
1
611
21
21
391
1
1
1
1
1
1
1
1
1
1
1
1
1
1
1
1
1
1
1
1
1
1
1
1
1
1
1
1
1
126
1
1
1
1
1
588
1
1
1
1
1
1
1
1
1
1
1
1
288
506
506
1
1
1
288
612
588
588
1
1
1
250
1
1
288
288
1
1
1
1
1
222
1
613
1
1
1
1
1
1
1
1
1
1
1
1126
1
1127
1
1
1
614
614
1
1
614
614
1
1
1
614
1
1
1
1
1
1
1
1
1
1
1
1
1
1
1
1
1
1
1
1
1
1
615
1
1
1
1
422
1
422
422
422
422
1
1
1
1
1
1
1
1
1
1
1
624
1
620
1
1
1
422
1
1
1
1
1
1
1
1
1
1
396
1
1
1
1
1
1
1
616
1
1
1
1
1
1
1
1
1
180
1
1
627
1
1
1
1
1
1
1
1
1
1
1
1
1
1
1
180
180
180
1
1
1
617
1
1
1
180
180
1
1
180
180
180
1
1
1
1
1
1
1
1
1
1
191
1
1
1
1
1
1
1
1
1
20
1
744
1
618
306
306
1
1
1
399
399
1
1
1
1
1
1
1
1
1
1
1
1
1
1
1
218
218
1
590
590
1
1
12
1
1
1
1
1
1
1
1
1
1
1
1
1128
1
1
1
1
1
1
1
1
1
1
1
1
1
1
1
1
1
1
1
1
1
1
1
1
1
1129
1
1
1
1
1
1
1
1
1
1
1
1
1
401
401
1
1
1
1
1
1
623
1
1
1
1
1
1
1
619
1130
620
1
1
1
621
1
1
1
1
1
1
1
1
1
1
1
1
1
1
1
1
1
1
1
1
1
1
1
1
1
1
1
1
620
1
1
1
1
1
1
619
1
1
619
1
1
1
1
1
1
1
1
1
1
1
1
147
1
622
1
1
623
1
1
1
1
1
1
1
1
1
624
1
1
1
1
1
1
88
1
1
1
1
1
1
1
1
1
1
1
625
625
1
1
1
1
1
1
1
1
1
1
1
1
1
1
1
1
1
1
1
1
1
1
1
401
1
1
1
1
1
1
1
1
1
1
1
1
1
1
1
1
1
1
1
1
1
1
1
1
1
1
626
627
627
1
628
628
1
1
1
1
1
1
1
1
1
1
1
1
147
147
1
1
1
1
1
1
623
623
1
1
1
1
1
1
1
1
1
1
1
1
1
1
1
1
1
1
587
629
1
1
1
627
1
627
630
627
627
627
1
631
1
1
1
1
632
1
1
1
1
1
1
1
1
1
1
1
1
1
1
1
1
1
1
1
1
1
98
98
98
98
1
98
336
336
1
1
1
1
1
98
98
1
1
98
627
627
627
1
1
1
1
1
1
1
1
1
1
633
1
1
1
1
1
1
634
1
1
1
1
1
1
1
1
1
1
1
1
1
1
1
1
635
1
1
1
1
1
1
627
627
627
1
1
1
1
1
1
1
1
1
1
1
1
1
1
1
1
1
1
623
1
1
1
1
1
1
1
1
1
1
1
1
1
600
1
1
1
626
1
1
1
636
1
1
1
1
1
1
1
88
88
88
1
1
1
1
1
1
1
1
1
289
289
289
1
289
289
289
289
289
289
289
289
1
1
400
6
289
1
1
1
1
289
1
1
1
1
1
1
1
1
298
298
298
1
1
1
1
1
1
1
1
1
1
1
1
1
1
1
1
1
1
1
637
637
1
1
1
1
1
1
1
1
1
1
1
1
1
1
1
1
1
1
1
1
1
1
1
1
1
1
1
1
1
1
1
1
1
1
1
1
1
1
1
1
1
1
1
1
1
1
553
1
1
1
1
1
1
1
1
1
638
1
1
1
3
1
1
1
1
1
1
297
297
544
1
1
1
1
1
1
1
1
1
639
1
1
1
1
1
1
1
1
1
1
1
640
1
1
1
1
1
1
1
1
641
1
1
1
1
1
1
1
1
1
1
1
1
1
1
1
642
1
1
1
317
1
1
1
1
1
1
1
366
366
1
1
1
1
1
1
1
1
251
1
1
1
1
1
1
1
1
1
1
1
1
1
1
1
98
98
98
1
1
1
1
1
1
34
1
1
1
612
612
1
1
1
1
203
203
203
1
1
1
1
1
1
1
1131
1
1
1
1
1
1
1
1
1
1
1
1
1
1
1
1
1
1
1
1
1
1
1
1
1
1
1
1
643
643
643
643
643
643
643
643
643
643
644
1
1132
1
1
1
1
1
1
1
158
1
1
1
1
1
1
1
1
1
1
1
1
1
1
1
1
1
1
1
1
1
1
645
645
1
1
1
1
1
1
437
1
1
1
1
1
1
1
1
1
1
1
1
1
437
437
437
1
1
1
1
437
437
437
437
437
437
1
437
1
1
437
1
1
1
1
1
437
1
437
437
437
1
437
1
1
437
437
1
1
1
1
1
1
1
174
437
1
174
1
1
1
174
1
1
1
1
567
1
1
1
1
1
1
1
1
1
1
1
1
1
1
1
257
257
1
66
1
1
1
1
417
1
1
1
1
1
1
1
1
1
1
257
257
32
32
1133
1
1
1
1
1
1
1
1
1
1
1
1
1
1
1
1
1
1
1
1
1
1
356
1
1
1
1
356
356
356
1
1
258
1
356
356
1
1
1
1
1
1
1
1
1
1
1
1
1
1
1
1
1
325
1
632
632
1
1134
1
1
698
699
1
1
1
1
1
1
1
1
1
1
1
1
1
1
437
437
437
437
437
1
646
257
257
571
45
45
45
45
45
45
45
119
119
575
575
575
575
575
119
119
119
576
576
576
576
576
576
576
576
576
576
576
576
576
576
576
576
576
576
576
576
576
576
576
119
119
119
119
119
119
1
1
1
177
1
1
1
1
1
1
281
281
1
1
1
1
318
318
318
288
288
288
1
1
1
1
1
1
1
1
1
288
288
288
288
288
288
250
1
1
1
339
1
1
647
647
1
1
1
1
1
1
648
648
1
1
1
1
288
288
288
1
1
1
1
1
1
1
1
1
1
1
1
1
1
1
1
1
1
1
1
1
1
1
1
1
1
1
1
1
1
1
1
1
327
327
1
1
441
1
1
1
1
1
1
1
1
1
649
649
1
1
1
1
1
1
1
1
1
1
1
1
1
1
1
1
1
1
1
1
1
1
1
1
1
1
1
1
1
1
1
1
1
1
1
1
1
1
1
1
1
1
1
1
1
1
600
1
1
1
356
147
356
356
650
1
1
1
356
356
1
1
356
1
1
1
1
651
651
294
294
1
1
1
1
1
1
1
1
450
1
1
406
1
1
1
1
1
1
1
1
1
1
215
215
215
1135
215
215
215
215
1
215
215
215
1136
215
215
215
215
215
215
215
215
215
215
215
215
215
215
215
215
215
215
215
215
215
215
215
215
215
215
215
215
215
215
215
215
215
215
215
215
215
215
215
652
1
653
653
653
653
1
653
1
1
1
653
653
653
203
282
480
65
480
65
480
480
480
1
1
1
1
1
1
1
1
1
1
1
1137
1138
1139
1
654
1
655
655
655
655
656
1
1
1
1
1
1
1
1
1
1
1
1
1
1
1
657
657
657
657
657
657
657
1
1
1
1
1
1
1
1
1
1
65
65
65
65
65
65
65
65
65
65
65
65
65
1
1
1
1
1
1
1
1140
1
1
1
1
1
1
1
1
1
1
1
1
1
1
1
1
1
1
1
1
102
102
658
102
102
102
102
102
1
1
1
102
102
102
102
659
659
659
102
659
1
659
102
659
658
658
102
1
86
1
1
1
1
1
116
116
116
1
660
1
1
1
1
1
1
1
1
1
1
88
96
96
1
687
1
1
1
96
1
1
1
1
1
1
88
659
1
1
1
88
1
661
1
1
1
1
1
1
1
662
1
1
1
1
1
1
1
1
1
1
1
663
663
663
1
1
1
1
1
1
1
1
1
1
664
1
665
1
1
1
1
1
1
1
177
177
610
1
666
84
84
102
1
1
1
1
1
1
667
667
667
667
667
1
1
1
1
1
1
667
667
1
1
1
1
1
1
1
192
288
1
192
263
192
1
1
1
1
1
1
1
1
1
1
1
1
1
1
1
1
1
1
1
1
1
1
1
1
1
1
1
1
1
1
1
1
1
1
1
1
1
1
1
100
1
1
1
100
1
670
1
1
1
1
1
1
1
1
1
1
1
1
1
1
1
102
102
668
336
1
1
1
1
1
400
1
1
1
669
669
669
1
685
1
1
1
1
1
118
1
118
118
118
1
1
1
1
672
1
1
1
1
1
670
1
671
671
671
671
1
1
1
1
1
1
1
118
1
1
1
671
1
118
1
1
118
1
1
1
1
1
84
84
84
84
84
84
84
84
84
84
84
84
84
84
1
1
1
1
1
672
1
1
672
672
679
1
1
673
1
674
675
1
1
1
1
1
1
1
1
1
1
1
1
676
677
677
676
671
678
671
679
679
680
681
681
681
681
682
683
1
1
1
1
1
1
1
1
1
1
1
1
1
1
1
1
1
1
1
1
1
1
1
1
1
356
1
1
1
684
685
685
685
685
676
685
1
685
685
685
685
685
685
685
1
1
686
686
686
686
686
686
686
686
686
686
686
686
686
1
96
96
96
96
96
96
1
1
1
1
1
1
1
1
1
1
1
1
1
1
1
1
1
659
659
1
1
1
687
688
687
1
687
1
1
1
687
1
1
1
1
1
1
1
1
1
1
1
1
1
1
84
84
84
1
1
1
1
1
1
115
115
115
117
117
1
1
1
1
1
1
1
1
1
1
1
1
1
1
1
1
1
1
1
1
1
659
1
1
1
1
1
115
1
1
1
1
1
1
1
1
1
1
1
1
1
1
1
1
1
689
689
689
88
1
1
1
1
670
670
1
1
1
1
1
1
1
1
1
1
1
1
1
417
1
1
1
1
1
100
1
1
1
96
96
96
1
1
1
1
1
1
1
1
1
285
690
690
690
690
690
690
690
690
690
690
1
1
1
1
1
1
1
1
1
1
1
1
1
1
1
1
1
1
1
1
1
1
1
1
1
1
1
1
1
1
473
473
473
1
1
1
98
1
1
98
1
1
506
1
1
1
1
1
1
1
1
1
1
1
1
473
473
473
1
1
1
1
1
1
1
1
1
1
1
1
1
1
1
1
1
1
1
1
1
1
1
606
606
606
1
1
1
1
1
1
117
1
1
1
1
1
1
1
1
1
1
1
690
1
1
1
1
1
102
1
691
1
692
1
1
1
1
1
1141
1
1
1
1
693
1
1
693
693
693
693
693
693
1
1
1
1
1
1
1
1
1
1
1
1
1
1
1
1
1
1
1
1
1
1
1
1
1
1
1
1
1
1
1
1
694
694
695
695
1
1
1
1
1
696
696
696
696
696
696
697
697
697
697
697
697
697
1
1
1
1
1
1
1
1
1
1
697
697
697
697
1
1
1
697
1
1
1
1
1
1
1
697
697
1
1
1
1
1
1
1
1
1
1
697
1
1
1
1
1
1
1
1
1
1
1
1
1
1142
1
1
1
1
1
1
1
1
1
38
38
38
38
38
1
1
1
655
1
1
1
1
1
1
1
698
1
1
1
1
1
1
1
1
1
1
1
1
1
1
1
1
1
1143
1
1
1
1
417
1
1
1
1
1
1
1
1
699
1
1
1
1
1
1
1
1
1
1
1
1
1
1
1
1
417
1
1
1
1
1
1
1
1
1
1
1
1
1
1
1
700
387
387
387
1
1
1
1
1
1
306
306
306
23
1
588
588
159
1
1
1
1
1
1
1
1
1
1
1
1
1
701
701
701
701
701
701
702
1
1
1
1
1
1
1
182
182
1
1
353
1
1
1
353
353
1
1
425
353
1
353
1
1
1
1
98
98
98
1
1
1
1
1
703
74
1
1
1
1
1
1
704
704
1
1
1
1
1
1
1
1
1
1
1
1
1
1
1
1
1
542
542
542
542
705
542
542
542
1
1
1
1
1
1
1
1
1
1
212
212
212
1
1
212
1
1
59
59
59
706
706
706
1
1
1
1
548
548
548
548
548
1
1
1
1
1
707
1
1
1
1
1
1
1
708
1
1
709
710
1
1
1
1
1
1
1
1
1
1
711
1
1
1
1
1
1
1
1
1
548
548
548
548
548
548
548
548
548
1
348
348
1
1
712
357
59
59
713
714
357
715
716
1
1
1
1
1
1
1
209
1
1
1
1
1
1
1
1
1
1
1
1
1
1
1
1
1
1
1
1
1
1
1
1
1
1
1
1
1
1
1
1
1
1
1
1
215
215
215
215
215
215
215
215
215
215
215
215
215
215
215
215
215
1
215
215
215
215
215
215
215
215
215
215
215
215
215
215
215
215
215
215
215
215
215
215
215
215
1
1
1
717
1
1
1
1
1
1
1
1
1
1
1
1
1
1
1
1
1
1
1
1
1
1
1
1
1
1
1
1
1
1
1
1
1
1
1
1
1
1
1
1
1
1
1
1
1
1
1
1
1
1
1
422
422
422
422
422
422
422
422
1
1
1
626
626
626
626
626
626
626
626
626
626
1
1
1
1
1
1
1
1
1
1
1
1
1
1
1
1
1
1
1
1
1
1
1
1
1
1
1
1
1
1
1
1
1
1
1
1
1
1
1
1
1
718
1
1
339
339
1
1
339
339
339
339
530
530
530
1
1
1
1
1
1
180
180
1
1
1
1
1
1
1
1
1
180
180
180
180
1
1
417
1
1
1
1
1
1
1
404
404
404
1
1
1
1
1
1
1
1
1
1
1
1
1
1
1
1
1
1
1
1
1
1
1
1
1
1
719
703
703
703
1
1
1
1
1
1
1
1
1
1
1
1
1
1
1
1
1
1
1
1
1
1
1
1
1
1
1
1
1
1
146
146
146
1
1
1
1
1
1
1
1
1
1
1
1
1
1
1
1
1
1
1
426
426
426
426
426
426
1
1
1
1
1
1
1
1
1
1
1
1
1
1
1
550
550
550
550
1
555
555
555
555
555
555
555
551
1
1
1
1
1
1
1
1
1
1
1
1
1
1
394
720
720
494
1
1
1
1
721
721
721
722
1
721
721
721
721
721
723
1
1
1
17
559
1
1
1
428
1
1
11
11
150
150
150
150
150
150
150
150
150
150
150
150
150
150
150
1
1
1
1
1
1
1
1
1
724
1
1
1
1
1
1
1
1
1
1
1
1
1
1
1
725
1
1
1
1
1
1
1
1
1
1
1
1
1
1
1
1
1
1
1
1
1
193
193
193
193
193
193
193
193
193
193
193
193
193
193
193
193
193
193
193
193
193
1
193
1
1
1
1
1
1
1
1
1
726
726
726
726
726
726
1
1
1
1
1
1
1
1
1
1
1
1
1
1
1
1
1
1
1
1
1
1
1
1
261
261
261
261
261
261
3
511
511
511
511
511
511
511
511
511
511
1
1
1
1
1
1
1
503
503
503
1
1
1
1
1
1
1
1
1
1144
1145
727
1146
1
1
1
728
728
728
728
728
476
1
1
729
729
729
1
730
730
730
1
1
1
1
1
1
1
1
1
1
626
626
626
561
561
561
561
561
561
561
561
561
561
190
561
561
561
1
1
1
1
1
1
1
1
1
1
1
1
1
1
1
8
481
481
1
1
1
1
1
1
1
1
1
1
1
1
1
1
1
1
1
1
731
1
731
731
1
731
1
1
1
732
731
731
731
733
731
733
733
733
733
733
1
1
1
1
1
1
1
1
734
734
734
1
10
10
10
10
10
10
10
10
10
1
1
154
1
1
1
1
1
1
1
1
1
154
1
1
154
154
1
1
1
1
1
1
1
1
1
1
1
1
356
356
1
1
203
203
1
1
1
410
211
1
1
497
1
1
1
1
1
1
1
1
1
1
1
1
1
1
1
368
368
368
368
1
1
1
1
528
1
498
1
1
1
1
1
1
1
1
1
1
373
1
1
373
373
373
373
1
1
1
1
373
1
604
373
1
1
382
351
1
1
1
1
356
1
1
1
1
1
1
1
1
1
1
1
1
1
1
1
1
1
1
1
1
1
382
1
382
1
1
1
1
1
1
1
1
1
1
1
1
1
1
1
1
1
1
1
1
1
1
1
1
1
1
1
1
1
1
1
382
382
735
1
382
382
382
382
382
382
382
382
382
382
382
382
382
1
736
1
1
1
1
1
1
1
1
1
1
1
1
1
1
1
1
1
1
1
1
351
351
351
351
1
1
1
1
1
1
1
1
1
1
1
1
1
188
1
1
1
1
1
1
1
1
1
1
1
1
1
1
1
1
1
1
1
1
1
192
1
1
1
1
1
1
246
246
246
246
246
246
1
1
21
21
21
21
21
21
21
21
1
1
1
1
1
1
1
1
1
1
1
1
21
21
21
21
1
737
1
1
1
1
1
1
1
1
21
190
190
190
737
737
1
737
737
737
1
21
21
1
1
1
1
1
66
1
1
1
618
618
1
1
1
1
1
1
1
1
1
1
1
1
1
1
1
1
1
1
1
1
1
1
6
6
6
6
6
6
6
6
6
6
6
277
277
277
277
277
278
277
277
277
277
277
277
277
277
277
277
277
277
277
277
277
277
277
277
277
190
190
190
190
190
559
559
559
1
1
1
1
1
1
170
170
170
1
170
170
170
170
170
170
170
170
1
170
66
66
1
1
1
1
1
1
1
1
3
3
1
1
1
1
1
1
1
1
1
1
3
3
3
3
3
3
3
1
1
1
1
1
1
1
1
1
1
1
1
1
1
1
1
1
1
1
1
1
1
1
1
1
1
1
1
1
1
1
1
1
1
1
1
1
1
1
1
445
445
445
192
192
192
192
1
192
190
190
1
190
190
190
190
190
190
190
1
1
1
1
1
1
1
21
21
737
737
737
737
737
737
737
737
737
737
737
1
1
738
738
738
738
738
738
1
14
1
1
1
1
1
1
1
8
8
8
1
1
1
1
1
6
704
704
704
704
59
59
704
704
704
704
704
704
704
1
1
1
356
356
356
356
356
356
600
600
1
1
1
1
1
1
1
1
1
356
356
356
356
356
356
1
636
636
636
636
636
636
1
1
636
636
636
636
636
636
1
1
1
1
1
1
1
1
1
1
1
739
739
739
739
1
1
1
1
212
740
357
357
357
357
357
357
357
212
212
212
212
212
212
212
1
1
1
1
1
212
212
212
212
212
212
1
1
1
1
1
1
1
242
1
1
1
1
1
1
1
1
244
1
1
1
105
105
105
105
105
105
105
105
105
105
105
105
98
98
98
98
98
98
98
98
400
400
400
400
400
400
400
400
400
1
400
400
1
1
1
1
1
1
1
741
741
741
741
741
741
1
741
741
741
741
741
741
741
741
741
741
426
426
426
1
410
410
1
1
1
1
9
9
9
9
9
9
1
1
1
1
1
410
410
410
410
410
1
1
410
1
1
1
1
1
1
1
1
1
1
1
1
1
1
1
1
1
1
1
417
1
1
1
1
1
742
1
1
1
1
1
1
1
1
1
1
1
1
1
1
1
1
1
1
1
88
88
88
1
1
1
1
1
353
353
353
353
353
353
353
353
353
1
1
1
1
1
1
1
1
1
1
42
42
42
42
42
42
42
42
42
42
42
42
42
42
42
42
42
1
1
1
1
1
1
1
743
1
1
1
1
1
1
294
294
294
1
1
294
294
294
1
294
1
1
1
1
1
1
1
1
1
1
1
1
6
428
59
59
59
59
59
59
59
59
59
59
59
1
45
45
45
45
1
1
1
1147
1
1
1
1
1
1
1
1
1
1
1
1
1
1
1
1
1
1
417
417
1
1
1
1
1
417
1
417
1
417
434
434
434
434
434
434
434
435
435
435
435
439
439
439
435
435
435
439
435
435
435
435
435
435
435
435
435
435
435
435
435
435
435
435
435
1
434
1
1
435
435
435
435
434
1
433
1
1
1
1
1
1
1
1
1
1
1
1
434
434
1
1
1
1
1
1
1
1
8
8
8
8
8
8
8
8
1
1
1
1
496
1
1
1
1
1
1
1
1
1
1
1
1
1
1
1
1
1
1
1
1
1
1
1
1
1
1
1
1
1
1
1
744
1
1
1
1
1
1
1
1
1
1
1
1
1
480
480
480
481
481
481
481
481
481
481
481
481
481
481
481
481
481
480
480
480
480
480
480
480
480
480
480
480
480
480
481
480
480
480
480
480
480
480
1
1
1
1
1
88
88
88
88
88
88
88
88
88
1
1
1
1
745
1
1
1
1
1
1
1
1
217
1
1
1
1
1
746
746
1
1
1
1
1
1
1
1
1
1
1
747
747
747
747
747
1
1
1
217
217
217
217
217
1
1
1
1
614
1
1
1
1
1
1
1
1
1
1
1
1
1
1
1
1
480
480
480
480
480
480
480
480
480
203
203
203
203
203
1
1
1
1
1
1
1
1
1
1
1
1
1
1
1
1
1
348
348
348
348
348
348
105
105
105
105
105
105
105
105
105
105
105
105
105
105
348
348
348
1
105
105
105
105
105
105
105
105
105
1
1
1
1
1
1
1
1
1
6
6
6
6
6
6
6
6
6
6
6
6
1
1
1
1
1
1
1
1
1
1
1
1
1
1
1
1
1
247
247
247
1
1
1
127
127
127
127
127
127
127
127
1
1
1
1
1
146
146
146
146
146
146
146
146
146
146
146
146
146
146
1
1
1
1
149
149
146
1
1
1
1
1
1
1
1
1
1
1
1
1
1
1
150
150
150
150
1
1
1
1
1
1
1
1
1
1
1
1
1
1
1
1
1
1
1
1
1
1
429
429
429
429
429
429
429
429
429
429
429
429
429
429
429
429
429
429
429
429
1
1
1
1
1
1
480
480
1
244
1
1
1
1
1
1
1
1
1
1
1
1
1
1
