227	1182
228	6900
229	13684
230	13685
231	13687
232	13688
233	13689
234	13690
235	13691
236	13693
237	13696
238	13697
239	13701
240	13703
241	13704
242	13705
243	13706
244	13707
245	13708
246	13709
247	13713
248	13718
249	13721
250	13722
251	13723
252	13727
253	13732
254	13733
255	13735
256	13736
257	13739
258	13740
259	13741
260	13742
261	13745
262	13748
263	13749
264	13750
265	13751
266	13753
267	13754
268	13755
269	13756
270	13758
271	13759
272	13761
273	13762
274	13763
275	13764
276	13765
277	13767
278	13768
279	13769
280	13770
281	13771
282	13772
283	13773
284	13774
285	13776
286	13777
287	13778
288	13779
289	13780
290	13782
291	13784
292	13789
293	13790
294	13791
295	13792
296	13793
297	13794
298	13796
299	13798
300	13799
301	13801
302	13802
303	13804
304	13805
305	13807
306	13808
307	13809
308	13815
309	13817
310	13818
311	33847
312	33848
313	33849
