1182	6900
1182	13684
1182	13685
1182	13687
1182	13688
1182	13689
1182	13690
1182	13691
1182	13693
1182	13696
1182	13697
1182	13701
1182	13703
1182	13704
1182	13705
1182	13706
1182	13707
1182	13708
1182	13709
1182	13713
1182	13718
1182	13721
1182	13722
1182	13723
1182	13727
1182	13732
1182	13733
1182	13735
1182	13736
1182	13739
1182	13740
1182	13741
1182	13742
1182	13745
1182	13748
1182	13749
1182	13750
1182	13751
1182	13753
1182	13754
1182	13755
1182	13756
1182	13758
1182	13759
1182	13761
1182	13762
1182	13763
1182	13764
1182	13765
1182	13767
1182	13768
1182	13769
1182	13770
1182	13771
1182	13772
1182	13773
1182	13774
1182	13776
1182	13777
1182	13778
1182	13779
1182	13780
1182	13782
1182	13784
1182	13789
1182	13790
1182	13791
1182	13792
1182	13793
1182	13794
1182	13796
1182	13798
1182	13799
1182	13801
1182	13802
1182	13804
1182	13805
1182	13807
1182	13808
1182	13809
1182	13815
1182	13817
1182	13818
13713	13808
13713	13809
13727	13740
13727	13761
13740	13761
13763	13790
13763	13791
13784	33847
13784	33848
13784	33849
13790	13791
13808	13809
33847	33848
33847	33849
33848	33849
