577	24510
577	24511
577	24512
577	24513
577	24518
577	24520
577	24523
577	24528
577	24529
577	24530
577	24533
577	24536
577	24538
577	24540
577	24541
577	24542
577	24543
577	24544
577	24545
577	24549
577	24550
577	24554
577	24555
577	24556
577	24559
577	24560
577	24564
577	24566
577	24567
577	24570
577	24571
577	24572
577	24573
577	24579
577	24582
577	24583
577	24584
577	24589
577	24592
577	24593
577	24594
577	24595
577	24596
577	24597
577	24599
577	24600
577	24602
577	24606
577	24607
577	24609
577	24611
577	24620
577	24624
577	24625
577	24626
577	24628
577	24632
24510	24511
24542	24543
24542	24544
24543	24544
24554	24555
24582	24583
24595	33135
24595	33136
24595	33137
33135	33136
33135	33137
33136	33137
