5016	12440
5016	12462
5016	12477
5016	12509
5016	12547
5016	12571
5016	12579
5016	12709
5016	12740
5016	12782
5016	12790
5016	12806
5016	12870
5016	18208
5016	18349
5016	24116
5016	29384
5016	29385
5016	29477
5016	29478
5016	29484
5016	29485
5016	29488
5016	29490
5016	29491
5016	29492
5016	29496
5016	29499
5016	29500
5016	29502
5016	29503
5016	29505
5016	29508
5016	29510
5016	29511
5016	29512
5016	29513
5016	29514
5016	29515
5016	29519
5016	29521
5016	29524
5016	29528
5016	29529
5016	29534
5016	29536
5016	29537
5016	29538
5016	29539
5016	29540
5016	29541
5016	29542
5016	29543
5016	29544
5016	29547
5016	29548
5016	29549
5016	29555
5016	29556
5016	29557
5016	29558
5016	29559
5016	29563
5016	29564
5016	29566
5016	29567
5016	29568
5016	29570
5016	29571
5016	29572
5016	29573
5016	29574
5016	29575
5016	29576
5016	29577
5016	29578
5016	29579
5016	29580
5016	29581
5016	29582
5016	29583
5016	29584
5016	29585
5016	29586
5016	29587
5016	29588
5016	29589
5016	29591
5016	29593
5016	29594
5016	29597
5016	29598
5016	29599
5016	29600
5016	29601
5016	29602
5016	29603
5016	29606
5016	29607
5016	29612
5016	29619
5016	29620
5016	29621
5016	29625
5016	29626
5016	29627
5016	29629
5016	29630
5016	29631
5016	29632
5016	29633
12790	29570
18208	18349
18208	29384
18208	29385
18349	29384
18349	29385
29384	29385
29499	29500
29512	29513
29512	29514
29513	29514
29556	29557
29556	29558
29557	29558
29585	29586
