11832	26095
11832	26104
11832	26105
11832	26106
11832	26107
26094	26095
26094	26096
26094	26097
26094	26098
26094	26099
26094	26100
26095	26096
26095	26097
26095	26098
26095	26099
26095	26100
26095	26101
26095	26102
26095	26103
26095	26104
26095	26105
26095	26106
26095	26107
26095	26108
26095	26109
26096	26097
26096	26098
26096	26099
26096	26100
26097	26098
26097	26099
26097	26100
26097	26101
26097	26102
26097	26103
26097	26104
26097	26107
26097	26108
26097	26109
26097	26110
26098	26099
26098	26100
26099	26100
26099	26101
26099	26102
26099	26103
26099	26104
26099	26107
26099	26108
26099	26110
26101	26102
26101	26103
26101	26108
26101	26109
26102	26103
26102	26107
26103	26107
26103	26108
26103	26109
26104	26105
26104	26106
26104	26107
26105	26106
26105	26107
26106	26107
26108	26109
26108	26110
