221	809
222	21636
223	21637
224	21638
225	21639
226	21640
227	21641
228	21642
229	21643
230	21644
231	21645
232	21646
233	21647
234	21648
235	21649
236	21650
237	21651
238	21652
239	21653
240	21659
241	21660
242	21661
243	21662
244	21663
245	21664
246	21665
247	21667
248	21668
249	21669
250	21670
251	21672
252	21673
253	21674
254	21675
255	21676
256	21677
257	21678
258	21679
259	21682
260	21683
261	21685
262	21686
263	21687
264	21690
265	21691
266	21692
267	21693
268	21694
269	21696
270	21697
271	21698
272	21700
273	21703
274	21704
275	21705
276	21706
277	21709
278	21710
279	21712
280	21720
281	21723
282	21724
283	21726
284	21727
285	21728
286	21729
287	21731
288	21732
289	21735
290	21736
291	21739
292	21740
293	21742
294	21743
295	21744
296	21745
297	21746
298	21747
299	21748
300	21751
301	21752
302	21757
303	21758
304	21759
305	21760
306	21761
307	21762
308	21765
309	21766
310	21767
311	21769
312	21770
313	21771
314	21773
315	21777
316	21779
317	21782
318	21784
319	21785
320	21786
321	21787
322	21788
323	21789
324	21790
325	21791
326	21792
327	21793
328	21794
329	21798
330	21799
331	21800
332	21801
333	21802
334	21803
335	21804
336	21805
337	21806
338	21807
339	21808
340	21809
341	21812
342	21814
343	21815
344	21817
345	21818
346	21824
347	21825
348	21828
349	21829
350	21832
351	21833
352	21835
353	21837
354	21839
355	21841
356	21842
357	21843
358	21844
359	21846
360	21847
361	21848
362	21849
363	21850
364	21851
365	21852
366	21853
367	21856
368	21857
369	21859
370	21861
371	21863
372	21864
373	21865
374	21866
375	21867
376	21869
377	21870
378	21871
379	21872
380	21875
381	21877
382	21879
383	21880
384	21881
385	21882
386	21883
387	21884
388	21885
389	21887
390	21888
391	21889
392	21890
393	21891
394	21892
395	21893
396	21894
397	21895
398	21896
399	21897
400	21898
401	21899
402	21900
403	21901
404	21906
405	21909
406	21911
407	21913
408	21914
409	21915
410	21916
411	21917
412	21918
413	21919
414	21921
415	21922
416	21924
417	21925
418	21926
419	21927
420	21928
421	21931
422	21932
423	21933
424	21937
425	21938
426	21940
427	21941
428	21942
429	21943
430	21945
431	21946
432	21947
433	21948
434	21949
435	21950
436	21951
437	21952
438	21953
439	21955
440	21956
441	21957
442	21958
443	21959
444	21960
445	21961
446	21962
447	21963
448	21965
449	21966
450	21967
451	21968
452	21969
453	21970
454	21972
455	21973
456	21975
457	21976
458	21977
459	21978
460	21979
461	21981
462	21982
463	21983
464	21984
465	21986
466	21987
467	21989
468	21990
469	21991
470	21992
471	21993
472	21994
473	21995
474	21996
475	21998
476	21999
477	22000
478	22001
479	22002
480	22003
481	22004
482	22006
483	22007
484	22009
485	22010
486	22011
487	22012
488	22014
489	22015
490	22017
491	22018
492	22019
493	29225
494	29226
495	33516
496	33566
497	33567
498	33564
499	33565
500	33476
501	33477
502	33478
503	33517
504	33518
505	33519
506	33520
507	31778
508	31779
509	31780
