3063	16911
3063	18344
3063	21498
3063	21499
3063	21500
3063	21501
3063	21502
3063	21504
3063	21505
3063	21506
3063	21507
3063	21508
3063	21510
3063	21512
3063	21513
3063	21514
3063	21515
3063	21516
3063	21517
3063	21518
3063	21519
3063	21520
3063	21521
3063	21522
3063	21523
3063	21524
3063	21527
21499	29503
21501	21507
21502	21524
21506	21507
21512	21513
21512	21514
21512	21515
21512	21516
21512	21517
21513	21514
21513	21515
21513	21516
21513	21517
21514	21515
21514	21516
21514	21517
21515	21516
21515	21517
21516	21517
21518	21519
21518	21520
21519	21520
