12160	23064
12160	39892
12160	39893
23064	30888
23064	39892
23064	39893
23064	39895
23064	39897
23064	39898
23064	39899
23064	39900
23064	39901
23064	39902
23064	39903
23064	39904
23064	39905
23064	39906
23064	39907
23064	39908
23064	39909
23064	39910
23064	39911
23064	39912
23064	39913
23064	39914
23064	39915
23064	39916
23064	39917
23064	39918
23064	39919
23064	39920
23064	39921
23064	39922
23064	39923
23064	39924
23064	39925
23064	39926
23064	39927
23064	39928
23064	39929
23064	39930
23064	39931
23064	39932
39892	39893
39893	39933
39893	39934
39893	39935
39894	39895
39894	39896
39895	39896
39933	39934
39933	39935
39934	39935
