226	5300
227	31899
228	31900
229	31901
230	31902
231	31903
232	31904
233	31905
234	31906
235	31908
236	31909
237	31910
238	31911
239	31912
240	31913
241	31914
242	31916
243	31917
244	31918
245	31919
246	31920
247	31922
248	31923
249	31924
250	31925
251	31926
252	31927
253	31928
254	31929
255	31930
256	31931
257	31932
258	31933
259	31934
260	31935
261	31936
262	31938
263	31939
264	31941
265	31942
266	31943
267	31944
268	31945
269	31946
270	31947
271	31948
272	31949
273	31950
274	31951
275	31952
276	31953
277	31954
278	31955
279	31956
280	31957
281	31958
282	31959
283	31960
284	31961
285	31962
286	31963
287	31964
288	31965
289	31966
290	31967
291	31968
292	31969
293	31970
294	31971
295	31972
296	31973
297	31974
298	31975
299	31976
300	31977
301	31978
302	31979
303	31980
304	31982
305	31983
306	31984
307	31985
308	31986
309	31987
310	31988
311	31989
312	31990
313	31991
314	31993
315	31995
316	31996
317	31997
318	31998
319	32000
320	32001
321	32002
322	32004
323	32005
324	32006
325	32008
326	32009
327	32010
328	32011
329	32012
330	32013
331	32015
332	32017
333	32018
334	32019
335	32020
336	32021
337	32022
338	32023
339	32024
340	32025
341	32026
342	32027
343	32028
344	32029
345	32030
346	32031
347	32032
348	32033
349	32034
350	32035
351	32036
352	32037
353	32038
354	32039
355	32040
356	32041
357	32042
358	32043
359	32044
360	32045
361	32105
362	32106
363	32107
364	32108
365	32109
