1230	2076
1231	9196
1232	9197
1233	9363
1234	9364
1235	9365
1236	12140
1237	12145
1238	16705
1239	23008
1240	23015
1241	23023
1242	23031
1243	23055
1244	23084
1245	23096
1246	23114
1247	23120
1248	23121
1249	23122
1250	23123
1251	23124
1252	23127
1253	23131
1254	23139
1255	23156
1256	23169
1257	23175
1258	23213
1259	23231
1260	23240
1261	23255
1262	23314
1263	23321
1264	23322
1265	23323
1266	23325
1267	23326
1268	23328
1269	23329
1270	23330
1271	23331
1272	23332
1273	23333
1274	23334
1275	23335
1276	23336
1277	23337
1278	23338
1279	23340
1280	23343
1281	23344
1282	23345
1283	23348
1284	23355
1285	23356
1286	23357
1287	23359
1288	23360
1289	23362
1290	23363
1291	23365
1292	23366
1293	23367
1294	23368
1295	23369
1296	23371
1297	23372
1298	23373
1299	23375
1300	23378
1301	23380
1302	23009
1303	34763
1304	34764
1305	34765
1306	23128
1307	23146
1308	31382
1309	31383
1310	31384
1311	34760
1312	34762
1313	34761
1314	34766
