140	3248
140	3252
140	3255
140	3275
140	3280
140	3298
140	3299
140	3326
140	3341
140	3345
140	3351
140	3390
140	3391
140	3395
140	3401
140	3407
140	3414
140	3418
140	3427
140	3431
140	3454
140	3467
140	3491
140	3498
140	3499
140	3500
140	3501
140	3502
140	3503
140	3507
140	3532
140	3536
140	3543
140	3553
140	3555
140	3556
140	3560
140	3573
140	3574
140	3587
140	3588
140	3590
140	3600
140	3610
140	3612
140	3613
140	3618
140	3625
140	3626
140	3627
140	3635
140	3636
140	3646
140	3652
140	3654
140	3658
140	3662
140	3673
140	3684
140	3692
140	3704
140	3706
140	3716
140	3728
140	3749
140	3759
140	3762
140	3770
140	3773
140	3777
140	3781
140	3782
140	3785
140	3799
140	3803
140	3817
140	3820
140	3832
140	3835
140	3845
140	3850
140	3851
140	3852
140	3853
140	3854
140	3864
140	3872
140	3877
140	3881
140	3884
140	3886
140	3887
140	3889
140	3896
140	3900
140	3903
140	3908
140	3915
140	3919
140	3921
140	3926
140	3927
140	3929
140	3935
140	3951
140	3959
140	3960
140	3970
140	3972
140	3977
140	3978
140	3981
140	3984
140	3985
140	3987
140	3989
140	3991
140	3998
140	4003
140	4007
140	4022
140	4027
140	4034
140	4035
140	4038
140	4041
140	4042
140	4043
140	4050
3341	26779
3341	26780
3341	26781
3341	26782
3341	26783
3341	26784
3345	26489
3345	26490
3418	26936
3418	26937
3418	26938
3498	3499
3498	3500
3498	3501
3499	3500
3499	3501
3500	3501
3503	3636
3573	3574
3626	3627
3854	26979
3886	3887
3896	26966
3896	26967
3896	26968
3926	3927
4022	14762
26489	26490
26489	26797
26490	26797
26779	26780
26779	26781
26779	26782
26779	26783
26779	26784
26780	26781
26780	26782
26780	26783
26780	26784
26781	26782
26781	26783
26781	26784
26782	26783
26782	26784
26783	26784
26936	26937
26936	26938
26937	26938
26966	26967
26966	26968
