14969	18048
14969	31810
18011	24752
18048	24752
18048	31810
18048	32049
18048	32050
18048	32051
18050	24752
18114	24752
24752	31789
24752	31790
24752	31802
24752	31809
24752	31816
24752	31817
24752	31830
24752	31832
24752	31849
24752	31853
24752	31854
24752	31869
24752	31915
24752	31931
24752	31958
24752	32049
24752	32050
24752	32051
24752	32100
24752	32101
24752	32102
24752	32103
24752	32104
24752	32105
24752	32106
24752	32107
24752	32108
24752	32109
31789	31790
31789	32104
32049	32050
32049	32051
32050	32051
32102	32103
