655	1101
656	3806
657	7404
658	7483
659	7495
660	9218
661	9939
662	11182
663	11183
664	11185
665	11187
666	11188
667	11189
668	11190
669	11193
670	11196
671	11198
672	11203
673	11204
674	11205
675	11207
676	11210
677	11212
678	11214
679	11215
680	11216
681	11221
682	11222
683	11223
684	11224
685	11225
686	11226
687	11227
688	11228
689	11229
690	11232
691	11234
692	11235
693	11236
694	11238
695	11239
696	11240
697	11241
698	11243
699	11245
700	11247
701	11248
702	11250
703	11251
704	11253
705	11254
706	11255
707	11256
708	11257
709	8856
710	18652
711	18653
712	22118
713	23575
714	20516
715	33059
716	33060
717	33061
718	33062
719	15757
