1101	3806
1101	7404
1101	7483
1101	7495
1101	9218
1101	9939
1101	11182
1101	11183
1101	11185
1101	11187
1101	11188
1101	11189
1101	11190
1101	11193
1101	11196
1101	11198
1101	11203
1101	11204
1101	11205
1101	11207
1101	11210
1101	11212
1101	11214
1101	11215
1101	11216
1101	11221
1101	11222
1101	11223
1101	11224
1101	11225
1101	11226
1101	11227
1101	11228
1101	11229
1101	11232
1101	11234
1101	11235
1101	11236
1101	11238
1101	11239
1101	11240
1101	11241
1101	11243
1101	11245
1101	11247
1101	11248
1101	11250
1101	11251
1101	11253
1101	11254
1101	11255
1101	11256
1101	11257
8856	11245
11190	18652
11190	18653
11216	22118
11234	11235
11234	23575
11235	23575
11236	20516
11245	33059
11245	33060
11245	33061
11245	33062
11255	15757
18652	18653
33059	33060
33059	33061
33059	33062
33060	33061
33060	33062
33061	33062
