66	582
67	9223
68	9224
69	9225
70	9230
71	9235
72	9236
73	9237
74	9238
75	9239
76	9242
77	9244
78	9245
79	9247
80	9248
81	9250
82	9256
83	9258
84	9259
85	9263
86	9265
87	9266
88	9267
89	9268
90	9269
91	9273
92	9275
93	9280
94	9282
95	9283
96	9286
97	9287
98	9289
99	9290
100	9291
101	9292
102	9295
103	9296
104	9305
105	9308
106	9310
107	9316
108	9317
109	9319
110	9323
111	9326
112	9328
113	9329
114	9332
115	9333
116	9336
117	9340
118	9345
119	9347
120	9366
121	9370
122	9372
123	9375
124	9379
125	9381
126	32123
127	32124
128	32125
129	21679
