0	0
1	1
2	2
3	3
4	4
5	5
6	6
7	7
8	8
9	9
10	10
11	11
12	12
13	13
14	14
15	15
16	16
17	17
18	18
19	19
20	20
21	21
22	22
23	23
24	24
25	25
26	26
27	27
28	28
29	29
30	30
31	31
32	32
33	33
34	34
35	35
36	36
37	37
38	38
39	39
40	40
41	41
42	42
43	43
44	44
45	45
46	46
47	47
48	48
49	49
50	50
51	51
52	52
53	53
54	54
55	55
56	56
57	57
58	58
59	59
60	60
61	61
62	62
63	76
64	77
65	78
66	79
67	80
68	81
69	82
70	83
71	84
72	85
73	86
74	87
75	88
76	89
77	90
78	63
79	64
80	65
81	66
82	67
83	68
84	69
85	70
86	71
87	72
88	73
89	74
90	75
91	91
92	92
93	93
94	94
95	95
96	96
97	97
98	98
99	99
100	100
