0	1
0	2
0	3
0	4
0	5
0	6
0	7
0	8
0	9
0	10
0	11
0	12
0	13
0	14
0	15
0	16
0	17
0	18
0	19
0	20
0	21
0	22
0	23
0	24
0	25
0	26
0	27
0	28
0	29
0	30
0	31
0	32
0	33
0	34
0	35
0	36
0	37
0	38
0	39
0	40
0	41
0	42
0	43
0	44
0	45
0	46
0	47
0	48
0	49
0	50
1	47
1	51
1	52
1	53
1	54
1	55
4	14
4	25
14	25
14	34
14	35
34	35
51	52
51	56
51	57
51	58
51	59
52	60
52	61
52	62
53	54
53	55
53	63
53	64
53	65
53	66
53	67
53	68
53	69
53	70
53	71
53	72
53	73
53	74
53	75
53	76
53	77
54	55
56	57
56	58
56	59
56	78
56	79
56	80
56	81
56	82
56	83
56	84
57	58
58	59
60	61
60	85
60	86
60	87
62	88
62	89
78	79
78	80
78	81
78	82
78	90
79	82
79	83
79	90
80	81
80	82
80	84
81	82
81	84
82	83
85	86
85	87
85	91
85	92
85	93
86	87
63	64
63	65
63	66
64	65
64	66
68	69
68	70
69	70
75	94
75	95
75	96
91	92
91	97
91	98
91	99
94	95
94	96
95	96
97	98
97	99
97	100
98	99
