4023    8133
0	10
0	26
0	50
0	92
0	99
0	131
0	151
0	166
0	197
0	241
0	252
0	256
0	262
0	276
0	425
0	428
0	436
0	478
0	539
0	579
0	596
0	633
0	653
0	683
0	801
0	867
0	904
0	908
0	977
0	1116
0	1253
0	1285
0	1310
0	1381
0	1385
0	1490
0	1520
0	1529
0	1593
0	1610
0	1641
0	1729
0	1743
0	1752
0	1776
0	2008
0	2027
0	2049
0	2303
0	2315
0	2469
0	2499
0	2501
0	2584
0	2734
0	2790
0	2827
0	2926
0	2950
0	3032
0	3039
0	3097
0	3116
0	3184
0	3223
0	3256
0	3452
0	3483
0	3510
0	3706
0	3799
0	3825
0	3885
0	3919
0	3966
0	1
0	36
0	70
0	76
0	87
0	95
0	97
0	107
0	142
0	219
0	231
0	243
0	288
0	332
0	339
0	350
0	370
0	373
0	442
0	463
0	492
0	612
0	614
0	668
0	740
0	741
0	790
0	839
0	843
0	864
0	972
0	1002
0	1164
0	1374
0	1444
0	1450
0	1464
0	1549
0	1597
0	1644
0	1693
0	1767
0	1815
0	1921
0	1942
0	1950
0	1978
0	2161
0	2198
0	2307
0	2347
0	2349
0	2356
0	2361
0	2389
0	2418
0	2424
0	2428
0	2740
0	2744
0	2777
0	3065
0	3079
0	3117
0	3157
0	3372
0	3432
0	3446
0	3605
0	3685
0	3820
0	3852
0	3870
0	3896
0	3998
1	2
1	35
1	89
1	149
1	254
1	398
1	553
1	623
1	641
1	719
1	778
1	841
1	1008
1	1308
1	1401
1	1406
1	1591
1	1618
1	1773
1	1776
1	1820
1	1993
1	2089
1	2200
1	2204
1	2344
1	2372
1	2723
1	2855
1	2880
1	3193
1	3388
1	3399
1	3408
1	3418
1	3673
1	16
1	151
1	193
1	230
1	401
1	436
1	492
1	501
1	700
1	781
1	950
1	1072
1	1077
1	1185
1	1260
1	1369
1	1431
1	1488
1	1545
1	1594
1	2186
1	2299
1	2390
1	2731
1	2945
1	3011
1	3038
1	3052
1	3195
1	3531
1	3583
1	3820
1	4001
2	120
2	292
2	318
2	432
2	554
2	674
2	719
2	801
2	940
2	1176
2	1302
2	1596
2	2189
2	2566
2	2734
2	2806
2	2904
2	2968
2	3097
2	3519
2	3973
2	4021
2	27
2	40
2	46
2	64
2	71
2	72
2	161
2	319
2	358
2	428
2	521
2	556
2	650
2	789
2	909
2	1014
2	1373
2	1404
2	1458
2	1472
2	1624
2	1698
2	1808
2	1845
2	1877
2	1972
2	1985
2	2040
2	2076
2	2552
2	2777
2	2898
2	2900
2	3049
2	3459
2	3678
2	3774
2	4017
3	262
3	288
3	932
3	990
3	1148
3	1641
3	1943
3	2031
3	2209
3	2650
3	3687
3	3732
3	3873
3	3967
3	86
3	107
3	151
3	448
3	639
3	743
3	805
3	951
3	1464
3	1599
3	2459
3	2798
3	3119
3	3229
3	3613
3	3985
4	23
4	57
4	65
4	80
4	93
4	311
4	333
4	348
4	416
4	428
4	460
4	558
4	644
4	691
4	705
4	742
4	761
4	775
4	793
4	809
4	857
4	880
4	1414
4	1423
4	1485
4	1541
4	1789
4	1823
4	1828
4	1975
4	2182
4	2363
4	2452
4	2462
4	2514
4	2617
4	2709
4	2747
4	3196
4	3237
4	3266
4	3450
4	3595
4	8
4	33
4	35
4	88
4	293
4	328
4	388
4	650
4	780
4	985
4	1032
4	1134
4	1183
4	1331
4	1358
4	1621
4	1686
4	1869
4	2013
4	2025
4	2083
4	2357
4	2475
4	2520
4	2533
4	2595
4	2692
4	2887
4	2912
4	2918
4	3468
4	3829
5	5
5	524
5	599
5	621
5	626
5	2113
5	2173
5	2179
5	2714
5	2801
5	3124
5	3704
5	3965
5	3983
5	957
5	1008
5	1025
5	1096
5	1110
5	2142
5	2641
5	2761
5	2903
5	3287
5	3302
5	3380
5	3566
6	33
6	540
6	1078
6	1586
6	2276
6	2535
6	2761
6	2925
6	2971
6	3202
6	3354
6	3388
6	3532
6	107
6	550
6	603
6	794
6	836
6	908
6	1048
6	2272
6	2341
6	2417
6	3953
7	277
7	497
7	1195
7	1250
7	2714
7	3397
7	3989
7	17
7	305
7	326
7	462
7	908
7	2937
7	3071
7	3218
7	3432
7	3718
8	235
8	393
8	462
8	467
8	848
8	987
8	1490
8	1498
8	1530
8	1564
8	1612
8	1664
8	1960
8	2067
8	2332
8	2494
8	2635
8	2648
8	2793
8	3292
8	3546
8	3654
8	3710
8	3865
8	3937
8	34
8	230
8	251
8	372
8	395
8	530
8	553
8	808
8	1000
8	1021
8	1204
8	1217
8	1466
8	1528
8	1652
8	1716
8	1889
8	1892
8	1977
8	1986
8	2041
8	2141
8	2363
8	2439
8	2539
8	2679
8	2819
8	2828
8	3402
8	3454
8	3626
9	32
9	630
9	794
9	1285
9	1696
9	1791
9	2252
9	2363
9	2531
9	2677
9	3195
9	3203
9	3858
9	122
9	450
9	573
9	802
9	999
9	1302
9	1673
9	1699
9	1957
9	3590
10	152
10	343
10	636
10	657
10	936
10	1084
10	1109
10	1146
10	1190
10	1210
10	1936
10	2164
10	2378
10	2695
10	2729
10	3041
10	3321
10	3355
10	23
10	34
10	323
10	353
10	488
10	540
10	597
10	1065
10	1389
10	1391
10	1566
10	1610
10	2559
10	2628
10	2884
10	2954
10	3808
10	4003
11	1404
11	3038
11	246
11	283
11	286
11	921
11	1202
11	1225
11	1405
11	3004
11	3370
11	3479
12	152
12	182
12	641
12	1373
12	1507
12	1788
12	2390
12	2519
12	2525
12	2576
12	2845
12	3187
12	3935
12	279
12	466
12	541
12	793
12	850
12	1038
12	1130
12	1530
12	1601
12	1638
12	1844
12	1965
12	2043
12	2208
12	2386
12	3038
12	3613
13	120
13	969
13	2023
13	3159
13	332
13	424
13	1214
13	2186
14	370
14	995
14	1747
14	2252
14	2586
14	206
14	518
14	759
14	1504
14	2673
15	382
15	620
15	2961
15	3553
16	45
16	77
16	93
16	161
16	231
16	298
16	350
16	357
16	420
16	479
16	521
16	717
16	933
16	1315
16	1549
16	1560
16	1562
16	1612
16	1697
16	1795
16	1848
16	1849
16	2098
16	2196
16	2274
16	2364
16	2580
16	2726
16	3004
16	3005
16	3283
16	3431
16	3440
16	3491
16	3526
16	3972
16	41
16	64
16	262
16	570
16	908
16	916
16	920
16	1011
16	1095
16	1126
16	1187
16	1404
16	1604
16	1653
16	1662
16	1862
16	1926
16	2281
16	2283
16	2394
16	2590
16	2747
16	2806
16	2933
16	3217
16	3281
16	3407
16	3416
16	3580
16	3751
16	3842
16	3948
17	65
17	319
17	464
17	542
17	725
17	1623
17	2003
17	2191
17	2202
17	2449
17	2481
17	2483
17	3129
17	3195
17	3547
17	3895
17	34
17	428
17	438
17	620
17	894
17	1019
17	1422
17	1434
17	1494
17	1510
17	1694
17	2047
17	2068
17	2124
17	2543
17	2918
17	3490
17	3539
18	120
18	862
18	915
18	1355
18	1432
18	1696
18	1791
18	1999
18	2064
18	2580
18	2862
18	93
18	163
18	234
18	244
18	262
18	427
18	464
18	839
18	952
18	1091
18	1373
18	1563
18	1724
18	2370
18	2798
18	2843
18	3230
18	3504
18	3568
19	779
19	801
19	1562
19	1938
19	2099
19	3146
19	3303
19	3997
19	207
19	292
19	419
19	1285
19	1787
19	2102
20	32
20	122
20	600
20	777
20	843
20	845
20	865
20	1830
20	2048
20	2377
20	3356
20	3681
20	31
20	94
20	348
20	468
20	663
20	705
20	1084
20	1220
20	1301
20	1308
20	1810
20	1967
20	2716
20	2962
20	2965
20	3384
20	3451
21	663
21	1090
21	1420
21	3362
21	3901
21	864
21	922
21	1489
21	3096
22	399
22	429
22	475
22	878
22	2099
22	3480
22	173
22	391
22	808
22	1466
22	1872
22	3166
22	3689
23	1057
23	2419
23	2650
23	2963
23	433
23	721
23	1965
23	2092
24	94
24	195
24	782
24	795
24	935
24	1444
24	1851
24	1950
24	2123
24	3484
24	3619
24	3637
24	3693
24	3695
24	3900
24	3913
24	65
24	375
24	498
24	589
24	716
24	837
24	1404
24	1604
24	1872
24	2476
24	2633
24	3097
24	3722
25	70
25	151
25	318
25	497
25	835
25	1373
25	2613
25	2981
25	3440
25	3547
25	3571
25	3909
25	1614
25	1697
25	1699
25	2361
25	2883
25	3613
25	3991
26	211
26	433
26	1377
26	1424
26	1598
26	1694
26	2626
26	3775
26	3981
26	36
26	69
26	476
26	720
26	779
26	935
26	1024
26	1725
26	2920
26	3489
27	770
27	2064
27	2833
27	179
27	2636
27	3325
28	371
28	882
28	1507
28	1643
28	1999
28	2392
28	2544
28	2956
28	3603
28	349
28	1504
28	2212
28	2474
28	2558
28	2718
28	3135
28	3212
29	1375
29	1724
30	48
30	1373
30	2180
31	1100
31	2420
31	951
31	3444
32	136
32	363
32	382
32	433
32	645
32	758
32	803
32	888
32	891
32	1056
32	1339
32	1343
32	1403
32	1452
32	1573
32	1642
32	1972
32	1977
32	2099
32	2177
32	2188
32	2533
32	2549
32	2725
32	2872
32	2971
32	3014
32	3022
32	3107
32	3251
32	3263
32	3286
32	3295
32	3582
32	3817
32	3927
32	68
32	250
32	348
32	355
32	411
32	430
32	435
32	453
32	465
32	501
32	732
32	835
32	1024
32	1178
32	1285
32	1703
32	1714
32	1752
32	1787
32	2051
32	2208
32	2367
32	2419
32	2486
32	2507
32	2558
32	2720
32	2906
32	2935
32	3002
32	3387
32	3421
32	3773
32	3841
32	3926
32	3942
32	3986
32	4011
33	36
33	42
33	71
33	306
33	391
33	392
33	438
33	515
33	768
33	851
33	993
33	1219
33	1715
33	2417
33	2425
33	2717
33	2769
33	3515
33	3613
33	341
33	557
33	639
33	888
33	892
33	1216
33	1374
33	1679
33	1972
33	2317
33	2586
33	3041
33	3145
33	3371
34	263
34	391
34	541
34	778
34	793
34	1039
34	1269
34	1420
34	1525
34	2714
34	3242
34	3354
34	4022
34	63
34	120
34	238
34	252
34	289
34	364
34	485
34	556
34	566
34	897
34	1125
34	1377
34	1779
34	1972
34	2120
34	2385
34	3774
35	355
35	777
35	2316
35	3768
35	360
35	401
35	685
35	1324
35	2879
35	3284
35	3482
35	3630
36	278
36	408
36	1570
36	3037
36	3772
36	3878
36	99
36	232
36	455
36	721
36	779
36	971
36	1397
36	1454
36	1950
36	2267
36	2342
36	2479
36	2934
36	2949
37	277
37	3529
37	260
37	616
37	1125
37	1219
37	1934
37	1957
37	2355
38	782
38	2041
38	2339
38	2409
38	2955
38	3880
38	101
38	719
38	1321
38	1954
38	3370
38	3704
38	3705
39	1081
39	1227
39	2663
39	981
39	2676
40	393
40	541
40	781
40	1037
40	1127
40	1258
40	1540
40	1613
40	1966
40	2273
40	2322
40	2423
40	2482
40	2806
40	3093
40	3536
40	3744
40	3910
40	444
40	489
40	546
40	777
40	1912
40	1994
40	2235
40	2558
40	2645
40	3111
40	3544
41	510
41	1643
41	2465
41	67
41	555
41	947
41	1473
41	1950
41	1952
41	2434
42	83
42	1298
42	1827
42	3182
42	107
42	444
42	460
42	1318
42	2342
42	3275
42	3509
42	3696
43	136
43	395
43	2445
43	2944
44	231
44	444
44	839
44	2385
44	3785
44	2771
44	3575
44	3902
44	3936
45	555
45	777
45	719
45	2427
46	3443
46	835
46	2532
47	472
47	1393
47	2099
48	124
48	490
48	842
48	1136
48	1176
48	1300
48	1860
48	1966
48	2063
48	2101
48	2301
48	2803
48	2896
48	3355
48	3458
48	169
48	783
48	937
48	1304
48	1574
48	1709
48	1847
48	2040
48	2144
48	2836
48	2837
49	64
49	230
49	430
49	729
49	3889
49	183
49	2102
49	3417
49	3488
49	3608
50	124
50	151
50	545
50	1345
50	1652
50	2328
50	3004
50	3217
50	3709
50	262
50	1373
50	1534
50	1535
50	2304
50	2525
50	3509
51	2369
51	3757
51	785
51	1731
51	1797
51	1951
51	2147
51	2558
51	3492
52	73
52	120
52	123
52	392
52	563
52	846
52	1347
52	1564
52	2361
52	63
52	65
52	1951
52	2366
52	2402
52	2527
52	3161
52	3442
52	3752
52	3979
53	236
53	938
53	1586
53	1004
54	777
54	1130
54	3778
54	2263
54	2714
54	3152
55	64
55	428
56	160
56	1684
56	2582
56	778
56	1039
56	1433
56	2254
56	3593
56	3875
57	3068
58	1216
58	1373
58	1390
58	2110
58	3221
59	696
59	1373
59	1916
60	64
60	1618
61	778
61	3157
62	1562
62	2586
63	93
63	152
63	159
63	349
63	373
63	385
63	428
63	792
63	884
63	891
63	897
63	922
63	1128
63	1236
63	1261
63	1579
63	1693
63	2216
63	2217
63	2379
63	2380
63	2393
63	2558
63	2607
63	2877
63	2895
63	3020
63	3104
63	3268
63	75
63	357
63	364
63	375
63	544
63	562
63	577
63	680
63	685
63	748
63	785
63	808
63	1061
63	1147
63	1726
63	2102
63	2129
63	2295
63	2362
63	2465
63	2586
63	2729
63	2823
63	2869
63	2919
63	3156
63	3219
63	3354
63	3365
63	3524
63	3647
63	3853
63	3855
63	3876
64	81
64	262
64	472
64	659
64	777
64	795
64	1458
64	1480
64	2208
64	2641
64	2714
64	2729
64	2973
64	3584
64	285
64	353
64	450
64	576
64	801
64	1881
64	2469
64	2504
64	2558
64	2654
64	2874
64	3063
64	3260
64	3645
65	136
65	349
65	1220
65	1698
65	1787
65	2396
65	2660
65	3358
65	475
65	613
65	781
65	816
65	1023
65	1134
65	1248
65	1321
65	1432
65	1503
65	2181
65	2505
65	2538
65	2826
65	2880
65	3314
66	3456
66	474
66	1286
66	1376
66	1385
66	1562
66	2596
66	3130
66	3522
66	3710
67	122
67	808
67	1014
67	1338
67	1431
67	1609
67	1654
67	2179
67	2266
67	2362
67	2378
67	2393
67	3418
67	258
67	778
67	793
67	1090
67	1183
67	1212
67	1218
67	1487
67	1641
67	1709
67	2299
67	2466
67	2898
67	2981
68	436
68	2517
68	1354
68	1742
68	2372
68	2399
68	2602
68	3538
69	1159
69	2733
69	3707
69	121
69	802
69	1670
69	1855
69	3104
69	3995
70	794
70	1720
70	1871
70	2398
70	91
70	1900
70	2246
70	2406
71	376
71	468
71	586
71	749
71	1479
71	1578
71	2014
71	2099
71	2296
71	2310
71	2361
71	2395
71	2730
71	3211
71	3376
71	3492
71	120
71	348
71	429
71	434
71	559
71	796
71	1027
71	1313
71	1473
71	1564
71	1726
71	1787
71	1862
71	1865
71	2111
71	2999
72	93
72	444
72	639
72	215
72	240
72	897
72	1459
72	1594
72	1978
72	2309
72	2918
72	3127
73	428
73	1338
73	1969
73	2368
73	2740
73	2982
73	3108
73	3508
73	3722
73	3775
73	673
73	781
73	1769
74	304
74	1013
74	1099
74	1878
75	547
75	1452
75	1788
75	2408
75	3508
75	733
75	779
75	3394
75	3716
76	468
76	1958
76	2432
76	782
76	1043
76	1693
76	3251
77	357
77	556
77	921
77	1849
77	3049
77	2739
77	3341
78	2390
78	2253
78	2759
79	160
79	341
79	667
79	811
79	1153
79	1277
79	1445
79	1592
79	1599
79	1918
79	1961
79	2064
79	2394
79	2425
79	2483
79	2808
79	3002
79	3126
79	3563
79	3708
79	3916
79	577
79	1160
79	1244
79	1337
79	1375
79	1641
79	2068
79	2381
79	2717
79	2802
79	3056
79	3289
79	3357
79	3454
79	3720
80	685
80	818
80	1017
80	2970
80	3795
80	3977
80	1072
80	1406
80	1732
80	2759
80	2942
80	3370
81	3105
81	3375
81	3642
81	4005
81	639
81	1724
81	2324
81	2370
82	375
82	1734
82	1783
82	3362
82	3860
82	573
83	95
83	445
83	815
83	2048
83	2092
83	2370
83	2465
83	3386
83	3635
83	787
83	1849
83	2475
83	2645
84	2414
85	662
85	242
85	777
85	1390
86	2121
87	125
87	262
87	446
87	1409
87	3386
87	886
87	955
87	973
87	1563
87	1583
87	1923
87	2103
87	2369
87	2574
87	3626
88	570
88	868
88	1852
89	597
89	1697
89	907
89	1950
89	2280
89	2859
89	3352
89	3440
90	719
90	3615
90	2640
91	120
93	986
93	1027
93	1224
93	2377
93	2805
93	3001
93	243
93	843
93	1100
93	1182
93	1497
93	2415
93	2468
93	2626
93	2751
93	3110
93	3362
93	3408
93	3415
93	3762
94	1481
94	1695
94	1712
94	2390
94	3442
94	144
94	384
94	385
94	438
94	809
94	835
94	969
94	980
94	1308
94	3159
94	3297
94	3694
95	822
95	1793
95	2103
95	2962
95	3676
95	3839
95	3940
95	105
95	230
95	719
95	888
95	1493
95	1834
95	4013
96	1397
96	2540
97	801
97	1857
97	1924
97	2260
97	3052
97	3212
97	3354
97	3418
97	906
97	985
97	1391
97	2380
97	2766
97	3039
97	3067
98	231
98	1977
98	130
99	2137
99	2858
99	1390
99	1431
99	1855
100	1633
100	1799
101	2044
101	3441
101	3772
101	3786
101	122
101	779
101	2586
101	3360
101	3581
102	892
102	2564
102	2743
102	428
102	1374
102	1379
102	2586
102	3059
102	3808
103	2234
103	2320
103	2483
103	2510
103	247
103	1389
103	1579
103	2200
103	2562
103	2871
103	3313
104	1604
104	782
104	2265
104	3421
105	2873
105	3716
105	939
105	3618
106	1129
106	1375
106	2601
106	3170
106	3379
106	1910
107	461
107	682
107	712
107	2959
107	394
107	641
107	1329
108	1294
108	2369
109	881
109	839
109	1153
109	1986
110	2673
111	1235
111	2680
111	138
112	1023
112	3755
112	2371
113	2189
114	3618
114	1287
115	1277
115	1564
115	2393
115	3102
115	812
115	2586
115	2649
115	3401
116	2691
116	1791
116	3179
117	2718
117	2960
117	1431
117	2986
118	3408
118	2981
119	1645
120	167
120	444
120	450
120	486
120	778
120	817
120	970
120	1171
120	1406
120	1526
120	1596
120	1695
120	1748
120	1756
120	1902
120	2036
120	2197
120	2371
120	2382
120	2568
120	2644
120	2722
120	2780
120	2984
120	3028
120	3195
120	3349
120	3429
120	3660
120	3994
120	3999
120	241
120	254
120	435
120	521
120	630
120	685
120	702
120	777
120	818
120	977
120	1024
120	1301
120	1327
120	1421
120	1473
120	1543
120	1754
120	1819
120	1871
120	1873
120	1879
120	2290
120	2361
120	2437
120	2720
120	2776
120	2908
120	2952
120	3098
120	3143
120	3199
120	3288
120	3355
120	3886
120	3914
121	270
121	737
121	854
121	932
121	1709
121	2197
121	2216
121	2409
121	3004
121	3103
121	3508
121	3818
121	942
121	969
121	1015
121	1379
121	1553
121	1570
121	1715
121	1979
121	2664
121	2719
121	3023
121	3789
121	3800
122	230
122	475
122	495
122	662
122	2024
122	2217
122	2364
122	2384
122	2673
122	2750
122	3200
122	3296
122	3397
122	240
122	251
122	263
122	835
122	1386
122	1389
122	1527
122	1589
122	1877
122	2381
122	3114
123	777
123	989
123	1204
123	1897
123	2390
123	843
123	2652
123	2747
123	3731
124	593
124	1420
124	1631
124	1990
124	2209
124	2750
124	2759
124	2990
124	3037
124	3384
124	3386
124	3542
124	3626
124	3738
124	3971
124	460
124	637
124	801
124	863
124	1055
124	1066
124	1200
124	1709
124	1968
124	2363
124	2427
124	3351
124	3727
125	1176
125	1397
125	1633
125	2101
125	3000
125	1170
125	2050
125	2495
125	3619
125	3628
125	3757
126	2729
126	3176
126	3717
126	438
126	499
126	793
126	2002
126	2314
126	2390
126	3139
126	3363
126	3742
127	1291
127	1925
127	1969
127	460
127	880
127	1191
127	1416
128	263
128	801
128	1077
128	2008
128	2100
128	2382
128	2578
128	2586
128	2720
128	2772
128	2858
128	3268
128	3514
128	3741
128	3782
128	3875
128	3945
128	3954
128	823
128	869
128	1695
128	1700
128	1783
128	1880
128	1954
128	2391
128	2774
128	3072
128	3508
128	3525
128	3951
129	464
129	851
129	1051
129	1950
129	2405
129	2896
129	3332
129	4020
129	474
129	2235
130	1592
130	2265
130	2361
130	2688
130	2716
130	3706
130	3792
130	775
130	826
130	1374
130	2010
130	2197
130	2417
130	2800
130	2965
130	3354
131	1344
131	1393
131	2259
131	3543
131	781
131	1390
131	3001
132	1389
132	1505
132	1737
132	2118
132	2433
132	3183
132	3203
132	3749
132	708
132	1919
132	2285
132	2377
133	3376
133	1375
133	1958
133	2847
134	1431
134	3790
134	3908
134	3934
134	278
134	970
134	2448
135	2714
135	3838
135	1373
135	2131
136	519
136	665
136	1129
136	1162
136	1604
136	1724
136	1745
136	2373
136	2391
136	2562
136	3209
136	3871
136	4007
136	544
136	781
136	1394
136	1693
136	2446
136	2543
136	2954
136	3818
137	780
137	470
137	791
137	969
137	1277
137	1297
137	1859
137	2127
137	3438
137	3955
138	777
138	1527
138	2780
138	246
138	839
138	1609
138	1721
138	1771
139	550
139	2896
139	2391
140	169
140	662
140	843
140	1572
140	2364
140	692
140	836
140	1732
140	1787
140	2860
140	3707
140	3903
141	2714
141	2760
141	641
142	299
142	1000
142	1446
142	2418
142	3226
143	697
143	1977
143	1981
144	478
144	812
144	880
144	984
144	2361
144	3358
144	3800
144	678
144	710
144	2196
144	2562
144	3408
144	3808
145	476
145	485
145	713
145	2099
145	2986
145	3014
145	3546
146	969
146	1328
146	2325
146	3371
146	1180
147	643
147	1750
147	1695
147	3665
148	1592
148	2716
148	3324
150	1309
150	233
151	234
151	316
151	357
151	781
151	888
151	1277
151	1365
151	1395
151	1612
151	1747
151	2216
151	556
151	597
151	977
151	1103
151	1289
151	1951
151	2040
151	2324
151	2378
151	3187
152	517
152	1433
152	2763
152	2915
152	639
152	750
152	1058
152	1439
152	3826
153	933
153	1450
153	1608
153	2384
153	2425
153	509
153	2558
153	2899
153	3343
154	230
154	258
154	1373
154	1385
154	2238
155	1571
155	1762
155	1888
155	2201
155	2723
155	246
155	262
155	648
155	2005
155	2435
155	3621
155	3716
155	3777
156	2365
156	3407
156	3012
157	1586
157	1968
157	2184
157	2367
157	187
157	705
157	778
158	308
158	1373
158	985
159	446
159	1251
159	3636
159	3743
159	3808
159	3939
159	230
159	236
159	1391
159	1627
159	1852
159	2202
159	2719
160	799
160	2007
160	2443
160	3100
160	3187
160	3197
160	1758
160	3778
160	3886
161	428
161	781
161	2034
161	2406
162	1720
163	971
163	1967
163	3653
164	1848
164	3287
164	3014
165	3109
166	785
166	1616
166	2241
166	2365
166	1183
166	1216
166	1956
166	3511
166	3547
167	783
167	835
167	2338
167	3006
167	185
167	1212
167	3132
167	3735
168	1216
168	2421
168	2440
168	2896
168	428
168	1725
168	1772
168	3141
169	719
169	2361
169	3509
169	3635
170	656
170	3239
170	1008
170	1434
170	1850
170	1950
170	2560
170	2617
171	1002
171	3386
172	289
172	497
172	3879
172	3978
173	762
173	1491
173	2520
173	3938
173	1379
174	886
175	288
175	974
175	3613
176	555
176	971
176	179
176	2982
177	3668
177	3807
177	2650
178	1610
179	441
179	461
179	1012
179	1141
179	1166
179	1382
179	1478
179	2361
179	2731
179	2746
179	2877
179	3450
179	3706
179	825
179	1602
179	1745
179	2078
179	2232
179	2770
179	2957
179	3420
179	3534
180	616
180	1140
180	1319
180	1693
180	2381
180	2917
180	2972
180	3133
180	246
180	1219
180	1629
180	2586
181	263
181	436
181	1425
181	2261
181	2604
181	2718
181	3675
181	3953
181	690
181	1562
181	2143
181	2361
181	2501
182	304
182	1004
182	1905
182	3206
182	3384
182	497
182	1693
182	1733
183	235
183	263
183	810
183	2575
183	2595
183	3692
183	428
183	438
183	595
183	2714
183	3315
183	3354
184	1695
184	635
184	2926
185	938
185	1693
185	487
185	816
185	1593
185	2382
185	3721
186	793
186	2384
186	3360
187	781
187	1373
187	1973
187	2730
187	3784
187	436
187	810
187	1771
187	2309
187	2379
187	3190
188	1378
188	1143
188	2363
188	2949
188	2976
189	1615
189	2954
189	448
189	794
189	1167
189	3217
190	1693
190	1507
191	641
191	1850
191	795
191	1003
191	1144
191	1559
191	3806
192	3628
193	540
193	2378
194	2440
195	810
195	977
195	1858
195	2302
195	239
195	493
195	662
195	786
195	1566
195	1578
195	2376
195	3333
196	1439
196	2495
196	2674
196	638
196	1038
196	1569
196	2361
196	3197
197	3295
197	480
197	1705
197	3427
198	3518
198	2023
199	853
199	1694
199	3795
199	291
199	1008
200	2924
201	1219
201	3356
202	973
202	1426
202	3774
202	2223
202	3895
203	1383
203	2040
204	1562
205	1133
206	785
206	1505
206	2428
206	3620
206	428
206	645
206	970
206	2108
206	2721
206	2905
206	2981
207	2373
207	460
207	1938
207	2175
207	3634
208	2613
208	429
208	1438
208	1959
209	3626
210	755
210	908
210	1097
210	1390
210	2325
210	2196
211	435
211	2361
211	690
211	1375
212	3019
212	3515
213	3362
213	683
214	256
214	431
214	1214
214	1364
215	779
215	279
215	1890
216	1308
216	985
216	1381
217	1125
218	1126
219	1952
219	3810
220	588
220	1578
221	432
221	1386
222	2580
223	1962
223	793
223	3354
224	3155
224	3096
225	1652
226	1452
227	1564
227	3360
227	2981
228	2799
229	2363
230	683
230	724
230	836
230	883
230	1169
230	1389
230	1457
230	1478
230	1505
230	1723
230	1787
230	2009
230	2058
230	2069
230	2275
230	2381
230	3187
230	3483
230	3659
230	232
230	246
230	263
230	430
230	454
230	544
230	575
230	693
230	785
230	908
230	969
230	972
230	1101
230	1184
230	1221
230	1442
230	1459
230	1513
230	1558
230	1709
230	1717
230	1741
230	1771
230	1963
230	2002
230	2394
230	2417
230	2611
230	2735
230	2857
230	2999
230	3025
230	3202
230	3235
230	3236
230	3279
230	3282
230	3387
230	3467
230	3697
230	3935
231	286
231	436
231	437
231	777
231	902
231	1026
231	1255
231	2521
231	2845
231	573
231	932
231	1354
231	1391
231	1423
231	1489
231	1695
231	1991
231	2029
231	2376
231	2541
231	3014
232	1082
232	1180
232	1798
232	1948
232	2070
232	2463
232	3276
232	3441
232	3456
232	3484
232	448
232	467
232	880
232	957
232	1373
232	1477
232	1894
232	1958
232	1969
232	2378
232	2501
232	2749
232	2896
232	2916
232	2986
232	3534
232	3636
233	302
233	789
233	1389
233	1459
233	2486
233	2818
233	847
233	2429
233	2591
233	3056
234	460
234	497
234	794
234	1366
234	1381
234	1478
234	1738
234	1750
234	2467
234	2538
234	2592
234	2617
234	3033
234	3291
234	3492
234	3500
234	3846
234	3877
234	423
234	439
234	540
234	577
234	918
234	967
234	1051
234	1177
234	1254
234	1391
234	1551
234	2005
234	2013
234	2073
234	2435
234	2464
234	3000
235	1207
235	1711
235	1764
235	2716
235	3760
235	3809
235	537
235	956
235	1920
235	2236
236	475
236	531
236	2673
236	3064
236	3789
236	436
236	2567
236	2811
237	460
237	2398
237	2452
237	3358
237	3437
237	2390
238	472
238	650
238	780
238	822
238	875
238	1147
238	1182
238	1449
238	1528
238	2081
238	2131
238	3203
238	536
238	611
238	1373
238	1689
238	2156
238	2229
238	2379
238	2390
238	2465
238	2753
238	2829
238	3249
238	3265
238	3440
238	3447
238	3611
238	3848
238	3856
238	3928
239	785
239	1176
239	1373
239	2069
239	2782
239	2956
239	3255
239	271
239	1271
239	1475
239	2691
239	3770
240	864
240	1126
240	1189
240	1698
240	1819
240	2062
240	812
240	1959
240	2717
240	3398
241	921
241	3354
241	3429
241	2553
242	555
242	1458
242	1612
242	1984
242	2995
242	3142
242	3191
242	476
242	873
242	1610
242	3354
242	3482
242	3806
243	828
243	2465
243	434
243	3668
244	468
245	1966
246	541
246	620
246	638
246	651
246	797
246	1275
246	1346
246	1420
246	1562
246	1736
246	1774
246	1778
246	2361
246	2469
246	3427
246	3444
246	544
246	580
246	866
246	1035
246	1843
246	2363
246	2386
246	2812
246	3453
247	2141
247	2200
247	2765
247	3273
247	440
247	597
247	908
247	1614
247	1848
247	2267
247	2757
247	3499
248	1134
248	3358
248	3361
248	540
248	870
248	1139
248	1178
248	3247
249	3693
249	1627
250	288
250	428
250	533
250	2433
250	2617
250	3455
250	817
250	2287
250	3187
250	3251
251	1125
251	2084
251	3863
252	808
252	1094
252	3836
252	2760
253	1752
254	488
254	880
254	433
254	597
254	1564
254	3151
255	1204
255	1630
255	2222
255	3852
255	2067
256	809
256	778
256	2361
256	3192
256	3237
257	951
257	2299
257	2759
258	2282
258	2858
259	3834
259	540
259	1979
259	2121
260	1745
261	435
262	428
262	818
262	863
262	1441
262	2019
262	2097
262	2615
262	3020
262	3485
262	3598
262	3668
262	452
262	473
262	502
262	527
262	581
262	793
262	1131
262	1137
262	1373
262	1489
262	1700
262	1804
262	2037
262	2881
262	3238
262	3679
262	3946
263	392
263	546
263	875
263	1750
263	2289
263	3850
263	3864
263	460
263	549
263	2020
263	3193
264	1127
264	2352
264	2365
264	3205
264	607
264	801
264	939
264	1951
264	2714
265	1404
265	1649
265	1713
265	3980
265	1143
266	440
266	663
266	1790
266	2055
266	2062
266	3362
266	3653
266	864
266	969
266	1258
266	1478
266	3484
266	4015
267	951
267	1562
268	802
268	487
268	644
268	1332
268	2079
268	3481
269	1574
269	3623
269	3809
270	436
270	849
270	965
270	2435
270	429
270	496
270	635
270	1133
270	2233
270	2260
270	2447
270	2474
270	3560
271	2066
271	2088
271	2554
271	3460
271	3808
271	1791
272	844
272	1693
272	2739
272	3934
272	2473
272	2948
273	1431
273	2390
274	2434
274	2726
274	884
274	932
274	2027
274	3096
275	1451
276	1899
276	3179
277	672
277	2434
277	2729
277	1249
277	2202
277	2204
277	2422
277	2855
278	3835
278	603
278	2485
279	1376
279	1445
279	2034
279	2398
280	2517
281	1781
281	3537
281	3816
281	2623
281	3362
281	3830
282	957
283	849
283	3005
283	3355
283	3614
283	730
283	1447
283	2237
284	650
285	2365
285	3770
287	1578
288	600
288	778
288	821
288	993
288	1439
288	1479
288	1811
288	2801
288	3288
288	3348
288	3435
288	3799
288	3801
288	3878
288	652
288	722
288	790
288	1223
288	1404
288	1465
288	1502
288	1573
288	1580
288	2495
288	2718
288	3356
289	904
289	1439
289	3078
289	3241
289	3370
289	3372
289	871
289	1693
289	3274
290	1523
290	1571
290	665
290	891
290	895
290	2196
290	2373
290	2833
291	440
291	1373
291	1492
291	2474
291	3786
292	355
292	788
292	880
292	918
292	1010
292	1375
292	1381
292	1909
292	1968
292	2795
292	3757
292	460
292	914
292	2494
292	3478
292	3661
292	3770
293	1389
293	2285
293	2954
293	3334
293	2994
293	3225
293	3307
294	304
294	808
294	816
294	1170
295	1522
295	2554
296	684
296	1237
296	1428
296	1820
296	1970
296	2391
296	3391
296	460
296	472
296	1225
296	1373
296	1391
296	1424
296	1839
296	3836
297	3013
297	3220
297	1015
297	1965
297	2028
297	2746
298	540
298	839
298	842
298	1492
298	1971
299	430
299	1604
299	2395
299	491
299	570
299	2229
300	3372
300	3763
300	4006
301	1648
301	2481
301	3502
302	3139
302	880
302	2662
303	445
303	1516
304	1252
304	1486
304	2968
304	2982
304	642
304	1809
304	2345
304	2462
304	3448
304	3725
305	2405
305	2447
305	3774
305	665
305	1778
305	3007
306	2219
306	2369
306	428
306	2145
306	2465
306	2517
306	2803
306	3722
306	3918
307	3251
308	445
308	2391
308	3213
308	3803
309	1452
309	1373
310	2715
310	2403
311	1483
311	2498
312	2562
312	3671
312	432
313	641
313	1697
314	2103
314	3452
314	429
315	2733
316	2362
317	1986
318	894
318	1038
318	2158
318	3842
318	1341
318	2473
318	3635
318	3975
319	1233
319	429
319	1533
319	1855
319	2318
319	2362
319	2835
319	3360
320	431
320	2844
320	3872
320	896
320	1141
321	783
321	2844
322	1382
322	1789
322	3081
322	567
322	2361
322	2377
322	2469
323	2756
323	2533
324	2740
324	1431
324	2083
325	3770
326	901
326	2471
326	3194
326	1407
326	2070
327	3619
327	1401
327	1982
327	3359
328	3668
329	2361
329	2372
330	1492
331	2493
333	3117
334	3254
334	1859
335	777
335	2798
336	785
337	3259
338	431
338	391
338	2561
340	430
341	476
341	548
341	1074
341	1182
341	1192
341	1246
341	2392
341	2899
341	3010
341	777
341	895
341	1167
341	1383
341	2137
341	2799
341	3101
342	487
342	814
342	1208
342	1385
342	1896
342	2027
342	3362
342	540
342	862
342	1389
342	2716
342	2967
342	3648
343	429
343	1810
343	3054
343	3140
343	3803
343	3893
343	1312
343	1420
343	1759
343	2824
343	2862
344	966
344	465
344	779
344	880
344	2365
345	364
345	864
345	1980
345	3455
345	1978
345	2284
345	2369
346	1566
346	1711
346	2228
346	3770
346	824
346	847
346	1433
346	1930
346	1989
346	2271
347	1148
347	1740
347	2385
347	3299
347	3418
347	836
347	2777
348	778
349	777
349	2016
349	2423
349	2425
349	2626
349	3188
349	3652
349	504
349	610
349	699
349	779
349	1293
349	1437
349	1991
349	2410
349	3289
349	3693
350	2964
350	857
350	2394
350	2829
351	1998
351	3308
352	3521
353	1571
353	853
353	1393
354	1445
355	490
355	2955
355	1803
356	2743
357	1566
357	2779
357	3485
357	1511
357	2966
358	1477
358	2226
358	2375
358	3050
358	2788
359	1575
359	2478
360	2517
361	952
361	2417
361	3614
362	2402
362	3399
362	1439
362	2049
362	2757
363	1752
364	428
364	1378
364	2363
364	491
364	2197
364	2362
365	3878
365	2760
366	2981
367	1376
368	1129
369	914
369	1857
369	2958
369	441
369	511
369	1997
369	2471
369	3657
370	1387
370	995
371	432
371	1133
371	2549
371	457
371	2365
371	2729
372	779
372	843
372	1134
372	1401
372	3586
373	1439
373	1967
374	1884
374	2059
375	428
375	1181
375	1787
375	782
375	795
375	808
375	883
375	2714
375	3776
376	793
376	3109
377	1408
377	3017
377	3449
378	448
379	2388
379	778
380	1960
381	2361
382	1964
382	2954
382	3367
382	635
382	3726
383	3770
383	3310
385	3410
386	2759
387	2423
389	1596
390	1477
391	868
391	1399
391	1477
391	1706
391	2213
391	2305
391	3301
391	3601
391	3635
391	3951
391	489
391	1126
391	2415
391	2722
391	2809
391	3372
392	643
392	855
392	2394
392	2533
392	555
392	749
392	2560
392	2739
393	3432
393	1952
393	3322
394	3358
395	777
395	1771
395	497
395	911
395	2406
396	2260
396	1281
397	777
398	781
398	2362
398	3988
399	1952
399	3354
400	1389
401	445
402	3188
402	2734
403	801
404	428
405	452
405	783
405	1926
405	2269
405	1956
406	648
406	1382
406	2299
406	4006
407	1077
407	3059
407	3884
408	1632
409	444
409	1955
410	549
410	843
410	1950
410	2742
412	2954
413	1856
413	524
414	1973
415	518
416	1125
416	1390
416	429
416	3783
416	3853
417	1381
417	1145
418	1134
418	1734
418	3374
419	571
419	777
419	1385
420	1374
421	2366
421	2469
422	797
424	2418
424	1683
426	3771
427	3018
428	455
428	791
428	880
428	1129
428	1247
428	1373
428	1385
428	1487
428	1567
428	1686
428	1950
428	2001
428	2092
428	2369
428	2422
428	2520
428	2704
428	3055
428	3179
428	3261
428	3357
428	3379
428	779
428	795
428	847
428	932
428	974
428	1564
428	1805
428	2132
428	2278
428	2362
428	2399
428	2437
428	2510
428	2558
428	2680
428	2815
428	2975
428	3097
428	3157
428	3353
428	3436
429	985
429	1210
429	1300
429	1458
429	1571
429	1596
429	1870
429	2110
429	2770
429	2924
429	3606
429	3772
429	877
429	928
429	971
429	1069
429	1677
429	1977
429	2007
429	2681
429	2972
430	793
430	872
430	888
430	908
430	1653
430	1756
430	2208
430	2417
430	2618
430	2723
430	585
430	981
430	1440
430	1495
430	1852
430	2452
430	3149
430	3161
430	3310
430	3501
430	3793
431	1008
431	1295
431	1673
431	1823
431	1958
431	2131
431	2417
431	2436
431	2460
431	2673
431	2701
431	434
431	876
431	923
431	2176
431	2294
431	2362
432	795
432	1420
432	2242
432	2590
432	2715
432	3075
432	3613
432	3771
432	3875
432	793
432	808
432	816
432	930
432	1332
432	1339
432	1374
432	1467
432	1628
432	2300
432	3074
432	3528
432	3772
432	3836
432	3840
433	749
433	1475
433	1645
433	2562
433	2968
433	3145
433	3222
433	3981
433	4016
433	969
433	1000
433	1507
433	2521
433	3154
433	3814
434	526
434	843
434	1618
434	1687
434	1991
434	3038
434	3298
434	3568
434	781
434	851
434	1443
434	1478
434	1530
434	1955
434	1972
434	2174
435	1871
435	2962
435	3638
435	3796
436	795
436	840
436	957
436	1595
436	2082
436	2163
436	2166
436	3121
436	3160
436	3387
436	3884
436	837
436	1391
436	2286
436	2326
436	2365
436	2692
436	3034
436	3354
436	3414
436	3427
436	3442
436	3815
437	697
437	962
437	1176
437	2164
437	1004
437	2084
437	3219
437	3775
438	808
438	1065
438	1527
438	2197
438	2601
438	2625
438	2960
438	1471
438	1973
438	2025
438	2381
438	2429
438	2558
438	2653
438	2674
438	2959
439	1402
439	1471
439	2978
439	811
439	839
439	2651
440	2507
440	2763
440	3727
440	3843
440	1405
440	1503
440	1630
441	3384
441	3845
442	2684
442	2689
443	2099
443	1458
444	446
444	461
444	540
444	812
444	2361
444	2364
444	2369
444	2493
444	2590
444	3048
444	3060
444	3109
444	3422
444	3732
444	3853
444	591
444	721
444	1023
444	1028
444	1202
444	1554
444	1857
444	1927
444	1996
444	2502
444	2560
444	3799
445	783
445	789
445	1950
445	2244
445	2436
445	3506
445	3968
445	1564
445	1957
445	1993
445	2121
445	2705
445	3013
445	3136
445	3418
446	1374
446	3149
446	3509
446	1680
446	1693
446	2140
446	2360
446	2633
447	1006
447	785
447	3306
447	3550
448	3994
448	1067
448	1885
448	1952
448	2042
448	2761
449	578
449	1370
449	2014
449	2362
449	2419
449	3067
449	933
449	2083
449	3854
450	1113
450	2128
450	2586
450	3844
450	870
450	1482
451	2082
451	2237
452	1940
452	2854
452	1201
452	1531
452	1922
452	1978
452	2361
453	2982
453	3892
454	797
454	952
454	1462
454	3817
454	1728
454	2196
454	2986
455	3100
455	3471
455	1482
456	1048
456	1753
456	3100
456	3340
456	917
457	1470
457	1999
458	1658
458	3469
458	3499
459	1950
459	4002
459	1592
460	910
460	1006
460	1027
460	1526
460	1601
460	1951
460	2417
460	2959
460	2987
460	3084
460	3161
460	3651
460	3774
460	3912
460	489
460	1122
460	1143
460	2007
460	2056
460	2526
460	3171
460	3355
460	3548
460	3883
461	609
461	904
461	1657
461	2108
461	2186
461	723
461	1031
461	1250
461	1439
461	1702
461	1997
461	2190
461	3091
461	3186
461	3583
462	662
462	1025
462	1373
462	1658
462	2930
462	881
462	970
462	973
462	1023
462	1385
462	1744
462	2911
462	3550
463	1395
463	1100
463	2654
463	3603
463	3753
464	836
464	1109
464	1972
464	2293
464	1384
464	1958
464	2475
464	3300
464	3970
465	1562
465	1615
466	2138
466	2426
466	2611
467	2673
468	800
468	1544
468	2225
468	2361
468	1408
468	3006
468	3041
468	3421
469	2479
469	3603
470	908
470	836
470	1406
470	1749
470	3509
470	3641
471	3161
472	2475
472	3576
474	500
474	968
474	1482
474	1616
474	2617
474	2637
474	3373
474	862
474	1565
474	3729
475	1575
475	1693
475	544
475	857
475	2171
475	3575
475	3958
476	3011
476	3548
476	803
476	1400
476	2138
476	3416
476	3962
477	604
477	1065
477	1704
477	1053
477	2544
477	2694
478	1566
478	3509
479	1440
480	2565
480	888
480	1345
480	1563
480	2163
480	2573
481	3615
481	3136
481	3575
481	3748
482	1541
482	2896
483	3440
483	3388
484	523
484	3455
486	2163
487	653
487	910
487	991
487	2130
487	2479
487	2498
487	2503
487	2671
487	2866
487	3112
487	3342
487	3374
487	781
487	798
487	865
487	1183
487	1505
487	1718
487	1953
487	1958
487	2363
487	2580
487	3158
487	3178
487	3355
487	3528
488	964
488	1118
488	1129
488	1641
488	2367
488	2369
488	3080
488	548
488	1013
488	1384
488	1422
488	2390
488	2509
488	2599
489	778
489	969
489	1429
489	3372
489	1565
490	3828
491	909
491	2413
491	2473
491	2568
491	2590
491	3444
491	3456
491	871
491	2126
491	2390
492	2465
493	3796
493	2383
494	3163
494	3626
495	826
495	1695
495	2109
495	2465
495	3370
495	3499
495	2068
495	2627
495	2939
495	3001
496	2040
496	2417
497	880
497	1486
497	1565
497	1084
497	1641
498	778
499	780
499	2085
499	2186
499	3521
499	1435
499	2954
500	1373
500	1378
500	1389
501	2602
501	2196
501	3797
503	1526
503	1883
503	2559
503	2954
503	785
503	1092
503	2404
503	2477
503	2493
503	2985
504	2392
505	1373
505	2387
505	1842
505	2986
506	1133
507	1436
507	2447
507	2465
507	3638
507	1133
507	1390
507	2715
508	2674
508	2956
509	1962
510	971
510	979
510	1053
510	2156
510	2619
510	1086
510	2609
511	1013
512	781
512	1903
512	2958
513	2417
513	3795
514	2066
514	3121
516	1461
516	1501
517	787
517	880
517	888
517	996
517	1852
517	3602
517	1066
517	1477
517	2051
517	2974
518	1612
518	2058
518	2477
518	2689
518	2365
519	677
519	783
519	816
520	1762
520	2202
520	2558
521	719
521	2305
521	2664
521	1479
521	1572
521	2245
521	3159
522	2956
523	891
523	822
523	1477
524	714
524	1582
524	2954
524	3448
524	3833
524	1629
524	2908
525	1373
525	3776
526	1641
526	2045
526	3761
528	721
528	3111
529	636
530	1647
530	1962
530	2395
531	1659
532	1952
534	1795
535	1504
536	971
536	1793
537	1962
537	1492
538	1284
538	3508
540	584
540	1135
540	1212
540	1906
540	2159
540	2163
540	2596
540	3496
540	2863
540	2987
541	785
541	1047
541	1433
541	1437
541	2110
541	2438
541	2445
541	2954
541	3669
541	971
541	1663
541	2044
541	2965
541	2980
541	3802
542	787
542	3664
542	679
542	1563
542	1710
542	2374
542	3577
543	1426
543	1874
543	2978
543	1868
544	2427
544	807
544	970
544	1048
544	1533
544	3111
545	1566
545	2107
546	1045
546	2106
546	2715
547	812
547	2968
547	3499
547	626
547	2430
547	3109
548	852
548	903
548	970
548	1404
548	1424
548	1956
548	2362
548	3435
548	1020
548	2007
548	2417
548	2420
548	2562
548	3187
548	3357
548	3374
549	1578
549	2131
549	2367
549	679
550	862
550	1597
550	1628
551	1475
551	3528
551	835
551	2784
551	3119
551	3512
552	823
554	573
554	2236
554	1378
555	1056
555	1374
555	1562
555	3040
555	780
555	847
555	2121
555	2586
555	2636
555	3635
556	816
556	1373
556	3363
556	3509
556	3691
556	948
556	1374
556	1693
557	1316
557	1599
557	2163
557	3039
557	1381
557	1396
557	2257
558	2024
558	2914
559	617
559	1744
559	3949
560	1752
561	1435
561	2137
561	2390
561	2965
562	2198
563	3102
563	3446
563	3045
563	3361
564	1656
564	2319
564	854
564	3384
564	3472
565	3374
566	3009
568	945
569	1477
570	1437
570	1542
570	2021
570	2368
570	3131
570	837
570	1191
570	1701
571	976
571	1694
571	1566
572	998
572	3163
573	1135
573	1527
573	3417
573	1036
573	2441
573	3005
574	3549
575	3036
575	1185
575	2601
577	827
577	2981
577	871
577	2001
577	2261
577	2711
577	3370
578	2714
578	3661
579	1314
579	3906
581	840
581	2384
582	2959
583	1565
584	2593
584	3843
584	1408
584	2321
585	1420
587	3426
587	781
589	1755
590	603
590	3925
590	3508
591	3514
592	683
592	800
593	3299
594	1201
595	1678
595	2507
596	2361
597	1590
597	2141
597	2369
597	2384
597	2494
597	2602
597	3363
597	1954
597	2113
597	2676
597	3781
597	3813
598	1027
598	2565
598	2564
598	3202
599	2959
599	2110
600	2362
600	3126
600	3291
600	3575
601	787
602	874
602	1373
602	2277
603	2418
603	3177
605	1503
606	1578
608	3112
608	2607
609	2398
609	2570
609	1044
609	2361
609	2362
610	2587
611	3361
611	3358
613	2741
613	3613
613	1474
615	1977
616	1447
616	3458
616	777
617	3097
618	1349
618	1393
619	1965
620	800
620	2796
620	1382
621	789
621	3443
621	3510
622	785
623	1389
624	3170
625	793
625	2575
626	2756
626	3098
627	812
627	2564
628	1216
629	3356
630	1377
630	3197
630	1303
630	1373
631	3603
632	970
634	1567
634	2373
635	793
635	1485
635	1521
635	2046
635	2169
635	2518
635	2521
635	2649
635	3042
635	3475
635	3772
635	3835
635	779
635	963
635	1460
635	1951
635	2469
635	2525
635	3009
635	3508
636	1460
636	2428
636	3487
636	1695
636	1874
636	3852
637	1204
637	987
637	1376
637	1592
637	2445
637	2446
637	2873
637	2931
637	3388
638	1269
638	2955
638	2956
638	3931
638	908
638	1420
638	3415
639	780
639	2291
639	2361
639	3457
639	3896
640	1993
640	3597
641	1480
641	1950
641	908
641	2486
642	2825
643	799
643	880
643	3363
643	1404
643	1533
645	843
645	2465
645	3476
646	684
646	1408
646	3795
646	1448
647	2411
647	3503
647	1759
647	2968
648	1404
648	2048
649	873
650	1128
650	2363
650	2449
650	3005
650	3088
650	3364
650	785
650	1479
650	3772
651	2759
651	816
651	882
651	1840
651	2447
652	782
652	921
652	1958
652	3411
652	3489
652	3001
652	3016
653	900
653	2575
654	1950
654	2390
654	1373
655	3354
656	932
656	1375
656	3546
656	3603
656	3943
656	1381
656	1539
656	3037
657	1025
657	2451
658	2732
658	782
658	1628
659	816
660	3775
661	1151
661	1541
661	2587
661	3234
661	3445
661	3495
661	3575
661	1125
662	2655
662	1025
662	1967
663	1389
664	2365
664	3059
664	2068
664	3452
665	822
665	2361
666	759
666	1373
667	1105
667	1188
667	2482
667	1376
667	2364
668	2920
668	2958
669	2531
670	777
670	1999
671	851
671	1581
672	1667
672	2716
672	3358
672	3371
672	916
673	833
674	1481
675	1534
676	1470
677	1787
677	2258
677	2981
681	2365
683	938
683	3007
683	3354
683	3801
683	778
683	886
683	1000
683	1398
683	2414
684	772
684	3455
684	1495
685	899
685	2474
685	1517
686	3440
686	1113
686	1478
686	1558
686	2965
687	777
687	1791
687	3683
687	3877
688	1927
688	2050
689	3363
690	1216
690	3833
690	747
690	786
690	1419
690	1483
691	1431
691	3487
691	2370
693	1703
693	2384
694	2198
695	916
695	3515
696	2040
696	2375
696	2564
696	2168
696	3099
696	3835
697	3467
697	812
698	1413
699	3024
699	816
700	2040
701	1503
702	777
703	3265
703	788
703	2959
704	971
705	1377
705	2421
706	808
706	942
706	1433
707	851
707	1952
707	2469
708	1195
708	2469
708	2200
709	1823
709	3455
711	1495
711	1477
711	1499
712	829
713	2017
715	2049
717	3837
718	2472
719	1077
719	1301
719	1499
719	1952
719	2434
719	2906
719	3105
719	1588
719	2270
719	2792
719	3421
720	1954
720	987
720	1388
720	1766
721	2957
721	2365
721	2714
722	3795
723	2203
723	3425
723	3486
723	2609
724	845
724	2038
724	3415
725	2099
725	2406
726	1189
727	1434
727	2092
728	3411
728	3798
729	3007
730	1859
731	2883
731	1952
731	2363
731	3614
732	3138
733	1645
733	1988
733	2373
733	3098
733	889
734	1414
734	1412
734	1433
735	808
735	1408
735	2361
735	2373
736	2329
736	3613
736	1375
736	2561
736	3272
738	1404
739	1960
739	2033
740	1514
741	1373
743	2435
743	1753
743	2577
743	3408
744	3001
744	3096
745	785
746	1027
747	3383
748	3053
749	1701
750	839
750	2363
750	3881
751	1431
752	2363
752	808
753	843
754	3617
756	2427
757	2200
757	836
759	2136
759	2778
759	858
760	1155
760	1373
761	2714
763	801
764	3799
765	2954
766	2750
767	2062
769	1578
771	2363
771	777
771	1383
772	2979
773	3578
774	793
775	1374
776	2426
777	1010
777	1052
777	1175
777	1195
777	1290
777	1352
777	1410
777	1412
777	1437
777	1444
777	1478
777	1516
777	1856
777	2442
777	2718
777	2800
777	2896
777	3161
777	3355
777	3362
777	3389
777	3441
777	3708
777	3831
777	3956
777	861
777	1311
777	1383
777	1403
777	1435
777	2091
777	2151
777	2367
777	2369
777	2384
777	2396
777	2466
777	2730
777	2848
777	2849
777	2906
777	3354
777	3431
777	3579
777	3619
777	3736
777	3861
778	1043
778	3003
778	3362
778	795
778	1409
778	1950
778	2378
778	2469
778	3149
778	3316
778	3533
778	3553
779	1462
779	1598
779	1614
779	1970
779	3674
779	3707
779	1562
779	1582
779	2383
779	2410
779	2447
779	3544
780	1431
780	1574
780	2707
780	2732
780	1031
780	2739
780	3030
780	3582
780	3701
781	1375
781	1405
781	1639
781	2226
781	2363
781	2369
781	2896
781	3441
781	3697
781	882
781	1072
781	1516
781	2870
781	2894
782	1123
782	1156
782	1405
782	1594
782	1880
782	1891
782	2710
782	2784
782	3384
782	1125
782	1420
782	1618
782	1932
782	3758
783	871
783	1123
783	1143
783	1348
783	1478
783	1544
783	1746
783	1906
783	1950
783	3682
784	2714
784	3626
784	3344
785	1050
785	1649
785	1823
785	2400
785	2423
785	2741
785	1209
785	1322
785	1759
785	2035
785	2366
785	2653
785	2936
785	3408
785	3592
785	3904
786	1373
786	1985
786	2419
786	2449
786	1604
786	1736
786	1848
786	2714
786	2739
786	3132
786	3354
787	1518
787	1565
787	3358
787	1107
787	1471
787	2613
787	3645
788	1373
788	3766
788	2199
789	3464
789	1142
789	1375
789	1701
790	3661
791	2390
791	1593
791	2125
792	3493
792	1061
793	1189
793	1527
793	1544
793	2390
793	2432
793	2557
793	2650
793	2736
793	3666
793	3924
793	3976
793	973
793	1031
793	1380
793	1578
793	1753
793	1813
793	2572
793	2951
793	3552
793	3649
793	3740
794	962
794	1570
794	1691
794	2455
794	2691
794	1713
794	2576
795	1026
795	1397
795	1757
795	2361
795	2413
795	2863
795	3355
795	4006
795	1658
795	1760
795	2412
795	2497
795	3515
796	1434
796	1527
796	3055
796	3350
796	3667
796	2407
796	3610
797	1641
797	2734
797	1176
797	2288
798	1784
798	2361
798	2576
798	1615
799	1478
799	2806
800	885
800	3533
801	1295
801	1373
801	1379
801	1442
801	1550
801	2465
801	2648
801	2860
801	3665
801	3995
802	2368
802	2499
802	1848
802	2798
803	1874
803	2730
804	2562
806	2235
808	1374
808	1754
808	2566
808	2722
808	3356
808	3411
808	4009
808	976
808	1400
808	1437
808	2625
808	2860
808	3445
809	1643
809	1688
809	2366
809	2377
809	3545
809	3558
809	3748
809	1348
809	1433
809	2361
809	3901
810	1239
810	1795
810	2007
810	2581
810	2697
810	2718
810	2866
810	1860
810	2402
810	2426
810	3133
812	1404
812	1410
812	1436
812	2947
812	1112
812	1440
812	1529
812	3338
812	3370
812	3372
812	3434
813	1920
813	1807
813	3671
814	3378
814	1855
816	3021
816	2423
816	2661
816	3589
816	3614
817	2023
818	1613
818	1477
819	2377
819	2517
819	3730
819	989
819	3591
820	2684
820	3440
820	1375
820	1967
820	2733
820	3461
821	3445
821	3773
822	1440
822	2517
822	2789
822	3286
822	3580
822	3603
822	3868
822	1735
822	1917
822	3711
822	3921
823	1663
823	3653
824	1853
824	2469
824	1577
824	1745
824	2474
826	1311
826	1373
827	1383
827	1592
827	3448
827	1693
827	2662
828	2722
829	1385
829	1573
830	1373
831	1448
831	1646
831	2030
832	1374
832	3575
834	3370
835	889
835	1373
835	1809
835	1821
835	1909
835	2682
835	3164
835	3567
835	3700
835	983
835	1286
835	1403
835	1610
835	1693
835	1781
835	2363
835	2390
835	2395
835	2670
835	2798
835	3292
835	3388
835	3509
835	3625
836	1010
836	1576
836	1937
836	2367
836	2988
836	3104
836	3378
836	1505
836	1745
836	2667
837	1515
837	2469
837	3593
837	1793
837	2369
837	2910
837	3923
838	1077
838	1373
838	1377
838	1697
838	2041
839	2574
839	2930
839	3545
839	2662
839	3358
840	3894
841	2361
841	2384
841	3109
841	1382
841	2373
842	1510
842	1389
842	1578
842	2727
843	1393
843	1492
843	1643
843	2418
843	2450
843	2456
843	3519
843	3937
843	1379
843	1431
843	1520
843	3459
843	3721
844	1448
844	3727
844	3778
844	2918
845	1245
845	2714
845	1568
845	2395
846	3638
847	2481
847	1373
847	3791
848	1542
848	3415
849	1482
849	1737
850	2968
851	2662
851	2798
851	3195
851	3252
851	3346
851	3603
851	3872
852	990
852	2493
853	1792
853	3211
853	3358
853	1408
854	1565
854	2367
854	2531
854	3389
855	3609
856	1477
856	2470
857	2074
857	2673
857	1756
857	3596
858	1914
858	1848
858	2674
859	2561
860	1709
862	1564
862	2167
862	1706
862	1899
862	2700
862	2720
862	3524
863	2417
863	2479
863	2681
864	2411
864	3769
866	1571
866	1373
867	2724
867	3719
867	1693
869	1217
873	3508
873	3686
874	2445
874	1697
874	2560
875	1408
876	1231
876	1443
877	2665
877	3788
877	1431
879	1693
880	1027
880	1238
880	1422
880	1578
880	1598
880	1962
880	2579
880	2588
880	2970
880	3305
880	3321
880	3354
880	3362
880	3376
880	3411
880	3427
880	1104
880	1475
880	1911
880	2586
880	3006
880	3403
881	985
881	1668
881	2386
881	3615
881	3631
881	2123
881	2907
881	3408
881	3569
881	3621
882	1183
882	2566
883	1592
883	1950
883	3249
883	1799
883	2137
884	1899
884	2452
884	3450
884	2562
884	3662
885	1435
885	1439
886	1394
886	1710
886	1404
886	2378
886	3358
887	970
888	1042
888	1390
888	1433
888	2865
888	1463
888	2574
888	3281
889	2720
890	2729
891	1762
891	3604
892	1898
892	3994
892	1750
892	2361
892	2434
893	1693
894	2394
895	1375
895	1727
895	1873
895	2742
896	3355
896	3368
896	3386
896	3508
897	1746
897	1751
897	2759
897	3509
897	3678
897	1373
897	2455
898	1166
898	1701
899	1584
900	1379
900	1373
900	1528
902	1985
902	3366
902	3565
902	2235
903	1999
903	2604
903	3356
903	3755
904	3528
904	3958
905	2494
905	2732
906	2987
908	2611
908	2874
908	3356
908	1391
908	1756
908	2380
908	2566
908	3456
908	3743
909	2237
909	2363
909	2457
909	3562
909	2445
910	1600
911	2873
912	1780
912	1023
912	1911
913	2386
915	1788
915	1875
915	2424
915	2362
916	3756
917	3139
918	2421
918	3169
919	1788
919	1849
919	2377
921	2198
921	2425
921	2690
921	3017
921	1579
921	1621
921	2340
921	2361
922	2425
923	2394
923	2524
923	2759
924	1106
925	2768
925	1151
926	2004
927	2361
929	1492
931	1566
932	1148
932	1777
932	3707
932	1736
932	2244
933	2373
933	2653
933	4004
933	1871
933	2597
933	2702
934	1697
934	3996
935	2754
936	2309
936	2426
936	2947
936	2361
937	2305
937	3464
938	2417
938	2690
938	3400
938	3467
939	1732
939	2432
941	2590
942	1461
942	3668
943	2465
944	3719
945	2442
945	2612
945	2722
945	1382
945	2373
945	2729
946	1556
946	1565
947	2073
947	1383
947	1417
948	3430
949	1278
949	3976
950	2897
951	1427
951	2587
951	1435
951	2373
951	3508
953	2477
954	1390
954	1482
957	1702
957	3354
958	2558
959	2726
960	1378
961	3354
963	1813
964	1413
966	1480
966	2362
969	1158
969	1405
969	1410
969	1454
969	1473
969	2362
969	2524
969	2759
969	3188
969	3295
969	3359
969	3671
969	3672
969	3702
969	1437
969	1447
969	1479
969	1680
969	2198
969	2465
969	2713
969	2716
969	2746
969	2920
969	3406
969	3413
969	3434
969	3507
969	3540
969	3648
969	3655
969	3815
970	1131
970	2089
970	2153
970	2361
970	2369
970	1127
970	1393
970	1490
970	1663
970	1952
970	2545
971	1240
971	1486
971	1706
971	2385
971	2750
971	2776
971	3386
971	3974
971	1373
971	1449
971	1879
971	2390
971	2417
972	2446
972	2798
972	1485
973	1445
973	2467
973	3027
973	3419
973	3424
974	2368
974	1373
974	1516
974	1730
974	1787
974	2419
975	2445
975	2494
976	2835
977	2080
977	2520
977	2566
977	2923
977	3484
977	3490
977	3898
977	1374
977	1913
977	3267
977	3355
978	1477
978	1481
978	1550
978	1688
978	2747
978	2941
979	1697
979	2513
979	2954
979	3354
980	1389
980	1727
980	2812
981	2459
981	3220
981	1374
982	2362
983	1420
983	1132
985	1374
985	1611
985	1708
985	2154
985	2769
985	3199
985	3703
985	1748
985	2519
985	3359
987	1432
987	1479
987	1544
987	2424
988	1159
988	1377
988	2465
989	3687
990	3564
990	2739
991	2750
992	3492
993	1544
993	1594
993	3488
994	1069
994	2361
995	2465
997	1542
1000	1400
1000	1709
1000	1778
1000	3067
1000	3669
1000	1765
1000	1841
1001	1939
1001	2499
1002	2362
1002	2729
1003	3578
1004	2448
1004	2759
1004	1764
1004	1838
1005	1705
1005	1551
1006	2453
1006	2465
1007	1482
1008	1935
1008	2423
1008	1302
1009	2473
1009	3508
1010	2730
1010	1695
1010	3614
1011	1463
1013	1704
1013	2475
1013	3473
1013	3960
1013	1230
1013	1375
1013	2851
1014	1376
1015	3917
1016	2361
1016	2365
1017	2422
1018	2382
1018	3351
1018	3779
1018	1160
1018	2858
1020	3188
1022	3040
1023	1394
1023	1512
1023	1728
1023	2804
1023	3443
1023	3728
1023	1481
1023	2652
1023	2720
1023	3404
1024	1715
1024	2361
1025	1410
1025	2497
1026	3308
1027	3211
1028	1478
1028	1822
1029	1994
1030	1803
1030	2756
1031	2587
1031	2986
1031	3216
1031	1456
1033	1694
1034	3440
1034	3747
1035	2393
1035	2493
1036	1379
1036	2822
1038	1490
1038	1744
1038	1950
1038	1478
1038	3069
1039	3374
1039	1584
1039	3359
1040	2419
1040	3361
1041	3385
1042	2361
1043	2362
1046	1562
1046	2362
1046	3404
1047	3670
1048	1072
1048	1520
1048	3617
1048	3624
1048	1801
1049	1976
1049	1610
1054	2958
1055	2732
1057	1489
1057	1712
1058	1376
1058	1452
1059	2363
1060	3440
1061	2714
1062	2471
1063	1718
1064	3615
1065	1517
1065	2602
1065	2718
1065	1393
1065	1399
1065	2442
1066	2740
1067	3866
1068	3354
1068	3015
1070	1414
1071	2433
1072	1693
1072	2512
1072	3038
1072	3723
1072	1408
1072	1729
1072	2382
1073	3455
1074	1833
1074	1800
1075	2368
1076	2940
1076	2968
1076	3671
1077	3859
1077	2366
1078	2691
1078	1382
1078	2235
1079	1821
1079	2377
1079	3626
1080	1433
1080	1951
1081	2361
1083	1207
1084	2117
1084	1583
1084	2421
1085	1385
1085	2833
1087	1389
1088	1745
1089	3446
1090	1404
1093	1492
1096	2869
1096	2370
1098	3772
1100	1431
1100	1390
1101	2441
1101	2559
1101	3400
1102	1728
1102	3405
1103	3644
1104	2765
1106	2363
1108	1133
1109	1981
1109	3849
1110	3617
1110	3620
1110	2392
1111	1694
1111	2001
1111	2740
1113	1656
1113	3574
1114	1701
1115	1241
1117	3857
1117	1445
1119	1968
1120	1375
1121	2398
1123	3354
1123	1377
1124	3408
1125	1486
1125	1531
1125	1876
1125	1972
1125	2150
1125	2425
1125	3157
1125	3452
1125	3866
1125	3892
1125	1391
1125	1551
1125	1554
1125	1660
1125	2919
1125	3386
1125	3388
1126	1375
1126	1549
1126	2363
1126	2365
1127	2382
1127	3371
1127	3548
1127	1374
1127	1452
1127	1538
1127	2535
1127	2662
1127	2714
1128	1341
1128	1437
1129	1397
1129	1431
1129	1667
1129	3575
1129	1300
1129	1382
1129	1578
1129	3014
1129	3067
1129	3541
1130	1503
1130	2334
1131	3354
1131	2617
1131	2653
1132	3024
1132	1586
1132	2682
1132	3366
1133	1418
1133	1424
1133	1425
1133	2534
1133	2575
1133	2616
1133	2949
1134	1375
1134	1396
1134	3393
1134	1445
1135	2240
1135	2566
1135	3876
1137	2561
1137	1478
1137	2379
1137	2617
1138	2624
1138	1505
1141	1979
1141	2032
1141	2163
1141	2546
1141	2559
1141	2636
1141	3143
1141	3375
1141	3538
1141	1378
1141	1469
1141	2399
1141	2416
1141	2418
1141	2785
1141	2984
1141	3599
1141	3600
1142	1603
1142	2493
1142	1439
1142	2362
1142	2417
1143	2362
1143	1597
1143	2429
1143	3444
1143	3474
1143	3765
1145	1381
1145	1493
1145	3612
1147	2706
1148	1729
1148	1828
1148	1391
1148	1442
1148	1480
1148	1503
1148	2497
1149	1615
1150	2469
1151	1947
1152	1478
1152	2676
1153	1582
1153	3733
1153	2377
1153	3446
1154	2846
1154	2361
1155	1788
1155	2377
1155	1562
1155	1583
1156	2480
1156	1752
1156	2123
1156	3527
1157	2425
1158	1389
1159	1435
1159	1445
1159	2432
1160	3582
1161	3055
1161	1549
1161	1680
1161	1787
1162	2373
1163	2493
1164	2465
1165	2531
1166	2519
1166	1396
1168	1439
1168	3861
1169	2648
1170	1374
1172	1857
1172	2362
1173	3384
1174	2558
1175	1612
1176	1380
1176	2503
1176	2878
1176	3531
1176	1412
1176	2395
1176	2659
1176	3377
1177	2739
1177	1381
1177	1397
1177	2048
1177	2109
1177	3508
1177	3596
1178	3515
1179	1397
1179	3417
1180	3386
1181	1503
1181	2406
1181	3449
1182	1592
1183	2500
1183	3522
1184	2465
1184	1736
1184	3508
1185	1508
1185	2377
1185	2458
1185	1393
1185	3522
1186	2604
1189	1404
1189	1484
1189	2442
1189	2562
1189	3533
1189	3576
1191	1458
1191	1949
1193	1624
1194	2364
1195	1854
1196	3878
1197	1713
1198	2795
1199	2391
1199	2610
1200	1598
1200	2436
1200	3803
1201	3120
1202	2378
1203	1393
1203	3104
1205	2580
1206	1448
1207	2370
1211	3508
1212	1374
1212	1544
1212	1991
1212	2392
1212	2423
1212	2455
1212	3421
1212	1383
1212	1693
1212	3134
1212	3462
1213	2365
1213	2456
1214	1527
1214	2029
1215	2121
1216	1420
1216	1562
1216	2001
1216	1399
1216	2863
1217	2452
1217	1477
1217	1688
1218	2390
1218	3570
1219	1378
1219	3188
1219	3804
1219	1482
1219	1986
1219	2461
1220	1406
1220	2066
1220	3118
1222	2365
1223	2677
1223	1693
1225	2138
1225	2365
1225	2550
1225	1384
1225	1432
1225	2122
1226	2767
1227	1392
1227	2613
1228	1977
1229	1549
1230	1592
1231	2961
1232	2422
1234	1397
1235	1754
1235	3360
1236	1582
1236	2650
1236	3724
1237	1381
1237	1595
1237	3400
1238	1439
1239	2369
1241	1461
1241	1680
1241	2013
1242	1408
1243	1912
1245	1570
1245	2450
1245	3517
1248	1404
1248	2592
1249	2100
1249	1566
1252	2361
1252	2398
1254	1958
1254	3519
1255	1564
1256	2465
1257	1381
1258	3580
1259	2566
1260	1695
1262	1578
1262	2562
1263	1621
1263	3518
1263	1575
1264	1562
1265	1378
1265	1583
1266	3555
1267	3355
1268	3440
1270	2972
1271	2954
1272	2467
1273	1610
1274	3547
1275	2671
1276	1431
1277	1376
1277	1438
1277	1638
1277	2256
1277	3357
1277	1322
1277	1428
1277	1444
1277	1951
1277	2432
1278	1381
1278	1424
1278	2421
1278	2698
1278	3354
1278	1412
1278	1448
1278	2392
1279	2562
1279	1534
1280	1969
1281	1506
1282	2369
1282	3922
1283	2363
1283	1377
1284	1951
1284	3382
1285	2949
1285	3407
1288	3358
1290	1439
1291	1435
1291	1481
1291	1433
1292	2521
1293	2402
1294	1535
1294	1951
1296	1950
1297	1952
1299	1404
1300	1485
1300	1541
1300	2431
1300	2526
1300	2668
1300	1537
1300	2799
1300	3378
1300	3448
1300	3551
1301	3496
1302	3674
1305	2825
1306	2740
1307	3588
1308	2566
1310	1566
1311	2418
1313	2202
1313	2490
1313	2548
1313	1431
1313	3471
1314	3395
1316	3001
1316	3397
1316	1489
1317	3371
1317	1506
1318	2493
1320	1848
1321	2374
1321	1433
1323	1385
1324	1373
1325	3509
1326	2487
1326	3354
1326	2087
1329	2020
1330	1723
1333	3354
1334	2473
1335	1374
1336	3934
1337	3069
1337	3387
1337	3098
1339	1579
1339	2387
1340	1459
1342	1693
1343	3001
1345	2299
1350	3024
1351	1399
1351	3187
1353	3377
1354	2600
1354	3374
1355	3390
1356	2532
1356	3482
1357	2467
1359	1377
1360	1408
1360	1389
1361	1746
1362	1504
1362	3676
1363	1404
1363	3539
1363	1722
1365	1416
1367	1506
1368	2384
1368	3873
1368	1392
1370	2448
1370	2125
1371	3003
1372	3613
1373	1837
1373	2419
1373	2470
1373	2749
1373	2820
1373	2873
1373	2971
1373	3015
1373	3077
1373	3113
1373	3136
1373	3184
1373	3248
1373	3275
1373	3648
1373	3887
1373	3984
1373	1855
1373	2361
1373	2367
1373	2405
1373	2417
1373	2440
1373	2469
1373	2648
1373	2662
1373	2675
1373	2733
1373	2757
1373	2783
1373	2807
1373	2824
1373	3262
1373	3412
1373	3684
1374	1562
1374	1693
1374	1787
1374	2841
1374	3277
1374	3636
1374	3907
1374	3964
1374	2060
1374	2279
1374	2337
1374	2400
1374	2562
1374	2621
1374	2629
1374	2664
1374	2858
1374	3024
1374	3445
1375	2469
1375	2708
1375	2728
1375	2802
1375	3009
1375	3043
1375	3068
1375	3082
1375	3613
1375	1782
1375	2330
1375	2470
1375	2819
1375	2873
1375	2882
1375	3061
1375	3378
1376	1503
1376	2370
1376	2521
1376	2918
1376	2313
1376	3623
1377	2054
1377	2210
1377	2227
1377	3074
1377	3874
1377	2475
1377	2508
1377	2595
1377	2856
1377	3089
1377	3119
1377	3131
1377	3749
1378	2424
1378	3294
1378	3303
1378	2428
1378	2630
1378	3062
1378	3614
1379	3386
1379	1656
1379	2382
1380	2695
1380	2694
1380	3771
1381	2055
1381	2465
1381	3018
1381	3073
1381	3861
1381	3943
1381	1981
1381	2076
1381	2396
1381	2753
1381	2874
1381	2953
1381	2954
1381	3202
1381	3289
1382	1905
1382	1947
1382	2148
1382	2835
1382	3270
1382	2271
1382	2582
1383	2066
1383	2370
1383	2574
1383	3617
1383	3668
1383	3810
1385	2370
1385	2576
1385	2734
1385	2968
1385	3668
1385	3671
1385	1739
1385	3049
1385	3128
1385	3812
1386	2361
1386	2756
1386	3004
1386	3195
1386	1887
1388	2697
1388	2811
1388	2954
1388	3187
1389	1693
1389	2044
1389	2386
1389	2568
1389	3258
1389	2420
1389	2425
1389	2722
1389	2831
1389	3086
1390	2888
1390	2026
1390	2613
1390	3522
1390	3690
1391	2606
1391	1514
1392	1846
1392	2099
1392	2942
1393	1809
1393	2493
1393	2964
1393	3819
1393	2504
1393	2558
1393	2714
1394	3440
1394	2052
1395	3482
1397	2437
1397	2740
1397	2187
1397	3290
1398	1632
1398	2418
1398	2892
1399	2425
1401	2099
1401	1519
1401	3328
1402	3407
1403	3316
1403	3180
1403	3236
1404	2574
1404	2750
1404	2868
1404	2927
1404	3144
1404	3188
1404	3347
1404	1527
1404	2058
1404	2418
1404	3331
1404	3839
1405	2582
1405	2381
1405	3914
1406	1575
1406	2382
1406	2984
1406	1614
1406	1714
1406	2759
1406	3648
1408	2583
1408	3330
1408	2041
1408	2380
1408	2422
1408	2575
1408	3038
1409	1965
1410	1534
1410	2373
1410	3109
1410	1887
1410	3021
1411	2759
1412	1693
1412	2443
1412	2620
1412	3613
1412	1748
1412	2405
1412	3494
1413	2068
1413	2718
1413	3862
1414	3877
1415	2173
1415	3336
1416	1447
1416	2771
1416	2959
1416	1516
1417	3463
1420	1694
1420	3187
1420	3344
1424	2648
1424	3588
1424	2922
1425	2989
1425	1768
1427	2958
1427	1951
1428	1959
1430	3575
1431	1589
1431	2371
1431	3057
1431	3123
1431	3257
1431	3388
1431	1866
1431	2135
1431	2393
1431	2398
1431	2539
1431	2576
1431	2918
1431	2976
1431	3339
1431	3505
1431	3533
1431	3922
1432	3050
1432	3207
1432	1479
1432	2493
1432	2954
1433	3208
1433	3264
1433	3440
1433	3985
1434	1775
1434	2255
1434	2675
1434	3950
1435	2377
1435	2497
1435	2647
1435	3774
1435	4018
1437	3288
1437	1620
1439	2122
1439	2276
1439	2527
1439	2731
1439	1503
1439	2739
1439	2939
1440	2670
1441	2397
1441	3053
1442	2346
1443	2390
1444	2603
1445	2956
1445	3805
1445	1625
1445	2559
1445	3046
1446	2501
1446	3516
1447	2785
1447	3329
1447	2365
1447	3533
1447	3770
1448	2511
1448	2681
1449	3934
1449	3771
1450	2473
1450	3707
1451	2590
1452	2465
1453	2586
1454	2802
1454	3191
1455	2473
1456	2954
1457	3348
1457	3613
1457	2729
1458	2365
1458	2921
1458	3096
1458	3824
1458	2958
1458	3219
1458	3772
1460	1830
1460	2474
1461	2477
1461	3291
1464	2956
1464	3304
1464	3629
1464	1853
1464	1950
1464	2369
1464	2562
1466	3306
1466	3876
1466	1597
1468	2577
1468	3707
1469	2370
1470	1563
1470	2867
1470	2919
1471	1642
1471	2367
1472	2924
1476	2954
1477	1495
1477	1585
1477	2642
1477	2922
1477	3020
1477	3110
1477	3327
1477	4002
1477	1755
1477	2136
1477	2154
1477	2230
1477	2362
1477	2397
1477	2417
1477	2747
1477	3185
1477	3209
1477	3832
1478	2044
1478	2432
1478	3317
1478	3413
1478	3466
1478	3576
1478	3977
1478	2306
1478	2558
1478	2862
1478	3157
1479	2786
1479	2859
1479	3546
1479	3172
1479	3448
1480	3056
1480	3555
1481	1825
1481	2465
1481	3426
1481	1977
1481	2839
1481	3150
1481	3779
1482	3497
1483	2532
1484	2427
1484	1592
1485	2852
1485	3027
1485	2677
1485	3150
1485	3233
1486	2958
1486	2383
1486	3319
1487	2417
1488	3149
1488	3484
1489	2867
1489	2956
1489	3095
1492	2501
1492	2871
1492	2954
1492	3119
1492	2354
1492	2423
1492	2508
1492	2588
1492	3191
1493	2495
1493	3214
1494	2586
1494	2609
1494	3149
1494	3902
1494	2673
1495	1772
1495	2759
1495	2976
1496	2369
1498	3051
1498	3195
1499	2365
1500	2493
1501	1562
1501	3461
1503	2323
1505	1570
1505	2722
1505	2803
1505	3821
1505	2777
1506	2430
1506	2099
1506	3189
1507	2742
1507	3523
1509	2820
1510	2361
1510	2558
1510	2589
1510	2981
1510	2717
1510	3321
1511	2363
1512	1660
1512	3449
1514	3621
1515	2418
1517	2635
1517	3650
1518	2613
1520	3656
1521	3358
1522	1614
1522	3189
1524	3096
1525	3076
1527	2576
1527	2782
1527	3639
1528	3195
1528	2753
1530	2384
1532	2954
1532	2361
1533	3291
1534	3431
1534	2718
1534	2865
1535	3958
1536	3957
1536	2896
1537	2955
1538	3096
1540	2737
1542	2885
1544	2969
1545	2721
1545	2366
1546	2823
1547	3191
1548	3686
1549	2365
1549	2378
1549	3285
1550	2373
1552	3202
1553	1952
1553	2731
1555	2369
1557	2409
1559	1564
1561	2956
1562	1772
1562	2489
1562	2491
1562	2529
1562	2694
1562	2864
1562	3054
1562	3232
1562	3597
1562	2413
1562	2517
1562	3121
1562	3486
1562	3944
1562	4012
1563	2001
1563	2761
1563	3000
1563	3015
1563	2377
1563	2413
1563	2965
1564	2517
1565	2625
1565	2718
1566	2479
1566	2569
1566	2761
1566	2819
1566	2977
1566	2434
1566	2474
1566	3619
1568	2617
1568	2734
1569	2954
1570	2377
1570	2750
1570	3630
1570	1732
1570	2520
1570	4019
1571	1838
1571	2427
1571	2974
1571	3193
1572	2023
1574	2800
1574	2898
1574	3058
1576	1824
1576	2493
1578	2392
1578	2417
1578	2522
1578	2819
1578	3044
1580	2823
1582	1599
1583	2560
1586	1999
1586	3070
1587	1979
1588	1697
1588	2390
1591	2361
1591	2542
1592	2375
1592	2838
1592	2860
1592	2371
1592	2384
1592	2465
1592	2648
1592	2728
1593	2363
1593	3980
1595	2493
1596	3003
1598	1695
1598	2361
1598	2832
1599	2517
1599	2669
1599	2805
1599	3190
1600	1785
1601	3483
1602	2276
1604	2426
1605	2730
1606	3141
1607	2473
1608	2759
1610	2055
1610	2562
1610	1877
1610	2715
1610	2816
1610	3392
1610	3680
1611	2367
1611	1744
1611	3467
1612	2059
1612	2772
1612	3990
1613	2366
1613	3362
1613	2534
1615	1729
1617	2381
1618	3196
1619	2726
1619	2737
1619	3374
1620	3764
1622	2812
1624	2859
1625	2432
1626	2466
1627	3709
1627	2486
1628	3045
1629	3618
1630	3969
1630	2773
1630	2994
1631	1693
1631	2963
1633	2450
1633	3042
1634	3192
1634	3259
1635	2558
1635	3134
1635	3168
1636	2719
1637	2385
1640	1693
1641	3201
1641	2543
1641	2968
1641	2973
1642	2375
1643	3720
1643	2419
1643	3660
1644	2858
1645	3096
1645	2326
1645	2616
1645	3219
1649	2790
1649	3278
1650	2385
1651	2965
1653	2210
1654	3355
1655	2369
1656	2460
1656	2992
1656	3963
1657	2535
1658	1695
1661	2469
1663	3224
1663	3359
1664	3031
1665	2955
1666	2580
1667	1999
1667	2773
1669	3414
1670	3562
1671	1956
1672	2863
1674	2961
1675	2962
1675	2362
1675	2466
1676	2417
1679	2556
1679	2716
1680	2039
1680	2207
1681	2714
1682	2729
1684	2368
1685	3165
1685	3232
1685	1983
1685	2452
1685	3012
1690	2200
1692	2394
1693	1920
1693	2599
1693	2626
1693	2678
1693	2972
1693	3120
1693	3175
1693	1763
1693	2201
1693	2575
1693	2791
1693	3047
1694	1753
1694	1962
1694	2104
1694	2123
1694	2764
1694	3037
1694	3643
1695	1787
1695	2391
1695	2479
1695	2780
1695	3607
1695	3845
1695	2369
1695	2403
1695	3556
1696	2417
1696	3142
1697	2399
1697	2516
1697	2983
1697	2875
1698	2053
1698	2628
1699	2002
1699	2968
1700	2110
1701	3670
1701	2814
1701	3920
1702	2532
1702	3016
1705	2943
1705	3024
1705	2494
1705	3499
1707	2406
1707	3098
1707	2465
1708	2560
1709	2494
1709	2044
1709	2824
1710	2747
1710	2828
1711	3851
1712	2427
1713	2561
1713	3616
1715	3512
1715	3152
1717	2582
1717	2960
1717	3173
1718	3323
1719	2446
1719	3227
1720	2682
1720	2592
1720	2634
1724	2389
1724	2987
1724	2656
1724	2693
1724	3709
1724	3750
1726	2001
1727	2658
1727	2801
1727	3522
1727	3992
1727	2426
1729	3594
1730	1863
1730	2480
1733	2714
1736	3231
1737	2568
1738	2365
1740	3772
1742	2648
1744	2383
1744	3610
1744	3932
1744	2465
1744	2504
1744	3122
1744	3463
1745	3269
1745	3111
1746	2649
1746	2471
1746	2558
1746	2991
1746	3012
1747	2390
1750	2935
1752	2798
1752	3897
1754	2116
1754	3246
1756	2886
1756	3770
1758	3380
1758	2424
1759	2127
1759	2954
1760	2373
1760	2571
1761	2986
1764	2465
1764	3712
1764	3833
1766	3100
1768	2957
1769	1958
1770	2558
1771	2648
1771	2655
1771	2891
1778	2731
1778	3126
1786	2479
1787	2423
1787	2517
1787	2377
1787	2897
1787	2961
1787	3246
1787	3613
1789	2392
1791	1986
1791	2588
1791	2020
1792	3745
1793	2394
1793	3557
1793	2369
1793	3356
1794	2138
1795	2390
1796	3034
1797	2890
1797	3119
1798	2420
1799	2361
1799	2496
1801	3407
1802	2612
1803	2425
1806	2609
1806	2613
1810	1997
1810	2699
1812	2483
1812	2734
1814	2613
1816	2621
1817	2363
1817	2445
1817	2609
1817	3366
1817	1958
1818	2763
1818	3211
1818	1972
1820	3107
1821	3026
1823	3119
1823	2509
1824	2406
1826	2409
1826	3886
1827	2558
1829	2426
1830	2366
1831	2373
1832	1950
1835	3770
1836	2390
1842	3243
1848	2362
1848	3147
1848	2158
1849	2398
1849	3031
1850	3003
1850	3225
1852	3458
1853	3265
1855	2445
1855	2972
1857	3025
1858	2506
1858	2383
1859	3797
1860	2361
1860	3158
1861	2038
1862	2369
1864	2361
1864	3085
1864	3273
1867	2591
1867	3072
1869	2363
1871	2465
1871	3448
1876	3816
1877	1965
1881	2507
1882	2398
1886	2955
1890	2377
1890	2800
1891	2474
1893	2377
1893	2967
1895	2989
1898	2731
1899	2471
1899	3057
1900	2465
1900	2071
1901	2954
1902	2491
1902	2726
1904	2362
1907	3254
1908	3677
1909	3244
1910	2797
1910	3807
1910	2993
1912	2366
1912	3363
1915	2438
1916	2958
1917	2545
1918	2062
1922	2420
1925	3199
1928	3064
1929	2497
1931	2007
1933	3784
1937	2378
1941	2127
1941	2394
1944	2568
1945	3486
1946	3191
1950	2444
1950	2475
1950	2868
1950	3621
1950	2426
1950	2675
1950	3153
1950	3739
1951	2734
1951	2592
1951	2762
1952	2484
1952	3737
1953	2425
1953	2694
1953	3326
1953	3429
1954	2730
1954	2445
1954	2617
1954	2633
1954	2722
1954	2834
1954	3312
1955	2427
1955	2687
1956	2118
1956	2783
1957	2385
1958	3320
1958	3629
1958	3640
1958	2718
1958	2860
1958	2909
1958	3098
1959	2465
1959	2381
1959	2520
1959	3408
1962	2406
1962	3024
1962	2131
1962	2416
1962	2833
1965	2804
1965	2542
1965	3012
1966	3663
1967	2538
1967	2982
1969	2369
1970	2417
1970	2493
1971	2596
1972	2613
1974	2802
1975	2509
1977	1978
1977	2714
1977	3370
1977	3621
1977	2473
1977	2718
1977	3148
1977	3274
1978	2943
1978	3411
1978	2715
1979	2377
1979	3326
1979	2913
1983	2850
1983	3440
1985	2780
1985	3604
1986	3688
1987	2772
1991	2519
1991	2423
1991	2585
1991	3520
1992	2160
1993	3578
1994	2566
1995	2384
1996	2170
1996	3043
1998	2942
1999	2409
1999	2981
1999	3633
1999	2433
1999	2998
1999	3356
1999	3477
2000	2391
2001	2361
2001	2474
2001	2810
2001	2366
2003	3385
2003	2413
2003	2465
2004	2686
2004	2741
2005	2816
2006	3527
2007	3039
2007	2368
2008	2373
2008	3397
2009	2390
2010	2876
2011	2575
2012	2361
2013	2609
2015	2656
2018	3039
2018	3516
2020	3089
2020	2361
2022	2822
2024	2918
2025	2718
2027	2648
2028	2560
2035	3354
2035	3451
2036	3286
2037	2657
2040	2350
2040	2560
2040	2673
2041	2586
2041	3134
2042	3537
2042	3117
2042	3370
2044	3290
2045	2884
2046	2371
2046	2859
2048	2408
2048	2714
2049	2718
2050	2648
2050	2744
2051	2765
2053	3693
2053	3740
2057	2393
2060	3035
2061	2398
2062	2563
2063	2960
2065	3370
2066	2397
2067	2432
2072	2759
2073	2564
2073	2714
2075	2369
2076	3359
2077	2727
2079	2441
2079	3521
2084	2893
2086	2425
2086	2798
2090	2373
2091	2390
2093	2371
2093	3715
2094	2588
2095	2417
2096	2609
2099	2523
2099	2533
2099	3443
2099	2389
2099	2518
2099	2885
2099	3502
2100	2525
2101	2455
2102	2454
2102	2716
2103	2427
2103	3529
2104	2452
2105	3032
2107	2780
2108	2473
2110	2365
2110	2586
2110	2823
2111	2481
2112	2866
2112	2363
2112	2449
2114	3001
2114	3613
2115	2369
2116	2487
2117	2798
2119	2756
2121	2485
2121	3941
2122	2558
2123	2728
2124	2840
2130	2714
2133	3012
2133	3106
2134	3454
2136	2804
2137	2507
2137	2715
2139	2377
2140	2574
2146	3362
2147	3105
2149	2958
2152	2465
2155	2366
2155	3199
2155	3354
2156	2722
2156	2725
2157	2276
2160	2815
2160	3105
2160	3361
2162	2658
2163	2716
2165	2420
2165	3190
2168	2760
2170	2745
2172	2731
2175	2739
2178	2391
2183	2417
2185	2739
2186	2384
2186	3374
2192	2362
2193	2972
2194	3189
2195	2466
2196	3561
2196	2362
2196	2515
2196	3366
2196	3465
2197	2750
2198	2562
2198	2478
2198	2634
2200	2463
2202	2447
2202	2588
2202	2638
2202	3280
2205	3420
2206	2421
2208	2522
2208	3106
2208	2530
2209	3354
2209	3510
2211	3152
2212	2224
2212	3087
2214	2426
2214	2469
2214	2639
2215	2495
2216	3039
2218	2391
2218	3653
2220	2650
2221	3287
2221	2381
2222	3770
2222	2363
2224	2735
2224	3884
2226	3049
2228	2522
2231	2800
2235	2492
2237	2547
2238	2902
2238	3381
2239	2510
2241	2591
2241	2740
2243	2586
2247	2370
2248	3799
2249	2517
2250	2954
2251	2725
2252	3754
2253	2365
2254	2559
2260	2724
2262	2574
2264	3362
2264	2578
2264	2646
2268	2408
2272	2777
2277	2503
2281	2363
2283	2892
2292	2633
2295	2385
2296	3664
2297	3582
2298	2428
2299	3423
2300	2392
2300	3354
2300	3039
2301	2420
2302	2419
2304	3167
2305	2396
2308	3100
2311	2401
2312	2390
2315	2455
2317	3019
2317	2365
2323	2611
2324	2657
2324	2521
2327	3617
2331	2563
2333	2558
2334	3844
2335	2392
2336	2956
2343	2547
2348	2466
2351	3797
2352	2388
2352	3016
2352	2715
2353	2729
2358	2971
2359	2649
2361	2505
2361	2520
2361	2575
2361	2787
2361	2813
2361	3369
2361	3434
2361	3500
2361	3599
2361	3648
2361	3715
2361	3784
2361	2416
2361	2742
2361	2759
2361	3099
2361	3112
2361	3819
2361	3930
2362	3051
2362	3094
2362	3407
2362	3814
2362	3876
2362	3895
2362	2755
2362	3947
2362	4014
2363	3888
2363	2631
2364	2968
2364	2805
2364	3439
2365	2456
2365	2566
2365	3419
2365	3709
2366	2519
2366	3783
2366	3109
2366	3228
2366	3658
2367	2566
2367	3037
2369	3037
2369	3297
2369	3710
2369	2932
2369	3008
2369	3174
2370	2588
2370	3772
2370	2605
2371	3132
2371	3810
2371	2386
2371	3759
2372	2850
2373	3933
2373	2956
2374	3265
2375	3109
2377	3096
2377	3959
2377	3369
2377	3513
2377	4000
2378	2997
2379	3549
2380	3847
2381	2781
2381	3287
2381	2767
2382	2475
2383	3482
2384	3512
2384	3530
2386	3286
2388	2748
2390	2738
2390	3628
2390	2465
2391	2481
2391	2948
2391	3902
2392	3576
2395	2465
2398	3580
2401	3809
2401	3440
2405	2774
2405	3290
2405	3993
2405	3356
2406	3041
2407	3595
2407	3767
2408	2428
2409	2876
2413	3326
2413	2417
2414	3783
2415	3440
2417	2732
2417	2740
2417	2959
2419	3428
2421	3271
2421	3833
2421	3869
2422	2724
2423	2426
2423	2486
2423	2944
2425	2821
2425	3799
2426	2729
2428	2919
2430	2718
2430	2580
2430	2833
2432	2438
2432	2472
2434	3876
2435	3876
2436	3775
2436	3794
2442	2528
2451	2598
2452	3356
2458	2595
2462	3994
2465	2860
2465	3882
2465	2622
2465	3192
2465	3622
2466	3426
2467	2582
2467	3507
2469	3418
2471	3627
2472	3003
2473	3776
2473	2981
2474	2601
2474	2782
2477	3131
2479	2566
2479	3777
2480	3508
2483	2495
2486	3961
2488	2985
2493	3890
2499	3010
2502	2716
2510	2611
2510	3713
2518	3775
2521	2656
2529	3791
2530	3934
2533	3771
2536	2722
2536	2739
2537	3707
2542	3509
2543	3210
2551	2563
2554	2622
2555	3384
2558	3254
2558	2794
2558	3658
2559	3795
2559	3915
2559	2928
2559	3384
2560	3240
2560	3639
2561	2799
2563	2586
2564	3905
2566	3433
2566	3677
2566	3061
2572	2996
2574	2961
2574	2982
2575	3713
2575	3938
2575	3706
2578	3712
2586	2712
2587	3811
2588	2844
2590	3204
2594	2958
2596	3142
2597	3521
2604	3861
2608	2714
2609	3982
2609	3823
2611	3467
2614	3302
2615	3398
2617	3191
2617	3445
2627	2716
2632	2798
2634	3675
2639	3669
2640	3508
2643	2821
2648	3059
2648	3407
2648	3629
2648	3822
2649	3774
2649	3778
2651	3213
2655	3757
2662	3734
2663	3774
2666	3058
2670	2716
2672	2717
2673	4008
2673	2975
2673	3069
2676	3423
2680	3136
2683	3229
2685	3872
2696	2720
2703	2717
2705	3559
2714	3309
2714	3396
2714	3806
2714	3311
2715	3136
2717	3911
2719	3115
2719	3573
2722	3421
2726	3353
2726	3542
2731	3326
2731	3422
2733	3162
2739	3318
2739	3535
2746	3409
2747	3191
2752	3009
2752	2901
2756	2803
2758	3349
2759	3039
2759	3137
2761	3689
2764	3014
2764	3293
2764	3531
2765	3470
2771	3508
2775	3582
2780	3884
2798	3029
2799	3116
2802	3105
2807	3001
2808	3125
2810	3390
2817	2994
2819	2859
2819	3138
2827	2984
2830	3541
2832	3212
2834	3397
2834	3418
2839	3436
2839	3356
2839	3867
2841	3541
2842	3436
2853	2968
2858	3550
2859	3079
2861	3059
2863	3516
2865	3664
2866	3806
2867	3245
2885	3362
2889	3379
2920	2938
2929	3861
2937	3812
2946	3096
2954	3553
2956	3740
2957	3689
2962	3455
2968	3929
2969	3486
2969	3952
2969	3746
2974	3550
2981	3556
2982	3345
2983	3015
2985	3977
2986	3366
2987	3364
2989	3415
2990	3356
2990	3861
2990	3698
3012	3661
3017	3087
3025	3369
3026	3370
3026	3987
3035	3509
3038	3660
3043	3397
3045	3945
3051	3184
3056	3411
3062	3744
3066	3874
3070	3360
3074	3215
3083	3531
3090	3510
3092	3613
3096	3418
3096	3548
3096	3700
3104	3915
3119	3520
3120	3354
3123	3587
3132	3508
3181	3211
3187	3471
3188	3891
3198	3355
3211	3379
3249	3584
3250	3455
3251	3576
3252	3418
3253	3362
3288	3870
3288	3861
3297	3498
3316	3714
3335	3364
3337	3386
3341	3729
3349	3384
3355	3740
3356	3716
3356	4010
3358	3628
3361	3948
3363	3585
3366	3620
3374	3971
3384	3488
3407	3648
3407	3699
3471	3994
3508	3613
3511	3632
3543	3787
3548	3575
3554	3771
3572	3808
3578	3827
3603	3827
3646	3950
3717	3780
3899	4002
