10400	19106
10400	22758
10400	22759
16011	19106
16011	19107
16011	22372
16011	22373
16011	22472
16011	22546
16011	22547
16011	22549
16011	22550
16011	22582
16011	22756
16011	27390
19106	19107
19106	22365
19106	22472
19106	22534
19106	22694
19106	22695
19106	22758
19106	22759
19106	29672
19107	22363
19107	22365
22363	22364
22363	22365
22363	22602
22364	22365
22364	22602
22364	22773
22365	22387
22365	22773
22365	29672
22372	22373
22372	22582
22372	22747
22373	22582
22373	22747
22546	22547
22549	22550
22549	22708
22549	22756
22550	22708
22550	22756
22694	22695
22708	22756
22758	22759
