640	5441
641	20812
642	20813
643	20830
644	20831
645	20836
646	20837
647	20838
648	20844
649	20849
650	20855
651	20861
652	20864
653	20865
654	20866
655	20872
656	20873
657	20874
658	20875
659	20876
660	20883
661	20884
662	20885
663	20886
664	20887
665	20897
666	20899
667	20907
668	20911
669	20915
670	20916
671	20917
672	20920
673	20922
674	20923
675	20928
676	20929
677	20932
678	20934
679	20938
680	20940
681	20943
682	20950
683	20951
684	20953
685	20958
686	20961
687	20962
688	20966
689	20967
690	20970
691	20971
692	20972
693	20976
694	20978
695	20985
696	20986
697	20992
698	20993
699	20994
700	25521
701	25522
702	25523
703	25524
704	25379
705	25380
706	25381
707	25382
708	25383
709	25384
710	25425
711	25436
712	25437
713	25438
714	25439
715	25440
716	25441
717	25804
718	25805
719	25806
720	25516
721	25517
722	25518
723	25519
724	25442
725	25443
726	25444
727	25445
728	25446
729	25447
730	25448
731	25449
732	25450
733	25451
734	25452
735	25453
736	25454
737	25455
738	25456
739	25527
740	25528
741	25525
742	25526
743	25807
744	25808
