15367	24651
15367	24663
15367	24664
15367	24665
15367	24666
15367	24667
15367	24668
15367	24672
15367	24673
15367	24674
15367	24675
15367	24680
15367	33741
15367	33742
15367	33743
15367	33744
15367	33745
15367	33746
15367	33747
24651	24666
24651	24672
24651	24673
24651	24674
24651	24675
24651	33744
24651	33745
24663	24664
24663	24665
24663	24666
24663	24667
24663	24668
24664	24665
24664	24666
24664	24667
24664	24668
24665	24666
24665	24667
24665	24668
24666	24667
24666	24668
24667	24668
24672	24673
24672	24674
24672	24675
24672	33746
24672	33747
24673	24674
24673	24675
24674	24675
33741	33742
33741	33743
33742	33743
33744	33745
33746	33747
