5300	31899
5300	31900
5300	31901
5300	31902
5300	31903
5300	31904
5300	31905
5300	31906
5300	31908
5300	31909
5300	31910
5300	31911
5300	31912
5300	31913
5300	31914
5300	31916
5300	31917
5300	31918
5300	31919
5300	31920
5300	31922
5300	31923
5300	31924
5300	31925
5300	31926
5300	31927
5300	31928
5300	31929
5300	31930
5300	31931
5300	31932
5300	31933
5300	31934
5300	31935
5300	31936
5300	31938
5300	31939
5300	31941
5300	31942
5300	31943
5300	31944
5300	31945
5300	31946
5300	31947
5300	31948
5300	31949
5300	31950
5300	31951
5300	31952
5300	31953
5300	31954
5300	31955
5300	31956
5300	31957
5300	31958
5300	31959
5300	31960
5300	31961
5300	31962
5300	31963
5300	31964
5300	31965
5300	31966
5300	31967
5300	31968
5300	31969
5300	31970
5300	31971
5300	31972
5300	31973
5300	31974
5300	31975
5300	31976
5300	31977
5300	31978
5300	31979
5300	31980
5300	31982
5300	31983
5300	31984
5300	31985
5300	31986
5300	31987
5300	31988
5300	31989
5300	31990
5300	31991
5300	31993
5300	31995
5300	31996
5300	31997
5300	31998
5300	32000
5300	32001
5300	32002
5300	32004
5300	32005
5300	32006
5300	32008
5300	32009
5300	32010
5300	32011
5300	32012
5300	32013
5300	32015
5300	32017
5300	32018
5300	32019
5300	32020
5300	32021
5300	32022
5300	32023
5300	32024
5300	32025
5300	32026
5300	32027
5300	32028
5300	32029
5300	32030
5300	32031
5300	32032
5300	32033
5300	32034
5300	32035
5300	32036
5300	32037
5300	32038
5300	32039
5300	32040
5300	32041
5300	32042
5300	32043
5300	32044
5300	32045
31995	31996
31995	31997
31996	31997
31996	32105
31996	32106
31996	32107
31996	32108
31996	32109
32105	32106
32105	32107
32105	32108
32105	32109
32106	32107
32106	32108
32106	32109
32107	32108
32107	32109
32108	32109
