5815	7385
5815	32119
5815	32120
5815	32121
5815	32122
5815	32123
5815	32124
5815	32125
5815	32126
5815	32127
5815	32128
5815	32129
5815	32130
5815	32131
5815	32132
5815	32133
5815	32134
5815	32135
5815	32136
5815	32137
5815	32138
5815	32139
5815	32141
5815	32142
5815	32143
5815	32144
5815	32145
5815	32146
5815	32147
5815	32149
5815	32150
5815	32151
5815	32152
5815	32154
5815	32155
5815	32156
5815	32157
5815	32158
5815	32159
5815	32162
5815	32163
32124	32130
32124	32152
32142	32143
32144	32154
32144	34454
32156	32157
32156	32158
32157	32158
