1209	3318
1210	8081
1211	8981
1212	10592
1213	12239
1214	21111
1215	21120
1216	21121
1217	21127
1218	21128
1219	21132
1220	21133
1221	21134
1222	21135
1223	21136
1224	21138
1225	21139
1226	21140
1227	21145
1228	21146
1229	21149
1230	21150
1231	21151
1232	21154
1233	21155
1234	21157
1235	21158
1236	21160
1237	21161
1238	21165
1239	21166
1240	21167
1241	21168
1242	21169
1243	21170
1244	21171
1245	21172
1246	21173
1247	21174
1248	21179
1249	21180
1250	21181
1251	21182
1252	21183
1253	21189
1254	21191
1255	21192
1256	21193
1257	21194
1258	21195
1259	21196
1260	21197
1261	21198
1262	21199
1263	21202
1264	21203
1265	21208
1266	21209
1267	21211
1268	24445
1269	33934
1270	33935
1271	33911
1272	33912
1273	33913
1274	33914
1275	33915
1276	33916
1277	33917
1278	33918
1279	33919
