19935	20043
19935	20110
19935	37798
19935	37811
19935	37818
20043	37818
20043	37832
20043	37833
20043	37834
20043	37835
20044	20045
20044	37808
20044	37809
20044	37810
20044	37812
20044	37814
20044	37822
37797	37798
37797	37799
37797	37800
37798	37799
37798	37800
37798	37811
37798	37815
37798	37823
37798	37824
37799	37815
37799	37823
37799	37824
37800	37816
37800	37817
37804	37805
37804	37806
37804	37820
37804	37821
37805	37806
37805	37813
37805	37814
37808	37809
37809	37810
37809	37811
37809	37812
37810	37811
37810	37812
37810	37813
37810	37814
37810	37815
37810	37822
37813	37814
37813	37815
37813	37819
37814	37815
37815	37819
37816	37817
37820	37821
37832	37833
37832	37834
37832	37835
37833	37834
37833	37835
37834	37835
