2886	12820
2886	27529
2886	27562
2886	28969
2886	28970
2886	28971
2886	28973
2886	28975
2886	28976
2886	28977
2886	28978
2886	28979
2886	28980
2886	28981
2886	28982
2886	28983
2886	28984
2886	28985
2886	28986
2886	28987
2886	28988
2886	28989
2886	28990
2886	28991
2886	28992
2886	28993
2886	28994
2886	28995
2886	28996
2886	28997
2886	28998
2886	28999
2886	29000
2886	29001
2886	29002
2886	29003
2886	29004
2886	29005
28970	28975
28970	28977
28975	28977
28975	28996
28975	35045
28975	35046
28975	35047
28996	35045
28996	35047
35045	35046
35045	35047
35046	35047
