1192	1586
1193	7002
1194	7003
1195	7004
1196	7007
1197	7009
1198	7011
1199	7012
1200	7013
1201	7014
1202	7015
1203	7016
1204	7017
1205	7018
1206	7019
1207	7021
1208	7028
1209	7029
1210	7031
1211	7033
1212	7036
1213	7037
1214	7038
1215	7040
1216	7041
1217	7043
1218	7045
1219	7047
1220	7048
1221	7049
1222	7050
1223	7051
1224	7052
1225	7055
1226	7058
1227	7059
1228	7060
1229	7061
1230	7062
1231	7064
1232	7066
1233	7067
1234	7068
1235	7069
1236	7070
1237	7071
1238	7072
1239	7073
1240	7074
1241	7075
1242	7076
1243	7078
1244	7079
1245	7080
1246	7081
1247	7082
1248	7083
1249	7085
1250	7088
1251	7089
1252	7090
1253	7092
1254	7093
1255	7096
1256	7097
1257	7098
1258	32829
1259	32830
1260	32831
1261	10331
