1586	7002
1586	7003
1586	7004
1586	7007
1586	7009
1586	7011
1586	7012
1586	7013
1586	7014
1586	7015
1586	7016
1586	7017
1586	7018
1586	7019
1586	7021
1586	7028
1586	7029
1586	7031
1586	7033
1586	7036
1586	7037
1586	7038
1586	7040
1586	7041
1586	7043
1586	7045
1586	7047
1586	7048
1586	7049
1586	7050
1586	7051
1586	7052
1586	7055
1586	7058
1586	7059
1586	7060
1586	7061
1586	7062
1586	7064
1586	7066
1586	7067
1586	7068
1586	7069
1586	7070
1586	7071
1586	7072
1586	7073
1586	7074
1586	7075
1586	7076
1586	7078
1586	7079
1586	7080
1586	7081
1586	7082
1586	7083
1586	7085
1586	7088
1586	7089
1586	7090
1586	7092
1586	7093
1586	7096
1586	7097
1586	7098
7028	7029
7040	7041
7048	32829
7048	32830
7048	32831
7049	7050
7060	7061
7060	7062
7061	7062
7067	7068
7090	10331
32829	32830
32829	32831
32830	32831
