1270	1709
1271	11575
1272	11576
1273	11577
1274	11581
1275	11582
1276	11584
1277	11585
1278	11586
1279	11587
1280	11588
1281	11589
1282	11592
1283	11595
1284	11596
1285	11597
1286	11598
1287	11599
1288	11600
1289	11602
1290	11603
1291	11608
1292	11610
1293	11611
1294	11612
1295	11614
1296	11615
1297	11616
1298	11617
1299	11618
1300	11622
1301	11623
1302	11625
1303	11626
1304	11627
1305	11628
1306	11629
1307	11631
1308	11632
1309	11633
1310	11635
1311	11637
1312	11638
1313	11639
1314	11640
1315	11641
1316	11642
1317	11643
1318	11645
1319	26733
