1280	4307
1281	12795
1282	12828
1283	21477
1284	22369
1285	22549
1286	22689
1287	22690
1288	22691
1289	22692
1290	22693
1291	22694
1292	22695
1293	22696
1294	22697
1295	22698
1296	22699
1297	22700
1298	22701
1299	22702
1300	22703
1301	22704
1302	22705
1303	22706
1304	22707
1305	22708
1306	22709
1307	22713
1308	22714
1309	22716
1310	22717
1311	22718
1312	22719
1313	22720
1314	22721
1315	22723
1316	22724
1317	22726
1318	22727
1319	22728
1320	22729
1321	22730
1322	22731
1323	22732
1324	22733
1325	22734
1326	22735
1327	22736
1328	22737
1329	22738
1330	22739
1331	22741
1332	22550
1333	34997
1334	34998
1335	34999
1336	35000
