1233	17093
1233	17096
1233	17104
1233	17105
1233	17107
1233	17108
1233	17119
1233	17120
1233	17121
1233	17123
1233	17125
1233	17136
1233	17141
1233	17143
17093	17108
17105	17123
17105	17136
17105	17682
17105	17683
17105	17684
17105	17685
17105	17686
17105	17687
17105	17688
17105	17689
17105	17690
17105	17691
17105	17692
17105	17693
17105	17694
17108	18531
17119	17495
17119	17496
17120	17121
17123	17691
17123	17692
17123	17693
17495	17496
17682	17683
17682	17684
17683	17684
17685	17686
17685	17687
17686	17687
17686	17694
17687	17694
17688	17689
17688	17690
17689	17690
17691	17692
17691	17693
17692	17693
