713	24986
713	24987
713	24988
713	24989
713	24990
713	24991
713	24992
713	24993
713	24994
713	24996
713	24997
713	24998
713	24999
713	25000
713	25001
713	25002
713	25003
713	25004
713	25005
713	25007
713	25008
713	25010
713	25011
713	25012
713	25013
713	25014
713	25015
713	25016
713	25018
713	25019
713	25022
713	25023
713	25024
713	25025
713	25026
713	25027
713	25028
713	25029
713	25030
713	25031
713	25033
713	25034
713	25036
713	25037
713	25039
713	25040
713	25043
713	25044
713	25045
713	25047
713	25048
713	25049
713	25052
713	25053
713	25054
713	25055
713	25056
713	25058
713	25059
713	25060
713	25061
713	25062
713	25063
713	25064
713	25065
713	25066
713	25067
713	25068
713	25069
713	25070
713	25071
713	25072
713	25074
713	25078
713	25079
713	25080
713	25082
713	25083
713	25084
713	25085
713	25086
713	25087
713	25088
713	25091
713	25092
713	25093
713	25095
713	25096
713	25098
713	25099
713	25100
713	25102
713	25103
713	25104
713	25105
713	25106
713	25107
713	25109
713	25110
713	25111
713	25113
713	25114
713	25115
713	25116
713	25117
713	25118
713	25120
713	25121
713	25122
713	25123
713	25124
713	25125
713	25126
713	25128
713	25129
713	25130
713	25131
713	25132
24986	25103
24991	24992
24991	24993
24992	24993
24993	24997
24993	24998
24993	24999
24993	29339
24993	29340
24993	29341
24993	29342
24993	29343
24993	29344
24993	29345
24993	29346
24993	29347
24993	29348
24993	29349
24993	29350
24993	29351
24993	29352
24993	29353
24993	29354
24993	29355
24993	29356
24993	29357
24997	24998
24997	24999
24997	29339
24997	29347
24997	29348
24997	29349
24997	29350
24998	24999
24998	29340
24998	29345
24998	29346
24998	29347
24998	29348
24998	29349
24998	29350
24999	29339
24999	29340
24999	29346
24999	29347
24999	29348
24999	29349
24999	29350
25022	25023
25022	25024
25023	25024
25027	25124
25030	25031
25030	29368
25030	29369
25030	29370
25068	25069
25070	25071
25072	29358
25072	29359
25072	29360
25105	28393
25105	28394
25105	28395
25129	25130
28393	28394
28393	28395
28394	28395
29341	29342
29341	29343
29341	29344
29342	29343
29342	29344
29343	29344
29345	29346
29347	29348
29347	29349
29347	29350
29348	29349
29348	29350
29349	29350
29351	29352
29351	29353
29352	29353
29354	29355
29354	29356
29354	29357
29355	29356
29355	29357
29358	29359
29358	29360
29359	29360
29368	29369
29368	29370
29369	29370
