3274	3275
3274	3276
3274	3277
3274	3340
3274	3341
3274	3391
3274	32551
3274	32552
3275	3276
3275	3277
3275	3301
3275	3340
3275	3341
3275	3386
3275	3391
3275	32551
3275	32552
3276	3277
3276	3301
3276	3340
3276	3341
3276	3386
3276	3391
3276	32547
3276	32548
3276	32549
3276	32550
3276	32551
3277	3301
3277	3341
3277	3386
3277	3405
3277	3406
3277	32547
3277	32548
3301	3386
3340	3341
3340	3391
3340	32551
3340	32552
3386	3406
3386	32548
3405	3406
3405	3409
3406	3409
3406	32548
32547	32548
32549	32550
32549	32551
32550	32551
32551	32552
