189	330
190	3438
191	3442
192	3445
193	3465
194	3470
195	3488
196	3489
197	3516
198	3531
199	3535
200	3541
201	3580
202	3581
203	3585
204	3591
205	3597
206	3604
207	3608
208	3617
209	3621
210	3644
211	3657
212	3681
213	3688
214	3689
215	3690
216	3691
217	3692
218	3693
219	3697
220	3722
221	3726
222	3733
223	3743
224	3745
225	3746
226	3750
227	3763
228	3764
229	3777
230	3778
231	3780
232	3790
233	3800
234	3802
235	3803
236	3808
237	3815
238	3816
239	3817
240	3825
241	3826
242	3836
243	3842
244	3844
245	3848
246	3852
247	3863
248	3874
249	3882
250	3894
251	3896
252	3906
253	3918
254	3939
255	3949
256	3952
257	3960
258	3963
259	3967
260	3971
261	3972
262	3975
263	3989
264	3993
265	4007
266	4010
267	4022
268	4025
269	4035
270	4040
271	4041
272	4042
273	4043
274	4044
275	4054
276	4062
277	4067
278	4071
279	4074
280	4076
281	4077
282	4079
283	4086
284	4090
285	4093
286	4098
287	4105
288	4109
289	4111
290	4116
291	4117
292	4119
293	4125
294	4141
295	4149
296	4150
297	4160
298	4162
299	4167
300	4168
301	4171
302	4174
303	4175
304	4177
305	4179
306	4181
307	4188
308	4193
309	4197
310	4212
311	4217
312	4224
313	4225
314	4228
315	4231
316	4232
317	4233
318	4240
319	26969
320	26970
321	26971
322	26972
323	26973
324	26974
325	26679
326	26680
327	27126
328	27127
329	27128
330	27169
331	27156
332	27157
333	27158
334	14952
335	26987
