330	3438
330	3442
330	3445
330	3465
330	3470
330	3488
330	3489
330	3516
330	3531
330	3535
330	3541
330	3580
330	3581
330	3585
330	3591
330	3597
330	3604
330	3608
330	3617
330	3621
330	3644
330	3657
330	3681
330	3688
330	3689
330	3690
330	3691
330	3692
330	3693
330	3697
330	3722
330	3726
330	3733
330	3743
330	3745
330	3746
330	3750
330	3763
330	3764
330	3777
330	3778
330	3780
330	3790
330	3800
330	3802
330	3803
330	3808
330	3815
330	3816
330	3817
330	3825
330	3826
330	3836
330	3842
330	3844
330	3848
330	3852
330	3863
330	3874
330	3882
330	3894
330	3896
330	3906
330	3918
330	3939
330	3949
330	3952
330	3960
330	3963
330	3967
330	3971
330	3972
330	3975
330	3989
330	3993
330	4007
330	4010
330	4022
330	4025
330	4035
330	4040
330	4041
330	4042
330	4043
330	4044
330	4054
330	4062
330	4067
330	4071
330	4074
330	4076
330	4077
330	4079
330	4086
330	4090
330	4093
330	4098
330	4105
330	4109
330	4111
330	4116
330	4117
330	4119
330	4125
330	4141
330	4149
330	4150
330	4160
330	4162
330	4167
330	4168
330	4171
330	4174
330	4175
330	4177
330	4179
330	4181
330	4188
330	4193
330	4197
330	4212
330	4217
330	4224
330	4225
330	4228
330	4231
330	4232
330	4233
330	4240
3531	26969
3531	26970
3531	26971
3531	26972
3531	26973
3531	26974
3535	26679
3535	26680
3608	27126
3608	27127
3608	27128
3688	3689
3688	3690
3688	3691
3689	3690
3689	3691
3690	3691
3693	3826
3763	3764
3816	3817
4044	27169
4076	4077
4086	27156
4086	27157
4086	27158
4116	4117
4212	14952
26679	26680
26679	26987
26680	26987
26969	26970
26969	26971
26969	26972
26969	26973
26969	26974
26970	26971
26970	26972
26970	26973
26970	26974
26971	26972
26971	26973
26971	26974
26972	26973
26972	26974
26973	26974
27126	27127
27126	27128
27127	27128
27156	27157
27156	27158
