647	24920
647	24921
647	24922
647	24923
647	24924
647	24925
647	24926
647	24927
647	24928
647	24930
647	24931
647	24932
647	24933
647	24934
647	24935
647	24936
647	24937
647	24938
647	24939
647	24941
647	24942
647	24944
647	24945
647	24946
647	24947
647	24948
647	24949
647	24950
647	24952
647	24953
647	24956
647	24957
647	24958
647	24959
647	24960
647	24961
647	24962
647	24963
647	24964
647	24965
647	24967
647	24968
647	24970
647	24971
647	24973
647	24974
647	24977
647	24978
647	24979
647	24981
647	24982
647	24983
647	24986
647	24987
647	24988
647	24989
647	24990
647	24992
647	24993
647	24994
647	24995
647	24996
647	24997
647	24998
647	24999
647	25000
647	25001
647	25002
647	25003
647	25004
647	25005
647	25006
647	25008
647	25012
647	25013
647	25014
647	25016
647	25017
647	25018
647	25019
647	25020
647	25021
647	25022
647	25025
647	25026
647	25027
647	25029
647	25030
647	25032
647	25033
647	25034
647	25036
647	25037
647	25038
647	25039
647	25040
647	25041
647	25043
647	25044
647	25045
647	25047
647	25048
647	25049
647	25050
647	25051
647	25052
647	25054
647	25055
647	25056
647	25057
647	25058
647	25059
647	25060
647	25062
647	25063
647	25064
647	25065
647	25066
24920	25037
24925	24926
24925	24927
24926	24927
24927	24931
24927	24932
24927	24933
24927	29273
24927	29274
24927	29275
24927	29276
24927	29277
24927	29278
24927	29279
24927	29280
24927	29281
24927	29282
24927	29283
24927	29284
24927	29285
24927	29286
24927	29287
24927	29288
24927	29289
24927	29290
24927	29291
24931	24932
24931	24933
24931	29273
24931	29281
24931	29282
24931	29283
24931	29284
24932	24933
24932	29274
24932	29279
24932	29280
24932	29281
24932	29282
24932	29283
24932	29284
24933	29273
24933	29274
24933	29280
24933	29281
24933	29282
24933	29283
24933	29284
24956	24957
24956	24958
24957	24958
24961	25058
24964	24965
24964	29302
24964	29303
24964	29304
25002	25003
25004	25005
25006	29292
25006	29293
25006	29294
25039	28327
25039	28328
25039	28329
25063	25064
28327	28328
28327	28329
28328	28329
29275	29276
29275	29277
29275	29278
29276	29277
29276	29278
29277	29278
29279	29280
29281	29282
29281	29283
29281	29284
29282	29283
29282	29284
29283	29284
29285	29286
29285	29287
29286	29287
29288	29289
29288	29290
29288	29291
29289	29290
29289	29291
29292	29293
29292	29294
29293	29294
29302	29303
29302	29304
29303	29304
