227	4445
228	27512
229	27513
230	27514
231	27515
232	27516
233	27517
234	27518
235	27519
236	27520
237	27521
238	27522
239	27523
240	27524
241	27525
242	27526
243	27527
244	27528
245	27529
246	27530
247	27531
248	27532
249	27533
250	27534
251	27535
252	27536
253	27537
254	27538
255	27539
256	27540
257	27541
258	27542
259	27543
260	27544
261	27545
262	27546
263	27547
264	27548
265	27549
266	27550
267	27551
268	27552
269	27553
270	27554
271	27555
272	27556
273	27557
274	27558
275	27559
276	27560
277	27561
278	27562
279	27563
280	27564
281	27565
282	27566
283	27567
284	27568
285	27569
286	27570
287	27571
288	27572
289	27573
290	27574
291	27575
292	27576
293	29127
294	29128
295	29088
296	29089
297	29142
298	29143
299	29114
300	29115
301	29116
302	29083
303	29084
304	29085
305	29086
306	29087
307	29108
308	29109
309	29074
310	29075
311	29076
312	29077
313	29078
314	29079
315	29080
316	29081
317	29082
318	29107
319	29100
320	29102
321	29105
322	29106
323	29117
324	29118
325	29119
326	29120
327	29121
328	29122
329	29123
330	29124
331	29125
332	29126
333	29103
334	29104
335	29090
336	29091
337	29092
338	29093
339	29094
340	29095
341	29096
342	29097
343	29110
344	29111
345	29112
346	29113
347	29098
348	29099
349	29101
350	29129
351	29130
352	29131
353	29132
354	29133
355	29134
356	29135
357	29136
358	29138
359	29139
360	29140
361	29141
362	29148
363	29150
364	29151
365	29149
