0	1672
1	5964
2	5968
3	5986
4	6007
5	6028
6	6036
7	6092
8	6187
9	6201
10	6204
11	6223
12	6323
13	6374
14	15582
15	18316
16	18410
17	21543
18	23032
19	23033
20	23035
21	23036
22	23037
23	23040
24	23043
25	23044
26	23045
27	23046
28	23047
29	23048
30	23049
31	23050
32	23051
33	23052
34	23054
35	23056
36	23057
37	23058
38	23059
39	23060
40	23061
41	23062
42	23063
43	23064
44	23067
45	23068
46	23069
47	23071
48	23072
49	23073
50	23076
51	23077
52	23078
53	23080
54	23081
55	23082
56	23083
57	23084
58	23085
59	23086
60	23089
61	23090
62	23091
63	23092
64	23094
65	23095
66	23096
67	23097
68	23099
69	23101
70	23102
71	23103
72	23104
73	23105
74	23106
75	23107
76	6013
77	6075
78	33505
79	33506
80	33507
