1672	5964
1672	5968
1672	5986
1672	6007
1672	6028
1672	6036
1672	6092
1672	6187
1672	6201
1672	6204
1672	6223
1672	6323
1672	6374
1672	15582
1672	18316
1672	18410
1672	21543
1672	23032
1672	23033
1672	23035
1672	23036
1672	23037
1672	23040
1672	23043
1672	23044
1672	23045
1672	23046
1672	23047
1672	23048
1672	23049
1672	23050
1672	23051
1672	23052
1672	23054
1672	23056
1672	23057
1672	23058
1672	23059
1672	23060
1672	23061
1672	23062
1672	23063
1672	23064
1672	23067
1672	23068
1672	23069
1672	23071
1672	23072
1672	23073
1672	23076
1672	23077
1672	23078
1672	23080
1672	23081
1672	23082
1672	23083
1672	23084
1672	23085
1672	23086
1672	23089
1672	23090
1672	23091
1672	23092
1672	23094
1672	23095
1672	23096
1672	23097
1672	23099
1672	23101
1672	23102
1672	23103
1672	23104
1672	23105
1672	23106
1672	23107
6013	6036
6013	6075
6187	23045
6187	23046
6187	23047
6187	23048
23043	23067
23044	23050
23045	23046
23045	23047
23045	23048
23046	23047
23046	23048
23047	23048
23049	23050
23049	23072
23054	23073
23090	33505
23090	33506
23090	33507
33505	33506
33505	33507
33506	33507
