13312	26629
13312	35887
13979	16552
13979	26629
13979	26655
13979	35505
13979	35887
16552	35505
16552	35887
16552	36789
16552	36790
23564	28154
23564	30395
23564	34792
23564	34793
23564	34794
26629	26631
26629	26632
26629	26633
26629	35887
26631	26632
26631	26633
26631	26650
26631	26651
26631	26652
26632	26633
26650	26651
26650	26652
26651	26652
26651	26678
28154	34794
28154	35101
28402	28403
28402	35504
28402	39367
33606	33608
33606	33665
33608	35101
33608	35504
33608	35505
35101	35504
35101	35505
35504	35505
35504	39367
35505	35887
36789	36790
