5303	31902
5303	31903
5303	31904
5303	31905
5303	31906
5303	31907
5303	31908
5303	31909
5303	31911
5303	31912
5303	31913
5303	31914
5303	31915
5303	31916
5303	31917
5303	31919
5303	31920
5303	31921
5303	31922
5303	31923
5303	31925
5303	31926
5303	31927
5303	31928
5303	31929
5303	31930
5303	31931
5303	31932
5303	31933
5303	31934
5303	31935
5303	31936
5303	31937
5303	31938
5303	31939
5303	31941
5303	31942
5303	31944
5303	31945
5303	31946
5303	31947
5303	31948
5303	31949
5303	31950
5303	31951
5303	31952
5303	31953
5303	31954
5303	31955
5303	31956
5303	31957
5303	31958
5303	31959
5303	31960
5303	31961
5303	31962
5303	31963
5303	31964
5303	31965
5303	31966
5303	31967
5303	31968
5303	31969
5303	31970
5303	31971
5303	31972
5303	31973
5303	31974
5303	31975
5303	31976
5303	31977
5303	31978
5303	31979
5303	31980
5303	31981
5303	31982
5303	31983
5303	31985
5303	31986
5303	31987
5303	31988
5303	31989
5303	31990
5303	31991
5303	31992
5303	31993
5303	31994
5303	31996
5303	31998
5303	31999
5303	32000
5303	32001
5303	32003
5303	32004
5303	32005
5303	32007
5303	32008
5303	32009
5303	32011
5303	32012
5303	32013
5303	32014
5303	32015
5303	32016
5303	32018
5303	32020
5303	32021
5303	32022
5303	32023
5303	32024
5303	32025
5303	32026
5303	32027
5303	32028
5303	32029
5303	32030
5303	32031
5303	32032
5303	32033
5303	32034
5303	32035
5303	32036
5303	32037
5303	32038
5303	32039
5303	32040
5303	32041
5303	32042
5303	32043
5303	32044
5303	32045
5303	32046
5303	32047
5303	32048
31998	31999
31998	32000
31999	32000
31999	32108
31999	32109
31999	32110
31999	32111
31999	32112
32108	32109
32108	32110
32108	32111
32108	32112
32109	32110
32109	32111
32109	32112
32110	32111
32110	32112
32111	32112
