646	1157
647	24019
648	24031
649	24035
650	24037
651	24038
652	24040
653	24041
654	24044
655	24045
656	24046
657	24047
658	24048
659	24050
660	24051
661	24057
662	24059
663	24060
664	24062
665	24063
666	24064
667	24065
668	24066
669	24067
670	24068
671	24070
672	24071
673	24073
674	24074
675	24076
676	24079
677	24080
678	24081
679	24086
680	24088
681	24089
682	24090
683	24091
684	24092
685	24097
686	24098
687	24100
688	24103
689	24104
690	24105
691	24106
692	24107
693	24108
694	24109
695	24113
696	24114
697	24115
698	24117
699	24119
700	24120
701	26282
702	26283
