1157	24019
1157	24031
1157	24035
1157	24037
1157	24038
1157	24040
1157	24041
1157	24044
1157	24045
1157	24046
1157	24047
1157	24048
1157	24050
1157	24051
1157	24057
1157	24059
1157	24060
1157	24062
1157	24063
1157	24064
1157	24065
1157	24066
1157	24067
1157	24068
1157	24070
1157	24071
1157	24073
1157	24074
1157	24076
1157	24079
1157	24080
1157	24081
1157	24086
1157	24088
1157	24089
1157	24090
1157	24091
1157	24092
1157	24097
1157	24098
1157	24100
1157	24103
1157	24104
1157	24105
1157	24106
1157	24107
1157	24108
1157	24109
1157	24113
1157	24114
1157	24115
1157	24117
1157	24119
1157	24120
24019	24079
24037	24038
24037	24073
24038	24073
24059	24060
24062	24063
24088	24089
24090	24091
24100	26282
24100	26283
24107	24108
24109	24117
24113	24114
24119	24120
26282	26283
