1198	7376
1199	9430
1200	17138
1201	13883
1202	13891
1203	13907
1204	13911
1205	13923
1206	13950
1207	13958
1208	13964
1209	13982
1210	14017
1211	14045
1212	14051
1213	14076
1214	14079
1215	14085
1216	14118
1217	14133
1218	14154
1219	14158
1220	14163
1221	14172
1222	14173
1223	14197
1224	14267
1225	14307
1226	14314
1227	14315
1228	14327
1229	14328
1230	14336
1231	14370
1232	14470
1233	17117
1234	17124
1235	17140
1236	17144
1237	17145
1238	17148
1239	17188
1240	17192
1241	17201
1242	17202
1243	17207
1244	17208
1245	17214
1246	17235
1247	17236
1248	17238
1249	17240
1250	17278
1251	17284
1252	17303
1253	17307
1254	17315
1255	30973
1256	31023
1257	31127
1258	31260
1259	31261
1260	13908
1261	14181
1262	17203
