7376	9430
7376	17138
9430	13883
9430	13891
9430	13907
9430	13911
9430	13923
9430	13950
9430	13958
9430	13964
9430	13982
9430	14017
9430	14045
9430	14051
9430	14076
9430	14079
9430	14085
9430	14118
9430	14133
9430	14154
9430	14158
9430	14163
9430	14172
9430	14173
9430	14197
9430	14267
9430	14307
9430	14314
9430	14315
9430	14327
9430	14328
9430	14336
9430	14370
9430	14470
9430	17117
9430	17124
9430	17140
9430	17144
9430	17145
9430	17148
9430	17188
9430	17192
9430	17201
9430	17202
9430	17207
9430	17208
9430	17214
9430	17235
9430	17236
9430	17238
9430	17240
9430	17278
9430	17284
9430	17303
9430	17307
9430	17315
9430	30973
9430	31023
9430	31127
13883	31260
13883	31261
13891	17201
13891	17284
13907	13908
13950	14181
14133	14370
14327	14328
17201	17284
17202	17203
