4012	8727
4013	27028
4014	14818
4015	14947
4016	32131
4017	32132
4018	32133
4019	32134
4020	14960
4021	15465
4022	34167
4023	20616
4024	25040
4025	25080
4026	25160
4027	26371
4028	27343
4029	31193
4030	31194
4031	31197
4032	31198
4033	31199
4034	31200
4035	31201
4036	31202
4037	31204
4038	31205
4039	31207
4040	31210
4041	31211
4042	31212
4043	31213
4044	31214
4045	31215
4046	31216
4047	31217
4048	31218
4049	31219
4050	31220
4051	31221
4052	31224
4053	31225
4054	31227
4055	31228
4056	31229
4057	31231
4058	31232
4059	31233
4060	31234
4061	31235
4062	31236
4063	31237
4064	31238
4065	31239
4066	31240
4067	35644
4068	35645
4069	35646
4070	35647
4071	35648
4072	35649
4073	35650
4074	31275
4075	35653
4076	35654
4077	39302
4078	39303
4079	39304
