3235	11163
3235	11166
3235	11167
3235	11186
3235	11187
3235	11188
3235	11189
3235	11199
3235	11201
3235	11202
3235	11203
3235	11204
3235	11212
3235	11214
3235	11222
3235	11232
3235	11241
3235	11242
3235	11243
3235	11244
3235	11246
3235	11247
3235	11252
3235	11253
3235	11255
3235	11258
3235	11265
3235	11270
3235	11272
3235	11273
3235	11274
3235	11280
3235	11289
3235	11291
3235	11292
3235	11294
3235	11295
3235	11298
3235	11299
3235	11300
3235	11306
3235	11311
3235	11321
11163	32919
11163	32920
11163	32921
11202	11203
11202	11204
11203	11204
11241	11242
11241	11243
11241	11244
11242	11243
11242	11244
11243	11244
11298	11299
11298	11300
11299	11300
32919	32920
32919	32921
32920	32921
