509	23371
509	23383
509	23387
509	23389
509	23390
509	23392
509	23393
509	23396
509	23397
509	23398
509	23399
509	23400
509	23402
509	23403
509	23409
509	23411
509	23412
509	23414
509	23415
509	23416
509	23417
509	23418
509	23419
509	23420
509	23422
509	23423
509	23425
509	23426
509	23428
509	23431
509	23432
509	23433
509	23438
509	23440
509	23441
509	23442
509	23443
509	23444
509	23449
509	23450
509	23452
509	23455
509	23456
509	23457
509	23458
509	23459
509	23460
509	23461
509	23465
509	23466
509	23467
509	23469
509	23471
509	23472
23371	23431
23389	23390
23389	23425
23390	23425
23411	23412
23414	23415
23440	23441
23442	23443
23452	25634
23452	25635
23459	23460
23461	23469
23465	23466
23471	23472
25634	25635
