1835	6367
1835	6370
1835	6380
1835	6381
1835	6386
1835	6392
1835	6394
1835	6399
1835	6407
1835	6408
1835	6409
1835	6415
1835	6422
1835	6423
1835	6426
1835	6427
1835	6428
1835	6429
1835	6430
1835	6435
1835	6440
1835	6445
1835	6446
1835	6450
1835	6454
1835	6456
1835	6460
1835	6461
1835	6467
1835	6468
1835	6469
1835	6470
1835	6471
6367	6399
6381	34833
6381	34834
6381	34835
6422	6423
6423	34420
6423	34421
6423	34422
6423	34423
6423	34424
6426	6427
6468	6469
34420	34421
34420	34422
34420	34423
34420	34424
34421	34422
34421	34423
34421	34424
34422	34423
34422	34424
34423	34424
34833	34834
34833	34835
34834	34835
