226	372
227	6910
228	20226
229	20229
230	20230
231	20231
232	20234
233	20236
234	20237
235	20238
236	20239
237	20242
238	20243
239	20244
240	20247
241	20248
242	20249
243	20250
244	20252
245	20253
246	20254
247	20255
248	20257
249	20258
250	20259
251	20260
252	20261
253	20262
254	20263
255	20264
256	20265
257	20266
258	20267
259	20268
260	20269
261	20270
262	20271
263	20272
264	20273
265	20274
266	20275
267	20276
268	20277
269	20278
270	20279
271	20280
272	20281
273	20282
274	20283
275	20284
276	20285
277	20286
278	20287
279	20288
280	20289
281	20290
282	20293
283	20295
284	20296
285	20299
286	20300
287	20301
288	20302
289	20303
290	20304
291	20305
292	20306
293	20307
294	20308
295	20309
296	20310
297	20312
298	20313
299	20314
300	20316
301	20317
302	20320
303	20321
304	20323
305	20324
306	20326
307	20327
308	20329
309	20330
310	20331
311	20332
312	20333
313	28122
