226	1345
227	8392
228	10184
229	10186
230	10192
231	10193
232	10194
233	10196
234	10198
235	10199
236	10200
237	10202
238	10203
239	10205
240	10206
241	10208
242	10209
243	10211
244	10213
245	10215
246	10216
247	10217
248	10218
249	10219
250	10220
251	10221
252	10224
253	10225
254	10226
255	10227
256	10232
257	10234
258	10235
259	10236
260	10240
261	10241
262	10243
263	10245
264	10247
265	10249
266	10250
267	10252
268	10253
269	10256
270	10257
271	10259
272	10260
273	10261
274	10262
275	10263
276	10266
277	10268
278	10269
279	10270
280	10271
281	10272
282	10273
283	10274
284	10275
285	10276
286	10277
287	10281
288	33096
289	33097
290	33068
291	33070
292	33071
293	33072
294	33100
295	33101
296	33064
297	33065
298	33066
299	33067
300	33069
301	33073
302	33074
303	33075
304	33044
305	33045
306	33046
307	33047
308	33093
309	33094
310	33095
311	33076
312	33077
313	33078
314	33079
315	33080
316	33081
317	33082
318	33061
319	33062
320	33063
321	33102
322	33103
323	33104
324	33084
325	33085
