67	96
67	99
67	69
67	84
67	180
67	91
67	183
67	164
67	103
67	104
67	93
67	148
67	175
67	128
67	181
67	174
67	136
67	80
67	75
67	68
67	139
67	130
67	77
67	90
67	98
67	145
67	178
67	71
67	114
67	79
67	101
67	109
67	134
67	72
67	70
68	139
68	72
68	69
68	84
68	78
68	180
68	91
68	115
68	73
68	150
68	76
68	77
68	164
68	90
68	103
68	145
68	175
68	128
68	92
68	106
68	107
67	115
67	73
67	74
67	78
67	150
67	135
67	94
67	149
67	173
67	187
67	167
114	139
114	173
114	133
96	114
96	99
96	134
96	109
96	130
96	164
96	149
96	173
96	167
96	145
96	128
96	117
96	124
96	126
139	150
139	145
139	181
139	146
139	151
139	152
139	153
139	154
139	155
139	156
139	157
139	158
139	159
139	160
139	161
139	162
139	163
99	101
99	134
99	109
99	149
99	173
99	167
99	128
99	100
67	95
101	109
101	180
101	183
101	148
101	175
101	176
101	178
101	177
101	102
134	187
134	183
134	164
134	148
134	176
134	172
67	177
109	114
109	139
109	134
109	130
109	135
109	115
109	187
109	145
109	110
109	111
109	112
109	113
67	172
72	96
72	139
72	99
72	134
72	109
72	130
72	74
72	78
72	94
72	91
72	73
72	150
72	187
72	77
72	164
72	90
72	104
72	75
72	128
67	176
69	96
69	99
69	109
69	72
69	130
69	74
69	135
69	78
69	70
69	94
69	91
69	115
69	73
69	150
69	79
69	76
69	187
69	183
69	77
69	164
69	90
69	103
84	139
84	130
84	180
84	91
84	115
84	150
84	183
84	175
84	176
84	181
84	178
84	177
84	85
84	86
84	87
84	88
130	135
130	187
130	131
130	132
67	76
74	99
74	101
74	134
74	84
74	80
74	78
74	180
74	94
74	91
74	76
74	187
74	164
74	148
74	75
74	176
74	128
80	114
80	96
80	139
80	134
80	109
80	84
80	130
80	94
80	91
80	115
80	187
80	90
80	103
80	145
80	93
80	105
71	96
71	101
71	135
71	173
71	98
135	139
135	187
135	181
135	136
135	137
135	138
135	140
135	141
135	151
135	152
135	153
135	155
135	156
135	157
135	160
135	162
135	185
135	186
78	99
78	187
78	164
78	95
78	176
78	128
78	81
78	83
70	114
70	96
70	99
70	134
70	109
70	72
70	74
70	71
70	78
70	94
70	187
70	164
70	103
70	149
70	173
70	95
70	167
180	183
180	181
94	134
94	130
94	135
94	115
94	150
94	187
94	164
94	103
94	173
94	95
94	176
94	97
94	129
94	147
91	139
91	109
91	130
91	135
91	94
91	115
91	150
91	164
91	104
91	145
91	175
91	172
91	117
91	142
91	143
91	144
115	139
115	134
115	130
115	187
115	145
115	128
115	181
115	116
115	117
115	118
115	119
73	96
73	139
73	134
73	109
73	84
73	130
73	74
73	80
73	135
73	78
73	94
73	91
73	115
73	150
73	76
73	187
73	77
73	90
73	103
73	104
73	145
73	176
73	87
73	105
73	123
73	124
73	125
150	187
150	164
150	176
79	114
79	84
79	148
79	92
79	102
79	141
76	84
76	180
76	91
76	115
76	150
76	93
76	106
183	184
77	96
77	99
77	101
77	134
77	78
77	180
77	164
77	90
77	93
77	148
77	128
77	81
77	82
77	83
77	108
164	187
164	173
164	167
164	176
164	172
164	165
164	166
90	96
90	139
90	101
90	134
90	109
90	91
90	187
90	164
90	104
90	148
90	175
90	100
103	139
103	130
103	115
103	150
103	187
103	164
103	145
103	128
103	119
103	120
103	121
103	122
149	173
149	167
149	172
149	165
149	184
173	187
98	114
98	134
98	183
98	173
95	134
95	187
95	164
95	149
95	173
95	167
95	172
95	166
95	168
95	169
95	170
95	171
167	187
167	172
167	168
167	169
167	170
167	171
104	134
104	164
104	148
145	187
145	146
93	139
93	99
93	134
93	109
93	150
93	187
93	164
93	103
93	149
93	167
93	128
93	172
93	143
148	164
148	174
148	159
175	180
175	183
175	176
175	181
175	178
175	177
75	101
75	78
75	77
75	82
176	180
176	187
176	183
176	181
176	178
176	177
128	150
128	187
128	164
128	145
128	176
128	129
181	183
181	182
172	187
174	183
174	175
174	176
174	181
178	180
178	183
178	181
178	179
136	139
136	137
136	138
136	144
136	154
136	158
136	161
136	185
136	186
177	180
177	183
177	181
177	178
85	150
86	175
87	150
88	175
89	114
89	109
89	136
97	103
107	180
108	180
110	130
111	114
112	114
113	145
116	130
117	145
117	128
118	130
120	187
121	164
122	181
123	139
125	139
125	135
126	167
127	150
127	128
131	145
132	145
133	145
137	139
140	167
142	150
147	164
163	181
179	180
182	183
