3256	7228
3256	7231
3256	7232
3256	7270
3256	7296
3256	7328
3256	15725
3256	15764
3256	15821
3256	16562
3256	16898
3256	16899
3256	16900
3256	16905
3256	16906
3256	16907
3256	16908
3256	16909
3256	16911
3256	16912
3256	16913
3256	16914
7228	7253
7228	7289
7228	7290
7228	16911
7228	16912
7228	16913
7228	16914
7230	7231
7230	7232
7231	7232
7231	7317
7231	15821
7232	7317
7232	15821
7253	7289
7253	7290
7270	7310
7289	7290
7296	7297
15764	35886
16905	16906
16911	16912
16911	16913
16911	16914
16912	16913
16912	16914
16913	16914
