39	110
39	179
39	189
39	147
39	148
39	40
39	162
39	83
39	114
39	174
39	181
39	190
39	191
39	341
147	153
147	162
147	181
147	345
39	119
39	280
148	149
148	156
148	158
148	160
148	166
148	179
148	188
148	189
148	190
148	191
148	197
148	345
39	149
39	170
149	153
149	161
149	170
149	179
149	188
149	191
149	192
149	205
149	213
149	280
149	346
39	137
39	143
39	79
39	41
39	345
39	78
39	158
39	166
39	65
39	163
39	347
39	150
39	157
39	126
39	188
39	328
39	97
39	211
39	337
39	185
39	122
39	217
39	125
39	139
39	271
150	222
150	271
150	328
39	236
110	148
110	149
110	156
110	162
110	131
110	179
110	183
110	188
110	191
110	196
110	275
110	280
110	337
110	340
39	151
151	165
151	332
39	183
39	74
81	148
81	149
81	110
81	137
81	153
81	156
81	157
81	119
81	114
81	170
81	101
81	185
81	188
81	191
81	104
81	205
81	213
81	347
39	184
39	56
39	152
152	176
152	180
152	183
152	188
152	192
152	205
152	325
152	327
152	330
39	67
39	80
39	104
39	68
39	161
39	192
39	330
39	316
39	327
39	121
39	215
39	101
39	259
137	147
137	148
137	149
137	153
137	170
137	188
137	189
137	191
137	213
137	246
137	346
39	226
39	294
39	53
39	313
39	212
39	293
39	44
39	307
39	311
39	60
39	265
39	270
39	320
39	127
121	153
121	185
121	193
121	197
121	226
121	294
39	81
39	153
39	175
39	193
39	197
39	223
39	164
39	91
39	306
39	334
153	161
153	162
153	163
153	170
153	188
153	189
153	191
153	192
153	197
153	213
153	306
39	42
39	324
154	201
154	212
154	313
39	154
39	95
78	148
78	149
78	110
78	81
78	137
78	153
78	119
78	162
78	163
78	170
78	101
78	188
78	190
78	191
78	192
78	104
78	80
78	139
78	213
78	259
78	280
78	330
78	337
78	85
78	345
78	346
39	172
39	195
39	156
39	204
39	136
39	155
39	112
39	274
39	276
39	343
39	88
39	222
39	318
155	222
155	314
155	318
155	343
39	344
39	242
39	138
68	148
68	110
68	81
68	170
68	79
68	205
68	330
68	123
68	347
39	123
39	131
39	202
39	90
99	155
99	141
99	186
99	200
99	217
39	249
39	335
39	213
39	342
39	178
39	218
39	219
39	288
39	308
39	309
39	312
39	314
39	113
39	66
39	89
39	198
39	205
39	77
39	54
39	290
39	291
39	105
39	71
156	157
156	170
156	191
156	204
143	190
143	222
143	231
143	285
39	167
39	109
39	209
39	210
39	286
40	147
40	148
40	81
40	137
40	153
40	78
40	156
40	143
40	157
40	188
40	189
40	190
40	191
40	104
40	80
40	197
40	202
40	211
40	215
40	217
40	259
40	316
40	345
40	93
40	103
157	185
157	216
157	260
158	171
158	172
158	191
158	201
158	266
158	344
158	345
39	171
39	301
159	209
159	210
159	222
159	231
159	232
159	279
39	159
39	199
39	251
39	134
39	253
39	160
39	273
39	350
39	268
39	69
39	55
39	165
39	298
39	58
39	292
39	241
39	331
47	218
47	288
47	293
47	295
47	53
47	55
47	48
39	248
119	147
119	149
119	152
119	137
119	153
119	162
119	163
119	170
119	184
119	188
119	191
119	204
119	139
119	213
119	280
119	330
119	336
119	337
119	340
119	345
119	346
119	347
130	164
130	166
130	223
130	242
130	244
130	273
160	164
160	199
160	233
160	304
160	349
39	194
39	224
39	186
39	303
161	164
161	189
161	200
161	325
161	327
161	334
161	345
118	154
118	161
118	163
118	164
118	141
118	138
118	306
118	325
118	334
118	346
39	107
39	277
162	181
162	188
162	205
162	213
162	330
162	337
162	345
162	346
97	147
97	162
97	181
97	192
97	200
97	106
97	345
97	347
97	116
39	168
39	220
39	250
39	283
39	85
39	50
39	141
39	73
39	51
39	48
39	315
65	68
65	104
65	194
65	80
65	136
65	317
65	330
65	347
39	64
39	208
163	164
163	193
163	197
163	217
163	306
163	347
163	350
39	187
39	207
39	99
39	296
39	297
39	201
131	158
131	190
131	196
131	204
131	205
131	280
131	324
39	340
39	98
39	196
39	214
39	132
62	88
62	251
62	255
62	257
39	62
39	203
39	49
39	233
39	92
39	146
39	255
39	118
164	223
164	350
39	180
39	319
39	130
39	63
165	335
39	102
39	75
39	285
39	173
39	221
39	252
39	256
39	59
39	284
166	199
166	231
166	247
166	321
39	246
39	310
39	176
39	206
39	300
39	263
39	235
39	245
39	332
39	278
39	52
167	188
167	200
39	346
83	114
83	179
83	183
83	191
83	216
83	281
83	86
83	140
83	145
114	179
114	191
114	216
114	347
114	140
114	145
39	305
39	234
168	182
168	230
168	233
168	272
168	322
168	339
39	230
39	329
39	43
39	231
39	269
39	70
39	275
39	338
39	348
169	183
169	184
169	196
169	198
169	345
39	169
170	172
170	176
170	188
170	191
170	205
170	213
170	259
170	347
39	87
39	232
171	182
171	319
39	317
39	200
173	200
173	221
141	148
141	173
141	181
141	200
141	344
141	346
141	347
89	147
89	150
89	157
89	159
89	183
89	222
89	335
39	106
39	229
39	257
39	258
39	333
39	228
39	260
109	110
109	174
109	175
109	183
109	195
109	212
109	247
109	325
109	346
174	175
174	183
174	185
174	190
174	191
174	195
174	212
174	235
174	262
174	325
39	266
39	135
39	247
175	177
175	195
175	209
175	232
175	286
175	293
175	295
175	327
175	336
175	341
39	254
176	179
176	192
176	205
176	213
176	337
176	347
176	348
177	195
177	209
177	214
177	232
177	240
177	286
177	293
177	295
177	313
177	323
177	336
177	341
39	177
39	295
39	336
178	215
178	218
178	219
178	288
178	296
178	300
178	305
178	308
178	309
178	312
178	314
178	315
179	188
179	191
179	196
179	213
179	337
179	340
79	147
79	149
79	83
79	114
79	179
79	181
79	188
79	192
79	205
79	281
126	151
126	165
126	174
126	189
126	193
126	204
126	139
126	250
41	149
41	81
41	143
41	162
41	97
41	167
41	174
41	79
41	180
41	101
41	183
41	188
41	106
180	188
180	192
180	281
180	325
180	327
180	330
180	344
180	346
39	111
39	299
101	149
101	137
101	153
101	119
101	170
101	188
101	191
101	104
101	201
101	213
101	107
101	283
101	299
101	138
101	326
101	342
39	244
39	225
87	216
87	252
87	258
87	284
87	305
87	317
87	124
39	216
181	193
181	266
181	335
181	341
181	344
181	346
181	347
39	321
39	227
39	182
39	267
39	282
39	326
182	229
182	243
182	245
182	319
182	320
182	321
182	322
182	333
183	196
183	200
183	234
183	253
183	255
183	266
183	303
183	329
183	332
183	338
183	344
39	302
39	325
127	168
127	169
127	182
127	258
127	303
127	135
127	322
39	45
39	289
77	98
77	290
77	291
77	293
77	299
77	301
77	304
77	105
77	311
39	272
184	191
184	202
184	206
184	212
184	213
184	293
184	301
184	315
184	336
39	279
67	202
67	212
185	186
185	187
185	190
185	216
185	217
185	226
186	187
186	217
186	324
187	206
187	208
187	308
39	117
39	262
188	191
188	192
188	205
188	213
188	280
188	306
188	327
188	330
188	337
188	340
188	345
188	346
189	202
189	211
189	213
190	191
190	196
190	201
190	202
190	204
190	215
190	285
190	302
191	201
191	213
191	336
192	205
192	281
192	327
192	345
104	148
104	149
104	137
104	153
104	119
104	162
104	170
104	188
104	190
104	191
104	192
104	197
104	213
104	345
39	47
193	213
193	223
193	330
193	336
193	344
193	347
39	349
194	221
194	228
194	236
194	247
194	252
194	253
194	254
194	278
194	321
95	154
95	119
95	101
95	184
95	191
95	213
95	282
95	287
95	302
95	310
95	320
95	135
95	322
95	336
95	339
195	209
195	210
195	212
195	214
195	215
195	226
195	232
195	286
195	293
195	295
195	316
195	325
195	327
195	336
195	341
42	110
42	121
42	191
196	202
196	204
196	211
196	214
196	215
196	253
196	337
80	148
80	170
80	188
80	190
80	191
80	104
80	259
80	329
39	339
197	306
197	345
197	347
39	76
198	199
198	224
198	248
198	249
198	252
198	270
198	289
198	320
198	331
198	348
199	227
199	228
199	241
199	246
199	251
199	260
199	264
199	270
199	274
199	321
199	329
39	237
200	250
200	253
200	338
200	344
200	345
39	261
88	151
88	155
88	126
88	184
88	221
88	222
88	227
88	318
39	240
39	264
201	215
201	283
201	299
201	342
202	203
202	204
202	211
202	212
202	214
202	215
202	250
202	316
203	212
203	215
203	313
203	316
204	215
204	259
204	340
39	243
205	280
205	281
205	327
205	345
205	347
39	281
206	208
206	293
206	300
206	301
206	308
206	313
206	315
207	208
207	218
207	290
207	294
207	297
207	298
207	311
207	312
54	77
54	202
54	206
54	208
54	250
54	125
54	290
54	291
54	56
54	293
54	300
54	105
54	71
54	123
54	144
49	187
49	204
49	206
49	54
49	208
49	212
49	64
49	259
49	56
49	294
49	300
49	313
208	209
208	210
208	214
208	221
208	300
209	210
209	214
209	232
209	240
209	248
209	279
209	286
209	293
209	295
209	336
209	341
210	232
210	279
210	286
210	293
210	295
210	316
211	217
211	316
212	215
212	226
212	285
212	313
212	316
212	324
212	325
139	150
139	162
139	176
139	179
139	188
139	189
139	193
139	198
139	213
139	299
139	330
139	337
139	344
139	345
139	346
213	246
213	256
213	280
213	292
213	330
213	335
213	336
213	337
213	345
213	346
214	226
214	293
215	218
215	219
215	226
215	257
215	282
215	296
215	300
215	305
215	312
215	314
215	315
215	316
216	281
43	152
43	137
43	119
43	91
43	106
43	336
43	85
43	344
43	345
43	347
43	129
136	175
136	193
136	330
136	337
136	341
122	193
122	136
122	223
122	336
122	347
58	184
58	206
58	288
58	293
58	301
58	308
39	115
217	324
218	219
218	288
218	294
218	296
218	297
218	300
218	305
218	308
218	309
218	311
218	312
218	314
218	315
219	220
219	288
219	296
219	300
219	305
219	307
219	308
219	309
219	312
219	313
219	314
219	315
220	307
220	313
221	222
221	243
221	331
222	238
222	255
222	257
222	270
222	282
222	285
222	314
222	318
222	323
222	326
222	343
39	238
98	102
98	298
98	299
98	304
98	308
39	239
224	225
224	258
224	269
224	277
224	329
224	349
64	167
64	101
64	189
64	190
64	196
64	202
64	204
64	211
64	215
64	263
64	342
225	232
225	233
225	244
225	257
225	260
225	266
225	267
225	277
225	320
225	322
39	304
107	119
107	173
107	204
107	219
102	294
102	304
102	105
102	330
226	242
226	293
226	301
226	305
226	311
226	313
226	316
227	230
227	238
227	243
227	246
227	254
227	257
227	260
227	267
227	277
227	278
227	317
227	323
227	333
228	237
228	239
228	240
228	243
228	244
228	245
228	267
228	333
229	253
229	258
229	277
229	278
229	281
229	322
70	159
70	199
70	235
70	248
70	252
70	260
70	262
70	263
70	267
70	269
70	270
70	273
70	276
70	307
70	318
70	135
70	332
39	323
230	233
230	239
230	254
230	265
230	267
230	274
230	317
230	320
230	322
230	323
230	343
231	236
231	243
231	245
231	251
231	260
231	263
231	265
231	285
231	302
231	310
231	317
231	332
232	286
232	293
232	295
232	336
232	341
233	263
233	268
233	272
233	287
233	310
233	339
234	243
234	265
234	271
234	276
234	321
234	323
235	239
235	285
236	242
236	247
236	249
236	256
236	258
236	264
236	265
236	268
236	318
236	350
237	247
237	251
237	261
237	263
237	270
237	277
237	320
237	322
39	287
134	227
134	229
134	231
134	235
134	241
134	242
134	249
134	251
134	254
134	262
134	269
134	272
134	277
134	135
115	231
115	235
115	237
115	242
115	244
115	246
115	251
115	256
115	264
115	269
238	256
238	257
238	261
238	264
238	276
238	277
238	278
238	281
238	321
238	323
239	243
239	247
239	248
239	251
239	257
239	267
239	272
239	282
239	321
240	242
240	248
240	253
240	262
240	263
240	267
240	275
240	303
240	322
241	262
241	267
241	269
241	271
241	317
241	323
241	328
241	333
39	322
242	243
242	247
242	251
242	265
242	277
242	287
242	317
243	289
243	302
243	321
244	247
244	252
244	258
244	287
244	317
245	249
245	258
245	269
245	275
245	331
246	260
246	263
246	265
246	317
247	248
247	249
247	260
247	263
247	270
247	273
247	278
247	321
247	328
248	256
248	267
248	270
248	277
248	317
248	320
248	322
248	333
249	265
249	326
249	331
251	256
251	262
251	264
251	270
251	318
252	276
252	277
252	317
252	348
112	155
112	143
112	222
112	285
112	299
112	307
112	310
112	314
112	343
253	268
253	311
253	338
90	166
90	249
90	303
90	320
254	268
254	282
255	279
255	338
256	270
256	285
256	328
256	348
257	260
257	264
257	267
257	273
257	276
257	317
257	333
59	147
59	166
59	183
59	199
59	88
59	227
59	230
59	236
59	239
59	240
59	248
59	249
59	253
59	254
59	256
59	264
59	267
59	271
125	157
125	158
125	141
125	189
125	136
125	228
125	134
125	250
125	260
125	263
258	260
258	276
258	317
259	294
259	340
63	130
63	231
63	241
63	265
63	270
63	276
63	277
76	229
76	115
76	258
76	267
76	320
76	329
260	269
260	271
260	277
260	284
260	307
260	333
260	349
261	281
261	289
261	326
261	328
262	267
262	333
262	349
263	331
264	267
264	287
264	321
264	328
265	270
265	287
265	317
265	329
265	350
266	267
266	276
266	321
266	329
266	331
266	332
266	338
266	343
267	270
267	272
267	277
267	282
267	317
267	320
268	270
268	273
268	277
268	287
268	321
268	326
268	329
268	331
268	332
268	348
269	271
269	287
270	282
270	302
270	303
270	320
270	321
271	277
271	287
271	317
272	278
272	309
272	325
272	327
272	339
273	276
273	277
273	333
273	340
274	301
274	318
274	326
275	281
275	331
275	332
92	183
92	198
92	216
92	222
92	134
92	274
92	146
92	320
92	128
276	282
276	323
276	343
277	328
277	343
278	329
279	286
279	293
279	295
279	323
280	345
280	346
280	347
282	317
282	320
282	322
282	326
282	339
283	290
283	295
283	299
283	342
283	347
284	310
284	317
285	302
285	313
285	326
285	328
285	332
286	293
286	295
286	323
286	336
286	341
288	291
288	300
288	308
288	309
288	312
288	314
290	291
290	293
290	298
51	178
51	187
51	206
51	215
51	58
51	218
51	219
51	111
51	295
51	296
51	300
51	305
51	308
51	71
51	312
51	314
51	60
51	315
51	57
51	72
291	293
56	87
56	184
56	187
56	206
56	208
56	226
56	146
56	300
56	305
45	178
45	215
45	218
45	219
45	264
45	51
45	111
45	296
45	300
45	305
45	48
45	105
45	71
45	312
45	314
45	315
292	330
293	295
293	301
293	315
293	323
293	336
293	341
294	297
294	300
294	305
294	308
294	311
294	312
294	313
146	185
146	186
146	187
146	207
146	218
146	227
146	294
146	297
146	311
146	312
146	313
146	317
111	178
111	207
111	215
111	218
111	219
111	296
111	297
111	300
111	305
111	312
111	314
111	315
295	314
295	336
295	341
296	297
296	300
296	305
296	312
296	314
296	315
297	311
297	312
299	304
299	307
299	310
299	314
299	342
44	54
44	220
44	250
44	300
44	53
44	307
44	46
44	60
300	305
300	312
300	313
300	314
300	315
303	322
303	328
53	101
53	293
53	295
55	196
55	252
55	288
55	291
55	296
138	201
138	274
138	283
138	298
138	299
138	304
138	309
138	311
138	325
138	342
52	283
52	288
52	290
52	291
52	296
52	55
52	91
305	311
305	312
305	314
305	315
306	334
306	340
307	310
307	313
307	314
307	339
46	53
48	178
48	215
48	218
48	219
48	288
48	51
48	111
48	296
48	300
48	55
48	305
48	308
48	71
48	312
48	314
48	60
48	315
308	309
308	312
308	314
308	315
309	311
309	312
309	314
309	325
309	327
309	339
105	184
105	185
105	107
105	226
105	290
105	291
105	293
105	305
105	311
105	340
310	311
310	314
310	339
50	268
311	312
311	313
71	178
71	77
71	215
71	218
71	219
71	290
71	291
71	293
71	111
71	296
71	300
71	305
71	308
71	105
71	312
71	314
71	315
71	75
312	314
312	315
314	315
60	178
60	218
60	219
60	288
60	307
60	308
60	309
60	71
60	312
60	314
60	315
60	91
316	324
113	148
113	130
113	198
113	222
113	237
113	285
113	320
318	326
91	101
91	201
91	107
91	283
91	290
91	299
91	138
91	342
320	322
320	329
135	236
135	241
135	244
135	251
135	256
135	258
135	264
135	265
135	271
135	277
135	278
135	289
135	328
322	329
57	187
325	327
325	334
69	70
69	233
69	239
69	245
69	247
69	251
69	253
69	263
69	268
69	273
69	92
69	317
73	168
73	101
73	201
73	139
73	250
73	125
73	274
73	283
73	299
73	138
73	91
73	320
73	326
73	123
73	342
327	334
330	337
330	345
330	346
74	81
74	181
74	183
74	261
74	266
74	92
74	281
74	320
74	331
74	332
74	338
331	332
331	348
106	185
106	122
106	242
106	113
106	338
106	347
66	150
66	110
66	173
66	198
66	275
66	113
66	328
66	331
66	348
66	133
75	319
132	175
132	177
132	195
132	208
132	209
132	214
132	232
132	286
132	293
132	295
132	320
132	336
132	341
61	207
61	208
123	155
123	250
123	125
123	289
123	302
335	344
335	346
336	341
337	340
337	345
337	346
338	344
117	152
117	119
117	176
117	192
117	193
117	205
117	327
117	347
340	347
85	137
85	119
85	162
85	188
85	139
85	213
85	246
85	281
85	330
85	337
85	345
85	346
85	350
344	345
344	346
344	347
344	348
345	346
345	347
346	347
72	187
82	241
82	273
84	179
86	114
93	147
94	188
94	337
96	222
96	113
100	222
100	113
103	316
108	109
108	174
84	110
116	345
120	222
120	257
124	317
128	183
129	345
133	150
142	185
142	187
144	250
