352120
4
4
26
12
2
6
0
20
2
4
4
12
2
6
4
6
6
6
2
2
2
0
2
4
4
4
12
2
4
2
2
18
2
4
6
4
4
44
6
2
14
18
0
4
2
12
0
2
14
2
16
2
8
2
0
6
0
12
2
6
0
2
2
2
8
2
2
2
0
2
2
2
4
6
2
2
0
2
6
2
0
2
6
6
0
2
4
2
0
0
2
2
2
0
2
2
2
2
2
2
0
2
0
2
0
0
2
0
0
0
0
0
0
0
0
0
0
0
0
0
0
0
0
0
0
0
0
0
0
0
0
0
0
0
0
0
0
0
0
0
0
0
0
0
0
0
0
0
0
0
0
0
0
0
0
0
0
0
0
0
0
0
0
0
0
0
0
0
0
0
0
0
0
0
0
0
0
0
0
0
0
0
0
0
0
0
0
0
0
0
0
0
0
0
0
0
0
0
0
0
0
0
0
0
0
0
0
0
0
0
0
0
0
0
0
0
0
0
0
0
0
0
0
0
0
0
0
0
0
0
0
0
0
0
0
0
0
0
0
0
0
0
0
0
0
0
0
0
0
0
0
0
0
0
0
0
0
0
0
0
0
0
0
0
0
0
0
0
0
0
0
0
0
0
0
0
0
0
0
0
0
0
0
0
0
0
0
0
0
0
0
0
0
0
0
0
0
0
0
0
0
0
0
0
0
0
0
0
0
0
0
