16763	16764
16763	30034
16763	30077
16763	30080
16763	30081
16763	30115
16763	34410
16763	34411
30034	31602
30080	30081
30080	34410
30114	30115
30115	34411
30601	30616
30601	30617
30601	31602
30603	31602
30603	36935
30603	36936
30603	36957
30608	31602
30617	31602
30620	31602
30620	36937
30620	36938
30620	36952
30620	36953
30620	36954
30620	36955
30620	36956
31602	34625
31602	36935
31602	36936
31602	36937
31602	36938
31602	36939
31602	36940
36935	36936
36935	36957
36936	36957
36937	36938
36937	36955
36937	36956
36939	36940
36952	36953
36952	36954
36953	36954
36955	36956
