127	6881
127	6890
127	6893
127	6896
127	6908
127	6911
127	6926
127	6929
127	6931
127	6941
127	6947
127	6949
127	6961
127	6970
127	6973
127	6976
127	6980
127	6988
127	7003
127	7005
127	7006
127	7007
127	7008
127	7010
127	7012
127	7013
127	7019
127	7020
127	7021
127	7023
127	7024
127	7026
127	7027
127	7028
127	7029
127	7030
127	7031
127	7032
127	7034
127	7040
127	7041
127	7042
127	7043
127	7047
127	7048
127	7049
127	7050
127	7054
127	7063
6881	33033
6893	6911
6893	6976
6911	6976
6926	7005
6926	7006
6926	7049
6926	7050
6988	7012
7005	7006
7019	7020
7026	7027
7026	7028
7026	7029
7026	7030
7026	7031
7027	7028
7027	7029
7027	7030
7027	7031
7028	7029
7028	7030
7028	7031
7029	7030
7029	7031
7030	7031
7031	33034
7031	33035
7031	33036
7041	7042
7049	7050
33034	33035
33034	33036
33035	33036
