0	273
1	17239
2	17240
3	17243
4	17248
5	17250
6	17253
7	17264
8	17265
9	17266
10	17270
11	17272
12	17273
13	17274
14	17275
15	17279
16	17283
17	17289
18	17295
19	17296
20	17297
21	17299
22	17300
23	17302
24	17307
25	17309
26	17316
27	17317
28	17321
29	17322
30	17324
31	17325
32	17330
33	17332
34	17333
35	17334
36	17337
37	17339
38	17341
39	17343
40	17344
41	17347
42	17348
43	17350
44	17351
45	17356
46	17363
47	17364
48	17365
49	17368
50	17371
51	17372
52	17373
53	17374
54	17375
55	17376
56	17377
57	17378
58	17382
59	17383
60	17384
61	17385
62	17387
63	17390
64	17392
65	17393
66	17395
67	17396
68	17397
69	17398
70	17399
71	17401
72	17403
73	17404
74	17408
75	17409
76	17410
77	17413
78	17415
79	17417
80	17418
81	17419
82	17421
83	17426
84	17427
85	17428
86	17439
87	17457
88	17462
89	17464
90	17466
91	17467
92	17468
93	17469
94	17470
95	17471
96	17473
97	17475
98	17479
99	17480
100	17481
101	17482
102	17483
103	17485
104	17487
105	17490
106	17491
107	17492
108	17493
109	17494
110	17499
111	17500
112	17502
113	17503
114	17507
115	17508
116	17510
117	17512
118	17513
119	17514
120	17515
121	17517
122	17520
123	17521
124	17522
125	17525
126	17533
127	17535
128	17538
129	17540
130	17543
131	17544
132	17545
133	17547
134	17548
135	17549
136	17551
137	17552
138	17553
139	17554
140	17556
141	17557
142	17558
143	17562
144	17563
145	17569
146	17571
147	17572
148	17573
149	17580
150	17583
151	17586
152	17587
153	17595
154	17598
155	17599
156	17600
157	17604
158	17606
159	17607
160	17608
161	17609
162	17611
163	17612
164	17615
165	17617
166	17620
167	17624
168	17626
169	17634
170	17641
171	17643
172	17644
173	17645
174	17646
175	17647
176	17652
177	17655
178	17657
179	17658
180	17661
181	17666
182	17676
183	17677
184	33107
185	33108
186	33109
187	33110
188	33111
189	33112
190	33113
191	33117
0	273
1	17239
2	17240
3	17243
4	17248
5	17250
6	17253
7	17264
8	17265
9	17266
10	17270
11	17272
12	17273
13	17274
14	17275
15	17279
16	17283
17	17289
18	17295
19	17296
20	17297
21	17299
22	17300
23	17302
24	17307
25	17309
26	17316
27	17317
28	17321
29	17322
30	17324
31	17325
32	17330
33	17332
34	17333
35	17334
36	17337
37	17339
38	17341
39	17343
40	17344
41	17347
42	17348
43	17350
44	17351
45	17356
46	17363
47	17364
48	17365
49	17368
50	17371
51	17372
52	17373
53	17374
54	17375
55	17376
56	17377
57	17378
58	17382
59	17383
60	17384
61	17385
62	17387
63	17390
64	17392
65	17393
66	17395
67	17396
68	17397
69	17398
70	17399
71	17401
72	17403
73	17404
74	17408
75	17409
76	17410
77	17413
78	17415
79	17417
80	17418
81	17419
82	17421
83	17426
84	17427
85	17428
86	17439
87	17457
88	17462
89	17464
90	17466
91	17467
92	17468
93	17469
94	17470
95	17471
96	17473
97	17475
98	17479
99	17480
100	17481
101	17482
102	17483
103	17485
104	17487
105	17490
106	17491
107	17492
108	17493
109	17494
110	17499
111	17500
112	17502
113	17503
114	17507
115	17508
116	17510
117	17512
118	17513
119	17514
120	17515
121	17517
122	17520
123	17521
124	17522
125	17525
126	17533
127	17535
128	17538
129	17540
130	17543
131	17544
132	17545
133	17547
134	17548
135	17549
136	17551
137	17552
138	17553
139	17554
140	17556
141	17557
142	17558
143	17562
144	17563
145	17569
146	17571
147	17572
148	17573
149	17580
150	17583
151	17586
152	17587
153	17595
154	17598
155	17599
156	17600
157	17604
158	17606
159	17607
160	17608
161	17609
162	17611
163	17612
164	17615
165	17617
166	17620
167	17624
168	17626
169	17634
170	17641
171	17643
172	17644
173	17645
174	17646
175	17647
176	17652
177	17655
178	17657
179	17658
180	17661
181	17666
182	17676
183	17677
184	33107
185	33108
186	33109
187	33110
188	33111
189	33112
190	33113
191	33117
