67	511
68	23373
69	23385
70	23389
71	23391
72	23392
73	23394
74	23395
75	23398
76	23399
77	23400
78	23401
79	23402
80	23404
81	23405
82	23411
83	23413
84	23414
85	23416
86	23417
87	23418
88	23419
89	23420
90	23421
91	23422
92	23424
93	23425
94	23427
95	23428
96	23430
97	23433
98	23434
99	23435
100	23440
101	23442
102	23443
103	23444
104	23445
105	23446
106	23451
107	23452
108	23454
109	23457
110	23458
111	23459
112	23460
113	23461
114	23462
115	23463
116	23467
117	23468
118	23469
119	23471
120	23473
121	23474
122	25636
123	25637
