511	23373
511	23385
511	23389
511	23391
511	23392
511	23394
511	23395
511	23398
511	23399
511	23400
511	23401
511	23402
511	23404
511	23405
511	23411
511	23413
511	23414
511	23416
511	23417
511	23418
511	23419
511	23420
511	23421
511	23422
511	23424
511	23425
511	23427
511	23428
511	23430
511	23433
511	23434
511	23435
511	23440
511	23442
511	23443
511	23444
511	23445
511	23446
511	23451
511	23452
511	23454
511	23457
511	23458
511	23459
511	23460
511	23461
511	23462
511	23463
511	23467
511	23468
511	23469
511	23471
511	23473
511	23474
23373	23433
23391	23392
23391	23427
23392	23427
23413	23414
23416	23417
23442	23443
23444	23445
23454	25636
23454	25637
23461	23462
23463	23471
23467	23468
23473	23474
25636	25637
