18480	24327
18480	24328
18480	24329
18480	33019
18480	33020
18480	33022
18480	33023
18480	33024
18480	33123
18480	33124
18480	33125
18480	33126
18480	33127
18480	33128
18480	33129
18480	33130
18480	33131
24327	24328
24327	24329
24327	33022
24327	33129
24328	24329
24328	33022
24328	33129
24329	33129
33019	33020
33019	33024
33019	33123
33019	33124
33019	33128
33019	33129
33020	33024
33022	33023
33022	33024
33022	33130
33024	33124
33024	33127
33024	33128
33024	33129
33024	33130
33024	33131
33123	33124
33124	33125
33124	33126
33124	33127
33125	33126
33130	33131
