2782	8752
2783	10013
2784	22322
2785	22323
2786	25439
2787	25889
2788	26215
2789	26216
2790	26217
2791	26218
2792	26219
2793	26220
2794	11340
2795	11515
2796	11516
2797	11517
2798	31964
2799	31977
2800	11378
2801	22144
2802	22864
2803	22865
2804	14412
2805	15492
2806	22157
2807	22160
2808	29563
2809	29564
2810	29565
2811	22242
2812	28775
2813	28776
2814	24825
2815	24852
2816	24853
2817	24940
2818	25438
2819	25440
2820	25441
2821	25442
2822	25443
2823	25444
2824	25445
2825	25446
2826	25447
2827	25448
2828	25449
2829	25450
2830	25451
2831	25452
2832	28734
2833	28742
2834	28752
2835	28786
2836	32888
2837	32889
2838	32890
2839	28737
2840	37185
2841	37186
2842	37187
2843	37188
2844	37189
2845	37190
2846	37191
2847	37192
2848	28736
