195	7072
195	7076
195	7077
195	7080
195	7087
195	7100
195	7101
195	7110
195	7111
195	7120
195	7121
195	7123
195	7129
195	7136
195	7138
195	7140
195	7145
195	7150
195	7152
195	7159
195	7171
195	7179
195	7218
195	7225
195	7229
195	7233
195	7237
195	7238
195	7249
195	7251
195	7257
195	7266
195	7268
195	7272
195	7275
195	7290
195	7291
195	7293
195	7303
195	7308
195	7315
195	7320
195	7323
195	7324
195	7325
195	7332
195	7337
195	7338
195	7345
195	7346
195	7350
195	7355
195	7356
195	7358
195	7361
195	7370
195	7377
195	7378
195	7392
195	7395
195	7397
195	7399
195	7407
195	7411
195	7413
195	7419
195	7438
195	7459
195	7460
195	7461
195	7468
195	7473
195	7479
195	7481
195	7482
195	7485
195	7486
7111	7315
7179	7459
7179	7460
7179	7461
7179	22454
7179	22455
7179	22456
7179	22457
7179	22458
7179	22459
7179	22460
7179	22461
7179	22462
7179	22463
7179	22464
7179	22465
7237	7238
7268	7356
7323	7324
7323	7325
7324	7325
7337	7358
7337	7399
7337	22333
7337	22334
7337	22335
7358	7399
7358	7481
7358	7482
7413	21892
7413	21893
7413	21894
7413	21895
7413	21896
7459	7460
7459	7461
7460	7461
7460	22463
7460	22464
7481	7482
21892	21893
21892	21894
21893	21894
21893	21895
21893	21896
21894	21895
21894	21896
21895	21896
22333	22334
22333	22335
22334	22335
22454	22455
22454	22456
22455	22456
22457	22458
22457	22459
22458	22459
22460	22461
22460	22462
22461	22462
22463	22464
22463	22465
22464	22465
