654	2752
655	7548
656	10974
657	10991
658	11003
659	14353
660	21967
661	21982
662	22029
663	23702
664	23703
665	23704
666	23705
667	23709
668	23710
669	23711
670	23712
671	23715
672	23716
673	23717
674	23718
675	23719
676	23720
677	23721
678	23726
679	23727
680	23728
681	23729
682	23730
683	23731
684	23732
685	23733
686	23734
687	23735
688	23736
689	23737
690	23738
691	23739
692	23741
693	23742
694	23743
695	23744
696	23745
697	23746
698	23747
699	23748
700	23749
701	23750
702	23752
703	23753
704	23756
705	23757
706	23758
707	23759
708	23761
709	23762
710	23764
711	23765
712	23766
713	23767
714	23768
715	23769
716	23770
717	23771
718	23772
719	23773
720	23774
721	23775
722	23776
723	23777
724	23778
725	23779
726	23780
727	23781
728	23782
729	23783
730	23784
731	23785
732	23786
