226	846
227	7966
228	7967
229	8133
230	8134
231	8135
232	10910
233	10915
234	15475
235	21778
236	21785
237	21793
238	21801
239	21825
240	21854
241	21866
242	21884
243	21890
244	21891
245	21892
246	21893
247	21894
248	21897
249	21901
250	21909
251	21926
252	21939
253	21945
254	21983
255	22001
256	22010
257	22025
258	22084
259	22091
260	22092
261	22093
262	22095
263	22096
264	22098
265	22099
266	22100
267	22101
268	22102
269	22103
270	22104
271	22105
272	22106
273	22107
274	22108
275	22110
276	22113
277	22114
278	22115
279	22118
280	22125
281	22126
282	22127
283	22129
284	22130
285	22132
286	22133
287	22135
288	22136
289	22137
290	22138
291	22139
292	22141
293	22142
294	22143
295	22145
296	22148
297	22150
298	21779
299	33533
300	33534
301	33535
302	21898
303	21916
304	30152
305	30153
306	30154
307	33530
308	33532
309	33531
310	33536
