5612	5616
5612	28532
5612	28533
5616	5775
5616	5795
5616	5832
5616	28527
5616	28529
5616	28530
5616	28531
5616	28532
5616	28533
5616	28534
5616	28535
5616	28536
5832	28534
5832	28535
5832	28536
28529	28530
28529	28531
28529	29216
28529	29217
28529	29218
28529	29219
28529	29220
28529	29221
28529	29222
28529	29223
28529	29224
28529	29225
28529	29226
28530	28531
28532	28533
28534	28535
28534	28536
28535	28536
28536	29272
29216	29217
29216	29218
29216	29219
29216	29220
29217	29218
29219	29220
29221	29222
29221	29223
29222	29223
29224	29225
29224	29226
29225	29226
