2357	4876
2358	4877
2359	13936
2360	13937
2361	15099
2362	15100
2363	15102
2364	15106
2365	15107
2366	15109
2367	15111
2368	15112
2369	15113
2370	15114
2371	15120
2372	15122
2373	15123
2374	15124
2375	15125
2376	15126
2377	15127
2378	15130
2379	15131
2380	15132
2381	15134
2382	15135
2383	15137
2384	15139
2385	15140
2386	15141
2387	15142
2388	15144
2389	15145
2390	15148
2391	15149
2392	15150
2393	15152
2394	15154
2395	15155
2396	15158
2397	15159
2398	15163
2399	15164
2400	15166
2401	15167
2402	15168
2403	15169
2404	15171
2405	15172
2406	15175
2407	15176
2408	15177
2409	15178
2410	15179
2411	15180
2412	15181
2413	15182
2414	15183
2415	15184
2416	15185
2417	15186
2418	15188
2419	15189
2420	15190
2421	15191
2422	15192
2423	15193
2424	15194
2425	15196
2426	15197
2427	15198
2428	15199
2429	15201
2430	20011
2431	27158
2432	32350
2433	28393
2434	32347
