4876	4877
4876	13936
4876	13937
4876	15099
4876	15100
4876	15102
4876	15106
4876	15107
4876	15109
4876	15111
4876	15112
4876	15113
4876	15114
4876	15120
4876	15122
4876	15123
4876	15124
4876	15125
4876	15126
4876	15127
4876	15130
4876	15131
4876	15132
4876	15134
4876	15135
4876	15137
4876	15139
4876	15140
4876	15141
4876	15142
4876	15144
4876	15145
4876	15148
4876	15149
4876	15150
4876	15152
4876	15154
4876	15155
4876	15158
4876	15159
4876	15163
4876	15164
4876	15166
4876	15167
4876	15168
4876	15169
4876	15171
4876	15172
4876	15175
4876	15176
4876	15177
4876	15178
4876	15179
4876	15180
4876	15181
4876	15182
4876	15183
4876	15184
4876	15185
4876	15186
4876	15188
4876	15189
4876	15190
4876	15191
4876	15192
4876	15193
4876	15194
4876	15196
4876	15197
4876	15198
4876	15199
4876	15201
13936	13937
15120	20011
15123	20011
15126	27158
15134	32350
15144	15145
15179	15180
15179	15181
15180	15181
15185	28393
15188	15189
15188	15190
15189	15190
15197	32347
