5617	5621
5617	28537
5617	28538
5621	5780
5621	5800
5621	5837
5621	28532
5621	28534
5621	28535
5621	28536
5621	28537
5621	28538
5621	28539
5621	28540
5621	28541
5837	28539
5837	28540
5837	28541
28534	28535
28534	28536
28534	29221
28534	29222
28534	29223
28534	29224
28534	29225
28534	29226
28534	29227
28534	29228
28534	29229
28534	29230
28534	29231
28535	28536
28537	28538
28539	28540
28539	28541
28540	28541
28541	29277
29221	29222
29221	29223
29221	29224
29221	29225
29222	29223
29224	29225
29226	29227
29226	29228
29227	29228
29229	29230
29229	29231
29230	29231
