5283	35242
0	71
2	77
2228	8751
1	72
5079	26347
2230	8759
2229	8758
2233	8765
2232	8764
3	95
2234	8767
2231	8763
5	111
4	108
6	118
7	140
2238	8935
10	174
2237	8909
9	166
8	164
11	179
12	180
13	181
16	206
5078	26216
15	203
2236	8874
2235	8871
14	192
21	221
18	217
19	218
20	219
17	213
26	234
25	233
24	231
23	229
22	225
29	255
28	243
27	241
5106	26546
5107	26547
5104	26544
5105	26545
5110	26550
5111	26551
2247	9078
5108	26548
5109	26549
5114	26554
5115	26555
5112	26552
5113	26553
5118	26558
5119	26559
5116	26556
5117	26557
30	257
5099	26539
5098	26538
5097	26537
5096	26536
5103	26543
5102	26542
5101	26541
2246	9068
5100	26540
35	307
34	306
2244	9046
37	313
36	312
39	315
38	314
2245	9052
31	292
32	293
5092	26503
5094	26505
5093	26504
5095	26506
33	299
5138	26614
43	343
5139	26615
5137	26613
42	340
2241	9009
41	336
5145	26622
5143	26620
2243	9021
5144	26621
46	348
2242	9020
5141	26618
45	347
5142	26619
44	346
5140	26616
5129	26599
5128	26598
5127	26597
5126	26596
2240	8992
5136	26607
5135	26606
40	335
5134	26605
5133	26604
5132	26602
5131	26601
5130	26600
51	372
53	375
52	374
2239	8977
50	368
55	381
56	383
54	379
5125	26565
5124	26564
5121	26561
5120	26560
5123	26563
47	354
5122	26562
48	355
49	364
2291	9210
2292	9211
2289	9208
2290	9209
2295	9214
2296	9215
2293	9212
2294	9213
2283	9202
2284	9203
2281	9200
59	401
2282	9201
60	406
2287	9206
2288	9207
2285	9204
2286	9205
2276	9195
2275	9194
2274	9193
2273	9192
58	399
2280	9199
57	398
2279	9198
2278	9197
2277	9196
2268	9187
2267	9186
2266	9184
2272	9191
2271	9190
2270	9189
2269	9188
2259	9176
2260	9177
2261	9178
2262	9179
2263	9180
66	446
2264	9182
2265	9183
5085	26385
2253	9168
2254	9169
5087	26387
2255	9170
5086	26386
2256	9171
5089	26389
2257	9172
5088	26388
2258	9173
65	438
5090	26390
62	424
64	427
2249	9163
5080	26379
63	426
5081	26380
2251	9165
5082	26381
2250	9164
5083	26382
5084	26383
2252	9166
61	416
78	479
77	474
76	472
74	470
75	471
73	469
72	467
71	464
5091	26478
70	463
69	458
68	455
67	452
89	508
90	509
91	510
92	511
85	504
86	505
2248	9113
87	506
88	507
83	500
84	501
82	499
80	493
81	494
79	480
114	550
115	551
113	549
121	558
122	559
120	557
118	554
119	555
116	552
117	553
128	567
127	566
126	565
125	564
124	563
123	561
132	575
2045	8286
131	570
130	569
129	568
94	516
95	518
96	519
93	512
100	524
101	526
102	527
97	520
98	521
99	523
107	535
104	529
103	528
106	531
105	530
110	541
112	543
111	542
109	539
108	538
148	608
2044	8193
149	612
150	613
152	619
151	617
155	622
153	620
154	621
157	625
156	624
160	635
159	634
158	633
162	638
161	636
133	576
134	578
135	579
136	580
137	583
138	584
139	586
140	587
141	588
142	590
144	593
143	592
146	595
145	594
5060	25855
147	606
2103	8399
5054	25615
2102	8398
5052	25612
2101	8397
5053	25613
2100	8396
5050	25610
2099	8395
5051	25611
179	682
5049	25609
178	680
177	679
2098	8390
2097	8389
2096	8388
2095	8387
2094	8386
2093	8385
176	672
2092	8384
5058	25631
2115	8414
183	703
2116	8415
5057	25629
2114	8412
2113	8410
182	699
2111	8408
2112	8409
2109	8406
2110	8407
2108	8405
5056	25619
2106	8402
5055	25618
181	691
2107	8403
180	688
2104	8400
2105	8401
169	653
2130	8429
168	652
2129	8428
2132	8431
170	654
2131	8430
166	649
2126	8425
165	648
2125	8424
2128	8427
167	650
2127	8426
163	645
2122	8421
5059	25637
2121	8420
2124	8423
164	646
2123	8422
2118	8417
2117	8416
2120	8419
2119	8418
174	670
2145	8446
175	671
2146	8447
173	664
2141	8440
2142	8441
2143	8442
2144	8443
172	660
2137	8436
2138	8437
2139	8438
2140	8439
171	656
2133	8432
2134	8433
2135	8434
2136	8435
199	745
198	744
2050	8328
2053	8335
2052	8334
201	749
2051	8333
200	748
196	739
2046	8323
195	738
194	737
193	736
2049	8327
2048	8326
197	740
2047	8324
2056	8346
206	763
2057	8347
205	761
2060	8350
2061	8351
2058	8348
2059	8349
2054	8338
202	752
203	753
204	757
2055	8341
2070	8361
2069	8360
2072	8363
2071	8362
2074	8365
2073	8364
188	719
2076	8367
2075	8366
185	705
184	704
2062	8352
2064	8355
2063	8354
186	709
2066	8357
2065	8356
2068	8359
187	710
2067	8358
190	728
2085	8376
2086	8377
191	730
2087	8378
2088	8380
2089	8381
2090	8382
192	735
2091	8383
2077	8368
2078	8369
2079	8370
2080	8371
189	724
2081	8372
2082	8373
2083	8374
2084	8375
2215	8533
2214	8532
2217	8535
2216	8534
2211	8528
229	819
2213	8531
228	818
2212	8530
2222	8540
233	831
2223	8542
230	825
2219	8537
2218	8536
232	827
2221	8539
231	826
2220	8538
222	805
2203	8517
2204	8518
223	807
2205	8519
221	801
2202	8513
227	812
2209	8524
2210	8525
2206	8520
224	809
225	810
2207	8522
226	811
2208	8523
216	790
215	784
220	799
219	798
218	797
217	794
210	774
211	775
208	772
209	773
207	769
214	781
213	778
212	777
2163	8465
2162	8464
2164	8467
252	885
2166	8469
2165	8468
2168	8471
2167	8470
2170	8473
2169	8472
2172	8475
5070	26075
2171	8474
5071	26076
5072	26077
2173	8476
5073	26078
2174	8479
2147	8448
2148	8449
2149	8450
2150	8451
2151	8452
2152	8453
2153	8454
2154	8455
2155	8456
2156	8458
2157	8459
2158	8460
2159	8461
2160	8462
2161	8463
2193	8499
246	850
2192	8498
2191	8497
245	848
2190	8496
248	854
2196	8502
2195	8501
247	852
2194	8500
2198	8507
251	858
2197	8506
250	857
249	856
2201	8510
2200	8509
2199	8508
235	834
2177	8482
236	835
2178	8483
234	832
2175	8480
5074	26080
2176	8481
238	838
2181	8486
5077	26086
2182	8487
5076	26085
237	836
2179	8484
5075	26084
2180	8485
241	842
2184	8490
2185	8491
239	840
2183	8488
240	841
2188	8494
244	847
2189	8495
242	844
2186	8492
243	845
2187	8493
5061	25887
257	958
256	941
255	932
2225	8642
254	926
2227	8686
2226	8685
253	907
5068	25894
5069	25895
5066	25892
5067	25893
5064	25890
5065	25891
5062	25888
5063	25889
2224	8600
258	1018
4046	16515
4047	16552
5043	25308
262	1149
2402	9755
5042	25307
259	1034
2405	9837
260	1055
2406	9843
4055	16619
4054	16617
4056	16623
4050	16611
4049	16610
4048	16609
4053	16614
2403	9799
4052	16613
4051	16612
4063	16634
4061	16632
4062	16633
261	1085
4058	16627
4057	16624
2404	9815
4060	16631
4059	16628
4016	16385
4017	16387
268	1231
4019	16405
4018	16404
4020	16406
2408	9911
269	1245
4025	16415
4024	16414
4022	16409
2409	9912
4021	16408
4023	16411
2407	9863
4027	16420
4026	16418
270	1250
4030	16430
4031	16431
4029	16427
4028	16425
4036	16439
4035	16438
4034	16437
4033	16435
4032	16434
4041	16447
4040	16446
4039	16445
4038	16444
4037	16440
263	1159
4042	16460
4043	16462
4044	16463
264	1176
4045	16477
5041	25150
266	1185
265	1184
2410	9927
267	1198
4068	16798
4067	16796
300	1373
5048	25593
299	1359
5047	25575
5046	25569
303	1396
302	1384
301	1380
5045	25537
4070	16803
4069	16802
278	1307
282	1311
281	1310
280	1309
279	1308
275	1299
274	1298
273	1297
277	1303
276	1301
271	1292
272	1293
297	1336
298	1338
293	1328
295	1331
294	1330
296	1332
289	1320
4071	16875
4073	16877
290	1324
5044	25484
4072	16876
291	1326
4074	16878
292	1327
283	1312
284	1313
285	1314
286	1315
287	1316
2411	10053
288	1319
4065	16656
321	1476
4064	16641
323	1482
322	1481
4066	16691
329	1533
328	1531
324	1508
325	1511
327	1519
326	1514
309	1426
308	1425
312	1430
310	1428
311	1429
313	1438
305	1410
304	1409
306	1412
307	1422
318	1457
319	1458
320	1464
315	1443
314	1442
316	1453
317	1454
2305	9226
352	1643
2306	9227
5029	24777
2304	9225
5030	24782
354	1647
2308	9231
353	1645
2307	9229
2299	9219
2297	9216
2298	9217
2302	9222
351	1639
2303	9223
2300	9220
350	1637
2301	9221
5032	24794
2320	9243
2319	9242
2318	9241
5031	24793
2317	9240
2323	9246
2322	9245
2321	9244
2312	9235
2311	9234
2310	9233
2309	9232
355	1655
2316	9239
2315	9238
2314	9237
2313	9236
2330	9256
2331	9257
2332	9258
347	1611
2333	9259
348	1612
2334	9260
349	1613
2335	9261
2336	9262
2337	9263
2324	9249
344	1602
2325	9250
2326	9251
345	1605
2327	9253
2328	9254
346	1607
2329	9255
2345	9273
2344	9272
2346	9275
2347	9277
2348	9279
2339	9265
2338	9264
2340	9266
2341	9268
2343	9271
2342	9270
2359	9294
2357	9290
2358	9291
2356	9288
2354	9286
2355	9287
5026	24708
2353	9285
338	1570
2351	9282
2352	9283
2349	9280
337	1569
2350	9281
343	1599
2371	9311
342	1598
2370	9310
341	1597
2369	9309
340	1595
2368	9307
2367	9306
2366	9305
339	1592
2365	9303
2364	9302
2363	9301
2362	9300
2361	9299
2360	9298
332	1548
2383	9324
333	1549
2384	9325
2385	9326
2386	9327
330	1544
2379	9320
331	1545
2380	9321
2381	9322
2382	9323
2376	9316
2377	9317
2378	9318
2372	9312
2373	9313
2374	9314
2375	9315
5027	24764
5028	24765
336	1567
2395	9336
2396	9338
2392	9333
2391	9332
2394	9335
2393	9334
2388	9329
2387	9328
335	1555
2390	9331
334	1554
2389	9330
5013	24642
369	1763
5014	24643
368	1762
4075	16929
5015	24663
5019	24667
5018	24666
5017	24665
5016	24664
5023	24671
5022	24670
5021	24669
5020	24668
5024	24679
5025	24680
365	1738
366	1748
367	1759
4995	24582
362	1697
4994	24577
361	1696
2397	9408
363	1704
4997	24598
4996	24597
364	1727
5001	24612
5002	24613
5003	24614
5004	24615
359	1670
356	1665
4998	24609
4999	24610
358	1667
5000	24611
357	1666
5008	24620
360	1678
5005	24616
5006	24617
5007	24618
5010	24637
5012	24639
5011	24638
5009	24632
2398	9497
5039	25053
373	1880
5040	25072
371	1859
372	1861
370	1813
2400	9587
2399	9579
5033	24921
377	2040
5035	24923
5034	24922
378	2045
375	2018
376	2022
374	2001
5036	24935
5037	24936
5038	24937
2401	9647
4076	17226
383	2207
4107	19576
2608	10963
2607	10960
4106	19575
4105	19574
4104	19573
384	2228
2606	10959
2605	10945
386	2269
4103	19482
385	2263
2604	10927
2601	10917
2600	10916
2603	10919
4102	19463
2602	10918
2597	10913
2596	10912
2599	10915
2598	10914
2595	10911
2593	10908
2594	10909
2592	10907
2591	10902
2589	10900
2590	10901
2587	10898
2588	10899
2585	10896
2586	10897
2584	10895
2583	10894
2582	10892
2581	10891
2580	10890
2579	10889
2578	10888
391	2279
2577	10887
390	2278
2576	10886
2575	10885
389	2276
2574	10884
2573	10883
388	2274
2572	10882
2571	10881
387	2272
2570	10880
2555	10865
2554	10864
2557	10867
2556	10866
2559	10869
2558	10868
2561	10871
2560	10870
2563	10873
2562	10872
2565	10875
2564	10874
2567	10877
2566	10876
2569	10879
379	2078
2568	10878
2547	10856
2548	10857
2549	10858
2550	10859
2551	10861
2552	10862
2553	10863
2544	10834
2543	10832
2546	10839
2545	10836
4108	19704
2542	10831
382	2160
2541	10776
380	2144
381	2158
2651	11241
2650	11240
2654	11246
2653	11245
2652	11244
395	2435
2647	11235
2646	11234
2649	11237
2648	11236
2660	11258
2659	11257
2661	11262
2662	11263
2657	11254
2658	11255
2655	11252
2656	11253
2634	11209
2633	11208
2635	11210
2630	11201
2631	11202
2632	11206
2641	11224
2642	11225
2643	11226
2644	11227
2645	11229
2636	11218
2637	11219
2638	11220
396	2485
2639	11221
2640	11223
400	2511
2624	11182
399	2509
2623	11181
2622	11180
398	2507
397	2501
2629	11198
404	2518
405	2519
2627	11188
2628	11189
403	2515
2626	11187
401	2512
402	2513
2625	11185
406	2541
2616	11104
2617	11109
2619	11118
2618	11117
2620	11127
2621	11131
392	2335
2610	11076
2611	11078
2612	11082
2613	11092
2614	11096
2615	11099
393	2391
2609	11014
394	2428
2455	10456
2454	10434
2453	10432
2459	10494
2458	10489
536	2708
537	2709
538	2710
532	2704
533	2705
534	2706
535	2707
529	2701
2457	10477
528	2700
531	2703
530	2702
525	2697
524	2696
527	2699
526	2698
521	2692
2456	10468
523	2695
522	2694
519	2689
518	2688
520	2691
4109	20030
2449	10399
2447	10387
2446	10384
2448	10388
2451	10429
2452	10431
2450	10406
455	2615
454	2614
453	2613
452	2612
451	2611
450	2610
449	2609
448	2608
2418	10335
462	2622
461	2621
2417	10333
460	2620
2416	10332
459	2619
458	2618
457	2617
456	2616
440	2598
441	2599
438	2596
439	2597
436	2594
2414	10306
437	2595
2415	10307
434	2592
435	2593
446	2606
447	2607
444	2604
445	2605
442	2602
443	2603
423	2581
2437	10357
422	2580
2436	10356
425	2583
2439	10359
424	2582
2438	10358
419	2577
2433	10353
2432	10352
421	2579
2435	10355
420	2578
2434	10354
431	2589
2444	10365
430	2588
2443	10364
433	2591
432	2590
2445	10366
427	2585
2440	10361
426	2584
429	2587
2442	10363
428	2586
2441	10362
407	2564
408	2565
2422	10341
409	2566
2423	10342
410	2567
2424	10343
2419	10336
2420	10337
2421	10338
415	2572
2428	10348
416	2573
2429	10349
417	2574
2430	10350
418	2575
2431	10351
411	2568
2425	10344
412	2569
2426	10345
413	2570
414	2571
2427	10347
505	2675
509	2679
508	2678
507	2677
506	2676
513	2683
512	2682
511	2681
510	2680
517	2687
516	2686
515	2685
514	2684
2412	10268
492	2658
493	2659
490	2656
491	2657
496	2662
497	2663
494	2660
495	2661
500	2666
501	2667
498	2664
499	2665
504	2671
502	2668
503	2669
475	2641
474	2640
477	2643
476	2642
479	2645
478	2644
481	2647
480	2646
483	2649
482	2648
485	2651
484	2650
487	2653
486	2652
489	2655
488	2654
463	2624
464	2625
465	2626
466	2627
467	2628
468	2629
469	2631
470	2632
471	2634
472	2635
2413	10286
473	2639
559	2990
558	2983
557	2982
2540	10688
556	2978
560	2994
550	2946
4110	20315
555	2971
553	2966
554	2967
551	2964
552	2965
573	3049
2492	10633
572	3048
2491	10632
574	3051
2494	10635
2493	10634
575	3053
2496	10637
2495	10636
576	3055
2498	10639
2497	10638
2484	10625
568	3040
2483	10624
2486	10627
2485	10626
570	3045
2488	10629
569	3044
2487	10628
571	3047
2490	10631
2489	10630
584	3064
2505	10648
2506	10649
2507	10650
2508	10651
585	3068
2509	10652
586	3069
2510	10653
587	3070
2511	10654
588	3071
2512	10655
577	3056
2499	10640
578	3057
2500	10641
579	3058
2501	10642
580	3059
2502	10643
2503	10644
581	3061
2504	10645
582	3062
583	3063
5222	28010
2520	10667
5223	28011
2519	10666
5221	28009
2518	10664
2524	10671
2523	10670
2522	10669
561	3020
2521	10668
2516	10659
2515	10658
2514	10657
2513	10656
2517	10663
5220	28007
566	3034
2534	10682
5227	28026
2535	10683
565	3032
2532	10680
2533	10681
2538	10686
567	3039
2539	10687
2536	10684
2537	10685
5225	28019
2527	10674
2528	10675
2525	10672
5224	28016
2526	10673
5226	28023
563	3030
2530	10678
564	3031
2531	10679
2529	10676
562	3029
5228	28038
540	2850
5229	28040
2467	10571
542	2868
2468	10577
541	2867
2469	10585
539	2817
2470	10607
2474	10614
2473	10613
2472	10612
2471	10610
2482	10623
2481	10622
2480	10621
5230	28093
2479	10620
2478	10619
2477	10618
2476	10617
2475	10616
543	2912
2460	10499
544	2917
2461	10505
4112	20395
2462	10506
4111	20394
4113	20396
545	2933
546	2935
2463	10521
547	2936
548	2941
2465	10525
2464	10524
549	2942
2466	10542
5232	28141
5231	28140
742	3284
743	3286
741	3282
745	3293
744	3288
736	3264
5207	27244
739	3277
738	3276
740	3278
737	3273
750	3318
751	3319
749	3315
756	3326
757	3327
754	3324
755	3325
753	3322
752	3321
2834	11911
2833	11910
747	3301
2832	11909
746	3300
2831	11908
5206	27200
2838	11918
748	3308
2837	11916
2836	11915
2835	11913
2844	12018
2845	12019
705	3220
706	3221
707	3222
708	3223
709	3224
710	3225
711	3226
712	3227
713	3228
714	3229
715	3230
5203	27168
693	3201
5204	27169
692	3200
695	3203
5205	27171
694	3202
696	3204
698	3207
2840	12007
697	3206
2839	12006
700	3209
2842	12009
699	3208
2841	12008
702	3211
701	3210
2843	12010
704	3213
703	3212
731	3250
730	3249
733	3254
732	3252
734	3257
5202	27167
735	3262
719	3235
718	3234
717	3233
716	3232
723	3239
722	3238
721	3237
720	3236
727	3243
726	3242
725	3241
724	3240
729	3246
728	3245
662	3165
661	3164
2789	11836
664	3167
2790	11839
663	3166
658	3160
660	3163
659	3162
655	3157
2786	11829
654	3156
2785	11828
657	3159
2788	11831
656	3158
2787	11830
651	3153
2782	11825
650	3152
2781	11824
653	3155
2784	11827
652	3154
2783	11826
647	3148
648	3149
649	3150
2780	11823
643	3144
2777	11816
644	3145
2778	11817
645	3146
646	3147
2779	11819
640	3140
641	3141
642	3142
636	3136
637	3137
638	3138
639	3139
4085	18622
691	3199
2776	11807
4086	18623
690	3198
4083	18620
689	3197
4084	18621
688	3196
2775	11804
4081	18618
687	3195
4082	18619
686	3194
2774	11802
685	3193
2773	11801
4080	18617
684	3192
2772	11800
683	3191
2771	11799
682	3190
2770	11798
681	3189
680	3188
679	3186
2769	11794
678	3184
677	3183
675	3180
676	3181
4079	18603
673	3178
4078	18602
674	3179
4077	18601
671	3176
672	3177
669	3174
670	3175
668	3173
666	3170
667	3171
665	3169
605	3097
604	3096
2827	11899
606	3098
608	3101
2829	11901
607	3100
2828	11900
2830	11903
609	3102
598	3089
2822	11889
597	3088
2821	11888
600	3091
599	3090
2824	11893
601	3092
2823	11892
603	3095
2826	11895
602	3094
2825	11894
2815	11880
2816	11881
2817	11883
5210	27309
595	3084
2818	11884
596	3085
2819	11885
2820	11886
5211	27310
4088	18625
589	3072
2810	11872
4087	18624
590	3073
4090	18627
591	3074
4089	18626
2811	11875
2812	11876
4091	18628
592	3077
2813	11877
593	3078
594	3079
2814	11879
631	3131
2807	11867
630	3130
2806	11866
2805	11865
2804	11864
635	3135
2809	11871
634	3134
5209	27292
4092	18684
633	3133
2808	11869
632	3132
626	3123
2802	11859
625	3122
2801	11858
2800	11857
624	3120
2799	11856
2803	11863
629	3126
628	3125
627	3124
620	3114
5208	27274
618	3112
2795	11848
619	3113
2796	11849
623	3118
2798	11854
621	3116
2797	11852
622	3117
612	3106
2792	11842
613	3107
610	3104
611	3105
2791	11841
616	3110
617	3111
2794	11847
614	3108
2793	11844
615	3109
839	3527
838	3526
2883	12196
837	3523
2882	12195
843	3535
2885	12207
842	3534
841	3533
840	3532
2884	12200
847	3543
4093	18709
846	3540
845	3538
844	3537
5215	27517
850	3548
851	3549
849	3547
848	3545
854	3557
853	3556
2876	12164
855	3558
4094	18721
2874	12160
852	3555
2875	12162
2877	12173
859	3564
857	3561
856	3560
858	3562
862	3573
2878	12177
860	3570
861	3571
2879	12179
866	3581
863	3577
2880	12185
864	3578
865	3579
2881	12187
814	3456
2889	12262
2888	12261
2887	12260
815	3464
2891	12271
2890	12270
817	3469
816	3468
2894	12274
818	3475
2892	12272
2893	12273
2896	12278
2897	12279
2895	12276
820	3482
2900	12282
821	3483
2901	12283
5214	27449
2898	12280
5213	27448
819	3481
2899	12281
2904	12286
2905	12287
2902	12284
2903	12285
822	3490
5212	27396
823	3493
824	3494
825	3496
826	3504
827	3506
828	3507
829	3508
830	3509
831	3510
832	3512
833	3513
834	3517
835	3518
836	3519
2886	12255
791	3406
792	3407
790	3404
788	3402
789	3403
787	3398
786	3397
784	3392
785	3393
2853	12094
2852	12092
2851	12091
796	3416
2850	12088
2849	12087
795	3414
2848	12086
5219	27634
794	3410
793	3409
2847	12081
2846	12080
803	3436
804	3437
805	3438
801	3433
802	3435
799	3428
800	3429
797	3425
798	3427
5217	27612
812	3453
5218	27613
811	3452
813	3455
809	3448
810	3451
5216	27611
807	3444
808	3446
806	3442
762	3338
763	3339
760	3336
761	3337
2868	12142
2869	12143
764	3340
2867	12141
2863	12130
2864	12131
758	3328
2862	12128
759	3334
2865	12134
2866	12135
767	3355
2873	12154
766	3353
768	3359
2872	12150
2871	12149
765	3348
2870	12148
772	3371
2856	12108
773	3374
2857	12110
774	3375
769	3360
770	3362
771	3363
2854	12099
2855	12102
780	3385
2859	12123
781	3386
782	3389
2860	12124
2861	12127
783	3390
775	3379
777	3381
776	3380
2858	12116
779	3383
778	3382
988	3827
2728	11408
2729	11409
991	3830
4095	18997
989	3828
990	3829
993	3834
2730	11418
2731	11419
992	3832
996	3838
997	3839
2732	11423
994	3836
995	3837
979	3810
978	3809
981	3815
5176	26695
980	3812
2725	11396
985	3819
984	3818
2727	11402
5177	26696
983	3817
2726	11401
982	3816
987	3822
986	3821
971	3792
972	3793
5182	26739
2734	11443
5184	26741
5183	26740
973	3798
974	3799
975	3801
976	3805
2735	11453
977	3806
2736	11454
960	3777
959	3776
962	3779
961	3778
963	3781
965	3783
2733	11431
5178	26727
964	3782
966	3784
967	3787
5179	26731
969	3789
968	3788
5180	26734
970	3791
5181	26735
5168	26647
5167	26646
952	3767
5166	26645
951	3764
5165	26644
5164	26643
950	3762
5163	26642
5162	26641
5161	26640
949	3761
5174	26655
5173	26654
958	3775
5172	26653
957	3772
5171	26652
955	3770
956	3771
5170	26649
953	3768
5169	26648
954	3769
5152	26630
943	3751
5153	26631
5150	26628
5151	26629
942	3748
5148	26626
5149	26627
5146	26624
5147	26625
941	3744
2737	11456
5159	26638
948	3759
5160	26639
5158	26636
947	3757
2738	11469
5156	26634
946	3755
5157	26635
945	3754
5154	26632
944	3753
5155	26633
4096	19025
939	3730
940	3731
935	3718
5175	26656
934	3713
937	3724
938	3727
936	3723
932	3706
931	3705
930	3704
2680	11295
2679	11294
2678	11293
933	3708
2677	11292
925	3699
2674	11283
2673	11282
2672	11281
2671	11280
929	3703
2676	11287
928	3702
927	3701
926	3700
2675	11284
923	3691
2668	11275
922	3688
924	3694
2670	11278
2669	11277
917	3682
2665	11266
2663	11264
916	3681
2664	11265
920	3686
921	3687
918	3684
2666	11268
919	3685
2667	11269
2694	11321
912	3672
2693	11320
5187	26874
913	3675
2696	11323
5188	26875
2695	11322
5189	26876
915	3677
914	3676
910	3665
2688	11313
909	3664
2689	11315
2691	11317
911	3668
2690	11316
2692	11319
907	3656
2684	11307
908	3660
2685	11309
2686	11310
2687	11311
904	3648
2681	11296
905	3652
906	3654
2682	11302
2683	11303
903	3647
2713	11359
902	3646
901	3645
900	3643
2712	11355
899	3640
4098	19190
898	3637
4097	19189
897	3636
5185	26771
896	3634
2711	11344
895	3630
2709	11342
2710	11343
2708	11341
893	3626
2706	11338
894	3627
2707	11339
2704	11336
2705	11337
892	3622
2702	11334
2703	11335
890	3620
2700	11332
891	3621
2701	11333
888	3618
2698	11330
889	3619
2699	11331
886	3616
2697	11328
887	3617
883	3612
2724	11388
885	3615
884	3614
881	3609
880	3608
2723	11387
882	3610
2722	11386
877	3605
2720	11381
879	3607
878	3606
2721	11382
875	3600
5186	26802
876	3602
873	3598
874	3599
870	3592
2718	11369
871	3594
2719	11370
872	3595
868	3589
869	3590
2716	11366
2717	11367
867	3586
2714	11362
2715	11363
2750	11657
1123	4080
5195	26962
1124	4083
1125	4085
2751	11671
2752	11672
2753	11674
2754	11675
2755	11676
1126	4093
2756	11677
2757	11678
2758	11679
2762	11683
1108	4034
2761	11682
2760	11681
2759	11680
4099	19206
1112	4039
1111	4038
1110	4037
1109	4036
1115	4043
5196	26984
1114	4041
2763	11689
1113	4040
1117	4045
1116	4044
1118	4050
1119	4052
1122	4059
1120	4056
1121	4057
2764	11709
1095	4005
1094	4004
1091	4001
1090	4000
1093	4003
1092	4002
2765	11714
1098	4013
1097	4012
5190	26894
1096	4009
5192	26901
1099	4020
5191	26900
1100	4021
5194	26903
1101	4022
5193	26902
1104	4028
1105	4029
1106	4030
1107	4031
1102	4026
1103	4027
1073	3975
1072	3974
1071	3972
1070	3971
1069	3970
1078	3983
1077	3980
2768	11756
1076	3979
2767	11754
1075	3977
2766	11753
1074	3976
1085	3990
1086	3991
1083	3988
1084	3989
1081	3986
1082	3987
1079	3984
1080	3985
1089	3999
1088	3997
1087	3993
5200	27085
1058	3948
5199	27084
1059	3949
1052	3937
1053	3938
4100	19362
1054	3939
1055	3940
1056	3941
1057	3942
1065	3961
1067	3963
1066	3962
1068	3964
1060	3953
1061	3954
1062	3956
1064	3959
1063	3958
1039	3914
1040	3915
1037	3912
1038	3913
1043	3918
1041	3916
1042	3917
1034	3907
1032	3904
1033	3905
1035	3910
1036	3911
1049	3931
5201	27131
1048	3930
1051	3933
1050	3932
1046	3923
1045	3922
1044	3921
1047	3927
1021	3886
1018	3881
2739	11593
1019	3882
1020	3883
5197	27012
1017	3879
1016	3874
1029	3901
1028	3900
1031	3903
2740	11615
1030	3902
1027	3897
1026	3896
1025	3893
1024	3892
4101	19446
1023	3891
1022	3890
1006	3854
2746	11630
1007	3855
1004	3852
1005	3853
2745	11629
2743	11626
1003	3851
2744	11627
2742	11624
1002	3847
2741	11623
1001	3845
999	3842
1000	3843
998	3840
5198	27071
1015	3869
1014	3867
1013	3866
1012	3865
1011	3863
1010	3862
1009	3861
2749	11636
1008	3858
2748	11633
2747	11632
4586	22001
4585	22000
4588	22003
4587	22002
4590	22005
4589	22004
1184	4409
4592	22011
4591	22010
4569	21984
4570	21985
4571	21986
4572	21987
4573	21988
4574	21989
4575	21990
4576	21991
4577	21992
4578	21993
4579	21994
4580	21995
4581	21996
4582	21997
4583	21998
4584	21999
4559	21971
4558	21970
4557	21969
4556	21968
3225	13169
4561	21973
4560	21972
4564	21979
4563	21978
4562	21976
4568	21983
4567	21982
4566	21981
4565	21980
4543	21954
4544	21955
4541	21952
4542	21953
4547	21958
4548	21959
4545	21956
4546	21957
4551	21962
4549	21960
4550	21961
4554	21966
4555	21967
4552	21964
4553	21965
4530	21941
4532	21943
4531	21942
4527	21937
3219	13072
4526	21936
3220	13073
4529	21939
3221	13074
4528	21938
3222	13075
4538	21949
4537	21948
4540	21951
4539	21950
4534	21945
4533	21944
4536	21947
3223	13082
4535	21946
4515	21924
3209	13061
4516	21925
3208	13060
4517	21926
3211	13063
4518	21927
3210	13062
4511	21920
3205	13057
4512	21921
4513	21922
3207	13059
4514	21923
3206	13058
4523	21932
3217	13069
3216	13068
4524	21934
4525	21935
3218	13070
4519	21928
3213	13065
4520	21929
3212	13064
4521	21930
3215	13067
4522	21931
3214	13066
4502	21911
4501	21910
4500	21909
4499	21908
4498	21907
4497	21906
4496	21904
4510	21919
4509	21918
3224	13119
4508	21917
4507	21916
4506	21915
4505	21914
4504	21913
4503	21912
4486	21894
4487	21895
4484	21892
4485	21893
4482	21890
4483	21891
4480	21888
4481	21889
4494	21902
4495	21903
4492	21900
4493	21901
4490	21898
4491	21899
4488	21896
4489	21897
4472	21880
3242	13273
4473	21881
1200	4536
4474	21882
1201	4539
4475	21883
4476	21884
4477	21885
1202	4540
4478	21886
4479	21887
4464	21872
4465	21873
4466	21874
1199	4531
4467	21875
4468	21876
4469	21877
4470	21878
4471	21879
4457	21865
4456	21864
4459	21867
4458	21866
4461	21869
3238	13260
4460	21868
3239	13261
4463	21871
3240	13262
4462	21870
3241	13263
4449	21857
4448	21856
4451	21859
4450	21858
4453	21861
1196	4516
4452	21860
1197	4517
4455	21863
1198	4518
4454	21862
4442	21850
4443	21851
1195	4505
4441	21849
4446	21854
4447	21855
4444	21852
4445	21853
4436	21842
4437	21843
4434	21840
1191	4497
4435	21841
4439	21846
4440	21847
1194	4502
4438	21844
1193	4501
1192	4500
4429	21835
1188	4490
4428	21834
1189	4491
4427	21833
1186	4488
4426	21832
1187	4489
4433	21839
3245	13294
4432	21838
4431	21837
1190	4492
4430	21836
3244	13293
4421	21827
1185	4482
4420	21826
4419	21825
4418	21824
3243	13281
4425	21831
4424	21830
4423	21829
4422	21828
4414	21820
4415	21821
1212	4604
4416	21822
1213	4607
4417	21823
4410	21816
3232	13209
1210	4601
4411	21817
1209	4600
4412	21818
4413	21819
3233	13210
1211	4602
4406	21812
4407	21813
4408	21814
1208	4599
4409	21815
4402	21808
4403	21809
4404	21810
4405	21811
4399	21805
4398	21804
4401	21807
4400	21806
3230	13192
4396	21800
3231	13194
4397	21802
4393	21797
3227	13188
4392	21796
3228	13189
4395	21799
3229	13190
4394	21798
4389	21793
4388	21792
4391	21795
4390	21794
3226	13187
4386	21790
3237	13247
1207	4575
4387	21791
3236	13246
4384	21788
4385	21789
4382	21786
1206	4571
4383	21787
4380	21784
1205	4569
4381	21785
4378	21782
4379	21783
4376	21780
4377	21781
4374	21778
4375	21779
4372	21776
4373	21777
4371	21775
4370	21774
4369	21773
4368	21772
4367	21771
4366	21770
4365	21769
4364	21768
4363	21767
4362	21766
4361	21764
1204	4549
4360	21763
3235	13218
4359	21762
4358	21761
1203	4544
4357	21760
3234	13217
4328	21730
4329	21731
3160	12866
1138	4130
4326	21728
3159	12865
1137	4129
4327	21729
3158	12864
4332	21734
1141	4135
4333	21735
3162	12870
1140	4134
4330	21732
3161	12869
1139	4133
4331	21733
4335	21738
3164	12875
4336	21739
3163	12873
1143	4137
4334	21737
1142	4136
4339	21742
3167	12879
4340	21743
4337	21740
3166	12877
4338	21741
3165	12876
4344	21747
3169	12882
4343	21746
3170	12883
4342	21745
4341	21744
3168	12881
4348	21751
4347	21750
3172	12887
4346	21749
3171	12884
4345	21748
4352	21755
3174	12890
4351	21754
3175	12891
4350	21753
3173	12888
4349	21752
4356	21759
4355	21758
3178	12895
4354	21757
3176	12892
4353	21756
3177	12893
4297	21696
4298	21697
4299	21698
4300	21699
3179	12901
4301	21701
4302	21702
3180	12902
4303	21704
3181	12905
4304	21705
4305	21706
4306	21707
4307	21708
4308	21709
4309	21710
3182	12911
4310	21711
4312	21713
1127	4112
4311	21712
4314	21715
4313	21714
4316	21717
1128	4116
4315	21716
1129	4117
4318	21719
1130	4118
4317	21718
1131	4119
4319	21720
1132	4121
4321	21723
1133	4122
4320	21722
1134	4123
4323	21725
4322	21724
1135	4125
4325	21727
1136	4126
4324	21726
4273	21670
3122	12807
4274	21671
4271	21668
3121	12805
4272	21669
3120	12804
4269	21666
3119	12803
1147	4195
4270	21667
3118	12802
4267	21664
4268	21665
4280	21678
4281	21679
1148	4206
4278	21676
3125	12813
4279	21677
4277	21675
4275	21672
3124	12809
4276	21673
3123	12808
4289	21687
4288	21686
1150	4215
4287	21685
3128	12820
1149	4212
4286	21684
4285	21683
3127	12818
4284	21682
4283	21681
3126	12816
4282	21680
4296	21695
1152	4222
4295	21694
3134	12831
4294	21693
3133	12828
4293	21692
4292	21691
3131	12826
4291	21690
3132	12827
3129	12824
4290	21688
3130	12825
1151	4217
4242	21636
3140	12837
4243	21637
3139	12836
4244	21638
4245	21639
3141	12838
4238	21632
3136	12833
4239	21633
3135	12832
4240	21634
3138	12835
4241	21635
3137	12834
4248	21644
3145	12845
4249	21645
3144	12844
4250	21646
3147	12847
4251	21647
3146	12846
1144	4174
4246	21640
3142	12841
4247	21641
3143	12843
4256	21653
3150	12852
4255	21652
3151	12853
4258	21655
3152	12854
4257	21654
3153	12855
4253	21649
3148	12848
4252	21648
4254	21651
3149	12850
1145	4178
4264	21661
4263	21660
4266	21663
1146	4190
4265	21662
3157	12863
4260	21657
3154	12856
4259	21656
3155	12857
4262	21659
3156	12858
4261	21658
4221	21611
3195	13002
4220	21610
4219	21609
4218	21608
3194	13001
4225	21615
4224	21614
4223	21613
4222	21612
4213	21603
4212	21602
4211	21601
3193	12992
4210	21600
4217	21607
4216	21606
4215	21605
4214	21604
1160	4261
3197	13019
4233	21625
4236	21630
4237	21631
3199	13022
4234	21628
4235	21629
3198	13020
4228	21618
4229	21619
1162	4274
4226	21616
4227	21617
3196	13008
1161	4272
4231	21622
4232	21623
4230	21621
4189	21577
4188	21576
4191	21579
4190	21578
1155	4236
4193	21583
3200	13038
4192	21582
3201	13039
4181	21569
4180	21568
4183	21571
4182	21570
4185	21573
1153	4228
4184	21572
1154	4229
4187	21575
4186	21574
4202	21592
3202	13049
4203	21593
4204	21594
3204	13051
4205	21595
3203	13050
4206	21596
4207	21597
4208	21598
4209	21599
1159	4254
4194	21584
4195	21585
1156	4240
4196	21586
4197	21587
1157	4242
4198	21588
1158	4245
4199	21589
4200	21590
4201	21591
1176	4334
4169	21550
1177	4335
1174	4332
1175	4333
1173	4328
1171	4326
1172	4327
1169	4324
1170	4325
1168	4322
1167	4320
4178	21566
4179	21567
3185	12958
4176	21564
4177	21565
4174	21562
1183	4347
4175	21563
1182	4346
4172	21560
4173	21561
1181	4344
4170	21558
4171	21559
3184	12949
1180	4339
3183	12945
1179	4337
1178	4336
3187	12973
1164	4302
1163	4296
3186	12967
4168	21532
3191	12989
1166	4319
3192	12990
5246	30328
4166	21528
4167	21530
3190	12983
4165	21527
3189	12982
3188	12977
1165	4306
1276	4887
3041	12663
1274	4884
1275	4885
1272	4882
1273	4883
4683	22480
3040	12657
1280	4894
1281	4895
3045	12671
3043	12668
1279	4893
3044	12669
3042	12667
1277	4888
1278	4889
3034	12647
4680	22468
4681	22469
3033	12643
3032	12642
3031	12640
4682	22478
3039	12655
3038	12651
3037	12650
3036	12649
3035	12648
5240	30101
4687	22517
3023	12629
5242	30103
3024	12630
5241	30102
3025	12631
3022	12625
3028	12636
3029	12638
3030	12639
5244	30105
3026	12632
5243	30104
3027	12634
5245	30106
3016	12613
4686	22502
3018	12615
3017	12614
1283	4897
4684	22497
1282	4896
3015	12608
4685	22498
3021	12623
3019	12617
3020	12619
3011	12594
4658	22417
3009	12592
4657	22416
1284	4945
3010	12593
3012	12600
3013	12601
4662	22431
3014	12606
4661	22430
4660	22429
4659	22428
3001	12579
4651	22403
3000	12576
4654	22406
3002	12583
4652	22404
4653	22405
3005	12586
4655	22408
3004	12585
3003	12584
3008	12591
4656	22415
3007	12590
3006	12588
4673	22451
2992	12563
4675	22453
2993	12564
4674	22452
2994	12565
4677	22455
4676	22454
2995	12567
2996	12568
4678	22456
2997	12569
4679	22459
2998	12570
2999	12574
4663	22432
4664	22433
4665	22434
2985	12547
4666	22435
2984	12546
4667	22436
4668	22437
4669	22438
2986	12551
2987	12552
2989	12555
4670	22443
2988	12554
4671	22444
4672	22445
2990	12556
2991	12558
4642	22367
3117	12798
3116	12796
3115	12795
3114	12794
3113	12791
3112	12789
3111	12788
3110	12787
3109	12785
3108	12776
3107	12775
3105	12772
4641	22340
3106	12773
4649	22398
4650	22399
3104	12766
3101	12761
3100	12760
4647	22394
3103	12763
4648	22395
3102	12762
3097	12757
3096	12756
3099	12759
4646	22391
3098	12758
3095	12753
3094	12752
4645	22386
3092	12749
3093	12750
3090	12746
3091	12747
3088	12741
3089	12743
4644	22369
4643	22368
3086	12737
3087	12739
3084	12731
3083	12730
3082	12728
3085	12732
3078	12723
3077	12722
3076	12721
1287	5073
1286	5072
3081	12726
3080	12725
3079	12724
3072	12714
3073	12715
1285	5067
3071	12712
3074	12718
3075	12719
3067	12706
3068	12707
3066	12704
3070	12711
3069	12709
3061	12697
3060	12696
3063	12699
3062	12698
1293	5117
3064	12701
3065	12703
3054	12689
1291	5104
3053	12688
3055	12691
1292	5106
3057	12693
3056	12692
3059	12695
3058	12694
3048	12680
3049	12681
3050	12683
3051	12684
3052	12685
3046	12673
1288	5091
1289	5092
1290	5093
3047	12678
4640	22310
1219	4613
1218	4612
1220	4614
2931	12390
1215	4609
2930	12385
1214	4608
2929	12384
1217	4611
1216	4610
1223	4621
1222	4620
1224	4623
1221	4616
1229	4628
2933	12406
1225	4624
1226	4625
2932	12401
1227	4626
1228	4627
2936	12413
2934	12408
2935	12410
5238	29828
5237	29827
2914	12367
2913	12366
2912	12365
2921	12374
2922	12375
2919	12372
2920	12373
2917	12370
2918	12371
2915	12368
5239	29840
2916	12369
2927	12382
2928	12383
2925	12378
2926	12379
2923	12376
2924	12377
4622	22146
4623	22147
4624	22148
1230	4677
4625	22149
4626	22150
1231	4678
1232	4681
4627	22155
4628	22156
4629	22157
1233	4684
4630	22158
4632	22163
4631	22162
4634	22165
1234	4692
4633	22164
4636	22167
4635	22166
2910	12348
2911	12349
4637	22175
2909	12291
2908	12290
2907	12289
2906	12288
4638	22199
4639	22200
1236	4734
1235	4733
4604	22093
1240	4748
2977	12524
4603	22092
1241	4749
1242	4750
4605	22094
1243	4751
4602	22091
2975	12522
2976	12523
4601	22085
1238	4740
2973	12516
1239	4742
2974	12519
1237	4737
2972	12515
1249	4765
1248	4764
2983	12543
1250	4766
2982	12542
4608	22104
1245	4761
2981	12537
4609	22105
2980	12536
1247	4763
1246	4762
4606	22102
4607	22103
2978	12528
2979	12531
1244	4754
1261	4782
2966	12494
1262	4783
2967	12495
4616	22125
1259	4780
2964	12492
4615	22124
1260	4781
2965	12493
4614	22123
2962	12490
4613	22122
1258	4779
2963	12491
2961	12488
4612	22120
1257	4777
4611	22119
1255	4774
1256	4775
1253	4772
1254	4773
2960	12485
4610	22114
1252	4771
1251	4768
2959	12481
1268	4799
2971	12511
4621	22140
4620	22139
2970	12506
2969	12505
2968	12502
4619	22132
1267	4789
1266	4788
4617	22130
1265	4787
4618	22131
1264	4786
1263	4784
2951	12456
2952	12457
2953	12459
2954	12460
2948	12448
2949	12452
2950	12453
2957	12472
2958	12478
4593	22033
4594	22036
4595	22037
2955	12468
2956	12470
2939	12427
2942	12431
2940	12428
2941	12429
4597	22051
4596	22050
2937	12417
2938	12421
1269	4859
2946	12442
2945	12440
4600	22078
1271	4862
4598	22076
1270	4861
2947	12445
4599	22077
2943	12433
2944	12439
3299	14108
1455	5500
3300	14109
1456	5501
3301	14110
3302	14111
3296	14105
3297	14106
3298	14107
3293	14100
3294	14101
1452	5493
1453	5494
3295	14103
1454	5495
3290	14096
1450	5488
1451	5489
3291	14098
3292	14099
3287	14093
1447	5485
3286	14092
3289	14095
1449	5487
3288	14094
1448	5486
3283	14089
3282	14088
3285	14091
3284	14090
1446	5482
3279	14085
1444	5477
3278	14084
3281	14087
3280	14086
1445	5478
3275	14081
3274	14080
1443	5472
3277	14083
3276	14082
1442	5468
1440	5466
1441	5467
1438	5464
1439	5465
1437	5463
1436	5458
1435	5456
1434	5455
1433	5454
1432	5453
1431	5452
1430	5450
1429	5444
1428	5443
1427	5442
1426	5441
3303	14112
1425	5440
4124	20989
4123	20988
4126	20991
4125	20990
1424	5439
1420	5425
4122	20979
1421	5428
1422	5429
1423	5431
1419	5423
1416	5409
1415	5408
1417	5411
1418	5415
4121	20967
1414	5401
1411	5392
1412	5393
1413	5396
1408	5387
1407	5385
1410	5390
1409	5389
1404	5378
1403	5377
1406	5381
1405	5380
1458	5629
1460	5631
1459	5630
1457	5625
4118	20759
4117	20753
4120	20762
4119	20760
1344	5231
1343	5230
1342	5229
1341	5228
1340	5227
1339	5224
1338	5223
1337	5219
1350	5245
1349	5238
1348	5236
1346	5234
1347	5235
1345	5232
1331	5198
1330	5194
4116	20637
4115	20636
1335	5213
1336	5214
1334	5209
4114	20635
1332	5206
1333	5207
1316	5163
1315	5162
1314	5161
1313	5160
1319	5167
1318	5165
1317	5164
1309	5155
1308	5154
1307	5153
1312	5159
1311	5157
1310	5156
3260	13914
1327	5178
1328	5179
1325	5176
1326	5177
3261	13916
1329	5180
3262	13917
1322	5171
1320	5168
1321	5169
1323	5172
1324	5173
1294	5132
1296	5135
1295	5134
1301	5144
1302	5145
1303	5147
1304	5148
1305	5149
1306	5151
1297	5136
1298	5137
1299	5138
1300	5139
1393	5350
1392	5348
1391	5346
1394	5356
1401	5367
1400	5366
1399	5364
1398	5363
1397	5362
1396	5361
1395	5360
1402	5371
1381	5319
1378	5312
1379	5313
1380	5314
1382	5325
1383	5327
1388	5335
1385	5329
1384	5328
1387	5331
1386	5330
1390	5341
1389	5337
1367	5282
1368	5283
1366	5281
1369	5287
3265	14026
3263	14024
3264	14025
1370	5289
1373	5299
1372	5298
1371	5296
1374	5302
3267	14043
3266	14042
1375	5305
1377	5310
1376	5308
1351	5249
1352	5250
1353	5257
1354	5261
1355	5262
1356	5263
1358	5265
1357	5264
1360	5267
1359	5266
1362	5269
1361	5268
1364	5271
1363	5270
3268	14073
1365	5272
3269	14075
3271	14077
3270	14076
3273	14079
3272	14078
4144	21394
4143	21392
1707	5954
5235	29136
5236	29142
1680	5918
1681	5919
1679	5917
4150	21467
1677	5914
4149	21466
1678	5915
1675	5912
1676	5913
1673	5910
1674	5911
1671	5908
1672	5909
1669	5906
1670	5907
1667	5904
1668	5905
1666	5903
1665	5901
1664	5900
1663	5899
1662	5898
1661	5897
4147	21446
1660	5895
4148	21447
1659	5894
4145	21444
1658	5893
4146	21445
1657	5892
1656	5891
1655	5890
1654	5889
1653	5888
1706	5951
1705	5944
4164	21496
1702	5940
4163	21492
1703	5941
1704	5942
4160	21489
1698	5936
1699	5937
4162	21491
1700	5938
4161	21490
1701	5939
4157	21484
1695	5933
1694	5932
4158	21486
1697	5935
4159	21487
1696	5934
4153	21480
1691	5929
4154	21481
1690	5928
4155	21482
1693	5931
4156	21483
1692	5930
1687	5925
1686	5924
4151	21478
1689	5927
4152	21479
1688	5926
1683	5921
1682	5920
1685	5923
1684	5922
3254	13713
3256	13715
3255	13714
3257	13716
3258	13719
3259	13723
5233	28999
5234	29000
3253	13709
1490	5704
1492	5709
1491	5708
1493	5710
3250	13347
3249	13346
1489	5700
1497	5720
1498	5721
1499	5722
1500	5724
1501	5726
1502	5727
1494	5717
1495	5718
1496	5719
1513	5739
1512	5738
1511	5737
1510	5736
1517	5743
3247	13326
1516	5742
1515	5741
1514	5740
1505	5731
1504	5730
3246	13313
1503	5728
1509	5735
1508	5734
1507	5733
1506	5732
1527	5754
1528	5755
1525	5752
1526	5753
1531	5758
1532	5759
1529	5756
1530	5757
1520	5746
3248	13328
1518	5744
1519	5745
1523	5750
1524	5751
1521	5748
1522	5749
1466	5644
1468	5647
1467	5646
1465	5643
1464	5642
1463	5636
1461	5633
1462	5634
1478	5662
1479	5663
1477	5656
1473	5652
1474	5653
1475	5654
1476	5655
1469	5648
1470	5649
1471	5650
1472	5651
1487	5672
1486	5671
1485	5670
1484	5669
1483	5668
1482	5667
1481	5665
1480	5664
1488	5682
3251	13395
4128	20993
1592	5824
4127	20992
1593	5825
1594	5826
4129	20994
1595	5827
4131	20997
1596	5828
4130	20996
1597	5829
4132	20999
1598	5831
1599	5832
1600	5833
1601	5834
1602	5835
1603	5837
1604	5838
1606	5841
1605	5840
1608	5843
1607	5842
1610	5845
1609	5844
1612	5847
1611	5846
1614	5849
1613	5848
1616	5851
1615	5850
1618	5853
1617	5852
1620	5855
1619	5854
1623	5858
3252	13443
1624	5859
1621	5856
1622	5857
1627	5862
1628	5863
1625	5860
1626	5861
1631	5866
1632	5867
1629	5864
1630	5865
1635	5870
1636	5871
1633	5868
1634	5869
1640	5875
1639	5874
1638	5873
1637	5872
1644	5879
1643	5878
1642	5877
1641	5876
1648	5883
1647	5882
1646	5881
1645	5880
1652	5887
1651	5886
1650	5885
1649	5884
1537	5764
1538	5765
1539	5767
1533	5760
1534	5761
1535	5762
1536	5763
1544	5772
1545	5773
1546	5774
1547	5775
1540	5768
1541	5769
1542	5770
1543	5771
1552	5781
1551	5780
1554	5783
1553	5782
1548	5777
1550	5779
1549	5778
1560	5789
1559	5788
1562	5791
1561	5790
1556	5785
1555	5784
1558	5787
1557	5786
1569	5798
1570	5799
1567	5796
1568	5797
1565	5794
1566	5795
1563	5792
1564	5793
4135	21103
1575	5806
4134	21102
1576	5807
4133	21100
1574	5805
1573	5802
1571	5800
1572	5801
1584	5815
1583	5814
1582	5813
1581	5812
4138	21106
1580	5811
4139	21107
1579	5810
4136	21104
1578	5809
4137	21105
1577	5808
1591	5823
1590	5822
1589	5821
1588	5820
4141	21114
1587	5819
4142	21115
1586	5818
4140	21113
1585	5816
3408	15304
3409	15305
3410	15306
1717	6570
3411	15307
3412	15308
3413	15309
3414	15310
3415	15311
3403	15296
3404	15299
3405	15301
3406	15302
3407	15303
1716	6567
3425	15321
3424	15320
3427	15323
3426	15322
3428	15325
3430	15327
3429	15326
3417	15313
3416	15312
3419	15315
3418	15314
3421	15317
3420	15316
3423	15319
3422	15318
3437	15338
3438	15339
3435	15336
3436	15337
3440	15342
3441	15343
3439	15341
3431	15328
3432	15329
3433	15334
3434	15335
3453	15355
3452	15354
3451	15353
3450	15352
3457	15359
3456	15358
3455	15357
3454	15356
3445	15347
3444	15346
3443	15345
3442	15344
3449	15351
3448	15350
3447	15349
3446	15348
3359	15244
3360	15245
3361	15246
3362	15247
3356	15241
3357	15242
3358	15243
3353	15236
3354	15237
3355	15238
3350	15232
3351	15233
3352	15235
3375	15261
3374	15260
3377	15263
3376	15262
3371	15257
3370	15256
3373	15259
3372	15258
3367	15253
3366	15252
3369	15255
3368	15254
3363	15249
3365	15251
3364	15250
3390	15278
3388	15276
3389	15277
3387	15274
3385	15272
3386	15273
3383	15270
3384	15271
3381	15268
3382	15269
3379	15266
3380	15267
3378	15265
3402	15295
3401	15294
3400	15293
3399	15292
3398	15291
3397	15290
3396	15289
3395	15288
3394	15287
3393	15285
1718	6613
3392	15284
3391	15283
3342	15171
1714	6439
3343	15188
3345	15209
3344	15208
3346	15216
3348	15230
3349	15231
3347	15229
3337	15109
3336	15108
3338	15110
3339	15133
3340	15134
3341	15137
1715	6491
3335	15063
3334	15043
1713	6397
3333	14977
1712	6359
1709	6192
1708	6176
1711	6255
3331	14861
1710	6253
3330	14860
3329	14859
3332	14886
3328	14820
3327	14818
4990	24404
1749	7087
3322	14795
3321	14786
3325	14813
3326	14815
3324	14805
1751	7095
1750	7089
3323	14800
1753	7112
1754	7113
1755	7116
1752	7111
1758	7131
1757	7129
3320	14780
1756	7126
1759	7147
3319	14744
1764	7160
1765	7167
3315	14739
1760	7155
3317	14741
1762	7157
3316	14740
1761	7156
3318	14742
1763	7158
3314	14695
3313	14694
3312	14693
3311	14692
3310	14691
3309	14690
4992	24541
4993	24552
4991	24448
1746	6980
3308	14652
1747	7010
1748	7013
1735	6813
1734	6812
1736	6814
1733	6809
1732	6808
3307	14580
3306	14579
1731	6797
3305	14575
1729	6792
1730	6794
1728	6791
1725	6784
1726	6785
1727	6786
1742	6840
1741	6839
1740	6824
1739	6823
1738	6821
1737	6818
1744	6857
1743	6849
3304	14502
1745	6896
1720	6678
1721	6681
1719	6669
1723	6782
1724	6783
1722	6758
4880	22821
1830	7652
4879	22820
1831	7653
4882	22823
1832	7654
4881	22822
1833	7655
4876	22817
1826	7648
4875	22816
1827	7649
4878	22819
1828	7650
4877	22818
1829	7651
4888	22829
1838	7660
4887	22828
1839	7661
4890	22831
1840	7662
4889	22830
1841	7663
4884	22825
1834	7656
4883	22824
1835	7657
4886	22827
1836	7658
4885	22826
1837	7659
4895	22836
1847	7669
4896	22837
1846	7668
4897	22838
1849	7671
4898	22839
1848	7670
4891	22832
1843	7665
4892	22833
1842	7664
4893	22834
1845	7667
4894	22835
1844	7666
4903	22844
1855	7677
4904	22845
1854	7676
4905	22846
1857	7679
4906	22847
1856	7678
4899	22840
1851	7673
4900	22841
1850	7672
4901	22842
1853	7675
4902	22843
1852	7674
4851	22791
4850	22790
4849	22789
4848	22788
4847	22787
4846	22786
4845	22785
4844	22784
4859	22799
4012	16302
4858	22798
4013	16303
4857	22797
4856	22796
4855	22795
4854	22794
4853	22793
4852	22792
4865	22806
1817	7639
4866	22807
1816	7638
4863	22804
1815	7637
4864	22805
1814	7636
4862	22802
1813	7634
4860	22800
4015	16305
1812	7633
4861	22801
4014	16304
4873	22814
1825	7647
4874	22815
1824	7646
4871	22812
1823	7645
4872	22813
1822	7644
4869	22810
1821	7643
4870	22811
1820	7642
4867	22808
1819	7641
4868	22809
1818	7640
4936	22881
4935	22880
4938	22883
4937	22882
4940	22885
4939	22884
4942	22887
4941	22886
4944	22889
4943	22888
4946	22891
4945	22890
4948	22893
4947	22892
4950	22895
4949	22894
4951	22896
4952	22900
4953	22901
4954	22902
4955	22903
4956	22904
4957	22905
4958	22906
4959	22909
1811	7615
1810	7614
4910	22851
4909	22850
4908	22849
4907	22848
4914	22855
4913	22854
4912	22853
4911	22852
4915	22859
4919	22863
4918	22862
4917	22861
4916	22860
4922	22866
4923	22867
4920	22864
4921	22865
4925	22870
4926	22871
4924	22868
4929	22874
4930	22875
4927	22872
4928	22873
4933	22878
4934	22879
4931	22876
4932	22877
3970	16140
3972	16143
3971	16142
3968	16137
3967	16136
3969	16138
3964	16133
3963	16132
3966	16135
3965	16134
3984	16156
3985	16158
3986	16159
3980	16152
1809	7544
3981	16153
3982	16154
3983	16155
3977	16148
3978	16149
3979	16150
3973	16144
3974	16145
3975	16146
3976	16147
3999	16175
3998	16174
3997	16173
3996	16172
3995	16171
3994	16170
3993	16169
3992	16167
3991	16166
3990	16165
3989	16164
3988	16161
3987	16160
4011	16190
4009	16188
4010	16189
4007	16186
4008	16187
4005	16184
4006	16185
4004	16182
1808	7508
4002	16178
4003	16179
1807	7507
4000	16176
1806	7504
4001	16177
4960	23009
1803	7459
4961	23011
4962	23012
4963	23013
1804	7481
1805	7483
1802	7428
4698	22582
4696	22580
4697	22581
1800	7412
4695	22579
1801	7422
3930	16006
3928	16004
3929	16005
3926	16002
3927	16003
3924	16000
3925	16001
4694	22575
4693	22574
1798	7402
1799	7403
1797	7382
4689	22535
4688	22534
1795	7373
1796	7374
4691	22537
4690	22536
4692	22539
4722	22642
4723	22643
3931	16082
4720	22640
4721	22641
4726	22646
3932	16087
4727	22647
4724	22644
4725	22645
4729	22650
3936	16091
4730	22651
3935	16090
4728	22648
3934	16089
3933	16088
4733	22654
3939	16095
4731	22652
3938	16093
4732	22653
3937	16092
4711	22631
4710	22630
4715	22635
4714	22634
4713	22633
4712	22632
4719	22639
4718	22638
4717	22637
4716	22636
3950	16113
3949	16112
3952	16115
3951	16114
3953	16117
3955	16119
1794	7319
3954	16118
3957	16121
3956	16120
3959	16123
3958	16122
3961	16125
3960	16124
3962	16126
4700	22593
4699	22592
3940	16097
4702	22595
4701	22594
3941	16099
3942	16100
1791	7300
4703	22596
4705	22599
4704	22598
1792	7303
4706	22600
3943	16106
3944	16107
3945	16108
1793	7308
4707	22604
3946	16109
4709	22607
3947	16110
4708	22606
3948	16111
4792	22719
4791	22718
3902	15903
4790	22717
3900	15900
4789	22716
3901	15901
4788	22715
3898	15898
4787	22714
3899	15899
1790	7291
4786	22713
3896	15896
1789	7288
4785	22712
3897	15897
4784	22711
3894	15894
4783	22710
3895	15895
4782	22709
1788	7284
5282	31444
4781	22708
4780	22707
4779	22706
4778	22705
4777	22704
3893	15889
1787	7281
4775	22702
4776	22703
3892	15886
1786	7278
4773	22700
3891	15885
1785	7277
4774	22701
3890	15884
4771	22698
3889	15883
4772	22699
3888	15882
5281	31432
4769	22696
3887	15881
4770	22697
3886	15880
4767	22694
4768	22695
3885	15878
4765	22692
3884	15877
4766	22693
3883	15876
4763	22690
3882	15875
4764	22691
3881	15874
4761	22688
3880	15873
4762	22689
3879	15872
4758	22685
4757	22684
4760	22687
4759	22686
4754	22681
4753	22680
4756	22683
4755	22682
4750	22677
4752	22679
3916	15926
4751	22678
3917	15927
4747	22673
1784	7248
4746	22672
4749	22675
4748	22674
3913	15917
1782	7245
4744	22669
3912	15916
1781	7244
3915	15919
4745	22671
3914	15918
1783	7246
4740	22664
4741	22665
3909	15912
4742	22666
3911	15915
4743	22667
3910	15914
4737	22660
3906	15909
1780	7237
4738	22661
3905	15908
4739	22662
3908	15911
3907	15910
4734	22656
3903	15905
4735	22657
3904	15907
4736	22659
4839	22779
4838	22778
4837	22777
4836	22776
4843	22783
4842	22782
4841	22781
1779	7228
4840	22780
4831	22771
1778	7218
4830	22770
5274	31377
4829	22769
5273	31376
4828	22768
4835	22775
4834	22774
5276	31381
4833	22773
5275	31380
4832	22772
5267	31370
5268	31371
5265	31368
5266	31369
5271	31374
4826	22766
5272	31375
4827	22767
5269	31372
5270	31373
4825	22765
4823	22754
1777	7203
4824	22755
4821	22752
4822	22753
5263	31366
5264	31367
5261	31364
5262	31365
4815	22745
4814	22744
4817	22747
1774	7194
4816	22746
3919	15995
1775	7195
4819	22749
3920	15996
4818	22748
3921	15997
3922	15998
4820	22750
3923	15999
1776	7199
4809	22737
4808	22736
3918	15985
5280	31411
4810	22739
4812	22741
1772	7188
4811	22740
1773	7189
4813	22742
4800	22728
4801	22729
1768	7176
4802	22730
1770	7179
4803	22731
1769	7178
4804	22732
4805	22733
1771	7180
4806	22734
4807	22735
4793	22720
1766	7168
4794	22722
1767	7171
4795	22723
5277	31396
4796	22724
5278	31397
4797	22725
5279	31398
4798	22726
4799	22727
3806	15776
3807	15777
3810	15782
3808	15780
3809	15781
3812	15786
3813	15787
3811	15785
4978	23311
3816	15790
4977	23310
3817	15791
3814	15788
3815	15789
4981	23314
3820	15795
4982	23315
3819	15794
4979	23312
3818	15793
4980	23313
4984	23318
3823	15799
4985	23319
3822	15798
4983	23316
3821	15796
4987	23322
3826	15803
3825	15802
4986	23320
3824	15801
3830	15807
3829	15806
3828	15805
3827	15804
3781	15744
3782	15745
3783	15746
3784	15747
3785	15748
2041	8164
3786	15749
3787	15751
3788	15752
3789	15755
2042	8171
4989	23341
3790	15756
4988	23340
3791	15757
3792	15758
3793	15759
2043	8175
3794	15761
3796	15763
3795	15762
3797	15765
3799	15767
3798	15766
3800	15768
3802	15771
3801	15770
3804	15773
3803	15772
3805	15775
3856	15846
2039	8070
3857	15847
3854	15844
3855	15845
3852	15842
3853	15843
3850	15840
3851	15841
3864	15854
3865	15855
3862	15852
3863	15853
3860	15850
3861	15851
3858	15848
3859	15849
3871	15862
3870	15861
3869	15860
3868	15859
3867	15858
3866	15857
3878	15871
3877	15870
3876	15869
3875	15868
3874	15867
3873	15865
3872	15864
3833	15812
3834	15813
3831	15808
3832	15809
3837	15820
3838	15821
3839	15823
2040	8104
3835	15817
3836	15818
3843	15829
3842	15828
3845	15831
3844	15830
3840	15824
3841	15827
3849	15838
3847	15833
3846	15832
3848	15835
3713	15659
3712	15658
3711	15657
3710	15656
3717	15663
3716	15662
3715	15661
3714	15660
3705	15651
3704	15649
3703	15648
3709	15655
3708	15654
3707	15653
3706	15652
3727	15674
3728	15675
3725	15672
3726	15673
3731	15678
3732	15679
3729	15676
3730	15677
3720	15667
3718	15664
3719	15665
3723	15670
3724	15671
3721	15668
3722	15669
3682	15625
3681	15624
3683	15626
3684	15628
3686	15631
3685	15630
3676	15617
3675	15616
3678	15619
3677	15618
3680	15623
3679	15622
3695	15640
3696	15641
3697	15642
3698	15643
3699	15644
3700	15645
3701	15646
2038	8062
3702	15647
3687	15632
3688	15633
3689	15634
3690	15635
3691	15636
3692	15637
3693	15638
3694	15639
3766	15726
3765	15722
2031	7946
3764	15721
3763	15720
3762	15719
3761	15718
2030	7942
3760	15717
2029	7941
3759	15716
3758	15715
3757	15714
2028	7938
3756	15712
3779	15742
2035	7966
3780	15743
3777	15740
2034	7964
3778	15741
3775	15738
3776	15739
3774	15736
2033	7961
3772	15734
3773	15735
2032	7959
3770	15732
3771	15733
3768	15730
3769	15731
3767	15729
3743	15692
3744	15695
3741	15688
3742	15691
3738	15685
2037	7973
3737	15684
2036	7972
3740	15687
3739	15686
3734	15681
3733	15680
3736	15683
3735	15682
3753	15709
3754	15710
3755	15711
3750	15704
3751	15706
3752	15707
3748	15700
3749	15702
3745	15697
3746	15698
3747	15699
3606	15537
3605	15536
3608	15539
3607	15538
3610	15541
3609	15540
3612	15543
3611	15542
3614	15545
3613	15544
3616	15547
3615	15546
3618	15549
3617	15548
3620	15551
3619	15550
3596	15520
3597	15521
3598	15526
3599	15527
3600	15528
3601	15529
3602	15530
3603	15532
3604	15533
3585	15507
3584	15506
3583	15505
3582	15504
3589	15511
3588	15510
3587	15509
3586	15508
3591	15515
4964	23099
3590	15514
5248	30814
3595	15519
3594	15518
4965	23100
3593	15517
3592	15516
3569	15490
3570	15491
3567	15488
3568	15489
3573	15494
3574	15495
3571	15492
3572	15493
3577	15499
3575	15496
3576	15497
3580	15502
3581	15503
3578	15500
3579	15501
3664	15605
1999	7829
3663	15604
1998	7828
3666	15607
2001	7831
3665	15606
2000	7830
1996	7825
3660	15600
1995	7824
3662	15603
1997	7827
4968	23123
3661	15602
3672	15613
2007	7837
3671	15612
2006	7836
3674	15615
2009	7839
3673	15614
2008	7838
3668	15609
2003	7833
3667	15608
2002	7832
3670	15611
2005	7835
3669	15610
2004	7834
3649	15588
1983	7812
3650	15589
1984	7813
3651	15590
1985	7814
3652	15591
1986	7815
3645	15584
1979	7808
3646	15585
1980	7809
3647	15586
1981	7810
3648	15587
1982	7811
3656	15596
1991	7820
3657	15597
1992	7821
5247	30767
3658	15598
1993	7822
3659	15599
1994	7823
3653	15592
1987	7816
4966	23112
1988	7817
3654	15594
1989	7818
4967	23114
3655	15595
1990	7819
3637	15575
3636	15574
3635	15572
3634	15571
2027	7859
3633	15570
3632	15569
2026	7857
3631	15568
2025	7856
3644	15583
3643	15582
3642	15580
3641	15579
3640	15578
3639	15577
3638	15576
3624	15558
2015	7846
3625	15559
2016	7847
2014	7845
3623	15554
2012	7842
2013	7843
3621	15552
2010	7840
3622	15553
2011	7841
2023	7854
2024	7855
3630	15564
2021	7852
2022	7853
3628	15562
2019	7850
3629	15563
2020	7851
3626	15560
2017	7848
4969	23144
3627	15561
2018	7849
3509	15416
1944	7768
1945	7769
3510	15418
1946	7770
3511	15419
1947	7771
3512	15420
3513	15421
1948	7773
3514	15422
3515	15423
1949	7775
3502	15408
1936	7760
3503	15409
1937	7761
1938	7762
3504	15411
1939	7763
3505	15412
1940	7764
3506	15413
1941	7765
3507	15414
1942	7766
3508	15415
1943	7767
3495	15401
1929	7753
3494	15400
1928	7752
3497	15403
1931	7755
3496	15402
1930	7754
3499	15405
1933	7757
3498	15404
1932	7756
3501	15407
1935	7759
3500	15406
1934	7758
3489	15393
1922	7745
3488	15392
1921	7744
1924	7747
3490	15394
1923	7746
3492	15397
1925	7749
3491	15396
1927	7751
3493	15398
1926	7750
3482	15386
1973	7802
3483	15387
1974	7803
3480	15384
1971	7800
3481	15385
1972	7801
3486	15390
1977	7806
3487	15391
1978	7807
3484	15388
1975	7804
3485	15389
1976	7805
3476	15378
1967	7794
3477	15379
1968	7795
3474	15376
1965	7792
3475	15377
1966	7793
3479	15382
1970	7798
1969	7796
3478	15381
3469	15371
1960	7787
3468	15370
1959	7786
3467	15369
1958	7785
3466	15368
1957	7784
3473	15375
1964	7791
3472	15374
1963	7790
3471	15373
1962	7789
3470	15372
1961	7788
3461	15363
1953	7779
3460	15362
1952	7778
5260	30912
3459	15361
1951	7777
3458	15360
1950	7776
3465	15367
1956	7783
3464	15366
1955	7782
4970	23204
3463	15365
4971	23205
3462	15364
1954	7780
5257	30909
3563	15484
1885	7708
5256	30908
3564	15485
1886	7709
5259	30911
3565	15486
1887	7710
5258	30910
3566	15487
1888	7711
5253	30905
1881	7704
3560	15481
1882	7705
5255	30907
3561	15482
1883	7706
5254	30906
3562	15483
1884	7707
1877	7700
3559	15477
1878	7701
1879	7702
1880	7703
5250	30897
3555	15472
5249	30896
3556	15473
1874	7697
5252	30899
3557	15474
1875	7698
5251	30898
3558	15475
1876	7699
1871	7693
1870	7692
3554	15471
1873	7695
3553	15470
1872	7694
1867	7689
3552	15464
1866	7688
1869	7691
1868	7690
3550	15461
1863	7685
3549	15460
1862	7684
3551	15463
1865	7687
1864	7686
3546	15457
1859	7681
3545	15456
1858	7680
3548	15459
1861	7683
3547	15458
1860	7682
3543	15454
1919	7742
3544	15455
1920	7743
3541	15452
1917	7740
3542	15453
1918	7741
3539	15450
1915	7738
4976	23290
3540	15451
1916	7739
4975	23289
3537	15448
1913	7736
3538	15449
1914	7737
3535	15446
1911	7734
3536	15447
1912	7735
1909	7732
4974	23284
3534	15445
1910	7733
4973	23283
1907	7730
4972	23282
3533	15443
1908	7731
3531	15440
1905	7728
3532	15441
1906	7729
3530	15439
1904	7727
3529	15438
1903	7726
3528	15437
1902	7725
3527	15436
1901	7724
3526	15435
1900	7723
3525	15434
1899	7722
1898	7721
3524	15432
1897	7720
3523	15431
1896	7719
3522	15430
1895	7718
3521	15429
1894	7717
3520	15428
1893	7716
3519	15427
1892	7715
3518	15426
1891	7714
3517	15425
1890	7713
3516	15424
1889	7712
