193	388
194	7265
195	7269
196	7270
197	7273
198	7280
199	7293
200	7294
201	7303
202	7304
203	7313
204	7314
205	7316
206	7322
207	7329
208	7331
209	7333
210	7338
211	7343
212	7345
213	7352
214	7364
215	7372
216	7411
217	7418
218	7422
219	7426
220	7430
221	7431
222	7442
223	7444
224	7450
225	7459
226	7461
227	7465
228	7468
229	7483
230	7484
231	7486
232	7496
233	7501
234	7508
235	7513
236	7516
237	7517
238	7518
239	7525
240	7530
241	7531
242	7538
243	7539
244	7543
245	7548
246	7549
247	7551
248	7554
249	7563
250	7570
251	7571
252	7585
253	7588
254	7590
255	7592
256	7600
257	7604
258	7606
259	7612
260	7631
261	7652
262	7653
263	7654
264	7661
265	7666
266	7672
267	7674
268	7675
269	7678
270	7679
271	22647
272	22648
273	22649
274	22650
275	22651
276	22652
277	22653
278	22654
279	22655
280	22656
281	22657
282	22658
283	22526
284	22527
285	22528
286	22085
287	22086
288	22087
289	22088
290	22089
