734	16892
734	16893
734	16894
734	16895
734	16896
734	16899
734	16901
734	16911
734	16912
734	16913
734	16914
734	16915
734	16916
734	16917
734	16918
734	16919
734	16920
734	16921
734	16922
734	16923
734	16924
734	16925
734	16926
734	16927
734	16928
734	16932
734	16933
734	16934
734	16936
734	16937
734	16939
734	16940
734	16941
734	16945
734	16947
734	16950
734	16951
734	16955
734	16956
734	16957
734	16958
734	16959
734	16960
734	16965
734	16968
734	16971
734	16978
734	16981
734	16982
734	16989
734	16990
734	17000
734	17001
734	17002
734	17004
734	17005
734	17007
734	17011
734	17013
734	17015
734	17017
734	17018
734	17019
734	17027
734	17028
734	17030
734	17032
16895	16922
16895	16926
16895	16937
16895	16951
16895	32822
16896	16971
16896	17007
16896	32826
16896	32827
16896	32828
16896	32829
16896	32830
16901	16917
16911	32839
16911	32840
16911	32841
16911	32842
16911	32843
16911	32844
16911	32845
16911	32846
16911	32847
16911	32848
16911	32849
16919	16939
16922	16926
16922	16933
16922	16937
16922	16951
16922	32822
16922	32823
16922	32824
16927	32850
16933	32823
16933	32824
16937	32822
16956	16989
16959	16960
16971	32826
16971	32827
17018	32863
17018	32864
17018	32865
17027	17028
17027	32860
17028	32860
32823	32824
32826	32827
32828	32829
32828	32830
32829	32830
32839	32840
32841	32842
32841	32843
32842	32843
32844	32845
32844	32846
32845	32846
32847	32848
32847	32849
32848	32849
32863	32864
32863	32865
32864	32865
