1378	23761
1379	23763
1380	23764
1381	23806
1382	23822
1383	23860
1384	23903
1385	26780
1386	26781
1387	26782
1388	26783
1389	33819
1390	33824
1391	33832
1392	35549
1393	35550
1394	23820
1395	23904
1396	35525
1397	35535
1398	35536
1399	35537
1400	35538
1401	35539
1402	33834
1403	35515
1404	35522
1405	35523
1406	35524
1407	35526
1408	35617
1409	35618
1410	35619
1411	35628
1412	35509
1413	35510
1414	35511
1415	35512
1416	35513
1417	35514
1418	35530
1419	35531
1420	35540
1421	35541
1422	35516
1423	35517
1424	35518
1425	35519
1426	35520
1427	35521
1428	35543
1429	35544
1430	35532
1431	35533
1432	35534
1433	35542
1434	35620
1435	35621
1436	35622
1437	35666
1438	35667
