23761	23763
23761	23764
23763	23764
23763	23806
23763	23822
23763	23860
23763	23903
23763	26780
23763	26781
23763	26782
23763	26783
23763	33819
23763	33824
23763	33832
23763	35549
23763	35550
23764	23806
23764	23820
23764	23822
23764	23860
23764	26780
23764	33819
23764	33824
23764	33832
23806	23820
23903	23904
23903	26783
23903	35549
23903	35550
26780	26781
26780	26782
26780	33824
26780	33832
26781	26782
26781	35525
26781	35535
26781	35536
26781	35537
26781	35538
26781	35539
26783	33834
26783	35549
26783	35550
33824	33832
33832	35515
33832	35522
33832	35523
33832	35524
33832	35525
33832	35526
33834	35617
33834	35618
33834	35619
33834	35628
35509	35510
35509	35511
35510	35511
35510	35512
35510	35513
35510	35514
35510	35515
35511	35512
35511	35513
35511	35514
35511	35515
35512	35513
35512	35530
35512	35531
35512	35540
35512	35541
35513	35514
35513	35515
35514	35515
35515	35522
35515	35524
35515	35525
35515	35526
35516	35517
35516	35518
35516	35519
35516	35520
35516	35521
35516	35522
35517	35518
35517	35519
35517	35520
35517	35521
35518	35521
35518	35522
35519	35520
35519	35521
35519	35522
35519	35526
35519	35543
35519	35544
35520	35521
35521	35522
35521	35526
35521	35532
35521	35533
35521	35534
35521	35543
35521	35544
35522	35523
35522	35524
35522	35525
35522	35526
35522	35543
35522	35544
35523	35524
35523	35525
35523	35526
35524	35525
35524	35526
35525	35526
35525	35535
35525	35536
35525	35537
35525	35538
35525	35539
35526	35543
35526	35544
35530	35531
35532	35533
35532	35534
35533	35534
35535	35536
35535	35537
35535	35538
35535	35539
35535	35540
35535	35542
35536	35537
35536	35538
35536	35539
35537	35538
35537	35539
35538	35539
35540	35541
35540	35542
35543	35544
35549	35550
35617	35618
35617	35619
35617	35620
35617	35621
35617	35622
35618	35619
35620	35621
35620	35622
35621	35622
35628	35666
35628	35667
