0	2628
1	3253
2	3254
3	3285
4	3339
5	3537
6	3656
7	3659
8	3661
9	3734
10	3735
11	3736
12	3737
13	3738
14	3739
15	3744
16	3745
17	3788
18	3806
19	3869
20	4052
21	25904
22	25905
23	25906
24	25907
25	25909
26	25910
27	25911
28	25912
29	25913
30	25914
31	25915
32	25916
33	25917
34	25918
35	25919
36	25920
37	25921
38	25922
39	25923
40	25925
41	25926
42	25927
43	25929
44	25930
45	25931
46	25935
47	25936
48	25941
49	25943
50	25945
51	25946
52	25949
53	25950
54	25951
55	25952
56	25953
57	25954
58	25956
59	25958
60	25962
61	25963
62	25964
63	25965
64	25966
65	25968
66	25973
67	25974
68	25975
69	25977
70	25979
71	25982
72	25983
73	25984
74	25986
75	25987
76	25988
77	25989
78	25990
79	25991
80	25992
81	25996
82	25997
83	26000
84	26001
85	26003
86	4004
87	3447
88	3474
89	3497
90	26240
91	26520
92	26402
93	26403
94	3756
95	26928
96	26920
97	26921
98	26922
