1028	18195
1028	18199
1028	18200
1028	18201
1028	18203
1028	18204
1028	18213
1028	18222
1028	18225
1028	18226
1028	18227
1028	18228
1028	18229
1028	18230
1028	18231
1028	18236
1028	18239
1028	18240
1028	18241
1028	18242
1028	18243
1028	18244
1028	18246
1028	18249
1028	18250
1028	18252
1028	18253
1028	18255
1028	18256
1028	18260
1028	18261
1028	18266
1028	18267
1028	18268
1028	18270
1028	18271
1028	18281
1028	18282
1028	18283
1028	18284
1028	18285
1028	18286
1028	18287
1028	18289
1028	18292
1028	18293
1028	18294
1028	18297
1028	18298
1028	18301
1028	18303
1028	18306
1028	18309
1028	18310
1028	18313
1028	18314
1028	18318
1028	18322
1028	18329
1028	18332
1028	18333
1028	18335
1028	18342
1028	18345
1028	18346
1028	18350
1028	18351
1028	18356
1028	18358
1028	18360
1028	18362
1028	18366
1028	18368
1028	18369
1028	18370
1028	18371
1028	18373
1028	18375
1028	18376
1028	18379
1028	18384
1028	18393
1028	18395
1028	18396
1028	18397
1028	18398
1028	18404
1028	18405
1028	18412
1028	18413
1028	18415
1028	18416
1028	18419
1028	18420
1028	18421
1028	18422
1028	18424
1028	18425
1028	18426
1028	18427
1028	18428
1028	18430
1028	18432
1028	18437
1028	18438
1028	18439
1028	18442
1028	18443
1028	18444
1028	18446
1028	18448
1028	18449
1028	18450
1028	18452
1028	18460
1028	18462
1028	18467
1028	18468
1028	18470
1028	18475
1028	18476
1028	18480
1028	18481
1028	18483
1028	18486
1028	18487
1028	18488
1028	18492
1028	18496
1028	18499
1028	18500
1028	18501
1028	18506
1028	18509
1028	18511
1028	18512
18200	18487
18200	18488
18203	18422
18203	18424
18203	18425
18203	18426
18203	18446
18203	18467
18203	18468
18227	18228
18242	18286
18242	18287
18281	18282
18281	18283
18281	18284
18282	18283
18282	18284
18283	18284
18286	18287
18297	18298
18297	18398
18297	18450
18297	29404
18297	29405
18298	18398
18301	29412
18301	29413
18301	29414
18301	29415
18306	18375
18306	18376
18369	18415
18375	18376
18395	18396
18395	18397
18395	18398
18396	18397
18396	18398
18396	29390
18396	29391
18396	29392
18397	18398
18397	29393
18397	29394
18404	18405
18422	18426
18424	18425
18424	18446
18450	29404
18450	29405
18467	18468
18487	18488
29390	29391
29390	29392
29391	29392
29393	29394
29404	29405
29412	29413
29412	29414
29412	29415
29413	29414
29413	29415
29414	29415
