25165	25711
25165	25712
25165	30249
25165	30250
25165	30251
25165	30252
25165	30253
25165	30254
25165	30255
25165	30256
25165	30257
25165	30258
25165	30259
25165	30260
25165	30261
25165	30262
25165	30263
25165	30264
25165	30265
25165	30266
25165	30267
25165	30268
25165	30269
25165	30270
25165	30271
25711	25712
25711	30269
25712	30252
25712	30268
25712	30269
30249	30250
30249	30251
30250	30251
30251	30252
30251	30253
30251	30254
30251	30255
30251	30256
30251	30265
30251	30266
30252	30253
30252	30254
30252	30255
30252	30263
30252	30268
30253	30254
30253	30255
30254	30255
30254	30256
30254	30263
30254	30268
30257	30258
30257	30259
30258	30259
30260	30261
30260	30262
30260	30267
30261	30262
30262	30267
30263	30264
30265	30266
30265	30270
30265	30271
30270	30271
