2505	4199
2505	4300
2505	17095
2505	17096
2505	17097
2505	17098
2505	17099
2505	17100
2505	17101
2505	17105
2505	17112
2505	17114
2505	17116
2505	17120
2505	17122
2505	17124
2505	17125
2505	17128
2505	17129
2505	17131
2505	17132
2505	17133
2505	17134
2505	17135
2505	17136
2505	17137
2505	17139
2505	17142
2505	17143
2505	17144
2505	17150
2505	17151
2505	17152
2505	17153
2505	17154
2505	17159
2505	17161
2505	17164
2505	17165
2505	17167
2505	17168
2505	17169
2505	17174
2505	17176
2505	17177
2505	17178
4300	17096
4300	17097
4300	17098
4300	17099
17096	17097
17096	17098
17096	17099
17097	17098
17097	17099
17098	17099
17132	17133
17168	17169
