67	611
68	3818
69	5984
70	14870
71	14871
72	14873
73	14876
74	14877
75	14881
76	14882
77	14889
78	14890
79	14895
80	14896
81	14897
82	14898
83	14904
84	14908
85	14909
86	14910
87	14914
88	14915
89	14916
90	14918
91	14920
92	14922
93	14927
94	14929
95	14930
96	14933
97	14936
98	14937
99	14938
100	14942
101	14943
102	14945
103	14946
104	14947
105	14951
106	14952
107	14953
108	14954
109	14959
110	14961
111	14963
112	14964
113	14965
114	14968
115	14977
116	14980
117	14987
118	14991
119	14992
120	14993
121	14994
122	14995
123	14996
124	14998
125	15004
126	15005
127	15006
128	15012
129	15013
130	15015
131	15017
132	15018
133	15023
134	15024
135	15026
136	15027
137	15028
138	15029
139	15030
140	15031
141	15035
142	15036
143	15038
144	15040
145	15046
146	15048
147	15049
148	15050
149	15051
150	15052
151	15057
152	15058
153	15068
154	15070
155	15071
156	15072
157	15073
158	15077
159	15080
160	15082
161	15084
162	15086
163	15091
164	15094
165	15095
166	15100
167	15101
168	15104
169	15105
170	15109
171	15111
172	15113
173	15114
174	15115
175	15116
176	15123
177	15125
178	15126
179	15127
180	15128
181	15130
182	32745
183	32746
184	32798
185	32799
186	32800
187	32801
188	32784
189	32785
190	32786
191	32794
192	32795
193	31386
194	31387
