611	3818
611	5984
611	14870
611	14871
611	14873
611	14876
611	14877
611	14881
611	14882
611	14889
611	14890
611	14895
611	14896
611	14897
611	14898
611	14904
611	14908
611	14909
611	14910
611	14914
611	14915
611	14916
611	14918
611	14920
611	14922
611	14927
611	14929
611	14930
611	14933
611	14936
611	14937
611	14938
611	14942
611	14943
611	14945
611	14946
611	14947
611	14951
611	14952
611	14953
611	14954
611	14959
611	14961
611	14963
611	14964
611	14965
611	14968
611	14977
611	14980
611	14987
611	14991
611	14992
611	14993
611	14994
611	14995
611	14996
611	14998
611	15004
611	15005
611	15006
611	15012
611	15013
611	15015
611	15017
611	15018
611	15023
611	15024
611	15026
611	15027
611	15028
611	15029
611	15030
611	15031
611	15035
611	15036
611	15038
611	15040
611	15046
611	15048
611	15049
611	15050
611	15051
611	15052
611	15057
611	15058
611	15068
611	15070
611	15071
611	15072
611	15073
611	15077
611	15080
611	15082
611	15084
611	15086
611	15091
611	15094
611	15095
611	15100
611	15101
611	15104
611	15105
611	15109
611	15111
611	15113
611	15114
611	15115
611	15116
611	15123
611	15125
611	15126
611	15127
611	15128
611	15130
14871	14876
14871	15052
14877	14992
14877	14993
14877	14994
14877	14995
14877	15057
14877	32745
14877	32746
14881	15004
14881	15105
14881	32798
14881	32799
14881	32800
14881	32801
14882	14946
14882	14947
14890	32784
14890	32785
14890	32786
14915	14994
14915	15057
14915	15058
14915	15080
14915	32746
14915	32794
14915	32795
14938	14951
14938	14952
14946	14947
14951	14952
14961	15101
14963	14964
14964	15095
14992	14993
14992	14994
14992	14995
14993	14994
14993	14995
14994	14995
14994	15057
14994	15080
15004	15029
15004	15030
15004	32798
15004	32799
15004	32800
15004	32801
15015	31386
15015	31387
15023	15024
15029	15030
15057	15058
15057	15080
15057	32745
15057	32746
15057	32794
15057	32795
15070	15071
15070	15072
15071	15072
15115	15116
31386	31387
32745	32746
32746	32794
32746	32795
32784	32785
32784	32786
32785	32786
32794	32795
32798	32799
32798	32800
32798	32801
32799	32800
32799	32801
32800	32801
