67	4803
68	20174
69	20175
70	20192
71	20193
72	20198
73	20199
74	20200
75	20206
76	20211
77	20217
78	20223
79	20226
80	20227
81	20228
82	20234
83	20235
84	20236
85	20237
86	20238
87	20245
88	20246
89	20247
90	20248
91	20249
92	20259
93	20261
94	20269
95	20273
96	20277
97	20278
98	20279
99	20282
100	20284
101	20285
102	20290
103	20291
104	20294
105	20296
106	20300
107	20302
108	20305
109	20312
110	20313
111	20315
112	20320
113	20323
114	20324
115	20328
116	20329
117	20332
118	20333
119	20334
120	20338
121	20340
122	20347
123	20348
124	20354
125	20355
126	20356
127	24883
128	24884
129	24885
130	24886
131	24741
132	24742
133	24743
134	24744
135	24745
136	24746
137	24787
138	24798
139	24799
140	24800
141	24801
142	24802
143	24803
144	25166
145	25167
146	25168
147	24878
148	24879
149	24880
150	24881
151	24804
152	24805
153	24806
154	24807
155	24808
156	24809
157	24810
158	24811
159	24812
160	24813
161	24814
162	24815
163	24816
164	24817
165	24818
166	24889
167	24890
168	24887
169	24888
170	25169
171	25170
