4803	20174
4803	20175
4803	20192
4803	20193
4803	20198
4803	20199
4803	20200
4803	20206
4803	20211
4803	20217
4803	20223
4803	20226
4803	20227
4803	20228
4803	20234
4803	20235
4803	20236
4803	20237
4803	20238
4803	20245
4803	20246
4803	20247
4803	20248
4803	20249
4803	20259
4803	20261
4803	20269
4803	20273
4803	20277
4803	20278
4803	20279
4803	20282
4803	20284
4803	20285
4803	20290
4803	20291
4803	20294
4803	20296
4803	20300
4803	20302
4803	20305
4803	20312
4803	20313
4803	20315
4803	20320
4803	20323
4803	20324
4803	20328
4803	20329
4803	20332
4803	20333
4803	20334
4803	20338
4803	20340
4803	20347
4803	20348
4803	20354
4803	20355
4803	20356
20192	24883
20192	24884
20192	24885
20192	24886
20227	20228
20227	20285
20236	20237
20236	20238
20237	20238
20245	24741
20245	24742
20245	24743
20245	24744
20245	24745
20245	24746
20246	20247
20246	20248
20246	20348
20246	24787
20247	20248
20248	20348
20248	24787
20282	24798
20282	24799
20282	24800
20282	24801
20282	24802
20282	24803
20312	20313
20315	25166
20315	25167
20315	25168
20347	24878
20347	24879
20347	24880
20347	24881
20348	24787
20355	20356
24741	24742
24744	24745
24744	24746
24745	24746
24798	24799
24798	24800
24798	24801
24798	24802
24798	24803
24799	24800
24799	24801
24799	24802
24799	24803
24800	24801
24800	24802
24800	24803
24801	24802
24801	24803
24801	24804
24801	24805
24801	24806
24801	24807
24801	24808
24801	24809
24801	24810
24801	24811
24801	24812
24801	24813
24801	24814
24801	24815
24801	24816
24801	24817
24801	24818
24804	24805
24804	24806
24804	24807
24804	24808
24804	24809
24805	24806
24805	24807
24805	24808
24805	24811
24805	24812
24805	24816
24805	24818
24805	24889
24805	24890
24806	24807
24806	24808
24806	24809
24806	24810
24806	24817
24806	24818
24807	24808
24807	24809
24807	24810
24807	24817
24807	24818
24807	24887
24807	24888
24808	24809
24808	24810
24808	24887
24808	24888
24809	24810
24809	24817
24809	24818
24811	24812
24811	24813
24811	24814
24811	24815
24811	24816
24811	24818
24811	24889
24811	24890
24811	25169
24811	25170
24812	24813
24812	24814
24812	24815
24812	24816
24812	24818
24812	24889
24812	24890
24812	25169
24812	25170
24813	24814
24813	24815
24813	24816
24814	24815
24814	24816
24814	24889
24814	25169
24814	25170
24815	24816
24816	24818
24816	24889
24816	24890
24816	25169
24816	25170
24817	24818
24818	24889
24818	24890
24878	24879
24878	24880
24878	24881
24879	24880
24879	24881
24880	24881
24883	24884
24883	24885
24883	24886
24884	24885
24884	24886
24885	24886
24887	24888
24889	24890
24889	25169
24889	25170
25166	25167
25166	25168
25167	25168
25169	25170
