972	4442
972	8707
972	8709
972	8713
972	8718
972	8725
972	8728
972	8729
972	8732
972	8736
972	8737
972	8738
972	8740
972	8745
972	8748
972	8750
972	8751
972	8752
972	8762
972	8765
972	8766
972	8772
972	8775
972	8776
972	8777
972	8778
972	8779
972	8781
972	8782
972	8783
972	8787
972	8788
972	8795
972	8799
972	8800
972	8803
972	8804
972	8805
972	8806
972	8809
972	8814
972	8820
972	8823
972	8830
972	8834
972	8841
972	8845
972	8846
972	8853
972	8857
972	8858
972	8859
8713	8799
8728	8729
8737	8738
8745	8823
8775	8776
8775	8777
8776	8777
8777	8787
8778	8799
8781	8782
8781	8783
8782	8783
8845	8846
8853	34359
8857	8858
8857	8859
8858	8859
