0	126
1	2801
2	2802
3	2804
4	2810
5	2833
6	2835
7	2836
8	2841
9	2849
10	2850
11	2851
12	2852
13	2855
14	2856
15	2857
16	2858
17	2861
18	2862
19	2863
20	2864
21	2865
22	2866
23	2867
24	2872
25	2873
26	2874
27	2875
28	2876
29	2877
30	2878
31	2879
32	2880
33	2881
34	2882
35	2883
36	2884
37	2885
38	2887
39	2888
40	2889
41	2890
42	2891
43	2892
44	2893
45	2894
46	2895
47	2896
48	2897
49	2898
50	2901
51	2902
52	2903
53	2904
54	2905
55	2906
56	2908
57	2909
58	2910
59	2911
60	2912
61	2913
62	2914
63	2915
64	2916
65	2917
66	2918
67	2919
68	2920
69	2921
70	2922
71	2923
72	2924
73	2925
74	2926
75	2927
76	2928
77	2929
78	2930
