11403	12287
11403	22880
11403	30794
11403	30795
11403	38143
19861	29718
19861	29766
19861	30080
19861	30362
19861	30363
23828	27016
23828	30794
23828	30795
27016	29790
27016	29907
27016	30794
27016	30795
29718	30079
29718	30080
29718	30081
29766	29790
29766	29891
29766	29896
29766	30362
29766	30363
29766	30645
29790	29891
29790	29896
29790	30087
29790	30088
29790	30645
29896	30082
29896	30083
29896	30645
29907	29922
29907	29923
29907	29924
29922	29923
29922	29924
29923	29924
30079	30080
30079	30081
30080	30081
30082	30083
30362	30363
30794	30795
30794	38143
30795	38143
