4189	12166
4190	23070
4191	39898
4192	39899
4193	30894
4194	39901
4195	39903
4196	39904
4197	39905
4198	39906
4199	39907
4200	39908
4201	39909
4202	39910
4203	39911
4204	39912
4205	39913
4206	39914
4207	39915
4208	39916
4209	39917
4210	39918
4211	39919
4212	39920
4213	39921
4214	39922
4215	39923
4216	39924
4217	39925
4218	39926
4219	39927
4220	39928
4221	39929
4222	39930
4223	39931
4224	39932
4225	39933
4226	39934
4227	39935
4228	39936
4229	39937
4230	39938
4231	39939
4232	39940
4233	39941
4234	39900
4235	39902
