12166	23070
12166	39898
12166	39899
23070	30894
23070	39898
23070	39899
23070	39901
23070	39903
23070	39904
23070	39905
23070	39906
23070	39907
23070	39908
23070	39909
23070	39910
23070	39911
23070	39912
23070	39913
23070	39914
23070	39915
23070	39916
23070	39917
23070	39918
23070	39919
23070	39920
23070	39921
23070	39922
23070	39923
23070	39924
23070	39925
23070	39926
23070	39927
23070	39928
23070	39929
23070	39930
23070	39931
23070	39932
23070	39933
23070	39934
23070	39935
23070	39936
23070	39937
23070	39938
39898	39899
39899	39939
39899	39940
39899	39941
39900	39901
39900	39902
39901	39902
39939	39940
39939	39941
39940	39941
