226	253
226	376
226	367
226	240
226	339
226	288
226	522
226	385
226	400
226	347
226	407
226	459
226	521
226	543
226	275
226	386
226	241
226	361
226	369
226	227
226	406
226	316
226	337
226	542
226	358
226	391
226	324
226	404
226	402
226	506
226	453
226	417
226	290
226	431
226	460
226	509
226	504
226	532
226	315
226	322
226	371
226	263
226	461
226	338
226	248
226	451
226	336
226	479
226	533
226	242
226	274
226	544
226	545
226	390
226	268
253	367
253	338
253	275
253	542
253	543
253	371
253	316
253	358
253	391
253	263
253	544
253	406
253	545
253	390
253	268
253	297
253	546
253	259
253	547
253	339
253	305
253	274
253	375
253	345
253	368
253	451
253	337
253	564
253	491
253	569
253	379
253	453
253	290
253	460
253	254
253	255
253	256
253	257
253	258
226	259
226	237
226	345
226	245
226	564
226	409
367	542
367	543
367	371
367	391
367	544
367	545
367	390
367	386
367	550
367	375
367	378
367	368
367	558
367	562
367	376
367	380
367	453
367	571
240	253
240	367
240	338
240	542
240	543
240	248
240	371
240	358
240	391
240	544
240	242
240	547
240	244
240	241
240	252
240	274
240	454
240	375
240	378
240	553
240	554
240	555
240	368
240	364
240	246
240	493
240	558
240	245
240	380
240	461
240	361
240	379
240	290
240	528
240	460
240	495
240	459
240	335
240	389
227	253
227	240
227	275
227	542
227	316
227	358
227	263
227	545
227	268
227	386
227	242
227	297
227	546
227	259
227	228
227	237
227	471
227	273
227	547
227	278
227	548
227	283
227	229
227	549
227	464
227	550
227	244
227	339
227	230
227	231
227	332
227	241
227	252
227	232
227	233
227	516
227	551
227	305
227	349
227	274
227	346
227	454
227	301
227	234
227	235
227	287
227	360
227	375
227	239
227	323
226	547
226	278
226	283
226	549
226	305
226	495
338	542
338	543
338	371
338	358
338	551
338	368
338	451
338	380
338	564
338	453
338	572
226	551
226	556
226	558
226	563
275	367
275	542
275	316
275	391
275	406
275	390
275	339
275	431
542	543
542	552
542	563
542	564
226	494
226	368
226	572
226	297
226	252
226	364
226	379
543	544
543	545
543	552
543	554
543	555
543	560
543	562
543	563
543	570
248	253
248	338
248	275
248	542
248	543
248	371
248	316
248	391
248	544
248	268
248	546
248	547
248	252
248	274
248	346
248	375
248	378
248	553
248	554
248	559
248	466
248	376
248	461
248	564
248	324
248	361
248	290
248	460
248	495
248	318
248	335
371	542
371	543
371	546
371	547
371	461
371	460
371	495
371	372
226	546
226	360
316	367
316	542
316	371
316	390
316	461
316	399
316	317
316	318
358	543
358	371
358	391
358	546
358	547
358	549
358	378
358	553
358	554
358	494
358	376
358	380
358	461
358	528
358	572
358	359
226	550
391	543
391	544
391	406
391	546
391	548
391	553
391	554
391	559
391	560
391	466
391	568
391	569
391	571
391	528
391	495
391	459
391	392
391	393
391	394
391	395
226	471
226	273
226	516
226	346
226	323
226	378
226	555
226	304
226	246
226	557
226	284
226	560
226	562
226	292
226	296
226	474
226	528
226	353
263	367
263	338
263	275
263	542
263	371
263	316
263	391
263	406
263	390
263	297
263	349
263	274
263	376
263	568
263	569
263	290
263	495
263	264
263	265
226	553
226	329
226	568
544	545
544	547
544	553
544	554
544	559
544	560
544	562
544	564
544	568
544	569
544	571
226	352
226	342
226	380
226	548
226	552
226	397
226	559
226	561
226	498
226	566
226	529
406	542
406	544
406	546
406	547
406	568
406	495
406	439
226	375
226	487
226	370
226	571
226	491
226	330
226	244
545	549
545	550
545	551
545	552
545	555
545	556
545	562
545	567
390	542
390	543
390	550
390	551
390	556
390	557
390	568
226	333
226	321
226	454
226	464
226	401
226	485
226	287
226	349
226	493
226	569
226	239
268	542
268	371
268	358
268	391
268	546
268	548
268	549
268	274
268	454
268	555
268	364
268	451
268	564
268	361
268	379
226	554
226	466
226	301
226	513
226	326
226	332
226	320
226	526
226	463
386	542
386	544
386	464
386	451
386	560
386	562
386	564
386	409
386	453
386	387
386	388
242	367
242	542
242	543
242	371
242	544
242	545
242	268
242	386
242	546
242	547
242	549
242	349
242	274
242	346
242	287
242	375
242	552
242	463
242	378
242	553
242	554
242	368
242	364
242	353
242	246
242	326
242	451
242	494
242	245
242	342
242	333
242	330
242	564
242	292
242	453
242	322
242	243
242	434
226	236
226	565
297	367
297	542
297	391
297	471
297	549
297	516
297	360
297	304
297	556
297	352
297	320
297	487
297	370
297	402
297	506
297	509
297	474
297	298
297	299
297	300
546	548
546	552
546	553
546	554
546	559
546	561
546	568
546	569
226	570
259	367
259	338
259	358
259	263
259	471
259	273
259	283
259	274
259	553
259	557
259	260
259	261
259	296
259	262
226	399
228	367
237	253
237	367
237	338
237	542
237	545
237	386
237	242
237	471
237	278
237	549
237	241
237	252
237	551
237	349
237	346
237	301
237	239
237	552
237	378
237	345
237	555
237	304
237	513
237	368
237	364
237	397
237	326
237	557
237	493
237	451
237	245
237	560
237	342
237	562
237	492
237	564
237	491
237	506
237	409
237	453
237	322
237	249
237	571
237	251
237	407
237	572
237	416
471	550
471	516
471	551
471	555
471	513
471	557
471	559
471	560
471	487
471	564
471	506
471	474
471	532
471	572
471	472
471	473
226	492
273	367
273	316
273	297
273	471
273	278
273	283
273	550
273	339
273	332
273	516
273	551
273	305
273	349
273	287
273	304
273	513
273	556
273	352
273	557
273	320
273	284
273	401
273	288
273	526
226	408
226	567
226	489
547	548
547	556
547	559
547	561
547	564
547	568
547	569
278	367
278	543
278	390
278	297
278	471
278	547
278	283
278	549
278	550
278	551
278	349
278	555
278	304
278	513
278	557
278	493
278	559
278	560
278	498
278	562
278	492
278	564
278	565
278	399
278	506
278	322
278	296
278	532
278	407
278	279
548	553
548	554
548	558
548	559
548	560
548	561
548	568
548	569
283	543
283	545
283	390
283	297
283	471
283	547
283	550
283	332
283	551
283	349
283	287
283	304
283	513
283	556
283	352
283	557
283	320
283	284
283	487
283	401
283	402
283	288
283	506
283	296
283	474
283	479
283	532
283	572
283	533
283	298
229	367
549	551
549	552
549	555
549	558
549	566
549	567
549	570
464	543
464	549
464	494
464	560
464	466
464	487
464	492
464	565
464	491
464	566
464	567
464	489
464	485
464	570
464	490
226	377
550	551
550	555
550	556
550	557
550	562
550	572
244	386
244	547
244	346
244	360
244	323
244	463
244	378
244	345
244	554
244	555
244	513
244	368
244	364
244	351
244	246
244	352
244	326
244	558
244	559
244	560
244	342
244	333
244	561
244	330
244	380
244	492
244	564
244	408
244	329
244	566
244	292
244	453
244	315
244	299
339	367
339	391
339	390
339	549
339	498
339	461
339	399
339	379
339	460
339	572
339	340
231	367
332	471
332	549
332	550
332	551
332	552
332	463
332	513
332	368
332	364
332	353
332	351
332	352
332	397
332	557
332	558
332	350
332	354
332	355
332	437
332	512
241	367
241	338
241	543
241	358
241	544
241	545
241	268
241	386
241	242
241	546
241	547
241	252
241	349
241	346
241	301
241	552
241	378
241	345
241	555
241	513
241	368
241	353
241	246
241	558
241	494
241	245
241	333
241	562
252	253
252	367
252	371
252	358
252	391
252	263
252	544
252	268
252	386
252	297
252	546
252	274
252	454
252	378
252	553
252	554
252	364
252	451
252	333
252	487
252	376
252	461
252	564
252	324
252	568
252	570
252	571
252	336
252	417
252	290
232	268
232	326
233	253
516	545
516	549
516	550
516	555
516	556
516	562
516	565
226	351
551	555
551	556
551	557
551	558
551	562
551	564
305	316
305	471
305	549
305	464
305	360
305	487
305	337
305	563
305	370
305	485
305	402
305	533
305	306
305	307
305	308
305	309
305	310
305	311
305	312
305	313
305	314
349	386
349	549
349	378
349	555
349	557
349	493
349	451
349	563
349	564
349	565
349	491
349	399
349	506
349	460
274	367
274	338
274	275
274	316
274	358
274	391
274	386
274	547
274	464
274	454
274	360
274	451
274	562
274	376
274	492
274	564
274	324
274	408
274	370
274	361
274	329
274	566
274	567
274	489
274	379
274	570
274	506
274	322
274	571
274	528
274	495
274	385
274	474
274	400
274	347
274	479
226	524
346	542
346	544
346	545
346	548
346	375
346	552
346	463
346	378
346	554
346	555
346	368
346	364
346	353
346	493
346	558
346	559
346	560
346	561
346	466
346	498
346	562
346	380
346	564
346	401
346	489
346	569
346	409
346	572
454	543
454	549
454	464
454	558
454	559
454	494
454	466
454	487
454	498
454	563
454	461
454	492
454	565
454	566
454	567
454	489
454	569
454	485
454	570
454	460
454	455
454	456
454	457
454	458
301	391
301	386
301	548
301	549
301	454
301	375
301	463
301	553
301	554
301	368
301	364
301	353
301	326
301	558
301	333
301	466
301	377
301	566
301	567
301	489
301	568
301	485
301	409
234	367
235	367
287	297
287	471
287	549
287	550
287	516
287	552
287	378
287	304
287	397
287	326
287	320
287	401
287	404
287	288
287	472
287	473
360	544
360	386
360	547
360	548
360	549
360	375
360	553
360	513
360	558
360	559
360	487
360	380
360	492
360	408
360	370
360	566
360	567
360	399
360	570
360	362
360	365
360	366
360	435
360	444
360	445
360	446
360	447
360	448
360	449
360	450
375	544
375	545
375	464
375	550
375	516
375	454
375	552
375	378
375	553
375	554
375	555
375	556
375	559
375	494
375	560
375	466
375	487
375	376
375	380
375	461
375	408
375	401
375	567
375	399
375	569
375	485
375	570
375	453
375	571
375	460
239	367
239	242
239	548
239	244
239	332
239	241
239	551
239	346
239	360
239	375
239	552
239	463
239	378
239	345
239	553
239	554
239	555
239	513
239	368
239	364
239	353
239	351
239	352
239	397
239	326
239	558
239	494
239	560
239	333
239	498
239	330
239	377
239	563
239	399
239	292
239	522
239	315
323	543
323	549
323	464
323	516
323	454
323	360
323	375
323	513
323	326
323	494
323	487
323	498
323	330
323	337
323	380
323	461
323	492
323	408
323	329
323	401
323	491
323	566
323	567
323	399
323	485
323	460
323	325
552	555
463	548
463	549
463	516
463	552
463	554
463	513
463	558
463	561
378	542
378	543
378	386
378	546
378	549
378	552
378	463
378	553
378	554
378	559
378	494
378	380
378	492
378	566
378	453
378	381
236	242
236	471
236	278
236	283
236	244
236	241
236	516
236	349
236	346
236	301
236	375
236	239
236	552
236	463
236	378
236	345
236	555
236	368
236	364
236	353
236	352
236	326
236	320
236	558
236	494
236	342
236	333
236	561
236	330
236	380
236	460
345	542
345	543
345	548
345	349
345	346
345	454
345	552
345	378
345	555
345	368
345	364
345	397
345	493
345	559
345	561
345	498
345	376
345	563
345	399
345	568
345	404
345	569
345	431
345	460
345	526
345	381
553	554
553	555
553	558
553	559
553	560
553	568
553	569
553	571
554	558
554	559
554	560
554	561
554	562
554	563
554	566
554	570
554	571
555	556
555	559
555	561
555	562
555	563
304	545
304	471
304	549
304	464
304	550
304	516
304	551
304	397
304	326
304	557
304	494
304	487
304	562
304	492
304	370
304	329
304	567
304	399
304	404
304	485
304	402
304	506
304	453
304	474
304	479
304	532
304	572
304	533
513	550
513	551
513	557
513	558
513	514
368	552
368	463
368	378
368	555
368	513
368	397
368	494
368	562
368	380
368	564
368	522
368	396
364	367
364	542
364	545
364	386
364	375
364	552
364	463
364	378
364	553
364	555
364	368
364	558
364	494
364	380
364	453
364	389
556	557
556	559
556	562
556	564
353	552
353	463
353	555
353	513
353	368
353	364
353	397
353	558
353	498
351	552
351	463
351	378
351	513
351	368
351	364
351	353
351	352
351	558
351	356
351	357
351	514
246	367
246	545
246	297
246	273
246	283
246	464
246	339
246	349
246	346
246	360
246	375
246	552
246	378
246	304
246	368
246	364
246	284
246	451
246	559
246	494
246	487
246	562
246	330
246	376
246	380
246	564
246	370
246	329
246	491
246	506
246	453
246	460
246	296
246	474
246	479
246	532
246	572
246	373
352	471
352	550
352	551
352	463
352	555
352	513
352	368
352	364
352	353
352	557
352	558
352	401
397	471
397	516
397	552
397	555
397	557
397	451
397	494
397	498
397	562
397	563
397	565
397	408
397	401
397	491
397	399
397	404
397	453
397	403
397	517
397	518
326	542
326	549
326	346
326	552
326	378
326	364
326	397
326	557
326	493
326	494
326	498
326	330
326	380
326	565
326	408
326	329
326	401
326	491
326	566
326	399
326	485
326	460
326	357
326	434
326	486
557	562
557	564
320	471
320	550
320	339
320	332
320	516
320	551
320	552
320	378
320	513
320	364
320	556
320	352
320	397
320	326
320	557
320	558
284	471
284	550
284	332
284	516
284	551
284	287
284	552
284	513
284	351
284	352
284	326
284	557
284	320
284	401
284	288
284	291
284	293
284	294
493	543
493	549
493	555
493	494
493	498
493	562
493	563
493	564
493	569
451	542
451	543
451	551
451	555
451	556
451	562
451	492
451	564
451	567
451	506
451	453
451	571
451	509
451	529
451	452
558	566
559	560
559	561
559	564
559	567
559	568
559	569
559	571
559	572
494	549
494	516
494	498
494	566
494	567
245	253
245	367
245	338
245	358
245	544
245	259
245	549
245	252
245	274
245	301
245	375
245	378
245	553
245	494
245	560
245	562
245	380
245	564
245	329
245	567
245	506
245	453
245	322
245	571
245	260
245	261
245	262
245	533
560	561
560	562
560	568
560	569
560	571
560	572
342	544
342	546
342	547
342	548
342	549
342	346
342	552
342	463
342	378
342	553
342	554
342	513
342	364
342	353
342	559
342	560
342	561
342	466
342	376
342	380
342	563
342	489
342	568
342	528
342	572
342	343
342	344
333	544
333	386
333	548
333	549
333	516
333	346
333	454
333	360
333	375
333	463
333	378
333	553
333	554
333	513
333	558
333	342
333	561
333	466
333	377
333	485
333	409
333	344
226	488
561	568
466	546
466	548
466	549
466	552
466	553
466	554
466	555
466	559
466	560
466	561
466	566
466	489
466	568
466	485
466	570
466	467
466	468
487	549
487	516
487	554
487	557
487	493
487	494
487	562
487	492
487	566
487	567
487	570
487	571
487	572
498	561
498	565
498	568
498	572
562	564
330	543
330	545
330	516
330	346
330	375
330	463
330	378
330	555
330	368
330	364
330	353
330	352
330	397
330	494
330	377
330	563
330	565
330	408
330	401
330	491
330	566
330	567
330	399
330	460
330	384
330	486
377	548
377	513
377	557
377	558
377	559
377	566
377	409
377	522
377	526
377	488
377	524
377	521
377	515
376	542
376	543
376	391
376	390
376	546
376	559
376	563
376	461
376	379
376	382
376	383
337	367
337	542
337	543
337	391
337	406
337	545
337	339
337	487
337	376
337	461
337	370
337	569
337	571
337	460
337	509
337	459
337	437
337	438
337	439
337	440
337	441
337	442
337	443
380	542
380	544
380	386
380	547
380	513
380	558
380	559
380	564
380	408
380	401
380	491
380	566
380	409
380	571
563	568
563	569
563	570
461	542
461	545
461	547
461	464
461	493
461	494
461	487
461	492
461	485
461	570
461	462
492	542
492	493
492	559
492	565
492	566
492	567
492	570
492	506
564	571
564	572
324	542
324	391
324	544
324	546
324	548
324	360
324	553
324	554
324	376
324	563
324	329
324	489
324	568
324	379
324	495
324	459
324	395
238	542
238	390
565	566
408	464
408	513
408	494
408	498
408	492
408	491
408	566
408	567
408	485
408	570
408	460
408	435
408	444
408	445
408	446
408	448
408	449
408	450
408	490
370	544
370	545
370	549
370	464
370	516
370	551
370	454
370	375
370	555
370	556
370	397
370	451
370	494
370	487
370	562
370	376
370	461
370	492
370	564
370	401
370	491
370	485
370	570
370	453
370	571
370	460
370	474
361	367
361	543
361	371
361	391
361	461
361	495
329	358
329	544
329	546
329	549
329	464
329	516
329	454
329	360
329	375
329	493
329	559
329	494
329	487
329	498
329	562
329	330
329	380
329	563
329	461
329	492
329	565
329	408
329	370
329	401
329	491
329	566
329	567
329	489
329	399
329	485
329	570
329	460
329	334
329	373
401	549
401	550
401	516
401	454
401	556
401	493
401	494
401	565
401	491
401	567
401	404
401	570
401	460
401	572
491	543
491	544
491	549
491	516
491	556
491	493
491	559
491	494
491	498
491	562
491	563
491	492
491	565
491	567
491	570
491	506
566	567
567	570
489	548
489	549
489	553
489	494
489	560
489	565
489	566
489	567
489	570
489	509
399	493
399	451
399	498
399	562
399	401
399	491
399	404
399	569
399	570
399	460
399	530
404	471
404	550
404	517
404	518
404	530
379	391
379	406
379	546
379	553
379	554
379	555
379	559
379	568
379	569
379	528
379	495
379	497
379	499
379	500
379	501
379	502
379	503
485	543
485	549
485	494
485	487
485	498
485	565
485	491
485	566
485	567
485	489
485	570
226	535
402	487
402	506
402	571
402	474
402	479
402	532
402	407
402	572
402	533
402	507
402	508
288	471
288	550
288	332
288	516
288	551
288	513
288	351
288	352
288	557
288	320
288	404
288	289
288	291
288	295
288	354
288	355
288	437
506	509
506	532
506	572
506	533
506	507
506	508
409	549
409	513
409	451
409	558
409	417
409	410
409	411
409	412
409	413
409	414
409	415
292	543
292	544
292	545
292	546
292	548
292	464
292	516
292	346
292	301
292	375
292	463
292	378
292	345
292	553
292	554
292	555
292	364
292	559
292	560
292	342
292	333
292	561
292	466
292	562
292	401
292	489
292	568
292	570
292	296
292	572
292	343
453	543
453	545
453	516
453	551
453	556
453	560
453	562
453	564
453	571
453	509
322	338
322	551
322	375
322	378
322	556
322	342
322	487
322	562
322	370
322	453
322	571
322	398
243	378
247	275
247	268
247	361
249	545
249	562
522	526
522	524
571	572
336	543
336	390
336	345
336	553
336	493
336	563
336	361
336	568
336	431
336	460
250	252
250	417
417	513
417	418
417	419
417	420
417	421
417	422
417	423
417	424
417	425
417	426
417	427
417	428
417	429
417	430
417	432
417	433
417	534
290	367
290	543
290	371
290	391
290	544
290	406
290	297
290	553
290	554
290	563
290	324
290	568
290	569
290	460
290	459
290	394
290	395
290	480
290	481
290	482
251	252
528	543
528	546
528	547
528	563
528	569
431	543
431	547
431	563
431	568
431	569
431	528
431	460
431	572
460	543
460	544
460	547
460	550
460	516
460	556
460	493
460	559
460	494
460	560
460	563
460	461
460	492
460	565
460	491
460	569
254	451
254	337
255	316
256	297
256	290
257	275
258	371
258	361
258	336
509	556
509	562
509	564
509	532
296	297
296	471
296	304
296	559
296	560
296	342
296	487
296	562
296	564
296	401
296	402
296	506
296	571
296	509
296	474
296	532
296	529
296	572
296	533
296	475
296	476
296	477
296	478
296	483
296	484
504	563
504	522
504	526
504	524
504	521
504	525
504	527
495	546
495	553
495	559
495	561
495	568
495	569
495	496
495	497
264	371
265	361
266	268
266	351
267	371
267	268
526	550
526	551
526	557
269	273
269	284
270	273
270	352
270	284
271	273
271	287
272	273
272	284
385	564
385	453
385	571
385	509
385	400
385	388
385	484
474	559
474	564
474	506
474	479
474	532
474	572
400	492
400	564
400	571
400	407
400	452
400	505
400	510
347	377
347	409
347	522
347	504
347	526
347	488
347	524
347	521
347	496
347	499
347	519
347	523
347	531
479	492
479	506
479	571
479	532
479	533
479	511
532	559
532	572
532	533
315	552
315	555
315	368
315	353
315	351
315	557
315	558
315	377
315	526
315	347
315	488
315	524
315	521
315	515
407	451
407	562
407	564
407	453
407	509
407	469
407	496
407	505
276	471
276	278
277	278
277	551
279	556
280	332
280	284
280	288
529	550
529	556
529	559
529	562
529	572
281	471
281	283
282	471
282	283
280	550
285	352
285	288
488	557
488	522
488	504
488	526
488	524
488	521
286	352
286	288
289	352
293	326
293	342
294	332
294	320
295	352
298	487
300	304
459	543
459	544
459	553
459	554
459	568
459	569
459	460
459	497
459	500
459	501
459	502
459	503
302	471
302	551
524	551
524	526
524	525
303	551
303	556
306	337
307	337
308	337
309	337
310	337
311	565
312	337
313	337
314	337
535	536
535	537
535	538
535	539
535	540
535	541
369	382
369	510
369	536
369	537
369	538
369	539
369	540
369	541
230	316
317	479
319	349
319	320
325	360
325	408
327	513
327	352
328	408
328	567
331	461
331	402
334	567
341	545
341	461
521	522
521	526
521	524
348	417
350	351
359	380
321	558
321	333
321	409
321	417
321	348
321	383
321	418
321	420
321	421
321	422
321	423
321	424
321	425
321	426
321	427
321	428
321	429
321	430
321	432
321	433
321	534
362	380
363	375
365	408
366	408
372	391
373	375
374	454
374	375
374	460
363	380
382	535
384	543
384	563
387	409
393	569
396	397
398	571
403	404
403	407
405	406
405	431
405	479
410	417
411	417
412	417
413	417
414	417
415	417
416	564
419	564
340	417
435	570
436	549
436	489
438	461
440	461
441	474
442	535
443	535
447	492
455	460
456	464
456	466
457	485
458	485
462	464
465	524
465	521
467	489
468	485
469	564
469	509
470	559
470	529
475	572
476	572
477	572
478	572
480	495
481	495
482	495
483	532
484	529
356	513
356	408
392	535
511	533
512	552
519	524
520	524
520	521
523	526
525	526
527	529
531	532
