0	1
0	2
0	3
0	4
0	5
0	6
0	7
0	8
0	9
0	10
0	11
1	2
3	4
6	7
6	8
6	9
6	10
6	11
6	12
6	13
7	9
8	10
8	13
9	10
9	11
10	13
11	14
11	15
11	16
11	17
11	18
11	19
11	20
11	21
11	22
14	15
14	16
14	17
14	18
14	19
14	20
14	21
14	22
14	23
14	24
14	25
14	26
14	27
14	28
14	29
15	16
15	17
15	18
15	19
15	20
15	21
15	23
15	24
15	25
15	26
16	17
16	18
16	19
16	20
16	21
17	18
17	22
17	23
17	24
17	27
17	30
17	31
18	19
18	20
18	21
19	20
19	21
20	21
21	25
22	27
22	28
22	29
23	24
25	26
27	28
27	29
27	30
27	31
28	29
30	31
