9174	9194
9174	9180
9174	9175
9174	9189
9194	9197
9173	9195
9173	9190
9176	9188
9195	9200
9196	9197
9196	9201
9196	9202
9196	9203
9185	9186
9178	9185
9178	9179
9179	9195
9179	9187
9177	9194
9177	9197
9180	9189
9181	9197
9181	9190
9190	9197
9184	9186
9182	9184
9182	9186
9183	9184
9183	9186
9175	9176
9175	9188
9198	9199
9198	9204
9198	9205
9198	9206
9191	9198
9191	9199
9199	9200
9199	9207
9199	9208
9192	9195
9192	9200
9200	9207
9200	9208
9201	9202
9201	9203
9202	9203
9204	9205
9204	9206
9193	9198
9193	9204
9205	9206
9207	9208
