4880	10081
4881	10135
4882	10855
4883	10082
4884	10335
4885	10920
4886	12016
4887	16514
4888	16616
4889	11956
4890	11978
4891	11874
4892	11885
4893	12081
4894	11488
4895	22888
4896	11678
4897	16511
4898	16597
4899	11715
4900	11776
4901	11777
4902	11932
4903	19985
4904	19986
4905	11886
4906	41341
4907	41342
4908	41343
4909	11902
4910	11930
4911	14895
4912	15536
4913	11939
4914	12881
4915	14378
4916	16540
4917	12080
4918	16713
4919	29189
4920	15595
4921	29269
4922	14894
4923	14897
4924	14905
4925	14916
4926	15555
4927	29408
4928	23589
4929	16687
4930	16688
4931	16703
4932	19894
4933	19903
4934	19916
4935	42733
4936	42734
4937	42735
4938	42736
4939	42791
4940	42792
