1378	7977
1379	18881
1380	35709
1381	35710
1382	26705
1383	35712
1384	35714
1385	35715
1386	35716
1387	35717
1388	35718
1389	35719
1390	35720
1391	35721
1392	35722
1393	35723
1394	35724
1395	35725
1396	35726
1397	35727
1398	35728
1399	35729
1400	35730
1401	35731
1402	35732
1403	35733
1404	35734
1405	35735
1406	35736
1407	35737
1408	35738
1409	35739
1410	35740
1411	35741
1412	35742
1413	35743
1414	35744
1415	35745
1416	35746
1417	35747
1418	35748
1419	35749
1420	35750
1421	35751
1422	35752
1423	35711
1424	35713
