7977	18881
7977	35709
7977	35710
18881	26705
18881	35709
18881	35710
18881	35712
18881	35714
18881	35715
18881	35716
18881	35717
18881	35718
18881	35719
18881	35720
18881	35721
18881	35722
18881	35723
18881	35724
18881	35725
18881	35726
18881	35727
18881	35728
18881	35729
18881	35730
18881	35731
18881	35732
18881	35733
18881	35734
18881	35735
18881	35736
18881	35737
18881	35738
18881	35739
18881	35740
18881	35741
18881	35742
18881	35743
18881	35744
18881	35745
18881	35746
18881	35747
18881	35748
18881	35749
35709	35710
35710	35750
35710	35751
35710	35752
35711	35712
35711	35713
35712	35713
35750	35751
35750	35752
35751	35752
