1271	1713
1272	11579
1273	11580
1274	11581
1275	11585
1276	11586
1277	11588
1278	11589
1279	11590
1280	11591
1281	11592
1282	11593
1283	11596
1284	11599
1285	11600
1286	11601
1287	11602
1288	11603
1289	11604
1290	11606
1291	11607
1292	11612
1293	11614
1294	11615
1295	11616
1296	11618
1297	11619
1298	11620
1299	11621
1300	11622
1301	11626
1302	11627
1303	11629
1304	11630
1305	11631
1306	11632
1307	11633
1308	11635
1309	11636
1310	11637
1311	11639
1312	11641
1313	11642
1314	11643
1315	11644
1316	11645
1317	11646
1318	11647
1319	11649
1320	26737
