1713	11579
1713	11580
1713	11581
1713	11585
1713	11586
1713	11588
1713	11589
1713	11590
1713	11591
1713	11592
1713	11593
1713	11596
1713	11599
1713	11600
1713	11601
1713	11602
1713	11603
1713	11604
1713	11606
1713	11607
1713	11612
1713	11614
1713	11615
1713	11616
1713	11618
1713	11619
1713	11620
1713	11621
1713	11622
1713	11626
1713	11627
1713	11629
1713	11630
1713	11631
1713	11632
1713	11633
1713	11635
1713	11636
1713	11637
1713	11639
1713	11641
1713	11642
1713	11643
1713	11644
1713	11645
1713	11646
1713	11647
1713	11649
11579	11630
11580	11581
11585	26737
11596	11626
11596	11627
11602	11603
11602	11604
11603	11604
11614	11615
11626	11627
11646	11647
