11825	26105
11825	26106
11825	26107
11825	26108
11825	32984
11825	32985
11825	37087
11825	37088
11825	37089
11825	37090
26105	26106
26105	26107
26105	26108
26105	37090
26107	26108
26108	37090
26108	37091
26108	37092
26108	37093
32983	32984
32983	32997
32983	37069
32984	32985
32984	37069
37087	37088
37087	37089
37087	37130
37087	37131
37088	37089
37088	37129
37089	37126
37089	37127
37089	37128
37089	37129
37089	37130
37089	37131
37091	37092
37091	37093
37092	37093
37126	37127
37126	37128
37127	37128
37130	37131
