9280	10580
9280	10581
9280	10582
9280	10583
9280	10584
9280	10585
9280	10586
9280	10587
9280	10588
9280	10589
9280	10590
9280	10591
9280	10592
9280	10593
9280	10594
9280	10595
9280	10596
9280	10597
9280	10598
9280	10599
9280	10600
9280	10601
9280	10602
9280	10603
9280	10604
9280	10605
9280	10606
9280	10607
9280	10608
9280	10609
9280	10610
9280	10611
9280	10612
9280	10613
9280	10614
9280	10615
9280	10616
9280	10617
9280	10618
9280	10619
9280	10620
9280	10621
9280	10622
9280	10623
9280	10624
9280	10625
9280	10626
9280	10627
9280	10628
9280	10629
9280	10630
9280	10631
9280	10632
9280	10633
9280	10634
9280	10635
9280	10636
9280	10637
9280	10638
9280	10639
9280	10640
9280	10641
9280	10642
9280	10643
9280	10644
9280	10645
9280	10646
9280	10647
9280	10648
9280	10649
9280	10650
9280	10651
9280	10652
9280	10653
9280	10654
9280	10655
9280	10656
9280	10657
9280	10658
9280	10659
9280	10660
9280	10661
9280	10662
9280	10663
9280	10664
9280	10665
9280	10666
9280	10667
9280	10668
9280	10669
9280	10670
9280	10671
9280	10672
9280	10673
9280	10674
9280	10675
9280	10676
9280	10677
9280	10678
10620	34380
10620	34381
10620	34382
10649	30015
10649	30016
30016	30017
34380	34381
34380	34382
34381	34382
