1254	6604
1255	10037
1256	29074
1257	33678
1258	33679
1259	33680
1260	33681
1261	33682
1262	33683
1263	33684
1264	33685
1265	33686
1266	33687
1267	33688
1268	33689
1269	33690
1270	33691
1271	33692
1272	33693
1273	33694
1274	33695
1275	33696
1276	33697
1277	33698
1278	33699
1279	33700
1280	33701
1281	33702
1282	33703
1283	33704
1284	33705
1285	33706
1286	33707
1287	33708
1288	33709
1289	33710
1290	33711
1291	33712
1292	33713
1293	33714
1294	33715
1295	33716
1296	33717
1297	33718
1298	33719
1299	33720
1300	33721
1301	33722
1302	33723
1303	33724
1304	33725
1305	33726
1306	33727
1307	33728
1308	33729
1309	33730
1310	33731
1311	33732
1312	33733
1313	33734
1314	33735
1315	33736
1316	33737
1317	33738
1318	33739
1319	33740
1320	33741
1321	33742
1322	33743
1323	33744
1324	33745
1325	33746
1326	33747
1327	33748
1328	33749
1329	33750
1330	33751
1331	33752
1332	33753
1333	33754
1334	33755
1335	33756
1336	33757
1337	33758
1338	33759
1339	33760
1340	33761
1341	33762
1342	33763
1343	33764
1344	33765
1345	33766
1346	33767
1347	33768
1348	33769
1349	33770
1350	33771
1351	33772
1352	33773
1353	33774
1354	33775
1355	33776
1356	33777
1357	33778
1358	33779
1359	33780
1360	33781
1361	33782
1362	33783
1363	33784
1364	33785
1365	33786
1366	33787
1367	33788
1368	33789
1369	33790
1370	33791
1371	33792
1372	33793
1373	33794
1374	33795
1375	33796
1376	33797
1377	33798
1378	33799
1379	33800
1380	33801
1381	33802
1382	33803
1383	33804
1384	33805
1385	33806
1386	33807
1387	33808
1388	33809
1389	33810
1390	33811
1391	33812
1392	33813
1393	33814
1394	33815
1395	33816
1396	33817
1397	33818
1398	33819
1399	33820
1400	33821
1401	33822
1402	33823
1403	33824
