6604	10037
6604	29074
6604	33678
6604	33679
6604	33680
6604	33681
6604	33682
6604	33683
6604	33684
6604	33685
6604	33686
6604	33687
6604	33688
6604	33689
6604	33690
6604	33691
6604	33692
6604	33693
6604	33694
6604	33695
6604	33696
6604	33697
6604	33698
6604	33699
6604	33700
6604	33701
6604	33702
6604	33703
6604	33704
6604	33705
6604	33706
6604	33707
6604	33708
6604	33709
6604	33710
6604	33711
6604	33712
6604	33713
6604	33714
6604	33715
6604	33716
6604	33717
6604	33718
6604	33719
6604	33720
6604	33721
6604	33722
6604	33723
6604	33724
6604	33725
6604	33726
6604	33727
6604	33728
6604	33729
6604	33730
6604	33731
6604	33732
6604	33733
6604	33734
6604	33735
6604	33736
6604	33737
6604	33738
6604	33739
6604	33740
6604	33741
6604	33742
6604	33743
6604	33744
6604	33745
6604	33746
6604	33747
6604	33748
6604	33749
6604	33750
6604	33751
6604	33752
6604	33753
6604	33754
6604	33755
6604	33756
6604	33757
6604	33758
6604	33759
6604	33760
6604	33761
6604	33762
6604	33763
6604	33764
6604	33765
6604	33766
6604	33767
6604	33768
6604	33769
6604	33770
6604	33771
6604	33772
6604	33773
6604	33774
6604	33775
6604	33776
6604	33777
6604	33778
6604	33779
6604	33780
6604	33781
6604	33782
6604	33783
6604	33784
6604	33785
6604	33786
6604	33787
6604	33788
6604	33789
6604	33790
6604	33791
6604	33792
6604	33793
6604	33794
6604	33795
6604	33796
6604	33797
6604	33798
6604	33799
6604	33800
6604	33801
6604	33802
6604	33803
6604	33804
6604	33805
6604	33806
6604	33807
6604	33808
6604	33809
6604	33810
6604	33811
6604	33812
6604	33813
6604	33814
6604	33815
6604	33816
6604	33817
6604	33818
6604	33819
6604	33820
6604	33821
6604	33822
6604	33823
6604	33824
33724	33725
33724	33726
33724	33727
33725	33726
33725	33727
33726	33727
