12573	22370
12596	22370
12596	22878
19106	22370
19106	32554
22344	22370
22370	25425
22370	27163
22370	27166
22370	27168
22370	27169
22370	27170
22370	31939
22370	36472
22370	43805
22370	44320
22370	45066
22370	45966
22370	45967
22370	45968
22370	45969
22370	45970
22370	45971
22370	45972
22370	45973
22370	45974
22370	45975
22370	45976
22370	45977
27163	27168
27166	27168
27168	27169
27170	27171
27170	27198
27170	27199
27170	27200
27170	45968
27170	45969
27170	45970
27198	27199
27198	27200
27199	27200
43799	43800
43800	43801
43800	43802
43800	43803
43800	43804
43800	43805
43801	43802
43801	43803
43801	43804
43802	43803
43802	43804
43802	43806
43802	43807
43802	43808
43802	43809
43803	43804
43806	43807
43806	43808
43806	43809
43807	43808
43807	43809
43808	43809
45966	45967
45968	45969
45968	45970
45969	45970
