715	24988
715	24989
715	24990
715	24991
715	24992
715	24993
715	24994
715	24995
715	24996
715	24998
715	24999
715	25000
715	25001
715	25002
715	25003
715	25004
715	25005
715	25006
715	25007
715	25009
715	25010
715	25012
715	25013
715	25014
715	25015
715	25016
715	25017
715	25018
715	25020
715	25021
715	25024
715	25025
715	25026
715	25027
715	25028
715	25029
715	25030
715	25031
715	25032
715	25033
715	25035
715	25036
715	25038
715	25039
715	25041
715	25042
715	25045
715	25046
715	25047
715	25049
715	25050
715	25051
715	25054
715	25055
715	25056
715	25057
715	25058
715	25060
715	25061
715	25062
715	25063
715	25064
715	25065
715	25066
715	25067
715	25068
715	25069
715	25070
715	25071
715	25072
715	25073
715	25074
715	25076
715	25080
715	25081
715	25082
715	25084
715	25085
715	25086
715	25087
715	25088
715	25089
715	25090
715	25093
715	25094
715	25095
715	25097
715	25098
715	25100
715	25101
715	25102
715	25104
715	25105
715	25106
715	25107
715	25108
715	25109
715	25111
715	25112
715	25113
715	25115
715	25116
715	25117
715	25118
715	25119
715	25120
715	25122
715	25123
715	25124
715	25125
715	25126
715	25127
715	25128
715	25130
715	25131
715	25132
715	25133
715	25134
24988	25105
24993	24994
24993	24995
24994	24995
24995	24999
24995	25000
24995	25001
24995	29341
24995	29342
24995	29343
24995	29344
24995	29345
24995	29346
24995	29347
24995	29348
24995	29349
24995	29350
24995	29351
24995	29352
24995	29353
24995	29354
24995	29355
24995	29356
24995	29357
24995	29358
24995	29359
24999	25000
24999	25001
24999	29341
24999	29349
24999	29350
24999	29351
24999	29352
25000	25001
25000	29342
25000	29347
25000	29348
25000	29349
25000	29350
25000	29351
25000	29352
25001	29341
25001	29342
25001	29348
25001	29349
25001	29350
25001	29351
25001	29352
25024	25025
25024	25026
25025	25026
25029	25126
25032	25033
25032	29370
25032	29371
25032	29372
25070	25071
25072	25073
25074	29360
25074	29361
25074	29362
25107	28395
25107	28396
25107	28397
25131	25132
28395	28396
28395	28397
28396	28397
29343	29344
29343	29345
29343	29346
29344	29345
29344	29346
29345	29346
29347	29348
29349	29350
29349	29351
29349	29352
29350	29351
29350	29352
29351	29352
29353	29354
29353	29355
29354	29355
29356	29357
29356	29358
29356	29359
29357	29358
29357	29359
29360	29361
29360	29362
29361	29362
29370	29371
29370	29372
29371	29372
