226	492
227	2410
228	2414
229	2417
230	2419
231	2420
232	2421
233	2422
234	2423
235	2427
236	2429
237	2430
238	2433
239	2436
240	2437
241	2440
242	2441
243	2443
244	2444
245	2445
246	2446
247	2449
248	2452
249	2453
250	2454
251	2456
252	2458
253	2459
254	2460
255	2461
256	2462
257	2463
258	2464
259	2469
260	2470
261	2471
262	2472
263	2473
264	2476
265	2477
266	2481
267	2487
268	2488
269	2491
270	2492
271	2493
272	2494
273	2495
274	2496
275	2498
276	2499
277	2502
278	2510
279	2511
280	2515
281	2516
282	2517
283	2520
284	2521
285	2522
286	2523
287	2525
288	2526
289	2528
290	2529
291	2530
292	2531
293	2532
294	2534
295	2535
296	2536
297	2537
298	2539
299	32927
300	32925
301	32926
302	32889
303	32890
304	32891
305	32893
306	32898
307	32908
308	32917
309	32919
310	32920
311	32894
312	32895
313	32896
314	32897
315	32899
316	32900
317	32901
318	32902
319	32903
320	32904
321	32905
322	32906
323	32907
324	32909
325	32910
326	32911
327	32912
328	32913
329	32914
330	32915
331	32916
332	32918
333	32921
334	32922
335	32923
336	32924
337	32888
338	32892
