492	2410
492	2414
492	2417
492	2419
492	2420
492	2421
492	2422
492	2423
492	2427
492	2429
492	2430
492	2433
492	2436
492	2437
492	2440
492	2441
492	2443
492	2444
492	2445
492	2446
492	2449
492	2452
492	2453
492	2454
492	2456
492	2458
492	2459
492	2460
492	2461
492	2462
492	2463
492	2464
492	2469
492	2470
492	2471
492	2472
492	2473
492	2476
492	2477
492	2481
492	2487
492	2488
492	2491
492	2492
492	2493
492	2494
492	2495
492	2496
492	2498
492	2499
492	2502
492	2510
492	2511
492	2515
492	2516
492	2517
492	2520
492	2521
492	2522
492	2523
492	2525
492	2526
492	2528
492	2529
492	2530
492	2531
492	2532
492	2534
492	2535
492	2536
492	2537
492	2539
2420	32927
2421	32925
2421	32926
2430	2472
2458	2476
2458	32889
2458	32890
2458	32891
2458	32893
2458	32898
2458	32908
2458	32917
2458	32919
2458	32920
2459	2536
2459	2537
2469	2471
2476	32890
2476	32893
2476	32894
2476	32895
2476	32896
2476	32897
2476	32898
2476	32899
2476	32900
2476	32901
2476	32902
2476	32903
2476	32904
2476	32905
2476	32906
2476	32907
2476	32908
2476	32909
2476	32910
2476	32911
2476	32912
2476	32913
2476	32914
2476	32915
2476	32916
2476	32917
2476	32918
2476	32919
2477	32921
2477	32922
2477	32923
2481	2496
2515	2516
2515	2517
2516	2517
2516	32924
2536	2537
32888	32889
32888	32890
32889	32890
32889	32891
32889	32892
32889	32893
32890	32892
32890	32894
32893	32919
32895	32896
32895	32897
32899	32900
32901	32902
32902	32911
32902	32916
32904	32905
32904	32918
32906	32907
32909	32910
32912	32913
32912	32914
32913	32914
32921	32922
32921	32923
32922	32923
32925	32926
