624	5706
625	13130
626	13152
627	13167
628	13199
629	13237
630	13261
631	13269
632	13399
633	13430
634	13472
635	13480
636	13496
637	13560
638	18898
639	19039
640	24806
641	30074
642	30075
643	30167
644	30168
645	30174
646	30175
647	30178
648	30180
649	30181
650	30182
651	30186
652	30189
653	30190
654	30192
655	30193
656	30195
657	30198
658	30200
659	30201
660	30202
661	30203
662	30204
663	30205
664	30209
665	30211
666	30214
667	30218
668	30219
669	30224
670	30226
671	30227
672	30228
673	30229
674	30230
675	30231
676	30232
677	30233
678	30234
679	30237
680	30238
681	30239
682	30245
683	30246
684	30247
685	30248
686	30249
687	30253
688	30254
689	30256
690	30257
691	30258
692	30260
693	30261
694	30262
695	30263
696	30264
697	30265
698	30266
699	30267
700	30268
701	30269
702	30270
703	30271
704	30272
705	30273
706	30274
707	30275
708	30276
709	30277
710	30278
711	30279
712	30281
713	30283
714	30284
715	30287
716	30288
717	30289
718	30290
719	30291
720	30292
721	30293
722	30296
723	30297
724	30302
725	30309
726	30310
727	30311
728	30315
729	30316
730	30317
731	30319
732	30320
733	30321
734	30322
735	30323
