1377	4715
1378	23016
1379	10806
1380	10935
1381	28119
1382	28120
1383	28121
1384	28122
1385	10948
1386	11453
1387	30155
1388	16604
1389	21028
1390	21068
1391	21148
1392	22359
1393	23331
1394	27181
1395	27182
1396	27185
1397	27186
1398	27187
1399	27188
1400	27189
1401	27190
1402	27192
1403	27193
1404	27195
1405	27198
1406	27199
1407	27200
1408	27201
1409	27202
1410	27203
1411	27204
1412	27205
1413	27206
1414	27207
1415	27208
1416	27209
1417	27212
1418	27213
1419	27215
1420	27216
1421	27217
1422	27219
1423	27220
1424	27221
1425	27222
1426	27223
1427	27224
1428	27225
1429	27226
1430	27227
1431	27228
1432	31632
1433	31633
1434	31634
1435	31635
1436	31636
1437	31637
1438	31638
1439	27263
1440	31641
1441	31642
1442	35290
1443	35291
1444	35292
