4715	23016
10806	23016
10935	23016
10935	28119
10935	28120
10935	28121
10935	28122
10948	23016
11453	23016
11453	30155
16604	30155
21028	23016
21068	23016
21148	23016
22359	30155
23016	23331
23016	27181
23016	27182
23016	27185
23016	27186
23016	27187
23016	27188
23016	27189
23016	27190
23016	27192
23016	27193
23016	27195
23016	27198
23016	27199
23016	27200
23016	27201
23016	27202
23016	27203
23016	27204
23016	27205
23016	27206
23016	27207
23016	27208
23016	27209
23016	27212
23016	27213
23016	27215
23016	27216
23016	27217
23016	27219
23016	27220
23016	27221
23016	27222
23016	27223
23016	27224
23016	27225
23016	27226
23016	27227
23016	27228
27185	27186
27186	31632
27186	31633
27186	31634
27186	31635
27186	31636
27186	31637
27186	31638
27263	30155
27263	31641
27263	31642
30155	31641
30155	31642
30155	35290
30155	35291
30155	35292
31632	31633
31632	31634
31632	31635
31632	31636
31632	31637
31632	31638
31633	31634
31633	31635
31633	31636
31633	31637
31633	31638
31634	31635
31634	31636
31634	31637
31634	31638
31635	31636
31635	31637
31635	31638
31636	31637
31636	31638
31637	31638
31641	31642
31641	35290
31642	35290
