3328	9282
3328	13512
3328	16436
3328	16820
3328	25912
3328	27079
3328	28827
3328	28828
3328	28829
3328	28830
3328	28831
3328	28832
3328	28833
3328	28834
3328	28835
3328	28836
3328	28837
3328	28838
3328	28839
3328	28840
3328	28841
3328	28842
3328	28843
3328	28844
28831	28832
28831	28833
28831	28834
28831	28835
28831	28838
28831	28839
28831	28840
28831	28841
28832	28833
28832	28834
28832	28838
28832	28839
28832	28840
28832	28841
28833	28834
28833	28835
28833	28838
28833	28839
28833	28840
28833	28841
28834	28835
28834	28838
28834	28839
28834	28840
28834	28841
28836	35365
28836	35366
28836	35367
28836	35368
28838	28839
28838	28840
28838	28841
28839	28840
28839	28841
28840	28841
35365	35366
35365	35367
35365	35368
35365	35369
35365	35370
35365	35371
35366	35367
35367	35368
35369	35370
35369	35371
35370	35371
