226	3008
227	9837
228	15307
229	15320
230	21298
231	21299
232	21301
233	21302
234	21303
235	21304
236	21305
237	21306
238	21308
239	21309
240	21310
241	21311
242	21312
243	21317
244	21318
245	21320
246	21321
247	21323
248	21324
249	21325
250	21326
251	21327
252	21329
253	21330
254	21331
255	21332
256	21333
257	21334
258	21335
259	21336
260	21338
261	21340
262	21341
263	21342
264	21343
265	21345
266	21346
267	21347
268	21348
269	21350
270	21351
271	21352
272	21353
273	21354
274	21355
275	21356
276	21358
277	21359
278	21360
279	21361
280	21362
281	21363
282	21364
283	21365
284	21366
285	21367
286	21368
287	21369
288	21371
289	21372
290	21373
291	21374
292	21376
293	21377
294	21379
295	21380
296	21381
297	21382
298	21383
299	33158
300	33159
301	33820
302	33821
303	33822
304	33823
305	33819
306	33818
