3008	9837
3008	15307
3008	15320
3008	21298
3008	21299
3008	21301
3008	21302
3008	21303
3008	21304
3008	21305
3008	21306
3008	21308
3008	21309
3008	21310
3008	21311
3008	21312
3008	21317
3008	21318
3008	21320
3008	21321
3008	21323
3008	21324
3008	21325
3008	21326
3008	21327
3008	21329
3008	21330
3008	21331
3008	21332
3008	21333
3008	21334
3008	21335
3008	21336
3008	21338
3008	21340
3008	21341
3008	21342
3008	21343
3008	21345
3008	21346
3008	21347
3008	21348
3008	21350
3008	21351
3008	21352
3008	21353
3008	21354
3008	21355
3008	21356
3008	21358
3008	21359
3008	21360
3008	21361
3008	21362
3008	21363
3008	21364
3008	21365
3008	21366
3008	21367
3008	21368
3008	21369
3008	21371
3008	21372
3008	21373
3008	21374
3008	21376
3008	21377
3008	21379
3008	21380
3008	21381
3008	21382
3008	21383
21301	33158
21301	33159
21303	21336
21303	21353
21303	21354
21303	21359
21304	33820
21304	33821
21304	33822
21304	33823
21317	33819
21336	21353
21353	21354
21353	21359
21365	33818
33158	33159
33820	33821
33820	33822
33820	33823
33821	33822
33821	33823
33822	33823
