1005	6322
1005	19230
1005	19231
1005	19232
1005	19238
1005	19239
1005	19240
1005	19241
1005	19247
1005	19249
1005	19252
1005	19257
1005	19260
1005	19262
1005	19267
1005	19271
1005	19276
1005	19279
1005	19281
1005	19282
1005	19286
1005	19287
1005	19291
1005	19300
1005	19301
1005	19302
1005	19303
1005	19304
19240	19247
19240	28172
19240	28173
19247	28172
19247	28173
19260	19271
19300	19301
19300	19302
19300	19303
19300	19304
19301	19302
19301	19303
19301	19304
19302	19303
19302	19304
19303	19304
28172	28173
