1212	1587
1213	8125
1214	21441
1215	21444
1216	21445
1217	21446
1218	21449
1219	21451
1220	21452
1221	21453
1222	21454
1223	21457
1224	21458
1225	21459
1226	21462
1227	21463
1228	21464
1229	21465
1230	21467
1231	21468
1232	21469
1233	21470
1234	21472
1235	21473
1236	21474
1237	21475
1238	21476
1239	21477
1240	21478
1241	21479
1242	21480
1243	21481
1244	21482
1245	21483
1246	21484
1247	21485
1248	21486
1249	21487
1250	21488
1251	21489
1252	21490
1253	21491
1254	21492
1255	21493
1256	21494
1257	21495
1258	21496
1259	21497
1260	21498
1261	21499
1262	21500
1263	21501
1264	21502
1265	21503
1266	21504
1267	21505
1268	21508
1269	21510
1270	21511
1271	21514
1272	21515
1273	21516
1274	21517
1275	21518
1276	21519
1277	21520
1278	21521
1279	21522
1280	21523
1281	21524
1282	21525
1283	21527
1284	21528
1285	21529
1286	21531
1287	21532
1288	21535
1289	21536
1290	21538
1291	21539
1292	21541
1293	21542
1294	21544
1295	21545
1296	21546
1297	21547
1298	21548
1299	29337
