1587	8125
1587	21441
1587	21444
1587	21445
1587	21446
1587	21449
1587	21451
1587	21452
1587	21453
1587	21454
1587	21457
1587	21458
1587	21459
1587	21462
1587	21463
1587	21464
1587	21465
1587	21467
1587	21468
1587	21469
1587	21470
1587	21472
1587	21473
1587	21474
1587	21475
1587	21476
1587	21477
1587	21478
1587	21479
1587	21480
1587	21481
1587	21482
1587	21483
1587	21484
1587	21485
1587	21486
1587	21487
1587	21488
1587	21489
1587	21490
1587	21491
1587	21492
1587	21493
1587	21494
1587	21495
1587	21496
1587	21497
1587	21498
1587	21499
1587	21500
1587	21501
1587	21502
1587	21503
1587	21504
1587	21505
1587	21508
1587	21510
1587	21511
1587	21514
1587	21515
1587	21516
1587	21517
1587	21518
1587	21519
1587	21520
1587	21521
1587	21522
1587	21523
1587	21524
1587	21525
1587	21527
1587	21528
1587	21529
1587	21531
1587	21532
1587	21535
1587	21536
1587	21538
1587	21539
1587	21541
1587	21542
1587	21544
1587	21545
1587	21546
1587	21547
1587	21548
21467	21500
21485	21499
21499	29337
