136	8909
136	8911
136	8915
136	8916
136	8922
136	8927
136	8928
136	8929
136	8931
136	8943
136	8948
136	8958
136	8959
136	8967
136	8969
136	8988
136	8990
136	8994
136	8999
136	9000
136	9005
136	9008
136	9011
136	9016
136	9018
136	9020
136	9023
136	9026
136	9031
136	9033
136	9034
136	9036
136	9037
136	9041
136	9042
136	9046
136	9047
136	9052
136	9053
136	9054
136	9058
136	9060
136	9063
136	9065
136	9066
136	9067
136	9070
136	9072
136	9073
136	9077
136	9078
136	9081
136	9090
136	9094
136	9098
136	9101
8928	8994
9018	9041
9036	9037
9046	9047
9072	9073
