2496	5248
2497	10044
2498	13470
2499	13487
2500	13499
2501	16849
2502	24463
2503	24478
2504	24525
2505	26198
2506	26199
2507	26200
2508	26201
2509	26205
2510	26206
2511	26207
2512	26208
2513	26211
2514	26212
2515	26213
2516	26214
2517	26215
2518	26216
2519	26217
2520	26222
2521	26223
2522	26224
2523	26225
2524	26226
2525	26227
2526	26228
2527	26229
2528	26230
2529	26231
2530	26232
2531	26233
2532	26234
2533	26235
2534	26237
2535	26238
2536	26239
2537	26240
2538	26241
2539	26242
2540	26243
2541	26244
2542	26245
2543	26246
2544	26248
2545	26249
2546	26252
2547	26253
2548	26254
2549	26255
2550	26257
2551	26258
2552	26260
2553	26261
2554	26262
2555	26263
2556	26264
2557	26265
2558	26266
2559	26267
2560	26268
2561	26269
2562	26270
2563	26271
2564	26272
2565	26273
2566	26274
2567	26275
2568	26276
2569	26277
2570	26278
2571	26279
2572	26280
2573	26281
2574	26282
