5248	10044
5248	13470
5248	13487
5248	13499
5248	16849
5248	24463
5248	24478
5248	24525
5248	26198
5248	26199
5248	26200
5248	26201
5248	26205
5248	26206
5248	26207
5248	26208
5248	26211
5248	26212
5248	26213
5248	26214
5248	26215
5248	26216
5248	26217
5248	26222
5248	26223
5248	26224
5248	26225
5248	26226
5248	26227
5248	26228
5248	26229
5248	26230
5248	26231
5248	26232
5248	26233
5248	26234
5248	26235
5248	26237
5248	26238
5248	26239
5248	26240
5248	26241
5248	26242
5248	26243
5248	26244
5248	26245
5248	26246
5248	26248
5248	26249
5248	26252
5248	26253
5248	26254
5248	26255
5248	26257
5248	26258
5248	26260
5248	26261
5248	26262
5248	26263
5248	26264
5248	26265
5248	26266
5248	26267
5248	26268
5248	26269
5248	26270
5248	26271
5248	26272
5248	26273
5248	26274
5248	26275
5248	26276
5248	26277
5248	26278
5248	26279
5248	26280
5248	26281
5248	26282
