4370	4371
4370	4374
4370	4375
4370	4376
4370	4377
4371	4372
4371	4374
4371	4375
4359	4371
4359	4372
4359	4360
4359	4367
4359	4362
4359	4365
4358	4359
4360	4372
4361	4373
4367	4371
4367	4372
4361	4364
4362	4371
4362	4367
4357	4358
4357	4373
4363	4373
4363	4364
4364	4373
4365	4371
4365	4372
4365	4367
4362	4372
4366	4370
4366	4371
4366	4374
4366	4375
4374	4375
4374	4376
4374	4377
4375	4376
4375	4377
4368	4370
4368	4374
4368	4375
4368	4376
4368	4377
4376	4377
4369	4370
4369	4374
4369	4376
4369	4377
