7534	25681
12222	14290
12222	27760
12222	27761
12222	27762
12222	27763
12222	35079
12222	35080
12222	35081
12222	35082
12222	35083
12222	35084
12222	35085
12222	35086
12222	35087
14290	25630
14290	25639
14290	25665
14290	25692
14290	27757
14290	27758
14290	27759
14290	27760
14290	27761
14290	27762
14290	27763
23169	25637
23169	27687
25630	25631
25630	25636
25630	25637
25630	25639
25630	25643
25630	25665
25630	25692
25630	27757
25630	27758
25630	27759
25636	25658
25637	25638
25637	27687
25637	27692
25637	27693
25639	25643
25639	25665
25639	27757
25639	27758
25639	27759
25643	25661
25643	25710
25648	25662
25648	25670
25648	25711
25648	27751
25648	27755
25648	27756
25661	25710
25662	25711
25662	27687
25662	27742
25662	27743
25662	27744
25662	27745
25662	27746
25665	25692
25665	27757
25665	27758
25665	27759
25665	27764
25665	27765
25665	27766
25670	27745
25670	27751
25670	27752
25670	27755
25670	27756
25681	27685
25681	27686
25681	27687
25681	27690
25692	27759
27685	27686
27685	27687
27685	27688
27685	27689
27686	27687
27687	27688
27687	27689
27687	27690
27687	27691
27687	27692
27687	27693
27688	27689
27688	27691
27692	27693
27742	27743
27742	27744
27742	27745
27742	27746
27743	27744
27743	27745
27743	27746
27744	27745
27744	27746
27745	27746
27745	27747
27745	27748
27745	27749
27745	27750
27745	27751
27745	27752
27747	27748
27747	27749
27747	27750
27748	27749
27748	27750
27749	27750
27751	27752
27751	27755
27751	27756
27755	27756
27757	27758
27760	27761
27760	27762
27760	27763
27761	27762
27761	27763
27761	35079
27761	35080
27761	35081
27761	35082
27761	35083
27761	35084
27761	35085
27762	27763
27763	35079
27763	35080
27763	35081
27763	35082
27764	27765
27764	27766
27765	27766
35079	35080
35079	35081
35079	35082
35080	35081
35080	35082
35080	35083
35080	35084
35080	35085
35081	35082
35081	35083
35081	35084
35081	35085
35083	35084
35083	35085
35084	35085
35086	35087
