0	613
1	3449
2	7703
3	15202
4	15219
5	15234
6	15242
7	15263
8	15269
9	15270
10	15271
11	15272
12	15273
13	15277
14	15283
15	15286
16	15334
17	15562
18	15600
19	21520
20	22473
21	22474
22	22475
23	22476
24	22477
25	22478
26	22479
27	22480
28	22481
29	22483
30	22484
31	22485
32	22486
33	22488
34	22489
35	22490
36	22491
37	22492
38	22493
39	22496
40	22497
41	22499
42	22500
43	22501
44	22502
45	22503
46	22508
47	22509
48	22511
49	22512
50	22513
51	22514
52	22515
53	22516
54	22518
55	22519
56	22521
57	22522
58	22523
59	22524
60	22525
61	22526
62	22527
63	22528
64	22529
65	22530
66	22532
67	22533
68	22534
69	22536
70	22538
71	22539
72	22540
73	22541
74	22542
75	22543
76	22545
77	22546
78	22547
79	22548
80	22549
81	22552
82	22553
83	22554
84	22555
85	22556
86	22557
87	22558
88	22559
89	22560
90	22561
91	22562
92	22563
93	22564
94	22565
95	22566
96	22567
97	22568
98	22569
99	22571
100	22572
101	22573
102	22575
103	22576
104	22577
105	22578
106	22588
107	15261
108	15493
109	15494
110	15495
111	29898
112	29912
113	29913
114	29919
115	29976
116	30044
117	30045
118	31101
119	31119
120	29914
121	29915
122	30193
123	30320
124	30321
125	30322
126	30323
127	31102
128	31103
129	31438
130	31439
131	15601
132	15602
133	31434
134	31430
135	31431
136	31432
137	31433
138	30337
139	31435
140	31436
141	31424
142	31425
143	31426
144	31519
145	31520
146	31521
147	31522
148	31523
149	31524
150	31525
151	31526
152	29986
153	29987
154	29988
155	30663
156	31516
157	31517
158	31518
159	30664
160	29256
161	29257
162	29258
163	31427
164	31428
165	31429
166	33246
167	33247
168	33248
169	29899
170	31440
171	31441
172	30198
173	30199
174	30200
175	31489
176	31490
177	31582
178	31583
179	31584
180	31585
181	31586
182	31587
183	31482
