90	9050
90	11467
90	11468
90	11469
90	11470
90	11473
90	11475
90	11476
90	11477
90	11478
90	11479
90	11481
90	11482
90	11483
90	11484
90	11485
90	11486
90	11488
90	11489
90	11490
90	11491
90	11493
90	11494
90	11496
90	11498
90	11499
90	11501
90	11502
90	11507
90	11508
90	11510
90	11512
90	11513
90	11514
90	11515
90	11516
90	11517
90	11518
90	11519
90	11520
90	11521
90	11522
90	11523
90	11526
90	11528
90	11529
90	11530
90	11531
90	11532
90	11533
90	11534
90	11535
90	11536
90	11537
90	11539
90	11541
90	11544
90	11545
90	11546
90	11548
90	11549
90	11551
90	11552
90	11553
90	11554
90	11555
90	11556
90	11557
90	11558
90	11560
90	11561
90	11563
90	11564
90	11565
90	11566
90	11567
90	11568
90	11569
90	11573
90	11577
11489	28764
11489	28765
11489	28766
11501	11502
11514	11515
11517	28711
11541	28708
11541	28709
11541	28710
28708	28709
28708	28710
28708	28718
28709	28710
28709	28718
28710	28718
28764	28765
28764	28766
28765	28766
