491	17457
491	17458
491	17461
491	17466
491	17468
491	17471
491	17482
491	17483
491	17484
491	17488
491	17490
491	17491
491	17492
491	17493
491	17497
491	17501
491	17507
491	17513
491	17514
491	17515
491	17517
491	17518
491	17520
491	17525
491	17527
491	17534
491	17535
491	17539
491	17540
491	17542
491	17543
491	17548
491	17550
491	17551
491	17552
491	17555
491	17557
491	17559
491	17561
491	17562
491	17565
491	17566
491	17568
491	17569
491	17574
491	17581
491	17582
491	17583
491	17586
491	17589
491	17590
491	17591
491	17592
491	17593
491	17594
491	17595
491	17596
491	17600
491	17601
491	17602
491	17603
491	17605
491	17608
491	17610
491	17611
491	17613
491	17614
491	17615
491	17616
491	17617
491	17619
491	17621
491	17622
491	17626
491	17627
491	17628
491	17631
491	17633
491	17635
491	17636
491	17637
491	17639
491	17644
491	17645
491	17646
491	17657
491	17675
491	17680
491	17682
491	17684
491	17685
491	17686
491	17687
491	17688
491	17689
491	17691
491	17693
491	17697
491	17698
491	17699
491	17700
491	17701
491	17703
491	17705
491	17708
491	17709
491	17710
491	17711
491	17712
491	17717
491	17718
491	17720
491	17721
491	17725
491	17726
491	17728
491	17730
491	17731
491	17732
491	17733
491	17735
491	17738
491	17739
491	17740
491	17743
491	17751
491	17753
491	17756
491	17758
491	17761
491	17762
491	17763
491	17765
491	17766
491	17767
491	17769
491	17770
491	17771
491	17772
491	17774
491	17775
491	17776
491	17780
491	17781
491	17787
491	17789
491	17790
491	17791
491	17798
491	17801
491	17804
491	17805
491	17813
491	17816
491	17817
491	17818
491	17822
491	17824
491	17825
491	17826
491	17827
491	17829
491	17830
491	17833
491	17835
491	17838
491	17842
491	17844
491	17852
491	17859
491	17861
491	17862
491	17863
491	17864
491	17865
491	17870
491	17873
491	17875
491	17876
491	17879
491	17884
491	17894
491	17895
17461	17515
17461	17581
17461	17688
17490	17491
17490	17492
17491	17492
17497	17835
17515	17581
17515	17582
17515	17688
17555	17726
17565	33325
17565	33326
17565	33327
17565	33328
17565	33329
17565	33330
17581	17582
17581	17688
17586	17842
17592	17593
17592	17594
17593	17594
17614	17615
17614	17616
17615	17616
17621	33331
17685	17686
17720	17721
17730	33335
17761	17762
17761	17763
17762	17763
17765	17818
17771	17772
17824	17825
17861	17862
17863	17864
33325	33326
33325	33327
33326	33327
33326	33328
33326	33329
33326	33330
33328	33329
33328	33330
33329	33330
