1281	4311
1282	12799
1283	12832
1284	21481
1285	22373
1286	22553
1287	22693
1288	22694
1289	22695
1290	22696
1291	22697
1292	22698
1293	22699
1294	22700
1295	22701
1296	22702
1297	22703
1298	22704
1299	22705
1300	22706
1301	22707
1302	22708
1303	22709
1304	22710
1305	22711
1306	22712
1307	22713
1308	22717
1309	22718
1310	22720
1311	22721
1312	22722
1313	22723
1314	22724
1315	22725
1316	22727
1317	22728
1318	22730
1319	22731
1320	22732
1321	22733
1322	22734
1323	22735
1324	22736
1325	22737
1326	22738
1327	22739
1328	22740
1329	22741
1330	22742
1331	22743
1332	22745
1333	22554
1334	35001
1335	35002
1336	35003
1337	35004
