4311	12799
4311	12832
4311	21481
4311	22373
4311	22553
4311	22693
4311	22694
4311	22695
4311	22696
4311	22697
4311	22698
4311	22699
4311	22700
4311	22701
4311	22702
4311	22703
4311	22704
4311	22705
4311	22706
4311	22707
4311	22708
4311	22709
4311	22710
4311	22711
4311	22712
4311	22713
4311	22717
4311	22718
4311	22720
4311	22721
4311	22722
4311	22723
4311	22724
4311	22725
4311	22727
4311	22728
4311	22730
4311	22731
4311	22732
4311	22733
4311	22734
4311	22735
4311	22736
4311	22737
4311	22738
4311	22739
4311	22740
4311	22741
4311	22742
4311	22743
4311	22745
21481	22373
22373	22694
22373	22697
22373	22717
22373	22725
22373	22742
22553	22554
22720	22738
22736	35001
22736	35002
22736	35003
22736	35004
35001	35002
35001	35003
35001	35004
35002	35003
35002	35004
35003	35004
