198	657
199	12604
200	12606
201	12608
202	12643
203	12645
204	12653
205	12656
206	12660
207	12670
208	12677
209	12690
210	12694
211	12698
212	12699
213	12703
214	12718
215	12727
216	12730
217	12738
218	12739
219	12744
220	12745
221	12749
222	12751
223	12759
224	12763
225	12765
226	12766
227	12775
228	12776
229	12790
230	12814
231	12815
232	12817
233	12823
234	12824
235	12826
236	12838
237	12846
238	12848
239	12853
240	12856
241	12860
242	12873
243	12874
244	12886
245	12894
246	12899
247	12900
248	12901
249	12903
250	12907
251	12914
252	12916
253	12918
254	12924
255	12925
256	12927
257	12933
258	12934
259	12936
260	12938
261	12947
262	12948
263	12950
264	12962
265	12963
266	12964
267	12977
268	12980
269	12982
270	12983
271	12984
272	12993
273	12995
274	12999
275	13000
276	13002
277	13006
278	13008
279	13009
280	13010
281	13012
282	13021
283	13027
284	13028
285	13031
286	13032
287	13038
288	13039
289	13048
290	13050
291	13051
292	13052
293	13056
294	13058
295	13059
296	13062
297	13067
298	13070
