657	12604
657	12606
657	12608
657	12643
657	12645
657	12653
657	12656
657	12660
657	12670
657	12677
657	12690
657	12694
657	12698
657	12699
657	12703
657	12718
657	12727
657	12730
657	12738
657	12739
657	12744
657	12745
657	12749
657	12751
657	12759
657	12763
657	12765
657	12766
657	12775
657	12776
657	12790
657	12814
657	12815
657	12817
657	12823
657	12824
657	12826
657	12838
657	12846
657	12848
657	12853
657	12856
657	12860
657	12873
657	12874
657	12886
657	12894
657	12899
657	12900
657	12901
657	12903
657	12907
657	12914
657	12916
657	12918
657	12924
657	12925
657	12927
657	12933
657	12934
657	12936
657	12938
657	12947
657	12948
657	12950
657	12962
657	12963
657	12964
657	12977
657	12980
657	12982
657	12983
657	12984
657	12993
657	12995
657	12999
657	13000
657	13002
657	13006
657	13008
657	13009
657	13010
657	13012
657	13021
657	13027
657	13028
657	13031
657	13032
657	13038
657	13039
657	13048
657	13050
657	13051
657	13052
657	13056
657	13058
657	13059
657	13062
657	13067
657	13070
12838	13027
12900	12901
