0	1
0	2
0	3
0	4
0	5
0	6
0	7
0	8
0	9
0	10
0	11
0	12
0	13
0	14
0	15
0	16
0	17
0	18
0	19
0	20
0	21
0	22
0	23
0	24
0	25
0	26
0	27
0	28
0	29
0	30
0	31
0	32
0	33
0	34
0	35
0	36
0	37
0	38
0	39
0	40
0	41
0	42
0	43
0	44
0	45
0	46
0	47
0	48
0	49
0	50
0	51
0	52
0	53
0	54
0	55
0	56
0	57
0	58
0	59
0	60
0	61
0	62
0	63
0	64
0	65
0	66
0	67
4	19
4	23
4	30
4	37
4	68
5	46
5	57
5	69
5	70
5	71
5	72
5	73
7	14
8	74
8	75
8	76
8	77
8	78
8	79
8	80
8	81
8	82
8	83
8	84
16	31
19	23
19	27
19	30
19	37
19	68
19	85
19	86
24	87
27	85
27	86
30	68
39	50
42	43
46	69
46	70
62	88
62	89
62	90
64	65
64	91
65	91
69	70
71	72
71	73
72	73
74	75
76	77
76	78
77	78
79	80
79	81
80	81
82	83
82	84
83	84
85	86
88	89
88	90
89	90
