1227	4273
1228	8977
1229	11362
1230	23179
1231	25242
1232	25261
1233	26465
1234	27006
1235	27007
1236	27008
1237	27011
1238	27012
1239	27017
1240	27021
1241	27022
1242	27023
1243	27024
1244	27027
1245	27032
1246	27038
1247	27039
1248	27040
1249	27043
1250	27044
1251	27045
1252	27046
1253	27047
1254	27048
1255	27049
1256	27051
1257	27052
1258	27053
1259	27054
1260	27058
1261	27059
1262	27062
1263	27063
1264	27064
1265	27065
1266	27066
1267	27067
1268	27068
1269	27069
1270	27070
1271	27071
1272	27072
1273	27075
1274	27076
1275	27077
1276	27078
1277	11363
1278	25260
