4273	8977
4273	11362
4273	23179
4273	25242
4273	25261
4273	26465
4273	27006
4273	27007
4273	27008
4273	27011
4273	27012
4273	27017
4273	27021
4273	27022
4273	27023
4273	27024
4273	27027
4273	27032
4273	27038
4273	27039
4273	27040
4273	27043
4273	27044
4273	27045
4273	27046
4273	27047
4273	27048
4273	27049
4273	27051
4273	27052
4273	27053
4273	27054
4273	27058
4273	27059
4273	27062
4273	27063
4273	27064
4273	27065
4273	27066
4273	27067
4273	27068
4273	27069
4273	27070
4273	27071
4273	27072
4273	27075
4273	27076
4273	27077
4273	27078
11362	11363
25242	25260
25242	25261
25260	25261
26465	27023
26465	27024
27007	27008
27023	27024
27045	27068
27049	27075
27069	27070
27069	27071
27070	27071
