1156	1530
1157	4241
1158	4242
1159	4243
1160	4247
1161	4248
1162	4249
1163	4250
1164	4251
1165	4252
1166	4254
1167	4255
1168	4257
1169	4258
1170	4259
1171	4261
1172	4265
1173	4266
1174	4267
1175	4270
1176	4271
1177	4272
1178	4273
1179	4275
1180	4276
1181	4279
1182	4280
1183	4281
1184	4282
1185	4286
1186	4288
1187	4289
1188	4290
1189	4291
1190	4292
1191	4294
1192	4295
1193	4297
1194	4298
1195	4299
1196	4305
1197	4308
1198	4309
1199	4312
1200	4315
1201	4316
1202	4317
1203	4318
1204	4320
1205	4322
1206	4323
1207	4325
1208	4326
1209	4327
1210	4330
1211	4331
1212	4333
1213	4339
1214	4340
1215	4341
1216	4342
1217	4343
1218	4345
1219	4347
1220	4348
1221	4349
1222	4350
1223	4352
1224	4353
1225	4354
