1530	4241
1530	4242
1530	4243
1530	4247
1530	4248
1530	4249
1530	4250
1530	4251
1530	4252
1530	4254
1530	4255
1530	4257
1530	4258
1530	4259
1530	4261
1530	4265
1530	4266
1530	4267
1530	4270
1530	4271
1530	4272
1530	4273
1530	4275
1530	4276
1530	4279
1530	4280
1530	4281
1530	4282
1530	4286
1530	4288
1530	4289
1530	4290
1530	4291
1530	4292
1530	4294
1530	4295
1530	4297
1530	4298
1530	4299
1530	4305
1530	4308
1530	4309
1530	4312
1530	4315
1530	4316
1530	4317
1530	4318
1530	4320
1530	4322
1530	4323
1530	4325
1530	4326
1530	4327
1530	4330
1530	4331
1530	4333
1530	4339
1530	4340
1530	4341
1530	4342
1530	4343
1530	4345
1530	4347
1530	4348
1530	4349
1530	4350
1530	4352
1530	4353
1530	4354
4258	4267
4261	4279
4275	4297
4299	4339
4299	4340
4339	4340
4352	4353
4352	4354
4353	4354
