1210	3322
1211	8085
1212	8985
1213	10596
1214	12243
1215	21115
1216	21124
1217	21125
1218	21131
1219	21132
1220	21136
1221	21137
1222	21138
1223	21139
1224	21140
1225	21142
1226	21143
1227	21144
1228	21149
1229	21150
1230	21153
1231	21154
1232	21155
1233	21158
1234	21159
1235	21161
1236	21162
1237	21164
1238	21165
1239	21169
1240	21170
1241	21171
1242	21172
1243	21173
1244	21174
1245	21175
1246	21176
1247	21177
1248	21178
1249	21183
1250	21184
1251	21185
1252	21186
1253	21187
1254	21193
1255	21195
1256	21196
1257	21197
1258	21198
1259	21199
1260	21200
1261	21201
1262	21202
1263	21203
1264	21206
1265	21207
1266	21212
1267	21213
1268	21215
1269	24449
1270	33938
1271	33939
1272	33915
1273	33916
1274	33917
1275	33918
1276	33919
1277	33920
1278	33921
1279	33922
1280	33923
