3322	8085
3322	8985
3322	10596
3322	12243
3322	21115
3322	21124
3322	21125
3322	21131
3322	21132
3322	21136
3322	21137
3322	21138
3322	21139
3322	21140
3322	21142
3322	21143
3322	21144
3322	21149
3322	21150
3322	21153
3322	21154
3322	21155
3322	21158
3322	21159
3322	21161
3322	21162
3322	21164
3322	21165
3322	21169
3322	21170
3322	21171
3322	21172
3322	21173
3322	21174
3322	21175
3322	21176
3322	21177
3322	21178
3322	21183
3322	21184
3322	21185
3322	21186
3322	21187
3322	21193
3322	21195
3322	21196
3322	21197
3322	21198
3322	21199
3322	21200
3322	21201
3322	21202
3322	21203
3322	21206
3322	21207
3322	21212
3322	21213
3322	21215
8985	24449
12243	21143
21139	21202
21139	21203
21139	33938
21139	33939
21153	33915
21153	33916
21153	33917
21153	33918
21153	33919
21153	33920
21153	33921
21153	33922
21153	33923
21154	21155
21174	21197
21183	21184
21183	21206
21202	21203
21203	33938
21203	33939
33915	33916
33915	33917
33915	33918
33915	33919
33915	33920
33915	33921
33915	33922
33915	33923
33916	33917
33916	33920
33918	33919
33921	33922
33921	33923
33922	33923
33938	33939
