226	1622
227	3786
228	3800
229	3942
230	4044
231	6043
232	7923
233	7930
234	7990
235	8129
236	8130
237	8131
238	13258
239	15542
240	15625
241	22920
242	26395
243	26396
244	26397
245	26399
246	26400
247	26401
248	26402
249	26403
250	26404
251	26405
252	26406
253	26407
254	26408
255	26409
256	26410
257	26411
258	26413
259	26414
260	26415
261	26417
262	26418
263	26421
264	26423
265	26424
266	26426
267	26427
268	26429
269	26430
270	26431
271	26433
272	26434
273	26435
274	26436
275	26437
276	26439
277	26441
278	26442
279	26443
280	26444
281	26445
282	26446
283	26447
284	26448
285	26451
286	26452
287	26453
288	26454
289	26455
290	30113
291	30114
292	30115
293	30116
294	30120
295	30121
296	30117
297	30118
298	30119
