1622	3786
1622	3800
1622	3942
1622	4044
1622	6043
1622	7923
1622	7930
1622	7990
1622	8129
1622	8130
1622	8131
1622	13258
1622	15542
1622	15625
1622	22920
1622	26395
1622	26396
1622	26397
1622	26399
1622	26400
1622	26401
1622	26402
1622	26403
1622	26404
1622	26405
1622	26406
1622	26407
1622	26408
1622	26409
1622	26410
1622	26411
1622	26413
1622	26414
1622	26415
1622	26417
1622	26418
1622	26421
1622	26423
1622	26424
1622	26426
1622	26427
1622	26429
1622	26430
1622	26431
1622	26433
1622	26434
1622	26435
1622	26436
1622	26437
1622	26439
1622	26441
1622	26442
1622	26443
1622	26444
1622	26445
1622	26446
1622	26447
1622	26448
1622	26451
1622	26452
1622	26453
1622	26454
1622	26455
8129	8130
8129	8131
8130	8131
26395	26396
26405	26406
26407	26408
26407	26409
26407	26410
26407	26411
26408	26409
26408	26410
26408	26411
26408	26436
26408	30113
26408	30114
26408	30115
26408	30116
26408	30120
26408	30121
26409	26410
26409	26411
26410	26411
26410	26436
26410	30113
26410	30114
26410	30115
26410	30116
26410	30117
26410	30118
26410	30119
26410	30120
26410	30121
26411	26436
26411	30113
26411	30114
26411	30115
26411	30116
26411	30120
26411	30121
26413	26414
26429	26430
26436	30113
26436	30115
26436	30116
26436	30117
26436	30118
26436	30119
26436	30120
26447	26448
30113	30114
30113	30115
30113	30116
30113	30117
30113	30118
30113	30119
30113	30120
30115	30116
30116	30117
30116	30118
30116	30119
30116	30120
30117	30118
30117	30119
30118	30119
