4088	10518
4089	15531
4090	19868
4091	25593
4092	25595
4093	25601
4094	25629
4095	25841
4096	34342
4097	34443
4098	34444
4099	34445
4100	34446
4101	34447
4102	34448
4103	34449
4104	34450
4105	34452
4106	34453
4107	34454
4108	34455
4109	34456
4110	34457
4111	34458
4112	34461
4113	34463
4114	34465
4115	34466
4116	34467
4117	34468
4118	34470
4119	34472
4120	34473
4121	34474
4122	34475
4123	34476
4124	34477
4125	34478
4126	34479
4127	34480
4128	34481
4129	34482
4130	34483
4131	34484
4132	34485
4133	34486
4134	34488
4135	34489
4136	34491
4137	34492
4138	34493
4139	25570
4140	25571
4141	25572
4142	25639
4143	34503
4144	34504
4145	34505
4146	26052
4147	26110
4148	26111
4149	25587
4150	25637
4151	25836
4152	34339
4153	34340
4154	34341
4155	25638
4156	34350
4157	25835
4158	34368
4159	34369
4160	34508
4161	34509
4162	34510
4163	34511
4164	34512
4165	26063
4166	34531
4167	34543
4168	34544
4169	34554
4170	34555
4171	34530
4172	34532
4173	34533
4174	34534
4175	34535
4176	34536
4177	34537
4178	34538
4179	34539
4180	34540
4181	34541
4182	34542
4183	34545
4184	34546
4185	34547
4186	34550
4187	34551
4188	34552
