0	1
1	2
2	3
3	4
4	5
5	6
6	7
7	8
8	9
9	10
10	11
11	12
12	13
13	14
14	15
16	17
15	16
18	19
17	18
20	21
19	20
22	23
21	22
24	25
23	24
26	27
25	26
28	29
27	28
30	31
29	30
33	34
34	35
31	32
32	33
37	38
38	39
35	36
36	37
41	42
42	43
39	40
40	41
45	46
46	47
43	44
44	45
50	51
49	50
48	49
47	48
54	55
53	54
52	53
51	52
58	59
57	58
56	57
55	56
62	63
61	62
60	61
59	60
67	68
68	69
69	70
70	71
63	64
64	65
65	66
66	67
75	76
76	77
77	78
78	79
71	72
72	73
73	74
74	75
84	85
83	84
86	87
85	86
80	81
79	80
82	83
81	82
92	93
91	92
94	95
93	94
88	89
87	88
90	91
89	90
101	102
102	103
99	100
100	101
97	98
98	99
95	96
96	97
109	110
110	111
107	108
108	109
105	106
106	107
103	104
104	105
118	119
117	118
116	117
115	116
114	115
113	114
112	113
111	112
126	127
125	126
124	125
123	124
122	123
121	122
120	121
119	120
136	137
135	136
138	139
137	138
140	141
139	140
142	143
141	142
128	129
127	128
130	131
129	130
132	133
131	132
134	135
133	134
151	152
152	153
153	154
154	155
155	156
156	157
157	158
158	159
143	144
144	145
145	146
146	147
147	148
148	149
149	150
150	151
170	171
169	170
168	169
167	168
174	175
173	174
172	173
171	172
162	163
161	162
160	161
159	160
166	167
165	166
164	165
163	164
185	186
186	187
183	184
184	185
189	190
190	191
187	188
188	189
177	178
178	179
175	176
176	177
181	182
182	183
179	180
180	181
204	205
203	204
206	207
205	206
200	201
199	200
202	203
201	202
196	197
195	196
198	199
197	198
192	193
191	192
194	195
193	194
219	220
220	221
221	222
222	223
215	216
216	217
217	218
218	219
211	212
212	213
213	214
214	215
207	208
208	209
209	210
210	211
238	239
237	238
236	237
235	236
234	235
233	234
232	233
231	232
230	231
229	230
228	229
227	228
226	227
225	226
224	225
223	224
253	254
254	255
251	252
252	253
249	250
250	251
247	248
248	249
245	246
246	247
243	244
244	245
241	242
242	243
239	240
240	241
274	275
273	274
272	273
271	272
278	279
277	278
276	277
275	276
282	283
281	282
280	281
279	280
286	287
285	286
284	285
283	284
257	258
258	259
255	256
256	257
261	262
262	263
259	260
260	261
265	266
266	267
263	264
264	265
269	270
270	271
267	268
268	269
304	305
303	304
306	307
305	306
308	309
307	308
310	311
309	310
312	313
311	312
314	315
313	314
316	317
315	316
318	319
317	318
287	288
288	289
289	290
290	291
291	292
292	293
293	294
294	295
295	296
296	297
297	298
298	299
299	300
300	301
301	302
302	303
342	343
341	342
340	341
339	340
338	339
337	338
336	337
335	336
350	351
349	350
348	349
347	348
346	347
345	346
344	345
343	344
325	326
326	327
323	324
324	325
321	322
322	323
319	320
320	321
333	334
334	335
331	332
332	333
329	330
330	331
327	328
328	329
372	373
371	372
374	375
373	374
368	369
367	368
370	371
369	370
380	381
379	380
382	383
381	382
376	377
375	376
378	379
377	378
355	356
356	357
357	358
358	359
351	352
352	353
353	354
354	355
363	364
364	365
365	366
366	367
359	360
360	361
361	362
362	363
409	410
410	411
407	408
408	409
413	414
414	415
411	412
412	413
401	402
402	403
399	400
400	401
405	406
406	407
403	404
404	405
394	395
393	394
392	393
391	392
398	399
397	398
396	397
395	396
386	387
385	386
384	385
383	384
390	391
389	390
388	389
387	388
439	440
440	441
441	442
442	443
443	444
444	445
445	446
446	447
431	432
432	433
433	434
434	435
435	436
436	437
437	438
438	439
424	425
423	424
426	427
425	426
428	429
427	428
430	431
429	430
416	417
415	416
418	419
417	418
420	421
419	420
422	423
421	422
477	478
478	479
475	476
476	477
473	474
474	475
471	472
472	473
469	470
470	471
467	468
468	469
465	466
466	467
463	464
464	465
462	463
461	462
460	461
459	460
458	459
457	458
456	457
455	456
454	455
453	454
452	453
451	452
450	451
449	450
448	449
447	448
507	508
508	509
509	510
510	511
503	504
504	505
505	506
506	507
499	500
500	501
501	502
502	503
495	496
496	497
497	498
498	499
492	493
491	492
494	495
493	494
488	489
487	488
490	491
489	490
484	485
483	484
486	487
485	486
480	481
479	480
482	483
481	482
549	550
550	551
547	548
548	549
545	546
546	547
543	544
544	545
557	558
558	559
555	556
556	557
553	554
554	555
551	552
552	553
566	567
565	566
564	565
563	564
562	563
561	562
560	561
559	560
574	575
573	574
572	573
571	572
570	571
569	570
568	569
567	568
515	516
516	517
517	518
518	519
511	512
512	513
513	514
514	515
523	524
524	525
525	526
526	527
519	520
520	521
521	522
522	523
532	533
531	532
534	535
533	534
528	529
527	528
530	531
529	530
540	541
539	540
542	543
541	542
536	537
535	536
538	539
537	538
609	610
610	611
607	608
608	609
613	614
614	615
611	612
612	613
617	618
618	619
615	616
616	617
621	622
622	623
619	620
620	621
626	627
625	626
624	625
623	624
630	631
629	630
628	629
627	628
634	635
633	634
632	633
631	632
638	639
637	638
636	637
635	636
575	576
576	577
577	578
578	579
579	580
580	581
581	582
582	583
583	584
584	585
585	586
586	587
587	588
588	589
589	590
590	591
592	593
591	592
594	595
593	594
596	597
595	596
598	599
597	598
600	601
599	600
602	603
601	602
604	605
603	604
606	607
605	606
686	687
685	686
684	685
683	684
682	683
681	682
680	681
679	680
678	679
677	678
676	677
675	676
674	675
673	674
672	673
671	672
701	702
702	703
699	700
700	701
697	698
698	699
695	696
696	697
693	694
694	695
691	692
692	693
689	690
690	691
687	688
688	689
652	653
651	652
654	655
653	654
648	649
647	648
650	651
649	650
644	645
643	644
646	647
645	646
640	641
639	640
642	643
641	642
667	668
668	669
669	670
670	671
663	664
664	665
665	666
666	667
659	660
660	661
661	662
662	663
655	656
656	657
657	658
658	659
746	747
745	746
744	745
743	744
750	751
749	750
748	749
747	748
738	739
737	738
736	737
735	736
742	743
741	742
740	741
739	740
761	762
762	763
759	760
760	761
765	766
766	767
763	764
764	765
753	754
754	755
751	752
752	753
757	758
758	759
755	756
756	757
712	713
711	712
714	715
713	714
716	717
715	716
718	719
717	718
704	705
703	704
706	707
705	706
708	709
707	708
710	711
709	710
727	728
728	729
729	730
730	731
731	732
732	733
733	734
734	735
719	720
720	721
721	722
722	723
723	724
724	725
725	726
726	727
820	821
819	820
822	823
821	822
816	817
815	816
818	819
817	818
828	829
827	828
830	831
829	830
824	825
823	824
826	827
825	826
803	804
804	805
805	806
806	807
799	800
800	801
801	802
802	803
811	812
812	813
813	814
814	815
807	808
808	809
809	810
810	811
790	791
789	790
788	789
787	788
786	787
785	786
784	785
783	784
798	799
797	798
796	797
795	796
794	795
793	794
792	793
791	792
773	774
774	775
771	772
772	773
769	770
770	771
767	768
768	769
781	782
782	783
779	780
780	781
777	778
778	779
775	776
776	777
880	881
879	880
882	883
881	882
884	885
883	884
886	887
885	886
888	889
887	888
890	891
889	890
892	893
891	892
894	895
893	894
863	864
864	865
865	866
866	867
867	868
868	869
869	870
870	871
871	872
872	873
873	874
874	875
875	876
876	877
877	878
878	879
850	851
849	850
848	849
847	848
854	855
853	854
852	853
851	852
858	859
857	858
856	857
855	856
862	863
861	862
860	861
859	860
833	834
834	835
831	832
832	833
837	838
838	839
835	836
836	837
841	842
842	843
839	840
840	841
845	846
846	847
843	844
844	845
955	956
956	957
957	958
958	959
951	952
952	953
953	954
954	955
947	948
948	949
949	950
950	951
943	944
944	945
945	946
946	947
940	941
939	940
942	943
941	942
936	937
935	936
938	939
937	938
932	933
931	932
934	935
933	934
928	929
927	928
930	931
929	930
925	926
926	927
923	924
924	925
921	922
922	923
919	920
920	921
917	918
918	919
915	916
916	917
913	914
914	915
911	912
912	913
910	911
909	910
908	909
907	908
906	907
905	906
904	905
903	904
902	903
901	902
900	901
899	900
898	899
897	898
896	897
895	896
1015	1016
1016	1017
1017	1018
1018	1019
1019	1020
1020	1021
1021	1022
1022	1023
1007	1008
1008	1009
1009	1010
1010	1011
1011	1012
1012	1013
1013	1014
1014	1015
1000	1001
999	1000
1002	1003
1001	1002
1004	1005
1003	1004
1006	1007
1005	1006
992	993
991	992
994	995
993	994
996	997
995	996
998	999
997	998
985	986
986	987
983	984
984	985
989	990
990	991
987	988
988	989
977	978
978	979
975	976
976	977
981	982
982	983
979	980
980	981
970	971
969	970
968	969
967	968
974	975
973	974
972	973
971	972
962	963
961	962
960	961
959	960
966	967
965	966
964	965
963	964
1099	1100
1100	1101
1101	1102
1102	1103
1095	1096
1096	1097
1097	1098
1098	1099
1091	1092
1092	1093
1093	1094
1094	1095
1087	1088
1088	1089
1089	1090
1090	1091
1116	1117
1115	1116
1118	1119
1117	1118
1112	1113
1111	1112
1114	1115
1113	1114
1108	1109
1107	1108
1110	1111
1109	1110
1104	1105
1103	1104
1106	1107
1105	1106
1133	1134
1134	1135
1131	1132
1132	1133
1129	1130
1130	1131
1127	1128
1128	1129
1125	1126
1126	1127
1123	1124
1124	1125
1121	1122
1122	1123
1119	1120
1120	1121
1150	1151
1149	1150
1148	1149
1147	1148
1146	1147
1145	1146
1144	1145
1143	1144
1142	1143
1141	1142
1140	1141
1139	1140
1138	1139
1137	1138
1136	1137
1135	1136
1031	1032
1032	1033
1033	1034
1034	1035
1035	1036
1036	1037
1037	1038
1038	1039
1023	1024
1024	1025
1025	1026
1026	1027
1027	1028
1028	1029
1029	1030
1030	1031
1048	1049
1047	1048
1050	1051
1049	1050
1052	1053
1051	1052
1054	1055
1053	1054
1040	1041
1039	1040
1042	1043
1041	1042
1044	1045
1043	1044
1046	1047
1045	1046
1065	1066
1066	1067
1063	1064
1064	1065
1069	1070
1070	1071
1067	1068
1068	1069
1057	1058
1058	1059
1055	1056
1056	1057
1061	1062
1062	1063
1059	1060
1060	1061
1082	1083
1081	1082
1080	1081
1079	1080
1086	1087
1085	1086
1084	1085
1083	1084
1074	1075
1073	1074
1072	1073
1071	1072
1078	1079
1077	1078
1076	1077
1075	1076
1220	1221
1219	1220
1222	1223
1221	1222
1216	1217
1215	1216
1218	1219
1217	1218
1228	1229
1227	1228
1230	1231
1229	1230
1224	1225
1223	1224
1226	1227
1225	1226
1235	1236
1236	1237
1237	1238
1238	1239
1231	1232
1232	1233
1233	1234
1234	1235
1243	1244
1244	1245
1245	1246
1246	1247
1239	1240
1240	1241
1241	1242
1242	1243
1254	1255
1253	1254
1252	1253
1251	1252
1250	1251
1249	1250
1248	1249
1247	1248
1262	1263
1261	1262
1260	1261
1259	1260
1258	1259
1257	1258
1256	1257
1255	1256
1269	1270
1270	1271
1267	1268
1268	1269
1265	1266
1266	1267
1263	1264
1264	1265
1277	1278
1278	1279
1275	1276
1276	1277
1273	1274
1274	1275
1271	1272
1272	1273
1152	1153
1151	1152
1154	1155
1153	1154
1156	1157
1155	1156
1158	1159
1157	1158
1160	1161
1159	1160
1162	1163
1161	1162
1164	1165
1163	1164
1166	1167
1165	1166
1167	1168
1168	1169
1169	1170
1170	1171
1171	1172
1172	1173
1173	1174
1174	1175
1175	1176
1176	1177
1177	1178
1178	1179
1179	1180
1180	1181
1181	1182
1182	1183
1186	1187
1185	1186
1184	1185
1183	1184
1190	1191
1189	1190
1188	1189
1187	1188
1194	1195
1193	1194
1192	1193
1191	1192
1198	1199
1197	1198
1196	1197
1195	1196
1201	1202
1202	1203
1199	1200
1200	1201
1205	1206
1206	1207
1203	1204
1204	1205
1209	1210
1210	1211
1207	1208
1208	1209
1213	1214
1214	1215
1211	1212
1212	1213
1374	1375
1373	1374
1372	1373
1371	1372
1370	1371
1369	1370
1368	1369
1367	1368
1366	1367
1365	1366
1364	1365
1363	1364
1362	1363
1361	1362
1360	1361
1359	1360
1357	1358
1358	1359
1355	1356
1356	1357
1353	1354
1354	1355
1351	1352
1352	1353
1349	1350
1350	1351
1347	1348
1348	1349
1345	1346
1346	1347
1343	1344
1344	1345
1404	1405
1403	1404
1406	1407
1405	1406
1400	1401
1399	1400
1402	1403
1401	1402
1396	1397
1395	1396
1398	1399
1397	1398
1392	1393
1391	1392
1394	1395
1393	1394
1387	1388
1388	1389
1389	1390
1390	1391
1383	1384
1384	1385
1385	1386
1386	1387
1379	1380
1380	1381
1381	1382
1382	1383
1375	1376
1376	1377
1377	1378
1378	1379
1306	1307
1305	1306
1304	1305
1303	1304
1310	1311
1309	1310
1308	1309
1307	1308
1298	1299
1297	1298
1296	1297
1295	1296
1302	1303
1301	1302
1300	1301
1299	1300
1289	1290
1290	1291
1287	1288
1288	1289
1293	1294
1294	1295
1291	1292
1292	1293
1281	1282
1282	1283
1279	1280
1280	1281
1285	1286
1286	1287
1283	1284
1284	1285
1336	1337
1335	1336
1338	1339
1337	1338
1340	1341
1339	1340
1342	1343
1341	1342
1328	1329
1327	1328
1330	1331
1329	1330
1332	1333
1331	1332
1334	1335
1333	1334
1319	1320
1320	1321
1321	1322
1322	1323
1323	1324
1324	1325
1325	1326
1326	1327
1311	1312
1312	1313
1313	1314
1314	1315
1315	1316
1316	1317
1317	1318
1318	1319
1493	1494
1494	1495
1491	1492
1492	1493
1489	1490
1490	1491
1487	1488
1488	1489
1501	1502
1502	1503
1499	1500
1500	1501
1497	1498
1498	1499
1495	1496
1496	1497
1478	1479
1477	1478
1476	1477
1475	1476
1474	1475
1473	1474
1472	1473
1471	1472
1486	1487
1485	1486
1484	1485
1483	1484
1482	1483
1481	1482
1480	1481
1479	1480
1523	1524
1524	1525
1525	1526
1526	1527
1519	1520
1520	1521
1521	1522
1522	1523
1531	1532
1532	1533
1533	1534
1534	1535
1527	1528
1528	1529
1529	1530
1530	1531
1508	1509
1507	1508
1510	1511
1509	1510
1504	1505
1503	1504
1506	1507
1505	1506
1516	1517
1515	1516
1518	1519
1517	1518
1512	1513
1511	1512
1514	1515
1513	1514
1425	1426
1426	1427
1423	1424
1424	1425
1429	1430
1430	1431
1427	1428
1428	1429
1433	1434
1434	1435
1431	1432
1432	1433
1437	1438
1438	1439
1435	1436
1436	1437
1410	1411
1409	1410
1408	1409
1407	1408
1414	1415
1413	1414
1412	1413
1411	1412
1418	1419
1417	1418
1416	1417
1415	1416
1422	1423
1421	1422
1420	1421
1419	1420
1455	1456
1456	1457
1457	1458
1458	1459
1459	1460
1460	1461
1461	1462
1462	1463
1463	1464
1464	1465
1465	1466
1466	1467
1467	1468
1468	1469
1469	1470
1470	1471
1440	1441
1439	1440
1442	1443
1441	1442
1444	1445
1443	1444
1446	1447
1445	1446
1448	1449
1447	1448
1450	1451
1449	1450
1452	1453
1451	1452
1454	1455
1453	1454
1641	1642
1642	1643
1639	1640
1640	1641
1645	1646
1646	1647
1643	1644
1644	1645
1633	1634
1634	1635
1631	1632
1632	1633
1637	1638
1638	1639
1635	1636
1636	1637
1658	1659
1657	1658
1656	1657
1655	1656
1662	1663
1661	1662
1660	1661
1659	1660
1650	1651
1649	1650
1648	1649
1647	1648
1654	1655
1653	1654
1652	1653
1651	1652
1607	1608
1608	1609
1609	1610
1610	1611
1611	1612
1612	1613
1613	1614
1614	1615
1599	1600
1600	1601
1601	1602
1602	1603
1603	1604
1604	1605
1605	1606
1606	1607
1624	1625
1623	1624
1626	1627
1625	1626
1628	1629
1627	1628
1630	1631
1629	1630
1616	1617
1615	1616
1618	1619
1617	1618
1620	1621
1619	1620
1622	1623
1621	1622
1581	1582
1582	1583
1579	1580
1580	1581
1577	1578
1578	1579
1575	1576
1576	1577
1573	1574
1574	1575
1571	1572
1572	1573
1569	1570
1570	1571
1567	1568
1568	1569
1598	1599
1597	1598
1596	1597
1595	1596
1594	1595
1593	1594
1592	1593
1591	1592
1590	1591
1589	1590
1588	1589
1587	1588
1586	1587
1585	1586
1584	1585
1583	1584
1547	1548
1548	1549
1549	1550
1550	1551
1543	1544
1544	1545
1545	1546
1546	1547
1539	1540
1540	1541
1541	1542
1542	1543
1535	1536
1536	1537
1537	1538
1538	1539
1564	1565
1563	1564
1566	1567
1565	1566
1560	1561
1559	1560
1562	1563
1561	1562
1556	1557
1555	1556
1558	1559
1557	1558
1552	1553
1551	1552
1554	1555
1553	1554
1762	1763
1761	1762
1760	1761
1759	1760
1766	1767
1765	1766
1764	1765
1763	1764
1770	1771
1769	1770
1768	1769
1767	1768
1774	1775
1773	1774
1772	1773
1771	1772
1777	1778
1778	1779
1775	1776
1776	1777
1781	1782
1782	1783
1779	1780
1780	1781
1785	1786
1786	1787
1783	1784
1784	1785
1789	1790
1790	1791
1787	1788
1788	1789
1728	1729
1727	1728
1730	1731
1729	1730
1732	1733
1731	1732
1734	1735
1733	1734
1736	1737
1735	1736
1738	1739
1737	1738
1740	1741
1739	1740
1742	1743
1741	1742
1743	1744
1744	1745
1745	1746
1746	1747
1747	1748
1748	1749
1749	1750
1750	1751
1751	1752
1752	1753
1753	1754
1754	1755
1755	1756
1756	1757
1757	1758
1758	1759
1702	1703
1701	1702
1700	1701
1699	1700
1698	1699
1697	1698
1696	1697
1695	1696
1710	1711
1709	1710
1708	1709
1707	1708
1706	1707
1705	1706
1704	1705
1703	1704
1717	1718
1718	1719
1715	1716
1716	1717
1713	1714
1714	1715
1711	1712
1712	1713
1725	1726
1726	1727
1723	1724
1724	1725
1721	1722
1722	1723
1719	1720
1720	1721
1668	1669
1667	1668
1670	1671
1669	1670
1664	1665
1663	1664
1666	1667
1665	1666
1676	1677
1675	1676
1678	1679
1677	1678
1672	1673
1671	1672
1674	1675
1673	1674
1683	1684
1684	1685
1685	1686
1686	1687
1679	1680
1680	1681
1681	1682
1682	1683
1691	1692
1692	1693
1693	1694
1694	1695
1687	1688
1688	1689
1689	1690
1690	1691
1912	1913
1911	1912
1914	1915
1913	1914
1916	1917
1915	1916
1918	1919
1917	1918
1904	1905
1903	1904
1906	1907
1905	1906
1908	1909
1907	1908
1910	1911
1909	1910
1895	1896
1896	1897
1897	1898
1898	1899
1899	1900
1900	1901
1901	1902
1902	1903
1887	1888
1888	1889
1889	1890
1890	1891
1891	1892
1892	1893
1893	1894
1894	1895
1882	1883
1881	1882
1880	1881
1879	1880
1886	1887
1885	1886
1884	1885
1883	1884
1874	1875
1873	1874
1872	1873
1871	1872
1878	1879
1877	1878
1876	1877
1875	1876
1865	1866
1866	1867
1863	1864
1864	1865
1869	1870
1870	1871
1867	1868
1868	1869
1857	1858
1858	1859
1855	1856
1856	1857
1861	1862
1862	1863
1859	1860
1860	1861
1852	1853
1851	1852
1854	1855
1853	1854
1848	1849
1847	1848
1850	1851
1849	1850
1844	1845
1843	1844
1846	1847
1845	1846
1840	1841
1839	1840
1842	1843
1841	1842
1835	1836
1836	1837
1837	1838
1838	1839
1831	1832
1832	1833
1833	1834
1834	1835
1827	1828
1828	1829
1829	1830
1830	1831
1823	1824
1824	1825
1825	1826
1826	1827
1822	1823
1821	1822
1820	1821
1819	1820
1818	1819
1817	1818
1816	1817
1815	1816
1814	1815
1813	1814
1812	1813
1811	1812
1810	1811
1809	1810
1808	1809
1807	1808
1805	1806
1806	1807
1803	1804
1804	1805
1801	1802
1802	1803
1799	1800
1800	1801
1797	1798
1798	1799
1795	1796
1796	1797
1793	1794
1794	1795
1791	1792
1792	1793
2031	2032
2032	2033
2033	2034
2034	2035
2035	2036
2036	2037
2037	2038
2038	2039
2039	2040
2040	2041
2041	2042
2042	2043
2043	2044
2044	2045
2045	2046
2046	2047
2016	2017
2015	2016
2018	2019
2017	2018
2020	2021
2019	2020
2022	2023
2021	2022
2024	2025
2023	2024
2026	2027
2025	2026
2028	2029
2027	2028
2030	2031
2029	2030
2001	2002
2002	2003
1999	2000
2000	2001
2005	2006
2006	2007
2003	2004
2004	2005
2009	2010
2010	2011
2007	2008
2008	2009
2013	2014
2014	2015
2011	2012
2012	2013
1986	1987
1985	1986
1984	1985
1983	1984
1990	1991
1989	1990
1988	1989
1987	1988
1994	1995
1993	1994
1992	1993
1991	1992
1998	1999
1997	1998
1996	1997
1995	1996
1971	1972
1972	1973
1973	1974
1974	1975
1967	1968
1968	1969
1969	1970
1970	1971
1979	1980
1980	1981
1981	1982
1982	1983
1975	1976
1976	1977
1977	1978
1978	1979
1956	1957
1955	1956
1958	1959
1957	1958
1952	1953
1951	1952
1954	1955
1953	1954
1964	1965
1963	1964
1966	1967
1965	1966
1960	1961
1959	1960
1962	1963
1961	1962
1941	1942
1942	1943
1939	1940
1940	1941
1937	1938
1938	1939
1935	1936
1936	1937
1949	1950
1950	1951
1947	1948
1948	1949
1945	1946
1946	1947
1943	1944
1944	1945
1926	1927
1925	1926
1924	1925
1923	1924
1922	1923
1921	1922
1920	1921
1919	1920
1934	1935
1933	1934
1932	1933
1931	1932
1930	1931
1929	1930
1928	1929
1927	1928
2199	2200
2200	2201
2201	2202
2202	2203
2203	2204
2204	2205
2205	2206
2206	2207
2191	2192
2192	2193
2193	2194
2194	2195
2195	2196
2196	2197
2197	2198
2198	2199
2184	2185
2183	2184
2186	2187
2185	2186
2188	2189
2187	2188
2190	2191
2189	2190
2176	2177
2175	2176
2178	2179
2177	2178
2180	2181
2179	2180
2182	2183
2181	2182
2233	2234
2234	2235
2231	2232
2232	2233
2237	2238
2238	2239
2235	2236
2236	2237
2225	2226
2226	2227
2223	2224
2224	2225
2229	2230
2230	2231
2227	2228
2228	2229
2218	2219
2217	2218
2216	2217
2215	2216
2222	2223
2221	2222
2220	2221
2219	2220
2210	2211
2209	2210
2208	2209
2207	2208
2214	2215
2213	2214
2212	2213
2211	2212
2267	2268
2268	2269
2269	2270
2270	2271
2263	2264
2264	2265
2265	2266
2266	2267
2259	2260
2260	2261
2261	2262
2262	2263
2255	2256
2256	2257
2257	2258
2258	2259
2252	2253
2251	2252
2254	2255
2253	2254
2248	2249
2247	2248
2250	2251
2249	2250
2244	2245
2243	2244
2246	2247
2245	2246
2240	2241
2239	2240
2242	2243
2241	2242
2301	2302
2302	2303
2299	2300
2300	2301
2297	2298
2298	2299
2295	2296
2296	2297
2293	2294
2294	2295
2291	2292
2292	2293
2289	2290
2290	2291
2287	2288
2288	2289
2286	2287
2285	2286
2284	2285
2283	2284
2282	2283
2281	2282
2280	2281
2279	2280
2278	2279
2277	2278
2276	2277
2275	2276
2274	2275
2273	2274
2272	2273
2271	2272
2064	2065
2063	2064
2066	2067
2065	2066
2068	2069
2067	2068
2070	2071
2069	2070
2072	2073
2071	2072
2074	2075
2073	2074
2076	2077
2075	2076
2078	2079
2077	2078
2047	2048
2048	2049
2049	2050
2050	2051
2051	2052
2052	2053
2053	2054
2054	2055
2055	2056
2056	2057
2057	2058
2058	2059
2059	2060
2060	2061
2061	2062
2062	2063
2098	2099
2097	2098
2096	2097
2095	2096
2102	2103
2101	2102
2100	2101
2099	2100
2106	2107
2105	2106
2104	2105
2103	2104
2110	2111
2109	2110
2108	2109
2107	2108
2081	2082
2082	2083
2079	2080
2080	2081
2085	2086
2086	2087
2083	2084
2084	2085
2089	2090
2090	2091
2087	2088
2088	2089
2093	2094
2094	2095
2091	2092
2092	2093
2132	2133
2131	2132
2134	2135
2133	2134
2128	2129
2127	2128
2130	2131
2129	2130
2140	2141
2139	2140
2142	2143
2141	2142
2136	2137
2135	2136
2138	2139
2137	2138
2115	2116
2116	2117
2117	2118
2118	2119
2111	2112
2112	2113
2113	2114
2114	2115
2123	2124
2124	2125
2125	2126
2126	2127
2119	2120
2120	2121
2121	2122
2122	2123
2166	2167
2165	2166
2164	2165
2163	2164
2162	2163
2161	2162
2160	2161
2159	2160
2174	2175
2173	2174
2172	2173
2171	2172
2170	2171
2169	2170
2168	2169
2167	2168
2149	2150
2150	2151
2147	2148
2148	2149
2145	2146
2146	2147
2143	2144
2144	2145
2157	2158
2158	2159
2155	2156
2156	2157
2153	2154
2154	2155
2151	2152
2152	2153
2442	2443
2441	2442
2440	2441
2439	2440
2446	2447
2445	2446
2444	2445
2443	2444
2434	2435
2433	2434
2432	2433
2431	2432
2438	2439
2437	2438
2436	2437
2435	2436
2457	2458
2458	2459
2455	2456
2456	2457
2461	2462
2462	2463
2459	2460
2460	2461
2449	2450
2450	2451
2447	2448
2448	2449
2453	2454
2454	2455
2451	2452
2452	2453
2472	2473
2471	2472
2474	2475
2473	2474
2476	2477
2475	2476
2478	2479
2477	2478
2464	2465
2463	2464
2466	2467
2465	2466
2468	2469
2467	2468
2470	2471
2469	2470
2487	2488
2488	2489
2489	2490
2490	2491
2491	2492
2492	2493
2493	2494
2494	2495
2479	2480
2480	2481
2481	2482
2482	2483
2483	2484
2484	2485
2485	2486
2486	2487
2510	2511
2509	2510
2508	2509
2507	2508
2506	2507
2505	2506
2504	2505
2503	2504
2502	2503
2501	2502
2500	2501
2499	2500
2498	2499
2497	2498
2496	2497
2495	2496
2525	2526
2526	2527
2523	2524
2524	2525
2521	2522
2522	2523
2519	2520
2520	2521
2517	2518
2518	2519
2515	2516
2516	2517
2513	2514
2514	2515
2511	2512
2512	2513
2540	2541
2539	2540
2542	2543
2541	2542
2536	2537
2535	2536
2538	2539
2537	2538
2532	2533
2531	2532
2534	2535
2533	2534
2528	2529
2527	2528
2530	2531
2529	2530
2555	2556
2556	2557
2557	2558
2558	2559
2551	2552
2552	2553
2553	2554
2554	2555
2547	2548
2548	2549
2549	2550
2550	2551
2543	2544
2544	2545
2545	2546
2546	2547
2305	2306
2306	2307
2303	2304
2304	2305
2309	2310
2310	2311
2307	2308
2308	2309
2313	2314
2314	2315
2311	2312
2312	2313
2317	2318
2318	2319
2315	2316
2316	2317
2322	2323
2321	2322
2320	2321
2319	2320
2326	2327
2325	2326
2324	2325
2323	2324
2330	2331
2329	2330
2328	2329
2327	2328
2334	2335
2333	2334
2332	2333
2331	2332
2335	2336
2336	2337
2337	2338
2338	2339
2339	2340
2340	2341
2341	2342
2342	2343
2343	2344
2344	2345
2345	2346
2346	2347
2347	2348
2348	2349
2349	2350
2350	2351
2352	2353
2351	2352
2354	2355
2353	2354
2356	2357
2355	2356
2358	2359
2357	2358
2360	2361
2359	2360
2362	2363
2361	2362
2364	2365
2363	2364
2366	2367
2365	2366
2373	2374
2374	2375
2371	2372
2372	2373
2369	2370
2370	2371
2367	2368
2368	2369
2381	2382
2382	2383
2379	2380
2380	2381
2377	2378
2378	2379
2375	2376
2376	2377
2390	2391
2389	2390
2388	2389
2387	2388
2386	2387
2385	2386
2384	2385
2383	2384
2398	2399
2397	2398
2396	2397
2395	2396
2394	2395
2393	2394
2392	2393
2391	2392
2403	2404
2404	2405
2405	2406
2406	2407
2399	2400
2400	2401
2401	2402
2402	2403
2411	2412
2412	2413
2413	2414
2414	2415
2407	2408
2408	2409
2409	2410
2410	2411
2420	2421
2419	2420
2422	2423
2421	2422
2416	2417
2415	2416
2418	2419
2417	2418
2428	2429
2427	2428
2430	2431
2429	2430
2424	2425
2423	2424
2426	2427
2425	2426
2749	2750
2750	2751
2747	2748
2748	2749
2745	2746
2746	2747
2743	2744
2744	2745
2741	2742
2742	2743
2739	2740
2740	2741
2737	2738
2738	2739
2735	2736
2736	2737
2734	2735
2733	2734
2732	2733
2731	2732
2730	2731
2729	2730
2728	2729
2727	2728
2726	2727
2725	2726
2724	2725
2723	2724
2722	2723
2721	2722
2720	2721
2719	2720
2715	2716
2716	2717
2717	2718
2718	2719
2711	2712
2712	2713
2713	2714
2714	2715
2707	2708
2708	2709
2709	2710
2710	2711
2703	2704
2704	2705
2705	2706
2706	2707
2700	2701
2699	2700
2702	2703
2701	2702
2696	2697
2695	2696
2698	2699
2697	2698
2692	2693
2691	2692
2694	2695
2693	2694
2688	2689
2687	2688
2690	2691
2689	2690
2809	2810
2810	2811
2807	2808
2808	2809
2813	2814
2814	2815
2811	2812
2812	2813
2801	2802
2802	2803
2799	2800
2800	2801
2805	2806
2806	2807
2803	2804
2804	2805
2794	2795
2793	2794
2792	2793
2791	2792
2798	2799
2797	2798
2796	2797
2795	2796
2786	2787
2785	2786
2784	2785
2783	2784
2790	2791
2789	2790
2788	2789
2787	2788
2775	2776
2776	2777
2777	2778
2778	2779
2779	2780
2780	2781
2781	2782
2782	2783
2767	2768
2768	2769
2769	2770
2770	2771
2771	2772
2772	2773
2773	2774
2774	2775
2760	2761
2759	2760
2762	2763
2761	2762
2764	2765
2763	2764
2766	2767
2765	2766
2752	2753
2751	2752
2754	2755
2753	2754
2756	2757
2755	2756
2758	2759
2757	2758
2614	2615
2613	2614
2612	2613
2611	2612
2610	2611
2609	2610
2608	2609
2607	2608
2622	2623
2621	2622
2620	2621
2619	2620
2618	2619
2617	2618
2616	2617
2615	2616
2597	2598
2598	2599
2595	2596
2596	2597
2593	2594
2594	2595
2591	2592
2592	2593
2605	2606
2606	2607
2603	2604
2604	2605
2601	2602
2602	2603
2599	2600
2600	2601
2580	2581
2579	2580
2582	2583
2581	2582
2576	2577
2575	2576
2578	2579
2577	2578
2588	2589
2587	2588
2590	2591
2589	2590
2584	2585
2583	2584
2586	2587
2585	2586
2563	2564
2564	2565
2565	2566
2566	2567
2559	2560
2560	2561
2561	2562
2562	2563
2571	2572
2572	2573
2573	2574
2574	2575
2567	2568
2568	2569
2569	2570
2570	2571
2674	2675
2673	2674
2672	2673
2671	2672
2678	2679
2677	2678
2676	2677
2675	2676
2682	2683
2681	2682
2680	2681
2679	2680
2686	2687
2685	2686
2684	2685
2683	2684
2657	2658
2658	2659
2655	2656
2656	2657
2661	2662
2662	2663
2659	2660
2660	2661
2665	2666
2666	2667
2663	2664
2664	2665
2669	2670
2670	2671
2667	2668
2668	2669
2640	2641
2639	2640
2642	2643
2641	2642
2644	2645
2643	2644
2646	2647
2645	2646
2648	2649
2647	2648
2650	2651
2649	2650
2652	2653
2651	2652
2654	2655
2653	2654
2623	2624
2624	2625
2625	2626
2626	2627
2627	2628
2628	2629
2629	2630
2630	2631
2631	2632
2632	2633
2633	2634
2634	2635
2635	2636
2636	2637
2637	2638
2638	2639
2988	2989
2987	2988
2990	2991
2989	2990
2984	2985
2983	2984
2986	2987
2985	2986
2980	2981
2979	2980
2982	2983
2981	2982
2976	2977
2975	2976
2978	2979
2977	2978
3003	3004
3004	3005
3005	3006
3006	3007
2999	3000
3000	3001
3001	3002
3002	3003
2995	2996
2996	2997
2997	2998
2998	2999
2991	2992
2992	2993
2993	2994
2994	2995
2958	2959
2957	2958
2956	2957
2955	2956
2954	2955
2953	2954
2952	2953
2951	2952
2950	2951
2949	2950
2948	2949
2947	2948
2946	2947
2945	2946
2944	2945
2943	2944
2973	2974
2974	2975
2971	2972
2972	2973
2969	2970
2970	2971
2967	2968
2968	2969
2965	2966
2966	2967
2963	2964
2964	2965
2961	2962
2962	2963
2959	2960
2960	2961
3048	3049
3047	3048
3050	3051
3049	3050
3052	3053
3051	3052
3054	3055
3053	3054
3040	3041
3039	3040
3042	3043
3041	3042
3044	3045
3043	3044
3046	3047
3045	3046
3063	3064
3064	3065
3065	3066
3066	3067
3067	3068
3068	3069
3069	3070
3070	3071
3055	3056
3056	3057
3057	3058
3058	3059
3059	3060
3060	3061
3061	3062
3062	3063
3018	3019
3017	3018
3016	3017
3015	3016
3022	3023
3021	3022
3020	3021
3019	3020
3010	3011
3009	3010
3008	3009
3007	3008
3014	3015
3013	3014
3012	3013
3011	3012
3033	3034
3034	3035
3031	3032
3032	3033
3037	3038
3038	3039
3035	3036
3036	3037
3025	3026
3026	3027
3023	3024
3024	3025
3029	3030
3030	3031
3027	3028
3028	3029
2851	2852
2852	2853
2853	2854
2854	2855
2847	2848
2848	2849
2849	2850
2850	2851
2859	2860
2860	2861
2861	2862
2862	2863
2855	2856
2856	2857
2857	2858
2858	2859
2868	2869
2867	2868
2870	2871
2869	2870
2864	2865
2863	2864
2866	2867
2865	2866
2876	2877
2875	2876
2878	2879
2877	2878
2872	2873
2871	2872
2874	2875
2873	2874
2821	2822
2822	2823
2819	2820
2820	2821
2817	2818
2818	2819
2815	2816
2816	2817
2829	2830
2830	2831
2827	2828
2828	2829
2825	2826
2826	2827
2823	2824
2824	2825
2838	2839
2837	2838
2836	2837
2835	2836
2834	2835
2833	2834
2832	2833
2831	2832
2846	2847
2845	2846
2844	2845
2843	2844
2842	2843
2841	2842
2840	2841
2839	2840
2911	2912
2912	2913
2913	2914
2914	2915
2915	2916
2916	2917
2917	2918
2918	2919
2919	2920
2920	2921
2921	2922
2922	2923
2923	2924
2924	2925
2925	2926
2926	2927
2928	2929
2927	2928
2930	2931
2929	2930
2932	2933
2931	2932
2934	2935
2933	2934
2936	2937
2935	2936
2938	2939
2937	2938
2940	2941
2939	2940
2942	2943
2941	2942
2881	2882
2882	2883
2879	2880
2880	2881
2885	2886
2886	2887
2883	2884
2884	2885
2889	2890
2890	2891
2887	2888
2888	2889
2893	2894
2894	2895
2891	2892
2892	2893
2898	2899
2897	2898
2896	2897
2895	2896
2902	2903
2901	2902
2900	2901
2899	2900
2906	2907
2905	2906
2904	2905
2903	2904
2910	2911
2909	2910
2908	2909
2907	2908
3283	3284
3284	3285
3285	3286
3286	3287
3279	3280
3280	3281
3281	3282
3282	3283
3291	3292
3292	3293
3293	3294
3294	3295
3287	3288
3288	3289
3289	3290
3290	3291
3268	3269
3267	3268
3270	3271
3269	3270
3264	3265
3263	3264
3266	3267
3265	3266
3276	3277
3275	3276
3278	3279
3277	3278
3272	3273
3271	3272
3274	3275
3273	3274
3317	3318
3318	3319
3315	3316
3316	3317
3313	3314
3314	3315
3311	3312
3312	3313
3325	3326
3326	3327
3323	3324
3324	3325
3321	3322
3322	3323
3319	3320
3320	3321
3302	3303
3301	3302
3300	3301
3299	3300
3298	3299
3297	3298
3296	3297
3295	3296
3310	3311
3309	3310
3308	3309
3307	3308
3306	3307
3305	3306
3304	3305
3303	3304
3215	3216
3216	3217
3217	3218
3218	3219
3219	3220
3220	3221
3221	3222
3222	3223
3223	3224
3224	3225
3225	3226
3226	3227
3227	3228
3228	3229
3229	3230
3230	3231
3200	3201
3199	3200
3202	3203
3201	3202
3204	3205
3203	3204
3206	3207
3205	3206
3208	3209
3207	3208
3210	3211
3209	3210
3212	3213
3211	3212
3214	3215
3213	3214
3249	3250
3250	3251
3247	3248
3248	3249
3253	3254
3254	3255
3251	3252
3252	3253
3257	3258
3258	3259
3255	3256
3256	3257
3261	3262
3262	3263
3259	3260
3260	3261
3234	3235
3233	3234
3232	3233
3231	3232
3238	3239
3237	3238
3236	3237
3235	3236
3242	3243
3241	3242
3240	3241
3239	3240
3246	3247
3245	3246
3244	3245
3243	3244
3164	3165
3163	3164
3166	3167
3165	3166
3160	3161
3159	3160
3162	3163
3161	3162
3156	3157
3155	3156
3158	3159
3157	3158
3152	3153
3151	3152
3154	3155
3153	3154
3147	3148
3148	3149
3149	3150
3150	3151
3143	3144
3144	3145
3145	3146
3146	3147
3139	3140
3140	3141
3141	3142
3142	3143
3135	3136
3136	3137
3137	3138
3138	3139
3198	3199
3197	3198
3196	3197
3195	3196
3194	3195
3193	3194
3192	3193
3191	3192
3190	3191
3189	3190
3188	3189
3187	3188
3186	3187
3185	3186
3184	3185
3183	3184
3181	3182
3182	3183
3179	3180
3180	3181
3177	3178
3178	3179
3175	3176
3176	3177
3173	3174
3174	3175
3171	3172
3172	3173
3169	3170
3170	3171
3167	3168
3168	3169
3096	3097
3095	3096
3098	3099
3097	3098
3100	3101
3099	3100
3102	3103
3101	3102
3088	3089
3087	3088
3090	3091
3089	3090
3092	3093
3091	3092
3094	3095
3093	3094
3079	3080
3080	3081
3081	3082
3082	3083
3083	3084
3084	3085
3085	3086
3086	3087
3071	3072
3072	3073
3073	3074
3074	3075
3075	3076
3076	3077
3077	3078
3078	3079
3130	3131
3129	3130
3128	3129
3127	3128
3134	3135
3133	3134
3132	3133
3131	3132
3122	3123
3121	3122
3120	3121
3119	3120
3126	3127
3125	3126
3124	3125
3123	3124
3113	3114
3114	3115
3111	3112
3112	3113
3117	3118
3118	3119
3115	3116
3116	3117
3105	3106
3106	3107
3103	3104
3104	3105
3109	3110
3110	3111
3107	3108
3108	3109
3526	3527
3525	3526
3524	3525
3523	3524
3522	3523
3521	3522
3520	3521
3519	3520
3534	3535
3533	3534
3532	3533
3531	3532
3530	3531
3529	3530
3528	3529
3527	3528
3541	3542
3542	3543
3539	3540
3540	3541
3537	3538
3538	3539
3535	3536
3536	3537
3549	3550
3550	3551
3547	3548
3548	3549
3545	3546
3546	3547
3543	3544
3544	3545
3556	3557
3555	3556
3558	3559
3557	3558
3552	3553
3551	3552
3554	3555
3553	3554
3564	3565
3563	3564
3566	3567
3565	3566
3560	3561
3559	3560
3562	3563
3561	3562
3571	3572
3572	3573
3573	3574
3574	3575
3567	3568
3568	3569
3569	3570
3570	3571
3579	3580
3580	3581
3581	3582
3582	3583
3575	3576
3576	3577
3577	3578
3578	3579
3458	3459
3457	3458
3456	3457
3455	3456
3462	3463
3461	3462
3460	3461
3459	3460
3466	3467
3465	3466
3464	3465
3463	3464
3470	3471
3469	3470
3468	3469
3467	3468
3473	3474
3474	3475
3471	3472
3472	3473
3477	3478
3478	3479
3475	3476
3476	3477
3481	3482
3482	3483
3479	3480
3480	3481
3485	3486
3486	3487
3483	3484
3484	3485
3488	3489
3487	3488
3490	3491
3489	3490
3492	3493
3491	3492
3494	3495
3493	3494
3496	3497
3495	3496
3498	3499
3497	3498
3500	3501
3499	3500
3502	3503
3501	3502
3503	3504
3504	3505
3505	3506
3506	3507
3507	3508
3508	3509
3509	3510
3510	3511
3511	3512
3512	3513
3513	3514
3514	3515
3515	3516
3516	3517
3517	3518
3518	3519
3405	3406
3406	3407
3403	3404
3404	3405
3401	3402
3402	3403
3399	3400
3400	3401
3397	3398
3398	3399
3395	3396
3396	3397
3393	3394
3394	3395
3391	3392
3392	3393
3422	3423
3421	3422
3420	3421
3419	3420
3418	3419
3417	3418
3416	3417
3415	3416
3414	3415
3413	3414
3412	3413
3411	3412
3410	3411
3409	3410
3408	3409
3407	3408
3435	3436
3436	3437
3437	3438
3438	3439
3431	3432
3432	3433
3433	3434
3434	3435
3427	3428
3428	3429
3429	3430
3430	3431
3423	3424
3424	3425
3425	3426
3426	3427
3452	3453
3451	3452
3454	3455
3453	3454
3448	3449
3447	3448
3450	3451
3449	3450
3444	3445
3443	3444
3446	3447
3445	3446
3440	3441
3439	3440
3442	3443
3441	3442
3337	3338
3338	3339
3335	3336
3336	3337
3341	3342
3342	3343
3339	3340
3340	3341
3329	3330
3330	3331
3327	3328
3328	3329
3333	3334
3334	3335
3331	3332
3332	3333
3354	3355
3353	3354
3352	3353
3351	3352
3358	3359
3357	3358
3356	3357
3355	3356
3346	3347
3345	3346
3344	3345
3343	3344
3350	3351
3349	3350
3348	3349
3347	3348
3367	3368
3368	3369
3369	3370
3370	3371
3371	3372
3372	3373
3373	3374
3374	3375
3359	3360
3360	3361
3361	3362
3362	3363
3363	3364
3364	3365
3365	3366
3366	3367
3384	3385
3383	3384
3386	3387
3385	3386
3388	3389
3387	3388
3390	3391
3389	3390
3376	3377
3375	3376
3378	3379
3377	3378
3380	3381
3379	3380
3382	3383
3381	3382
3825	3826
3826	3827
3823	3824
3824	3825
3829	3830
3830	3831
3827	3828
3828	3829
3833	3834
3834	3835
3831	3832
3832	3833
3837	3838
3838	3839
3835	3836
3836	3837
3810	3811
3809	3810
3808	3809
3807	3808
3814	3815
3813	3814
3812	3813
3811	3812
3818	3819
3817	3818
3816	3817
3815	3816
3822	3823
3821	3822
3820	3821
3819	3820
3791	3792
3792	3793
3793	3794
3794	3795
3795	3796
3796	3797
3797	3798
3798	3799
3799	3800
3800	3801
3801	3802
3802	3803
3803	3804
3804	3805
3805	3806
3806	3807
3776	3777
3775	3776
3778	3779
3777	3778
3780	3781
3779	3780
3782	3783
3781	3782
3784	3785
3783	3784
3786	3787
3785	3786
3788	3789
3787	3788
3790	3791
3789	3790
3765	3766
3766	3767
3763	3764
3764	3765
3761	3762
3762	3763
3759	3760
3760	3761
3773	3774
3774	3775
3771	3772
3772	3773
3769	3770
3770	3771
3767	3768
3768	3769
3750	3751
3749	3750
3748	3749
3747	3748
3746	3747
3745	3746
3744	3745
3743	3744
3758	3759
3757	3758
3756	3757
3755	3756
3754	3755
3753	3754
3752	3753
3751	3752
3731	3732
3732	3733
3733	3734
3734	3735
3727	3728
3728	3729
3729	3730
3730	3731
3739	3740
3740	3741
3741	3742
3742	3743
3735	3736
3736	3737
3737	3738
3738	3739
3716	3717
3715	3716
3718	3719
3717	3718
3712	3713
3711	3712
3714	3715
3713	3714
3724	3725
3723	3724
3726	3727
3725	3726
3720	3721
3719	3720
3722	3723
3721	3722
3706	3707
3705	3706
3704	3705
3703	3704
3710	3711
3709	3710
3708	3709
3707	3708
3698	3699
3697	3698
3696	3697
3695	3696
3702	3703
3701	3702
3700	3701
3699	3700
3689	3690
3690	3691
3687	3688
3688	3689
3693	3694
3694	3695
3691	3692
3692	3693
3681	3682
3682	3683
3679	3680
3680	3681
3685	3686
3686	3687
3683	3684
3684	3685
3672	3673
3671	3672
3674	3675
3673	3674
3676	3677
3675	3676
3678	3679
3677	3678
3664	3665
3663	3664
3666	3667
3665	3666
3668	3669
3667	3668
3670	3671
3669	3670
3655	3656
3656	3657
3657	3658
3658	3659
3659	3660
3660	3661
3661	3662
3662	3663
3647	3648
3648	3649
3649	3650
3650	3651
3651	3652
3652	3653
3653	3654
3654	3655
3646	3647
3645	3646
3644	3645
3643	3644
3642	3643
3641	3642
3640	3641
3639	3640
3638	3639
3637	3638
3636	3637
3635	3636
3634	3635
3633	3634
3632	3633
3631	3632
3629	3630
3630	3631
3627	3628
3628	3629
3625	3626
3626	3627
3623	3624
3624	3625
3621	3622
3622	3623
3619	3620
3620	3621
3617	3618
3618	3619
3615	3616
3616	3617
3612	3613
3611	3612
3614	3615
3613	3614
3608	3609
3607	3608
3610	3611
3609	3610
3604	3605
3603	3604
3606	3607
3605	3606
3600	3601
3599	3600
3602	3603
3601	3602
3595	3596
3596	3597
3597	3598
3598	3599
3591	3592
3592	3593
3593	3594
3594	3595
3587	3588
3588	3589
3589	3590
3590	3591
3583	3584
3584	3585
3585	3586
3586	3587
4064	4065
4063	4064
4066	4067
4065	4066
4068	4069
4067	4068
4070	4071
4069	4070
4072	4073
4071	4072
4074	4075
4073	4074
4076	4077
4075	4076
4078	4079
4077	4078
4079	4080
4080	4081
4081	4082
4082	4083
4083	4084
4084	4085
4085	4086
4086	4087
4087	4088
4088	4089
4089	4090
4090	4091
4091	4092
4092	4093
4093	4094
4094	4095
4034	4035
4033	4034
4032	4033
4031	4032
4038	4039
4037	4038
4036	4037
4035	4036
4042	4043
4041	4042
4040	4041
4039	4040
4046	4047
4045	4046
4044	4045
4043	4044
4049	4050
4050	4051
4047	4048
4048	4049
4053	4054
4054	4055
4051	4052
4052	4053
4057	4058
4058	4059
4055	4056
4056	4057
4061	4062
4062	4063
4059	4060
4060	4061
4004	4005
4003	4004
4006	4007
4005	4006
4000	4001
3999	4000
4002	4003
4001	4002
4012	4013
4011	4012
4014	4015
4013	4014
4008	4009
4007	4008
4010	4011
4009	4010
4019	4020
4020	4021
4021	4022
4022	4023
4015	4016
4016	4017
4017	4018
4018	4019
4027	4028
4028	4029
4029	4030
4030	4031
4023	4024
4024	4025
4025	4026
4026	4027
3974	3975
3973	3974
3972	3973
3971	3972
3970	3971
3969	3970
3968	3969
3967	3968
3982	3983
3981	3982
3980	3981
3979	3980
3978	3979
3977	3978
3976	3977
3975	3976
3989	3990
3990	3991
3987	3988
3988	3989
3985	3986
3986	3987
3983	3984
3984	3985
3997	3998
3998	3999
3995	3996
3996	3997
3993	3994
3994	3995
3991	3992
3992	3993
3943	3944
3944	3945
3945	3946
3946	3947
3947	3948
3948	3949
3949	3950
3950	3951
3935	3936
3936	3937
3937	3938
3938	3939
3939	3940
3940	3941
3941	3942
3942	3943
3960	3961
3959	3960
3962	3963
3961	3962
3964	3965
3963	3964
3966	3967
3965	3966
3952	3953
3951	3952
3954	3955
3953	3954
3956	3957
3955	3956
3958	3959
3957	3958
3913	3914
3914	3915
3911	3912
3912	3913
3917	3918
3918	3919
3915	3916
3916	3917
3905	3906
3906	3907
3903	3904
3904	3905
3909	3910
3910	3911
3907	3908
3908	3909
3930	3931
3929	3930
3928	3929
3927	3928
3934	3935
3933	3934
3932	3933
3931	3932
3922	3923
3921	3922
3920	3921
3919	3920
3926	3927
3925	3926
3924	3925
3923	3924
3883	3884
3884	3885
3885	3886
3886	3887
3879	3880
3880	3881
3881	3882
3882	3883
3875	3876
3876	3877
3877	3878
3878	3879
3871	3872
3872	3873
3873	3874
3874	3875
3900	3901
3899	3900
3902	3903
3901	3902
3896	3897
3895	3896
3898	3899
3897	3898
3892	3893
3891	3892
3894	3895
3893	3894
3888	3889
3887	3888
3890	3891
3889	3890
3853	3854
3854	3855
3851	3852
3852	3853
3849	3850
3850	3851
3847	3848
3848	3849
3845	3846
3846	3847
3843	3844
3844	3845
3841	3842
3842	3843
3839	3840
3840	3841
3870	3871
3869	3870
3868	3869
3867	3868
3866	3867
3865	3866
3864	3865
3863	3864
3862	3863
3861	3862
3860	3861
3859	3860
3858	3859
3857	3858
3856	3857
3855	3856
4095	4096
