195	6949
195	6958
195	6961
195	6964
195	6976
195	6979
195	6994
195	6997
195	6999
195	7009
195	7015
195	7017
195	7029
195	7038
195	7041
195	7044
195	7048
195	7056
195	7071
195	7073
195	7074
195	7075
195	7076
195	7078
195	7080
195	7081
195	7087
195	7088
195	7089
195	7091
195	7092
195	7094
195	7095
195	7096
195	7097
195	7098
195	7099
195	7100
195	7102
195	7108
195	7109
195	7110
195	7111
195	7115
195	7116
195	7117
195	7118
195	7122
195	7131
6949	33101
6961	6979
6961	7044
6979	7044
6994	7073
6994	7074
6994	7117
6994	7118
7056	7080
7073	7074
7087	7088
7094	7095
7094	7096
7094	7097
7094	7098
7094	7099
7095	7096
7095	7097
7095	7098
7095	7099
7096	7097
7096	7098
7096	7099
7097	7098
7097	7099
7098	7099
7099	33102
7099	33103
7099	33104
7109	7110
7117	7118
33102	33103
33102	33104
33103	33104
