9288	10161
9288	9424
9221	9258
9221	10192
9689	9690
9309	9906
9309	9536
9309	10380
9309	10381
9293	10208
9293	9709
9293	9713
10138	10281
10139	10330
10139	10429
10139	10516
10139	10717
9724	10146
10140	10364
10140	10479
10140	10480
10140	10481
9282	9382
9282	9559
9245	9909
9245	10285
9217	10199
9217	10200
9370	10141
9220	10154
9220	10162
9223	9261
9261	9499
9224	10469
10142	10464
9238	10150
9238	10182
10144	10357
10144	10469
10144	10490
10145	10172
9783	10165
9783	10238
9783	10709
9258	10254
10146	10384
9227	9714
9227	9915
10147	10283
9234	10149
9234	10155
10148	10222
10148	10279
9236	9956
9236	9569
9236	10610
10149	10155
10149	10388
10150	10182
10150	10183
10150	10409
9972	10143
9972	10372
9972	9974
9491	9530
9491	9812
9491	9706
10152	10374
10152	10593
10153	10164
10153	10518
10154	10162
10154	10352
10154	10601
10154	10602
9310	9909
9233	9692
9233	10392
9233	10495
9233	10083
9233	10697
10155	10251
10156	10244
10156	10268
10156	10269
9237	10348
9237	9568
9433	9589
9433	10185
9433	10400
9433	10686
9748	10466
9748	10467
9239	9578
9239	10322
9240	9422
9578	10197
9578	9592
9476	9803
9241	10425
9422	9612
9782	9981
9782	9924
9782	9803
9782	10447
9449	10143
9449	9466
9479	9548
10158	10493
9243	9859
9243	10324
9243	9443
9243	10341
9691	10226
9691	10494
9244	9629
9244	10468
9416	10164
9416	9613
9416	9877
10160	10334
9215	10141
9215	10223
9253	10138
9253	9717
9253	9978
10161	10235
10161	10777
9859	10324
9242	10207
9242	10221
9242	10268
9242	10433
9246	9671
9246	9870
9466	10249
9647	10249
9248	9561
9248	10310
9561	9705
9249	10165
9752	9760
9752	10410
9760	10157
9760	10207
9760	10362
9760	10525
10162	10356
9251	10165
10163	10164
10163	10280
10164	10280
10165	10166
10165	10232
9613	9877
9259	10166
9252	9545
9252	9891
10167	10259
10167	10452
10168	10580
10168	10581
9254	10160
9254	10375
9276	10169
9276	9277
10170	10317
10170	10337
10170	10338
10171	10172
10171	10828
10171	10829
10172	10176
9255	9323
9255	10322
9255	9583
9257	10168
9257	9307
10173	10825
10173	10826
10173	10827
9323	10322
9323	9583
9719	10494
9719	9887
9587	9748
9587	10358
9587	10372
9587	10466
9587	10467
10174	10175
10174	10178
10002	10174
10002	10175
10002	10178
10002	10224
10175	10178
10176	10239
10177	10214
10177	10225
9263	10177
9263	10620
9557	10195
9557	10210
9264	9988
9264	10491
9581	10408
9581	10420
9581	9913
9265	9732
9265	9466
9366	9737
9366	10510
9266	10172
9266	10176
9267	9808
9267	10360
10179	10180
10179	10181
10180	10181
9319	10179
9319	10180
9319	10181
9319	10017
10181	10455
10181	10744
10182	10183
9885	10150
9885	10182
9885	10183
9717	9917
9717	10659
9717	9851
9268	9732
9268	9890
9269	9415
9269	9590
9269	10431
9391	10166
9391	10375
10185	10400
10185	10686
9270	9356
10186	10410
10186	10481
9271	9313
9271	9625
9272	10169
9272	9274
9273	9422
9274	10169
10187	10188
10187	10189
10187	10190
10188	10189
10188	10190
10189	10190
9580	9785
9277	10005
10191	10651
9377	10191
9377	9933
9377	9921
10192	10196
10192	10430
10192	10523
10192	10524
10193	10395
10194	10237
10194	10569
10194	10617
10194	10622
10195	10210
9325	9557
9325	10195
9325	10210
10196	10430
10196	10523
10196	10524
9283	9845
9283	10198
9845	10198
9845	10254
9845	10690
10198	10382
10198	10786
10199	10758
10199	10768
10199	10839
9284	9680
9284	10009
9284	9805
9570	10157
9570	10225
10201	10335
9286	10261
9286	9922
9287	9491
9287	9486
10202	10203
10202	10204
10202	10205
10203	10204
10203	10205
10203	10294
10204	10205
9622	10202
9622	10203
9622	10204
9622	10205
9995	10206
9995	10662
9995	10053
10206	10662
9626	9666
9291	9626
9291	9928
10207	10433
9709	10332
9713	9830
9294	10284
9294	9621
9803	9924
9614	10218
9614	10432
9614	9934
9279	9476
9295	10206
9295	10662
10210	10659
9389	10209
9389	10063
9389	9395
9296	10209
9296	9389
10211	10212
10211	10228
10212	10228
9297	10211
9297	10212
9848	10236
9301	9343
9301	10240
9301	9749
9300	10228
9300	9812
9302	10213
9302	9350
9303	9391
9303	10375
10214	10225
10214	10476
10216	10373
10216	10605
10216	10739
10216	10822
10216	10823
10216	10824
9306	10213
9306	10215
9343	10240
9343	9790
9305	10148
9305	9350
9305	10222
9305	10279
9305	9774
9909	10248
9360	10259
9360	10462
9348	10286
9348	10418
9312	10286
9312	9939
10218	10394
9308	10271
9308	10284
9629	9909
9629	10248
9313	9358
9313	10405
9311	9314
10219	10478
9852	10257
9852	10288
9477	10182
9477	9553
9477	9871
9886	10437
9535	10252
9535	9598
9535	10363
9315	10318
9315	10701
9666	10209
9666	10288
9396	9479
9396	9535
9396	9598
9396	9548
9334	9635
9334	10376
9334	9687
9334	9711
9334	10577
10220	10691
10220	10780
10220	10781
9314	10184
9314	9814
9818	10223
9818	10446
9818	9821
9606	9689
9606	9920
9290	9557
9290	9421
9635	9765
9635	9687
9692	10392
9692	10495
9692	10083
9692	10593
9320	10151
9320	10510
9322	9504
9322	9768
9936	10230
10222	10279
9326	9936
9326	10253
9327	10222
10223	10446
9328	10297
9328	9586
9329	10215
9329	9842
10224	10327
10224	10763
9346	10153
9346	9526
10226	10759
10226	10760
10227	10239
9415	9757
9415	9648
10229	10236
10229	10242
10229	10243
9298	10227
9298	10086
9298	10776
10230	10238
10230	10477
10230	10599
9335	10214
10231	10246
10232	10371
10232	10632
10233	10418
9337	10309
9337	9565
9280	9301
9280	9396
9280	10348
9280	10489
10234	10391
10234	10775
9402	10372
10235	10777
10236	10242
10236	10243
10237	10569
10237	10617
10237	10622
9967	10745
9967	10750
9340	9535
9340	10363
9299	10197
9299	9316
9299	10267
9299	9603
10241	10401
10241	10402
9855	9863
9855	9865
9855	9866
10242	10243
10244	10297
10244	10307
10244	10428
9374	9406
9374	9756
10245	10332
10245	10421
10245	10515
10245	10614
10246	10681
10246	10682
10246	10683
10247	10432
10247	10778
9563	9749
9214	9368
10250	10611
10250	10612
9714	10250
10251	10478
9226	9352
9226	9999
9226	10657
9353	10252
10252	10419
9218	10156
9218	9479
9218	10302
9218	9419
9353	10515
9349	10245
9349	10288
9349	10121
9450	9983
9354	10540
9354	10542
10253	10408
9602	10613
9602	9857
9602	9858
9602	9847
9355	10218
9355	10439
9356	10109
10254	10690
9357	10255
9357	9816
9699	10255
9816	10372
9816	9853
9816	9856
9544	9621
9544	10398
9358	10405
9345	10231
10087	10235
10256	10260
10256	10354
10256	10500
9539	9540
10258	10282
9321	10258
9321	9376
9321	10358
10259	10575
10260	10354
10260	10463
9361	9390
9361	10287
10261	10655
9219	10217
9219	10258
9219	9875
10262	10377
9362	10262
9362	10136
10263	10652
9240	9289
9364	9380
10264	10265
10264	10266
10264	10352
10264	10532
10265	10266
10265	10352
10265	10532
9365	9580
9365	10193
9365	9785
9882	10181
9882	10484
9367	10149
10268	10269
10269	10273
10269	10274
10269	10275
9368	10595
9504	10005
9504	9768
10270	10272
9502	9589
9502	10502
9502	9778
10271	10284
10271	10435
9369	10159
10272	10625
10272	10628
10272	10629
9371	9899
9371	9837
9372	10149
9372	10329
9372	10388
10273	10274
10273	10275
10274	10275
9615	10396
9615	9668
9615	10579
10106	10173
10106	10634
10106	10654
10106	10790
9488	10260
9488	10354
9351	10208
9351	9508
9376	9906
9514	10076
9379	10257
9379	9735
9922	10261
10276	10277
10276	10278
10276	10336
10276	10356
10276	10359
10277	10278
10277	10619
10278	10528
10278	10619
9341	10163
9341	10164
9341	10280
9381	9930
9381	9618
9658	10138
9658	10281
9978	10138
9382	9921
9250	9282
9250	9559
9383	10221
9383	9676
9930	10161
10282	10764
9352	10282
9378	9529
9551	10217
9551	10390
9385	10147
9385	10283
10283	10545
10283	10548
9216	9651
9216	9586
9216	10704
10285	10340
9718	10106
9718	10634
9718	10654
9718	10790
9386	9775
9386	9681
9771	10157
9387	10265
9387	10266
9673	10159
10286	10396
9408	9659
9408	9492
9408	10386
9408	10039
9659	10722
9659	10723
9659	10724
9492	9659
9492	10292
9492	9977
9232	10199
9232	9670
9232	9769
9388	10010
9388	9987
9388	10049
9388	10014
9390	10287
9392	9927
9392	10549
9393	10518
9393	9957
9395	10063
9513	9750
9513	9524
9513	10434
9704	10288
9704	9705
9397	10289
9397	9973
9973	10267
9973	10289
10290	10718
10290	10736
10290	10737
9412	10295
9412	10300
9412	10031
9412	10704
10291	10596
10292	10424
10292	10426
9367	9730
10293	10459
9400	10293
9400	9892
9892	10293
9984	10294
9984	10300
10294	10471
9796	10389
9796	10567
9796	10568
10296	10649
10296	10764
10296	10779
9304	10297
9304	9434
9304	9648
10297	10428
9403	10295
10298	10735
9407	9418
9407	9409
9405	10208
9405	9601
9405	9950
9405	10070
10299	10684
10299	10685
10299	10746
10299	10774
9496	9967
9496	10300
9496	10750
9410	9954
9411	9412
9411	10300
9560	9976
9560	9632
9797	10345
9797	9800
9985	10291
9985	10358
9985	9986
9730	10474
10301	10627
10301	10631
10302	10350
10302	10633
9394	9683
9394	9618
10303	10304
10303	10305
10304	10305
9420	10303
9420	10304
9420	10305
9420	10514
9764	10485
9419	9724
9419	10489
9421	9557
9421	9641
9421	10021
9423	10292
9423	9560
9423	10424
9423	9632
9228	10197
9228	9316
9228	9299
9228	10306
9228	9998
9998	10306
9424	9477
9425	10227
10307	10570
10307	10571
10307	10572
9426	9544
9426	10398
9427	10257
10308	10379
10308	10519
10308	10605
10308	10660
10309	10375
10309	10441
9565	10377
9428	9833
9428	9600
9600	9833
9600	9958
9828	10150
9828	9885
9222	10143
9429	10239
9429	10427
9430	10341
9430	10510
9431	9889
9342	10227
9342	9425
9432	10214
9432	10476
9434	9648
9235	9590
9235	10357
9235	9588
9435	10198
9435	10382
9435	10129
9435	10786
9436	10177
9436	10225
9437	10157
9437	9771
9439	10310
9439	10311
9439	10312
9438	10292
9438	10039
9438	10426
10311	10312
9440	10311
9440	10312
10313	10433
9247	10249
9247	9895
9247	10342
9247	9457
10314	10319
10314	10320
10314	10321
10314	10333
10314	10506
10314	10618
9545	9691
9545	10315
9545	10076
9545	9891
10315	10465
9654	10289
9444	9471
9444	9740
10317	10318
10317	10337
10317	10338
10318	10701
9447	10074
9447	10081
10319	10320
10319	10321
10319	10333
10320	10321
10320	10333
10321	10333
10323	10592
9471	9740
10325	10799
10325	10800
10325	10801
9399	10077
9399	9456
9470	10456
9470	10642
9470	10643
9895	10325
10328	10329
9472	9671
9451	10328
9451	10330
9452	9662
9452	10501
10331	10423
10331	10441
10331	10454
9453	10317
9453	10470
9453	10726
9453	10727
9454	10465
9454	9457
10332	10421
10332	10515
10332	10614
10074	10081
10081	10326
9651	10646
9651	9969
9651	10704
9443	10341
9455	10224
9455	10327
10333	10626
9459	10398
9459	10701
9460	10325
9460	9895
9461	10201
9461	9503
9462	10626
10077	10620
10335	10387
10335	10439
9463	9868
9943	10452
9464	10159
9464	9673
10118	10221
9465	10326
9465	10081
10336	10359
10336	10544
10336	10545
10336	10548
10336	10555
10337	10338
9679	9976
9467	9679
9467	9976
9911	10484
9911	9912
10339	10604
10339	10640
10339	10641
9468	10328
9468	10329
10340	10514
10340	10696
10340	10697
9590	10462
9469	9647
9469	10249
9469	9471
9469	10353
9442	10316
9442	9443
9442	9787
10341	10510
10076	10315
9445	10221
9445	9450
9445	10118
9445	10092
9671	10200
9671	9714
9671	10048
9631	10146
9473	10319
9473	9878
9481	10397
9481	10425
9474	9683
9474	10488
10343	10344
10343	10840
10343	10841
10343	10842
10343	10843
10344	10837
10344	10838
10345	10347
10345	10834
9475	10344
9475	10837
9475	10838
10346	10834
10346	10835
10346	10836
9521	10489
9521	10517
9478	10058
9478	10733
9347	9568
9879	10250
9879	10611
9879	10612
10348	10489
9480	10513
9480	10038
9480	9989
9480	10034
9868	10349
10349	10635
10349	10710
9482	10350
9482	10351
10350	10351
10350	10633
9483	9722
9483	9489
9483	9802
9483	10740
9281	10404
9281	10441
9485	10376
9485	10577
10352	10532
10352	10601
10352	10602
9486	9487
9486	10133
9486	9624
9915	10553
9915	10637
9915	10638
9418	9951
9418	10674
10353	10851
10353	10852
10043	10750
9487	10133
9249	10327
9490	10603
9490	10604
9493	9876
9493	10018
9494	10043
9494	9541
9495	9843
9495	10120
9503	10201
9503	9750
9414	9503
9529	10355
9401	10043
9223	9241
9497	10361
9497	10384
9498	9751
9498	9520
9336	10238
9336	10361
10355	10501
9999	10192
9500	10281
9500	10480
9403	9458
9417	10356
10356	10359
10356	10528
9722	10600
10357	10469
10358	10372
9662	10414
10000	10566
10000	10582
10000	10725
9512	9662
9512	10414
9604	10331
9604	10454
9509	9604
9509	9516
10360	10506
9506	9589
9506	9509
9507	10158
9507	10493
10362	10525
9508	10208
9758	10141
9758	10228
9510	9978
9510	9527
9404	10233
9404	10418
9404	10419
9520	9560
9520	9976
9520	9751
9511	9899
9511	10630
9462	9521
9359	9690
9734	10576
9734	9898
9516	10519
9517	9673
9517	9753
10364	10365
10364	10479
10364	10480
10365	10477
9988	10491
9988	10719
9988	10720
9988	10721
9519	10453
10366	10368
10366	10370
10367	10368
10367	10369
10368	10369
10368	10370
9903	10366
9903	10367
9903	10368
9903	10369
9903	10370
9756	9902
9756	9897
9756	9900
9756	10639
9522	10370
9524	9779
9902	10366
10371	10632
9874	10616
9874	10636
9823	10313
9823	10436
9525	10636
9757	10411
9757	10517
9526	10153
9780	10258
9780	10282
9330	10234
9330	10391
9330	9594
10059	10290
10059	10373
10059	10718
10059	10736
10059	10737
10373	10605
10373	10739
9534	10425
9534	9862
9528	10152
9528	10374
9786	10152
9786	10593
9786	10068
10375	10456
10376	10457
10376	10577
10127	10422
10127	10729
9655	10485
9655	9765
9531	9825
9531	10542
10379	10519
10379	10605
9532	10308
9532	10660
9533	10139
9533	10429
9533	10516
9533	10717
10031	10704
9536	10380
10380	10381
10382	10786
9537	9662
9537	10361
9538	10383
9538	9788
10383	10482
9788	10383
9540	10613
10384	10464
10385	10405
10385	10406
9574	10385
9574	10405
9574	10406
10387	10615
10387	10689
10388	10434
9683	10488
9618	9930
9618	9683
9947	10747
9947	10032
10039	10292
10039	10426
10389	10567
10389	10568
9753	10702
9753	10703
9584	10390
9542	10390
9542	9584
9543	10201
9543	10394
9546	10326
9546	10328
9550	10315
9550	9753
9550	10702
9550	10703
9547	10385
9547	9574
9547	10406
10392	10495
9678	10335
9678	10439
10393	10488
10393	10533
10393	10534
9939	10168
9939	10446
9939	10581
9549	9908
9549	9573
9549	10468
9549	9773
9849	10687
9849	10695
9231	9691
9231	9901
9556	9871
9553	9556
9553	9871
9555	9556
9552	9617
9707	10191
9707	10651
9558	10193
9558	10395
10396	10579
9897	10301
9897	10627
9897	10631
9564	10434
10397	10425
10397	10520
10397	10521
10398	10701
9262	10309
9566	10211
9566	10212
9567	10211
9567	10212
9569	10610
9964	10261
9964	10045
9256	9393
9256	9637
9256	10518
9863	9964
10399	10654
10399	10791
10399	10792
10400	10686
9571	10241
9571	10401
9571	10402
9571	10403
9571	9572
9571	10404
10401	10402
9572	10404
10405	10406
9573	9908
9929	10263
9929	10652
9605	9661
10407	10414
10407	10415
10407	10416
9576	10439
9576	9688
9575	10184
9575	9605
9577	9644
9577	9582
10409	10412
10409	10417
10410	10411
10411	10517
10052	10153
10052	10518
10412	10413
10412	10417
10413	10417
10019	10409
10019	10413
10019	10417
9904	10410
10414	10415
10414	10416
10415	10416
9311	9590
10419	10515
10420	10463
10420	10483
9585	10431
9585	9667
9588	9590
9318	9754
9318	10598
9318	10599
9591	9823
9591	10436
10421	10515
10421	10614
9775	9886
9723	10360
9324	10323
9593	10331
9593	10423
10424	10453
9594	10391
9596	10330
9596	9708
10428	10531
9595	10379
9595	10397
9595	9727
9595	10520
9595	10521
9523	9874
9523	10636
10429	10516
9597	10142
9597	9736
10430	10523
10430	10524
10431	10438
9817	10394
9667	10431
9229	10768
9229	10064
9599	10158
9774	10589
10432	10633
9603	10267
9825	10542
9285	9615
9285	9609
9518	9519
9518	10453
9932	10403
9607	10403
9607	9932
9608	9689
9608	10656
9609	10522
9610	10151
9610	9642
9611	10306
9611	10005
9331	9552
9331	9617
9617	10363
9612	9709
10436	10575
9324	10431
10437	10438
10437	10590
10438	10590
10440	10522
10440	10594
9938	10440
9938	9966
9616	10442
9616	10443
9616	10444
9616	10594
10442	10443
10442	10444
10443	10444
10445	10667
10445	10668
9338	10247
9338	10089
9338	10778
10447	10525
9620	10146
9620	9631
9933	10662
9364	9867
9623	10353
9623	10851
9623	10852
9625	10362
9278	10408
10448	10450
10448	10483
9413	9810
10449	10450
10449	10451
9275	10154
9275	10352
10450	10451
9739	10449
9739	10450
9739	10451
9627	9638
9627	10454
9628	10167
9628	10452
9630	9943
9630	10452
9633	10287
9633	10639
9633	10061
9634	10600
9634	10044
9884	10334
9884	10613
9636	10145
9636	9994
9636	9993
9638	10454
9642	10151
9642	10386
10455	10744
10017	10181
10017	10455
10017	10744
9639	10424
9639	10453
10456	10642
10456	10643
10457	10533
9640	9709
9640	9713
9641	10021
10047	10099
10047	10549
10047	10050
9994	10145
9643	10728
9643	10003
9643	10772
9643	10850
10458	10459
10458	10460
10458	10461
10459	10460
10459	10461
10459	10772
10459	10773
10460	10461
9501	9564
9582	9644
9582	10462
9582	9832
9832	10462
10463	10483
9645	10471
9645	10529
9708	10330
9646	10384
9646	10464
9562	9748
9562	10512
9562	10808
9562	10809
10466	10467
9446	9976
10470	10726
10470	10727
9694	9920
9650	10040
10471	10472
10471	10529
9332	10294
9332	9410
9332	9954
9332	10472
9954	10378
9954	10035
9927	10472
9927	10473
9927	10529
10472	10473
10472	10529
10473	10505
10473	10743
10042	10531
9652	9859
9652	10042
9653	10422
9653	10042
9653	10531
9653	10091
9867	10248
10474	10475
9579	9730
9579	10474
9579	10475
10475	10476
9656	10475
9656	10476
9657	10253
9657	10408
10477	10491
10477	10599
9660	10365
9660	10477
9661	9761
9663	10251
9663	10478
10479	10480
9664	10140
9665	10140
9665	10481
10136	10383
10136	10482
9824	10435
9333	9605
9333	9661
10482	10606
9668	10435
9669	9899
9669	9759
9592	10197
9799	10557
9799	10558
9799	9925
9670	9769
9672	9722
9672	10600
9881	9970
9675	10374
9675	10503
9675	10504
9675	10505
9674	9677
10486	10487
10486	10490
9765	10485
10487	10490
9677	9973
9484	10330
9484	9686
9384	10393
9384	10488
9384	9729
9384	10533
9384	10534
9230	10313
9680	10233
9682	9928
9682	10484
10488	10533
10488	10534
10489	10517
9700	10486
9700	10487
9700	10490
9684	10487
9684	9700
10491	10492
10492	10630
10492	10756
10492	10757
9685	10477
9685	10491
9686	10330
9688	10439
9457	10342
9225	10158
9225	10323
9225	9599
9225	10493
9649	10144
9649	9815
10083	10392
10083	10495
9695	10547
9695	10554
9695	10563
9695	10564
9695	10565
9853	9856
9696	9699
9696	9698
9697	9783
9697	10709
9701	10499
10496	10497
10496	10498
10496	10499
10496	10573
10496	10574
9702	10447
9702	10525
10497	10498
10497	10499
10497	10573
10497	10574
10498	10499
9703	9995
9703	10662
9703	10053
9715	9921
9715	10554
10054	10263
9706	9812
9619	9626
9619	9666
9761	9836
10500	10607
10500	10608
10500	10609
10500	10766
9710	10395
9711	10807
9260	10270
9830	9907
9830	10645
9830	9910
10503	10504
10503	10505
10504	10505
9716	10314
9716	10618
9681	10813
9681	10814
9681	10815
9681	10816
9720	9789
9720	9951
9721	10315
9721	10465
9725	9726
9725	10126
9727	10379
9728	10379
9728	9731
9729	10393
9729	10488
9729	10533
9729	10534
9731	10296
10506	10618
9733	10500
9733	10766
10507	10508
10507	10551
10507	10552
10507	10582
10507	10748
10508	10543
10509	10765
10509	10766
10509	10767
9441	10585
10096	10508
10096	10538
10096	10539
9735	10257
9736	10142
9737	10510
9738	10270
9738	10410
9905	10339
9905	10640
9905	10641
9712	10022
9712	9745
10511	10810
10511	10811
10511	10812
9743	10219
9743	10123
10123	10219
10512	10808
10512	10809
9744	10285
9744	10340
10514	10696
10514	10697
9746	10341
9746	10510
10022	10513
9745	10022
9745	10124
9741	10423
9741	10097
9710	10223
10515	10614
10516	10717
9726	10511
9726	10126
9505	10591
9505	10057
9754	10598
9755	10542
9755	10543
10519	10605
10520	10521
10523	10524
10526	10527
10526	10606
10526	10688
10527	10606
10527	10688
9762	10339
9762	10604
10122	10324
10122	10775
10528	10619
9763	10062
9763	10041
9766	10378
9766	9992
9992	10378
9992	10023
9992	10025
10530	10675
10530	10679
10069	10530
9767	10213
9767	9860
9773	10468
9770	10394
9770	9817
9821	9939
9821	10446
9821	10580
9821	10581
10533	10534
9772	10457
9772	10533
10109	10295
10535	10536
10535	10537
10535	10785
10536	10537
10536	10687
10536	10695
10536	10785
10537	10785
9778	10186
9778	10502
9778	9965
10538	10539
9777	9998
9777	10381
9776	10186
9776	10540
9375	10502
9375	9795
9375	10103
9779	9780
9779	10539
10540	10542
10095	10096
10095	10538
10095	10539
9781	10096
9781	10538
9807	10541
9784	9807
9784	10541
9787	10316
10542	10543
9747	10342
9850	10254
9850	10690
9790	10240
9792	9799
9792	10557
9792	10558
9792	10559
9798	10551
9798	10552
10544	10545
10544	10548
10544	10555
10545	10548
10545	10555
9794	10347
9794	9809
9793	10550
9795	10103
9791	10220
9791	9793
9791	10549
9791	10550
10546	10707
10546	10741
10546	10742
10546	10743
10547	10554
10547	10563
10547	10564
10547	10565
9806	10545
9806	10548
10549	10550
9801	10351
9801	10635
9448	10232
9448	10371
9448	10632
10551	10552
10553	10637
10553	10638
9804	10147
9804	10098
10554	10563
10554	10564
10554	10565
9413	9513
9800	10295
9463	10570
10556	10559
10556	10560
10556	10561
10556	10562
10557	10558
10559	10560
10559	10561
10559	10562
10560	10561
10560	10562
10561	10562
9809	10347
10563	10564
10563	10565
10564	10565
10566	10582
10566	10725
10567	10568
10569	10617
10569	10622
10570	10571
10570	10572
10571	10572
9810	10001
10573	10574
10573	10665
10573	10770
10573	10771
9515	10387
9515	10615
9515	10689
9811	10436
9811	10575
9814	10054
9815	10144
10576	10591
10576	10603
9363	9472
9363	10122
9363	9888
10578	10745
10578	10747
10011	10237
10011	10071
10579	10594
10580	10581
9820	9939
9820	10581
9838	9961
9838	10687
10132	10507
10132	10582
10132	10748
10582	10725
10582	10748
10583	10584
10583	10585
10583	10586
10583	10699
10584	10585
10584	10586
10585	10586
10587	10588
10587	10769
10067	10587
10067	10588
10067	10769
10588	10769
10589	10687
10589	10782
10589	10783
10589	10784
9996	10590
9826	9996
9826	10590
9980	10576
9980	10591
9827	9980
9827	10591
10592	10663
10592	10664
10592	10666
10594	10669
10596	10597
10596	10734
10597	10734
9931	10652
9931	10045
9829	10732
9829	10832
9829	10833
9831	10244
9831	10307
9834	10511
9834	10128
10601	10602
10603	10604
9836	10603
9836	10604
9837	9899
10605	10739
9839	10441
9839	9961
10606	10688
9840	10162
9840	10189
9840	10250
9843	10215
9843	10120
9841	10215
9841	9843
10607	10608
10607	10609
10608	10609
10608	10706
9847	10522
9957	10396
9851	10080
10080	10231
9865	10087
9854	9855
9854	9865
9698	10255
9698	9853
10611	10612
9857	10613
9858	10613
9860	10213
9861	10447
9861	10117
9554	10184
9862	10425
9866	10610
9866	10082
10615	10689
9869	10508
9869	10543
9568	10644
9568	10079
10089	10247
10089	10778
10616	10637
9846	9874
9846	10616
9872	10316
9872	9873
9872	10617
9873	10316
10617	10622
9875	10217
9878	10319
9880	10620
9880	10621
10620	10621
10621	10797
10621	10798
9883	10160
9883	10334
9893	10135
9893	10623
9893	10134
10135	10623
10623	10630
10624	10653
9887	10494
10625	10628
10625	10629
9888	10122
9889	10377
9441	10465
9894	10119
9894	10506
10627	10631
9896	10595
9896	9926
9896	10660
9896	9955
9896	10661
10628	10629
10630	10756
10630	10757
9898	10576
10634	10654
10634	10790
10635	10710
9813	10396
9813	9826
9813	9957
10637	10638
9900	10427
10639	10775
10640	10641
10642	10643
9907	10645
9910	10645
10104	10598
10062	10399
10062	10462
10062	10654
9912	10762
10647	10648
10647	10649
10647	10650
10648	10649
10648	10650
10649	10650
10651	10710
9344	9802
9344	10024
9916	10333
9916	10626
9917	10659
10058	10653
10058	10733
10654	10790
10655	10787
10655	10788
10655	10789
9920	10101
10656	10657
10656	10658
9292	9664
9923	10624
9923	10653
9923	9982
10657	10658
9918	10656
9918	10657
9918	10658
9925	10363
9926	10595
10660	10661
9955	10660
9955	10661
9934	10432
10663	10664
10663	10666
10664	10665
10664	10666
9935	10592
9935	10663
10665	10770
10665	10771
9937	10440
9937	10594
10667	10668
10667	10670
9940	10668
10668	10669
9941	10445
9941	10667
10670	10671
10670	10672
10670	10673
9942	10445
9942	10669
10671	10672
10671	10673
10672	10673
9945	10677
9945	10680
9946	10530
9946	10675
9946	10679
10674	10678
9948	10675
9948	10676
10675	10676
10675	10679
10040	10679
9949	9952
9949	10678
10676	10677
10677	10680
9950	10070
9541	10679
9952	10678
10680	10751
10680	10752
9953	10069
9953	10674
9944	10040
10681	10682
10681	10683
10682	10683
9489	9914
9489	10038
9802	10024
10038	10044
10684	10685
10684	10746
10684	10774
10685	10746
10685	10774
10687	10695
9864	10644
9864	10020
9958	10199
9958	9959
9959	10051
9960	10247
9960	10432
10691	10692
10691	10693
10691	10694
10691	10780
10691	10781
10692	10693
10692	10694
10693	10694
9962	10687
10696	10697
9965	10502
10698	10699
10698	10700
10698	10769
10699	10700
10699	10769
10700	10769
10024	10378
9819	10473
9819	10743
9968	9984
9968	10578
9373	10298
9373	10740
9373	10027
9969	10646
10702	10703
9970	10427
9971	10162
9971	10356
10113	10621
10113	10646
10113	10797
10113	10798
9974	10372
10705	10738
9979	10541
9979	10635
9979	10651
9979	10710
10018	10705
10013	10708
10013	10015
10706	10707
10706	10793
10706	10794
10706	10795
10707	10793
10707	10794
10707	10795
10707	10805
10707	10806
9975	10567
9975	10708
10010	10049
10709	10817
10709	10818
10709	10819
10709	10820
10709	10821
9982	10310
9982	10624
10711	10712
10711	10713
10711	10714
10711	10715
10711	10716
10712	10713
10712	10714
10712	10715
10712	10716
10713	10714
10713	10715
10713	10716
10714	10715
10714	10716
10715	10716
9990	10010
9990	10711
9990	10729
9990	10730
9990	10731
9769	10655
9769	10788
9769	10789
9986	10291
9987	10010
9977	10386
10046	10299
10046	10099
9993	9994
9997	10355
9997	10501
10718	10736
10718	10737
10719	10720
10719	10721
10720	10721
10722	10723
10722	10724
10723	10724
10726	10727
10728	10772
10728	10850
9835	10026
9835	10748
10004	10244
10004	10307
10729	10730
10729	10731
10730	10731
10006	10448
10006	10450
10732	10832
10732	10833
10007	10304
10007	10732
10008	10105
10008	10733
10105	10399
10105	10733
10105	10791
10105	10792
10075	10596
10075	10597
10075	10734
9317	9833
9989	10298
9989	10038
10735	10738
10736	10737
10049	10110
9991	10013
9991	10012
10012	10013
10072	10262
10072	10377
10014	10708
10015	10708
10016	10049
10016	10110
10741	10742
10741	10743
10742	10743
10091	10422
10020	10644
10023	10025
10026	10748
10027	10740
10028	10705
10028	10738
10029	10299
10029	10046
10030	10685
10745	10749
10745	10750
10746	10774
10032	10747
9409	9418
10071	10237
10749	10753
10749	10754
10749	10755
10034	10513
10033	10740
10033	10036
10036	10740
10037	10735
10037	10738
9398	10680
9398	10751
9398	10752
10751	10752
10041	10062
10753	10754
10753	10755
10754	10755
10048	10200
10050	10549
10756	10757
10758	10768
10758	10839
10053	10662
10759	10760
10759	10845
10759	10846
10760	10845
10760	10846
9693	10796
9693	10108
9693	10115
10003	10761
10003	10763
10003	10056
10761	10847
10761	10848
10761	10849
10055	10293
10055	10459
10055	10728
10055	10772
10055	10773
10056	10763
10057	10591
10764	10779
10060	10762
10060	10090
10061	10639
10765	10766
10765	10767
10766	10767
10768	10839
10064	10768
10065	10698
10065	10700
10066	10583
10066	10699
9822	10583
9822	10584
9822	10585
9822	10586
10068	10152
10770	10771
10073	10598
10073	10104
10078	10111
10078	10112
10079	10644
10772	10773
10772	10850
10082	10610
9339	9643
9339	10802
9339	10803
9339	10804
10084	10234
10084	10775
10085	10639
10085	10775
10086	10776
10776	10841
10776	10842
10776	10843
10776	10844
10088	10235
10088	10777
10090	10762
9844	9848
9844	10115
9844	10116
9844	10114
10093	10296
10093	10779
10094	10296
10094	10779
10097	10423
10780	10781
10782	10783
10782	10784
9963	10589
9963	10782
9963	10783
9963	10784
10783	10784
10129	10198
10129	10382
10129	10786
10098	10147
9919	10100
9919	10102
10100	10101
10787	10788
10787	10856
10787	10857
10788	10789
10788	10856
10788	10857
10791	10792
10793	10794
10793	10795
10794	10795
10795	10805
10795	10806
10107	10388
10107	10796
10108	10796
10115	10116
10797	10798
10111	10646
10111	10112
10114	10116
10799	10800
10799	10801
10800	10801
10802	10803
10802	10804
10803	10804
10805	10806
10807	10808
10124	10511
10125	10807
10125	10808
10808	10809
9742	9834
9742	10128
10810	10811
10810	10812
10811	10812
10813	10814
10813	10815
10813	10816
10814	10815
10814	10816
10815	10816
10817	10818
10817	10819
10817	10820
10817	10821
10818	10819
10818	10820
10818	10821
10819	10820
10819	10821
10820	10821
10822	10823
10822	10824
10823	10824
10825	10826
10825	10827
10826	10827
10828	10829
10828	10830
10828	10831
10829	10830
10829	10831
10830	10831
10832	10833
10834	10835
10834	10836
10130	10345
10130	10834
10131	10345
10131	10834
10835	10836
10837	10838
10840	10841
10840	10842
10840	10843
10841	10842
10841	10843
10841	10844
10842	10843
10842	10844
10843	10844
10845	10846
10847	10848
10847	10849
10848	10849
10851	10852
9624	10853
9624	10854
9624	10855
10853	10854
10853	10855
10854	10855
10134	10135
10137	10497
10137	10498
10856	10857
