599	1145
600	6525
601	8100
602	13586
603	13589
604	13590
605	13591
606	13593
607	13596
608	13597
609	13598
610	13599
611	13600
612	13602
613	13606
614	13609
615	13611
616	13612
617	13613
618	13615
619	13619
620	13621
621	13622
622	13623
623	13627
624	13628
625	13629
626	13630
627	13639
628	13640
629	13641
630	13646
631	13649
632	13650
633	13653
634	13654
635	13655
636	13658
637	13659
638	13660
639	13663
640	13664
641	13667
642	13669
643	13672
644	13674
645	13675
646	13677
647	13678
648	13683
649	13684
650	13685
651	13686
652	13687
653	13688
654	13689
655	13690
656	13691
657	13696
658	13697
659	13698
660	13699
661	25086
662	25087
663	25088
664	25089
