1145	6525
1145	8100
1145	13586
1145	13589
1145	13590
1145	13591
1145	13593
1145	13596
1145	13597
1145	13598
1145	13599
1145	13600
1145	13602
1145	13606
1145	13609
1145	13611
1145	13612
1145	13613
1145	13615
1145	13619
1145	13621
1145	13622
1145	13623
1145	13627
1145	13628
1145	13629
1145	13630
1145	13639
1145	13640
1145	13641
1145	13646
1145	13649
1145	13650
1145	13653
1145	13654
1145	13655
1145	13658
1145	13659
1145	13660
1145	13663
1145	13664
1145	13667
1145	13669
1145	13672
1145	13674
1145	13675
1145	13677
1145	13678
1145	13683
1145	13684
1145	13685
1145	13686
1145	13687
1145	13688
1145	13689
1145	13690
1145	13691
1145	13696
1145	13697
1145	13698
1145	13699
13597	25086
13597	25087
13597	25088
13597	25089
13611	13612
13622	13623
25086	25087
25086	25088
25086	25089
25087	25088
25087	25089
25088	25089
