149354
14
0
60
0
0
0
166
0
0
34
0
0
26
146
102
0
0
0
56
0
0
72
0
16
0
16
0
0
76
0
0
144
0
132
0
224
0
18
128
0
32
40
0
0
0
0
92
0
0
0
80
2
54
0
2
80
0
0
156
40
0
0
0
12
0
0
56
0
62
58
54
0
58
0
20
74
2
58
108
16
132
30
0
0
14
0
10
0
0
0
0
4
0
18
4
6
6
2
6
12
74
0
0
0
2
8
10
0
6
50
0
2
82
0
0
6
2
38
20
60
4
36
0
0
16
4
0
0
0
0
2
0
20
52
22
0
12
0
0
0
22
0
10
0
0
0
34
0
18
0
0
2
0
40
220
2
116
0
0
28
2
2
38
0
0
4
26
2
0
2
2
0
8
4
2
0
8
0
4
6
2
24
42
0
2
38
2
18
0
4
28
0
62
6
6
0
0
2
4
0
0
0
0
0
4
0
4
0
2
0
18
2
2
12
18
4
10
0
12
0
2
2
2
2
32
6
12
8
0
70
0
0
2
20
6
0
0
12
8
2
10
0
2
82
2
2
6
2
2
2
16
0
6
0
0
6
30
30
0
10
40
0
50
16
6
20
2
32
14
2
4
2
22
2
4
2
0
2
6
4
0
2
0
0
20
6
24
0
18
2
0
0
0
2
6
2
4
58
2
0
6
90
0
0
0
4
2
98
20
2
40
2
0
8
0
14
0
8
14
8
2
2
12
2
24
2
8
8
2
2
2
32
4
2
22
6
2
2
0
38
4
4
6
2
0
2
14
0
4
22
12
4
6
172
216
4
6
12
0
6
2
8
6
28
0
0
0
0
0
0
0
0
0
0
0
0
0
0
0
0
0
0
0
0
0
0
0
0
0
0
0
0
0
0
0
0
0
0
0
0
0
0
0
0
0
0
0
0
0
0
0
0
0
0
0
0
0
0
0
0
0
0
0
0
0
0
0
0
0
0
0
0
0
0
0
0
0
0
0
0
0
0
0
0
0
0
0
0
0
0
0
0
0
0
0
0
0
0
0
0
0
0
0
0
