0	1
0	3
0	7
0	10
0	13
0	14
0	19
0	22
0	29
0	32
0	34
0	36
0	39
0	41
0	42
0	47
0	51
0	52
0	53
0	56
0	59
0	60
0	64
0	67
0	69
0	70
0	71
0	73
0	75
0	76
0	78
0	80
0	81
1	7
1	42
1	52
1	82
1	365
1	85
1	87
1	366
1	367
1	92
1	94
1	96
1	97
1	100
1	101
1	2
0	82
0	365
0	85
0	368
0	369
0	105
0	370
3	13
3	22
3	71
3	365
3	118
3	122
3	141
3	174
3	4
3	5
3	6
7	14
7	29
7	42
7	52
7	70
7	85
7	87
7	101
7	368
7	122
7	109
7	147
7	186
10	14
10	56
10	141
10	106
10	110
10	119
10	125
10	133
10	166
10	170
10	187
10	371
10	188
10	190
10	191
10	372
10	193
10	373
10	198
10	199
10	374
10	11
13	67
13	365
13	97
13	141
13	174
13	375
13	376
13	163
13	171
13	377
13	378
13	379
14	29
14	34
14	70
14	15
14	16
14	205
14	17
14	18
19	64
19	70
19	73
19	75
19	76
19	80
19	97
19	380
19	181
19	211
19	212
19	381
19	215
19	382
19	383
19	20
0	235
22	60
22	71
22	75
22	80
22	366
22	368
22	122
22	376
22	181
22	384
22	238
22	23
22	24
22	25
22	26
22	27
22	28
29	52
29	85
29	87
29	96
29	101
29	122
29	238
29	209
29	385
29	30
29	31
0	110
0	160
0	221
0	227
0	155
0	265
0	266
32	265
32	386
32	267
32	268
32	269
32	33
34	369
34	198
34	134
36	37
36	38
39	387
39	271
39	388
39	389
39	390
39	40
0	378
0	379
0	366
0	101
0	125
0	271
0	112
0	391
0	161
0	392
0	393
0	394
0	122
0	380
0	156
0	251
0	258
0	395
0	274
0	275
0	396
0	397
0	398
0	399
42	52
42	75
42	85
42	106
42	110
42	133
42	156
42	167
42	43
42	44
42	45
42	46
47	48
47	49
47	50
0	400
0	299
52	53
52	75
52	366
52	92
52	101
52	133
52	274
52	401
52	402
52	297
52	403
53	191
53	375
53	384
53	402
53	403
53	54
53	55
0	279
56	369
56	125
56	133
56	166
56	371
56	188
56	191
56	372
56	193
56	373
56	379
56	181
56	134
56	112
56	404
56	302
56	57
56	58
60	71
60	76
60	87
60	366
60	92
60	100
60	186
60	188
60	190
60	375
60	215
60	269
60	297
60	403
60	405
60	143
60	157
60	264
60	270
60	276
60	298
60	406
60	61
60	306
64	73
64	75
64	76
64	80
64	105
64	370
64	118
64	109
64	106
64	380
64	212
64	381
64	382
64	387
64	388
64	274
64	404
64	261
64	407
64	408
64	409
64	307
0	381
0	382
0	387
0	261
0	307
0	131
67	365
67	368
67	141
67	174
67	125
67	190
67	199
67	375
67	171
67	378
67	384
67	116
67	135
67	177
67	183
67	226
67	290
67	310
69	81
69	367
69	141
69	174
69	378
69	379
69	251
69	403
69	405
69	270
69	310
69	301
0	269
70	73
70	82
70	97
70	368
70	141
70	211
70	258
70	143
70	409
70	113
70	173
71	75
71	80
71	105
71	274
71	298
71	307
71	410
71	72
0	92
0	97
0	141
0	143
0	126
73	75
73	76
73	105
73	122
73	380
73	381
73	215
73	382
73	274
73	405
73	270
73	261
73	408
73	409
73	301
73	263
73	74
75	76
75	80
75	82
75	85
75	370
75	141
75	109
75	380
75	181
75	381
75	382
75	384
75	387
75	409
75	307
75	301
75	263
76	80
76	85
76	105
76	186
76	380
76	181
76	212
76	381
76	382
76	274
76	275
76	143
76	406
76	261
76	409
76	263
76	77
78	79
0	260
80	365
80	92
80	370
80	118
80	141
80	380
80	181
80	212
80	382
80	261
80	407
80	409
80	113
80	239
0	167
0	175
0	118
0	199
0	163
0	377
0	211
0	174
0	310
0	263
0	295
81	174
81	191
81	374
81	163
81	171
81	378
81	383
81	391
81	251
81	310
81	295
81	278
0	186
0	325
0	411
0	287
82	85
82	87
82	366
82	105
82	106
82	188
82	212
82	156
82	143
82	406
82	263
82	260
82	239
82	411
82	412
0	96
0	119
0	106
0	331
0	190
0	116
0	87
0	133
0	188
0	407
0	120
365	370
365	378
365	384
365	393
0	413
0	187
0	212
0	154
0	216
0	225
0	230
0	414
0	328
0	333
85	87
85	101
85	105
85	122
85	109
85	106
85	133
85	371
85	188
85	212
85	275
85	399
85	279
85	116
85	413
85	154
85	216
85	328
85	222
85	415
85	334
85	335
85	86
0	367
0	191
0	376
0	405
0	173
0	416
0	336
87	367
87	188
87	387
87	390
87	404
87	143
87	270
87	261
87	407
87	307
87	131
87	152
87	417
87	340
366	367
366	372
366	376
366	385
366	405
366	413
366	418
366	419
366	420
0	371
0	372
0	421
0	181
0	268
0	276
0	422
0	219
0	233
0	289
0	109
0	209
0	335
367	376
367	388
367	390
367	403
367	405
367	416
367	418
367	423
367	424
92	365
92	97
92	118
92	109
92	125
92	190
92	376
92	171
92	379
92	205
92	181
92	211
92	215
92	384
92	258
92	264
92	306
92	131
92	135
92	290
92	113
92	289
92	285
92	314
92	93
94	122
94	166
94	377
94	235
94	160
94	227
94	161
94	167
94	157
94	226
94	290
94	216
94	225
94	222
94	415
94	219
94	217
94	425
94	318
94	322
94	323
94	342
94	280
94	343
94	426
94	344
94	95
96	119
96	271
96	401
96	143
96	270
96	407
96	131
96	413
96	334
96	416
96	152
96	417
96	418
96	185
96	427
96	294
96	428
96	429
96	346
97	370
97	141
97	119
97	188
97	190
97	205
97	211
97	382
97	391
97	297
97	306
97	173
97	412
97	285
97	98
97	99
0	147
0	135
0	171
0	113
0	385
0	408
0	183
0	430
100	366
100	367
100	109
100	190
100	215
100	238
100	251
100	274
100	398
100	297
100	403
100	405
100	143
100	270
100	301
100	412
100	413
100	334
100	418
100	420
100	289
100	424
100	431
0	100
0	157
0	306
0	278
0	327
0	412
0	241
0	415
0	257
0	311
0	193
0	215
0	334
0	420
0	298
0	297
0	419
101	141
101	109
101	412
0	301
0	256
0	346
0	319
0	170
0	406
2	366
0	432
368	378
368	384
368	429
0	384
0	433
0	185
369	372
369	373
369	396
369	401
369	408
369	424
369	426
369	434
0	388
0	389
0	390
0	270
0	152
0	417
0	107
0	435
0	329
0	404
0	166
0	410
105	109
105	106
105	187
105	380
105	212
105	381
105	215
105	382
105	227
105	387
105	388
105	389
105	156
105	258
105	274
105	405
105	261
105	407
105	408
105	307
105	154
105	282
370	380
370	382
370	404
370	407
370	409
118	365
118	367
118	368
118	122
118	141
118	147
118	119
118	125
118	166
118	376
118	163
118	171
118	388
118	389
118	392
118	401
118	279
118	173
118	295
118	222
118	423
118	430
118	435
0	401
122	174
122	306
122	322
122	428
122	437
122	443
122	444
122	320
122	123
122	124
141	367
141	147
141	193
141	167
141	403
141	270
141	183
141	352
141	142
0	375
0	316
0	452
174	374
174	376
174	378
174	383
174	251
174	177
174	175
174	295
174	418
174	207
0	438
0	94
0	222
0	264
0	402
0	383
0	290
0	223
0	353
0	238
0	403
0	409
0	424
0	429
0	352
4	109
4	147
0	434
0	454
5	122
6	155
0	423
109	118
109	147
109	186
109	166
109	181
109	258
109	274
109	297
109	403
109	143
109	261
109	116
109	431
109	438
147	365
147	191
147	212
147	274
147	438
147	148
147	149
147	150
147	151
0	267
0	373
0	374
0	321
0	448
0	351
0	177
0	418
0	282
0	427
0	294
0	437
0	445
186	365
186	191
186	212
186	386
186	274
186	275
186	297
186	279
186	226
186	263
0	330
0	198
106	110
106	187
106	181
106	212
106	160
106	221
106	227
106	266
106	156
106	395
106	396
106	407
106	226
106	260
106	225
106	230
106	328
106	219
106	233
106	425
106	323
106	434
106	347
106	207
106	234
106	436
110	369
110	187
110	188
110	160
110	265
110	112
110	156
110	397
110	225
110	328
110	333
110	219
110	318
110	323
110	434
110	347
110	207
110	439
110	440
110	111
0	386
0	226
0	308
0	426
119	368
119	174
119	125
119	371
119	188
119	375
119	181
119	212
119	235
119	384
119	161
119	401
119	406
119	290
119	295
119	413
119	428
119	319
119	434
125	365
125	369
125	133
125	170
125	371
125	191
125	372
125	193
125	373
125	171
125	181
125	394
125	401
125	278
125	216
125	230
125	321
133	369
133	170
133	372
133	193
133	373
133	198
133	199
133	379
133	384
133	134
133	302
133	216
133	440
0	134
166	199
166	376
166	267
166	399
166	406
166	183
166	290
166	410
166	412
166	256
166	418
166	185
166	423
166	342
166	344
166	427
166	430
166	433
166	438
166	320
166	321
166	445
170	369
170	188
170	372
170	193
170	373
170	374
170	265
170	216
170	230
170	314
170	217
170	207
170	349
170	448
0	441
187	193
187	397
187	407
187	226
187	216
187	225
187	230
187	328
187	222
187	425
187	323
187	207
187	316
371	379
371	384
371	396
371	399
371	413
371	422
371	438
0	234
188	369
188	371
188	191
188	379
188	384
188	297
188	405
188	260
188	216
188	334
188	289
188	285
188	207
188	234
0	302
0	309
190	199
190	205
190	215
190	251
190	297
190	403
190	306
190	310
190	295
190	412
190	336
190	422
190	289
190	285
190	440
190	352
0	207
191	365
191	366
191	372
191	193
191	375
191	211
191	383
191	268
191	402
191	403
191	405
191	295
191	419
191	424
191	427
191	294
191	346
191	432
191	434
191	445
191	192
372	374
372	375
372	401
372	402
372	404
372	416
372	418
0	347
0	440
0	460
193	365
193	366
193	369
193	372
193	373
193	198
193	379
193	265
193	302
193	276
193	290
193	309
193	207
193	440
193	194
193	195
193	196
198	369
198	372
198	373
198	374
198	379
198	302
198	328
0	363
0	343
199	366
199	367
199	376
199	379
199	211
199	215
199	269
199	395
199	401
199	270
199	408
199	310
199	301
199	295
199	256
199	334
199	336
199	418
199	219
199	424
199	427
199	207
199	440
199	320
199	454
199	200
199	201
8	10
8	56
374	378
374	383
374	394
374	401
374	404
374	412
374	418
374	445
0	428
9	10
9	41
9	134
11	47
375	379
375	384
375	403
375	416
375	427
375	432
375	434
0	349
376	379
376	405
376	412
376	413
376	419
376	420
376	423
12	13
12	36
163	372
163	199
163	379
163	380
163	235
163	392
163	399
163	406
163	177
163	290
163	175
163	256
163	216
163	421
163	422
163	344
163	309
163	437
163	443
163	444
163	351
163	164
163	165
163	355
171	365
171	370
171	174
171	191
171	378
171	181
171	211
171	383
171	385
171	390
171	251
171	408
171	177
171	175
171	417
171	429
0	228
377	382
377	394
377	401
377	437
377	441
377	445
378	379
378	383
379	384
379	389
379	391
379	397
379	403
379	424
379	440
0	217
0	350
0	332
0	280
0	344
0	449
0	239
0	205
0	285
15	122
0	450
16	70
205	215
205	386
205	269
205	310
205	410
205	415
205	423
205	424
205	285
205	431
205	435
205	442
205	352
0	326
0	439
0	244
17	69
18	113
380	381
380	382
380	385
380	387
380	407
380	408
380	409
380	422
380	423
380	438
181	365
181	370
181	186
181	371
181	188
181	380
181	211
181	212
181	384
181	395
181	274
181	275
181	397
181	295
181	216
181	421
0	246
211	366
211	367
211	375
211	381
211	383
211	384
211	251
211	405
211	270
211	290
211	424
211	330
212	370
212	380
212	385
212	395
212	274
212	399
212	279
212	276
212	261
212	407
212	408
212	335
212	423
212	430
381	382
381	387
381	405
381	409
215	366
215	367
215	376
215	380
215	238
215	267
215	269
215	274
215	297
215	403
215	405
215	264
215	270
215	306
215	407
215	310
215	301
215	263
215	412
215	256
215	415
215	334
215	336
215	420
215	289
215	285
215	429
215	431
0	341
382	401
382	404
382	407
382	409
0	453
0	250
0	243
20	147
0	446
0	461
235	384
235	392
235	393
235	275
235	398
235	399
235	290
235	325
235	287
235	256
235	282
235	342
235	280
235	344
235	327
235	445
235	451
235	236
235	237
0	323
0	443
0	179
0	322
0	342
0	314
384	399
384	413
384	421
384	422
384	438
0	431
0	442
0	320
21	22
21	29
238	366
238	376
238	269
238	389
238	401
238	403
238	301
238	412
238	416
238	418
238	420
238	424
238	429
0	451
23	298
24	298
25	298
26	298
27	298
28	298
0	324
209	215
209	415
209	335
209	421
209	285
209	430
209	431
209	435
209	352
385	387
385	388
385	389
385	390
385	401
385	402
385	404
385	405
385	407
385	408
385	417
385	418
385	419
385	429
30	101
31	101
160	187
160	265
160	386
160	395
160	397
160	276
160	226
160	225
160	333
160	222
160	233
160	425
160	318
160	323
160	426
160	329
160	207
160	234
160	223
160	443
160	324
160	228
221	266
221	396
221	225
221	230
221	328
221	233
221	323
221	234
221	228
221	460
227	379
227	384
227	395
227	397
227	425
227	323
227	342
227	347
227	350
0	425
155	160
155	221
155	265
155	425
155	229
265	369
265	266
265	396
265	290
265	333
266	333
266	460
0	318
386	391
267	275
267	399
267	290
267	410
267	415
267	334
267	344
267	435
267	438
267	442
267	330
267	320
268	371
268	399
268	276
268	290
268	421
268	422
268	327
268	319
268	330
268	451
268	350
269	376
269	391
269	297
269	306
269	301
269	410
269	308
269	413
269	415
269	334
269	336
269	423
269	285
269	428
269	431
269	435
269	352
269	353
33	235
134	366
134	369
134	170
134	188
134	193
134	198
134	379
134	302
134	177
134	194
35	36
35	42
37	47
387	388
387	389
387	390
387	404
387	407
387	408
387	417
387	435
271	374
271	391
271	394
271	401
271	278
271	412
271	429
271	346
271	321
271	445
388	389
388	390
388	402
388	405
388	415
388	417
388	419
388	430
388	435
388	445
389	390
389	402
389	403
389	405
389	415
389	417
389	419
390	402
390	417
390	419
40	59
0	340
0	444
112	366
112	369
112	125
112	133
112	170
112	187
112	372
112	193
112	373
112	198
112	374
112	379
112	134
112	302
112	120
112	230
112	309
391	394
391	448
391	451
161	371
161	199
161	163
161	377
161	235
161	384
161	392
161	401
161	276
161	331
161	222
161	219
161	217
161	425
161	427
161	445
161	448
392	393
392	426
392	443
392	448
392	451
392	452
393	394
393	401
393	426
393	444
393	448
394	412
156	187
156	160
156	227
156	265
156	251
156	396
156	397
156	175
156	411
156	216
156	225
156	230
156	414
156	328
156	425
156	323
156	350
251	365
251	374
251	376
251	378
251	379
251	383
251	269
251	401
251	404
251	310
251	295
251	256
251	252
258	368
258	375
258	274
258	260
258	278
258	331
258	427
258	311
258	316
258	445
258	259
395	397
395	425
274	380
274	381
274	384
274	395
274	401
274	297
274	279
274	409
274	412
274	422
275	371
275	378
275	399
275	295
275	415
275	327
275	319
275	433
275	438
275	330
275	320
275	448
396	415
396	434
396	440
397	425
0	457
0	248
0	459
0	463
398	399
398	406
398	410
398	421
398	422
398	427
398	431
398	434
398	435
398	443
398	444
398	448
398	451
398	454
399	422
399	443
399	448
399	451
167	391
167	173
167	278
167	322
167	311
167	436
167	228
167	168
0	447
0	456
0	458
0	272
0	464
0	273
43	75
44	82
45	82
46	75
46	85
48	56
49	56
50	73
400	411
400	426
400	436
400	446
400	450
400	458
400	462
400	463
299	400
299	325
299	411
299	426
299	436
299	324
299	450
299	456
299	462
299	463
299	300
0	436
0	462
401	402
401	407
401	408
401	412
401	413
401	416
401	418
401	423
401	434
401	435
401	445
402	403
402	408
402	416
297	366
297	367
297	376
297	398
297	405
297	306
297	412
297	331
297	413
297	334
297	332
297	421
297	424
297	346
403	405
403	408
403	420
403	424
403	427
403	429
403	432
54	331
54	107
55	394
279	396
279	406
279	411
279	415
279	335
279	421
279	423
279	430
279	327
279	456
279	459
404	407
404	408
404	417
404	445
302	369
302	373
302	379
302	328
302	309
302	440
57	59
58	133
405	407
405	408
405	419
405	420
405	441
143	190
143	211
143	215
143	238
143	297
143	403
143	279
143	264
143	298
143	406
143	306
143	412
143	413
143	334
143	421
143	219
143	289
143	285
143	435
143	454
143	144
143	145
143	146
157	170
157	160
157	391
157	167
157	226
157	173
157	287
157	282
157	217
157	342
157	280
157	343
157	448
157	449
157	158
157	159
264	274
264	297
264	403
264	270
264	406
264	306
264	301
264	412
264	334
264	335
264	420
264	289
264	352
270	366
270	367
270	376
270	381
270	385
270	271
270	388
270	390
270	401
270	297
270	403
270	405
270	408
270	301
270	331
270	413
270	334
270	419
270	420
270	282
270	424
270	294
270	429
270	346
270	352
270	448
270	449
276	371
276	375
276	379
276	380
276	279
276	331
276	422
276	423
276	427
276	430
276	327
276	432
276	433
276	438
276	440
276	330
276	451
276	350
298	366
298	375
406	413
406	421
406	428
406	431
406	442
61	87
61	188
306	403
306	406
306	334
306	336
306	424
306	314
306	431
306	353
261	370
261	380
261	381
261	382
261	387
261	274
261	404
261	407
261	408
261	409
261	307
407	408
407	409
407	423
407	435
407	445
408	427
408	428
408	445
307	380
307	381
307	382
307	385
307	387
307	390
307	404
307	407
307	408
307	409
307	417
62	64
62	75
62	80
63	64
63	261
131	374
131	380
131	212
131	382
131	385
131	387
131	271
131	388
131	390
131	274
131	401
131	404
131	407
131	408
131	307
131	183
131	152
131	417
131	429
131	346
116	368
116	181
116	384
116	209
116	268
116	398
116	399
116	167
116	401
116	279
116	406
116	307
116	290
116	175
116	295
116	154
116	421
116	294
116	327
116	223
116	442
116	117
135	166
135	190
135	199
135	384
135	396
135	276
135	310
135	410
135	295
135	413
135	416
135	336
135	219
135	423
135	294
135	440
135	320
135	136
135	137
135	353
135	138
135	139
135	140
177	365
177	369
177	191
177	374
177	378
177	379
177	383
177	251
177	401
177	310
177	295
177	424
177	445
183	367
183	380
183	212
183	403
183	270
183	407
183	328
183	334
183	185
183	282
183	424
183	440
226	235
226	269
226	395
226	397
226	328
226	282
226	425
226	323
226	347
226	320
65	67
65	69
290	377
290	395
290	414
290	341
290	322
290	342
290	344
290	311
290	449
310	366
310	378
310	379
310	391
310	397
310	406
310	334
310	416
310	336
310	418
310	423
310	424
310	440
66	67
66	211
68	69
68	70
301	367
301	376
301	403
301	405
301	407
301	331
301	334
301	336
301	420
301	424
113	365
113	368
113	118
113	122
113	147
113	166
113	385
113	388
113	389
113	258
113	279
113	264
113	126
113	335
113	419
113	422
113	423
113	430
113	114
113	115
173	367
173	235
173	391
173	399
173	287
173	341
173	427
173	449
410	415
410	431
410	445
72	193
126	141
126	186
126	377
126	386
126	258
126	167
126	278
126	257
126	316
126	127
126	128
126	129
126	130
263	298
263	325
263	431
0	455
74	76
77	261
79	205
79	415
260	400
260	411
260	414
260	328
260	436
260	439
260	453
260	272
260	461
260	462
260	463
260	464
239	260
239	411
239	241
239	439
239	441
239	446
239	447
239	453
239	456
239	250
239	244
239	243
239	248
239	458
239	272
239	461
239	464
175	365
175	181
175	235
175	384
175	268
175	275
175	276
175	290
175	295
175	256
175	421
175	422
175	185
175	343
175	327
175	319
175	176
0	354
295	365
295	368
295	375
295	379
295	391
295	310
295	421
295	329
295	440
295	330
278	386
278	310
278	341
278	314
278	427
278	311
278	316
278	445
325	391
325	393
325	399
325	411
325	414
325	342
325	436
325	441
325	452
325	456
325	457
325	326
411	414
411	446
411	453
411	456
411	457
411	459
411	463
411	464
287	386
287	333
287	341
287	322
287	346
287	311
287	288
412	413
412	416
412	418
412	421
412	423
331	366
331	367
331	372
331	375
331	376
331	380
331	402
331	405
331	408
331	412
331	416
331	420
331	423
331	427
331	432
120	369
120	170
120	371
120	193
120	373
120	379
120	134
120	156
120	396
120	216
120	230
120	433
120	438
120	440
120	442
120	121
256	365
256	371
256	383
256	267
256	268
256	395
256	275
256	399
256	310
256	295
256	415
256	422
256	319
256	433
256	438
256	440
256	442
256	330
256	320
256	448
83	365
83	163
83	171
84	365
84	171
308	365
308	378
308	422
308	426
308	329
413	421
413	433
154	171
154	205
154	215
154	209
154	268
154	388
154	389
154	275
154	276
154	406
154	410
154	256
154	415
154	334
154	335
154	285
154	319
154	435
154	349
154	442
154	330
154	320
154	457
216	371
216	380
216	221
216	268
216	399
216	276
216	290
216	225
216	222
216	422
216	219
216	233
216	327
216	234
216	438
216	440
225	371
225	227
225	251
225	395
225	397
225	226
225	230
225	328
225	335
225	233
225	425
225	323
225	426
225	329
225	347
225	228
230	371
230	373
230	265
230	396
230	233
230	322
230	323
230	234
230	455
230	231
414	436
414	441
414	446
414	451
414	453
414	457
328	379
328	395
328	397
328	329
328	347
333	393
333	396
333	434
333	443
333	444
333	454
333	351
222	235
222	227
222	392
222	393
222	397
222	226
222	225
222	328
222	233
222	314
222	425
222	322
222	426
222	347
222	223
222	443
222	228
415	430
415	435
334	366
334	367
334	369
334	376
334	386
334	398
334	403
334	405
334	406
334	413
334	336
334	424
334	352
334	353
335	388
335	389
335	415
335	431
335	435
86	413
86	154
416	418
416	420
416	423
416	427
416	434
416	440
416	445
336	403
336	405
336	420
336	427
336	428
336	429
336	349
336	440
336	352
336	353
336	337
336	338
152	191
152	181
152	212
152	385
152	267
152	387
152	271
152	388
152	389
152	390
152	403
152	270
152	407
152	307
152	415
152	417
152	419
152	185
152	424
152	294
152	429
152	346
152	430
152	432
152	435
152	444
152	321
152	445
152	250
417	419
417	429
340	451
418	420
418	423
419	420
419	424
419	429
420	424
420	429
88	366
88	405
332	366
421	422
421	423
421	428
421	430
421	431
421	451
422	427
422	431
422	433
422	438
422	451
219	369
219	396
219	276
219	408
219	328
219	333
219	233
219	282
219	318
219	342
219	280
219	343
219	344
219	427
219	327
219	434
219	451
233	266
233	395
233	396
233	328
233	425
233	234
289	386
289	297
289	405
289	406
289	306
289	412
289	334
289	424
289	428
289	352
289	353
89	367
89	380
89	173
185	367
185	190
185	199
185	376
185	383
185	403
185	301
185	256
185	416
185	418
185	420
185	282
185	342
185	427
185	346
185	440
423	430
423	433
423	435
423	438
423	440
423	442
282	367
282	377
282	404
282	290
282	287
282	341
282	314
282	343
282	429
282	434
282	349
282	441
282	321
282	445
282	448
282	449
282	451
282	452
282	283
282	284
424	429
341	367
341	386
341	432
341	349
341	437
90	367
90	405
90	270
285	398
285	306
285	310
285	413
285	415
285	334
285	289
285	435
285	352
285	286
314	403
314	336
314	429
314	432
314	329
314	349
314	437
314	320
314	451
314	353
314	315
91	92
91	97
91	190
91	205
91	285
93	215
217	235
217	396
217	333
217	219
217	233
217	280
217	343
217	434
217	437
217	452
217	218
425	426
318	369
318	396
318	342
318	343
318	344
318	327
318	434
318	443
318	444
318	448
318	454
318	351
322	325
322	341
322	342
322	426
322	344
322	432
322	436
322	443
322	449
323	397
323	328
323	349
342	377
342	392
342	395
342	425
342	344
342	428
342	443
342	449
342	452
280	392
280	399
280	406
280	325
280	318
280	322
280	342
280	343
280	344
280	427
280	434
280	452
280	351
280	339
343	369
343	396
343	399
343	434
343	349
343	448
343	451
343	452
343	454
426	436
426	450
426	462
344	392
344	398
344	437
344	443
344	444
344	448
344	452
344	457
95	342
427	428
427	432
427	434
427	437
427	445
427	451
427	452
294	331
294	428
294	429
294	432
294	437
428	431
428	432
428	434
429	437
429	445
346	376
346	401
346	403
346	408
346	417
346	418
346	419
346	424
346	429
98	190
99	190
430	435
430	459
431	435
327	375
327	377
327	384
327	398
327	399
327	331
327	333
327	422
327	343
327	427
327	432
327	349
327	438
327	451
241	279
241	263
241	285
241	430
241	436
241	439
241	444
241	446
241	453
241	454
241	456
241	250
241	244
241	243
241	248
241	459
241	461
241	463
257	258
257	275
257	260
257	278
257	343
257	311
257	316
311	386
311	391
311	331
311	328
311	314
311	318
311	342
311	427
311	432
311	454
319	371
319	384
319	399
319	413
319	433
319	438
319	442
319	451
319	350
432	434
432	437
432	459
433	438
433	442
309	369
329	369
329	379
329	396
329	397
329	426
329	330
102	369
102	120
103	369
103	133
107	141
107	405
107	264
107	290
107	173
107	287
107	331
107	333
107	421
107	427
107	294
107	349
107	437
104	105
104	380
104	381
347	395
347	397
347	425
207	371
207	227
207	265
207	266
207	395
207	226
207	225
207	219
207	233
207	425
207	343
207	347
207	234
234	371
234	265
234	266
234	425
234	329
436	444
436	450
436	454
436	457
436	462
436	463
349	377
349	386
349	406
349	428
349	437
349	443
349	353
437	443
437	451
437	452
316	375
316	403
316	331
316	341
108	375
108	331
108	427
438	442
438	451
439	441
439	446
439	453
439	454
439	456
439	458
439	459
439	463
111	225
111	323
114	118
114	423
115	118
441	445
441	446
441	453
223	396
223	226
223	341
223	314
223	322
223	323
223	280
223	347
223	349
223	437
223	443
223	449
223	228
117	154
330	371
330	379
330	383
330	399
330	410
330	422
330	350
121	433
443	444
443	451
444	454
444	457
320	393
320	398
320	399
320	410
320	413
320	335
320	422
320	344
320	428
320	431
320	327
320	352
320	448
320	353
320	351
123	443
124	163
321	377
321	392
321	394
321	399
321	410
321	414
321	416
321	342
321	427
321	441
321	445
321	446
321	448
352	376
352	403
352	410
352	413
352	415
352	420
352	435
445	448
127	316
128	186
128	386
129	186
130	257
132	385
132	401
446	447
446	453
446	458
446	459
446	461
446	464
447	453
447	458
447	459
447	461
447	464
448	451
448	452
324	400
324	411
324	414
324	426
324	436
324	439
324	441
324	450
324	454
324	457
324	326
324	462
324	463
450	462
450	463
451	452
453	454
453	458
453	459
453	461
453	464
136	166
137	440
353	386
353	403
353	428
353	437
353	440
138	410
139	410
140	353
142	183
454	457
144	406
145	306
146	306
363	455
363	460
148	186
149	186
150	186
151	311
456	457
456	458
250	398
250	299
250	344
250	437
250	439
250	441
250	321
250	324
250	452
250	456
250	457
250	326
250	459
153	154
153	415
350	371
350	433
350	438
350	442
179	235
179	391
179	260
179	239
179	325
179	287
179	322
179	280
179	343
179	441
179	324
179	456
179	244
179	243
179	248
179	326
158	167
159	167
228	269
228	425
228	323
228	342
228	426
228	428
228	329
228	347
351	392
351	393
351	406
351	443
162	163
162	421
164	354
165	354
168	173
169	170
169	207
172	173
172	287
244	258
244	400
244	260
244	411
244	414
244	439
244	446
244	447
244	324
244	450
244	453
244	456
244	326
244	458
244	459
244	462
176	276
243	260
243	325
243	411
243	414
243	439
243	456
243	244
243	248
243	326
243	272
248	411
248	414
248	432
248	439
248	441
248	446
248	447
248	324
248	453
248	454
248	456
248	250
248	457
248	458
248	272
248	459
248	461
248	463
178	179
178	244
326	414
326	436
326	439
326	441
326	452
326	459
458	461
458	462
458	463
458	464
272	400
272	411
272	414
272	439
272	446
272	447
272	453
272	461
272	462
272	463
272	464
272	273
180	181
180	212
182	183
182	223
459	463
184	199
184	185
189	190
189	310
192	372
195	265
196	198
197	198
197	374
200	379
201	454
354	377
354	437
202	377
202	445
203	377
203	445
0	364
204	205
204	415
206	266
206	207
208	209
208	415
246	398
246	263
246	411
246	414
246	439
246	250
246	457
246	248
246	326
246	459
210	211
210	258
213	215
213	274
214	215
214	274
461	464
218	343
220	221
220	328
224	225
224	285
229	230
231	233
231	234
232	260
232	233
232	244
236	398
237	287
462	463
240	263
240	241
242	439
242	456
245	447
245	453
245	461
247	439
247	248
247	458
273	400
273	439
273	458
273	462
249	400
249	299
249	450
249	462
252	269
253	275
253	256
254	275
254	256
255	275
255	256
259	316
262	299
262	450
262	463
277	278
277	314
281	282
281	321
283	445
284	287
286	415
288	333
291	318
291	443
292	333
292	443
293	297
293	413
296	297
296	306
300	450
303	413
303	334
304	310
304	416
305	310
305	416
312	336
312	314
313	314
313	432
315	336
317	318
317	327
245	325
337	353
338	353
339	340
339	342
339	449
345	429
345	346
38	311
348	349
348	353
356	455
356	363
357	455
357	363
358	455
358	363
359	455
359	363
360	455
360	363
361	455
361	363
362	455
362	363
