15426	31565
15426	31566
15426	31567
15426	31568
15426	31569
15426	31570
15426	31571
31565	31566
31565	31567
31565	31568
31565	31569
31566	31567
31566	31568
31566	31569
31566	31570
31566	31571
31567	31568
31567	31569
31567	31570
31567	31571
31568	31569
31569	31570
31569	31571
31570	31571
15426	31565
15426	31566
15426	31567
15426	31568
15426	31569
15426	31570
15426	31571
31565	31566
31565	31567
31565	31568
31565	31569
31566	31567
31566	31568
31566	31569
31566	31570
31566	31571
31567	31568
31567	31569
31567	31570
31567	31571
31568	31569
31569	31570
31569	31571
31570	31571
