0	647
1	24920
2	24921
3	24922
4	24923
5	24924
6	24925
7	24926
8	24927
9	24928
10	24930
11	24931
12	24932
13	24933
14	24934
15	24935
16	24936
17	24937
18	24938
19	24939
20	24941
21	24942
22	24944
23	24945
24	24946
25	24947
26	24948
27	24949
28	24950
29	24952
30	24953
31	24956
32	24957
33	24958
34	24959
35	24960
36	24961
37	24962
38	24963
39	24964
40	24965
41	24967
42	24968
43	24970
44	24971
45	24973
46	24974
47	24977
48	24978
49	24979
50	24981
51	24982
52	24983
53	24986
54	24987
55	24988
56	24989
57	24990
58	24992
59	24993
60	24994
61	24995
62	24996
63	24997
64	24998
65	24999
66	25000
67	25001
68	25002
69	25003
70	25004
71	25005
72	25006
73	25008
74	25012
75	25013
76	25014
77	25016
78	25017
79	25018
80	25019
81	25020
82	25021
83	25022
84	25025
85	25026
86	25027
87	25029
88	25030
89	25032
90	25033
91	25034
92	25036
93	25037
94	25038
95	25039
96	25040
97	25041
98	25043
99	25044
100	25045
101	25047
102	25048
103	25049
104	25050
105	25051
106	25052
107	25054
108	25055
109	25056
110	25057
111	25058
112	25059
113	25060
114	25062
115	25063
116	25064
117	25065
118	25066
119	29273
120	29274
121	29275
122	29276
123	29277
124	29278
125	29279
126	29280
127	29281
128	29282
129	29283
130	29284
131	29285
132	29286
133	29287
134	29288
135	29289
136	29290
137	29291
138	29302
139	29303
140	29304
141	29292
142	29293
143	29294
144	28327
145	28328
146	28329
