16769	16770
16769	30040
16769	30083
16769	30086
16769	30087
16769	30121
16769	34416
16769	34417
30040	31608
30086	30087
30086	34416
30120	30121
30121	34417
30607	30622
30607	30623
30607	31608
30609	31608
30609	36941
30609	36942
30609	36963
30614	31608
30623	31608
30626	31608
30626	36943
30626	36944
30626	36958
30626	36959
30626	36960
30626	36961
30626	36962
31608	34631
31608	36941
31608	36942
31608	36943
31608	36944
31608	36945
31608	36946
36941	36942
36941	36963
36942	36963
36943	36944
36943	36961
36943	36962
36945	36946
36958	36959
36958	36960
36959	36960
36961	36962
