4369	4370
4369	4373
4369	4374
4369	4375
4369	4376
4370	4371
4370	4373
4370	4374
4358	4370
4358	4371
4358	4359
4358	4366
4358	4361
4358	4364
4357	4358
4359	4371
4360	4372
4366	4370
4366	4371
4360	4363
4361	4370
4361	4366
4356	4357
4356	4372
4362	4372
4362	4363
4363	4372
4364	4370
4364	4371
4364	4366
4361	4371
4365	4369
4365	4370
4365	4373
4365	4374
4373	4374
4373	4375
4373	4376
4374	4375
4374	4376
4367	4369
4367	4373
4367	4374
4367	4375
4367	4376
4375	4376
4368	4369
4368	4373
4368	4375
4368	4376
