1377	7534
1378	25681
1379	12222
1380	14290
1381	27760
1382	27761
1383	27762
1384	27763
1385	35079
1386	35080
1387	35081
1388	35082
1389	35083
1390	35084
1391	35085
1392	35086
1393	35087
1394	25630
1395	25639
1396	25665
1397	25692
1398	27757
1399	27758
1400	27759
1401	23169
1402	25637
1403	27687
1404	25631
1405	25636
1406	25643
1407	25658
1408	25638
1409	27692
1410	27693
1411	25661
1412	25710
1413	25648
1414	25662
1415	25670
1416	25711
1417	27751
1418	27755
1419	27756
1420	27742
1421	27743
1422	27744
1423	27745
1424	27746
1425	27764
1426	27765
1427	27766
1428	27752
1429	27685
1430	27686
1431	27690
1432	27688
1433	27689
1434	27691
1435	27747
1436	27748
1437	27749
1438	27750
