66	800
67	16958
68	16959
69	16960
70	16961
71	16962
72	16965
73	16967
74	16977
75	16978
76	16979
77	16980
78	16981
79	16982
80	16983
81	16984
82	16985
83	16986
84	16987
85	16988
86	16989
87	16990
88	16991
89	16992
90	16993
91	16994
92	16998
93	16999
94	17000
95	17002
96	17003
97	17005
98	17006
99	17007
100	17011
101	17013
102	17016
103	17017
104	17021
105	17022
106	17023
107	17024
108	17025
109	17026
110	17031
111	17034
112	17037
113	17044
114	17047
115	17048
116	17055
117	17056
118	17066
119	17067
120	17068
121	17070
122	17071
123	17073
124	17077
125	17079
126	17081
127	17083
128	17084
129	17085
130	17093
131	17094
132	17096
133	17098
134	32888
135	32892
136	32893
137	32894
138	32895
139	32896
140	32905
141	32906
142	32907
143	32908
144	32909
145	32910
146	32911
147	32912
148	32913
149	32914
150	32915
151	32889
152	32890
153	32916
154	32929
155	32930
156	32931
157	32926
