0	145
1	5545
2	5551
3	5552
4	5553
5	5555
6	5557
7	5559
8	5560
9	5561
10	5562
11	5563
12	5564
13	5565
14	5566
15	5567
16	5568
17	5570
18	5571
19	5572
20	5574
21	5576
22	5577
23	5578
24	5580
25	5581
26	5583
27	5584
28	5586
29	5587
30	5588
31	5589
32	5590
33	5591
34	5593
35	5594
36	5595
37	5596
38	5597
39	5598
40	5599
41	5601
42	5602
43	5603
44	5604
45	5605
46	5606
47	5607
48	5608
49	5609
50	5610
51	5611
52	5612
53	5613
54	5614
55	5615
56	5616
57	5617
58	5618
59	5620
60	5621
61	5623
62	5624
63	5626
64	5627
65	5628
66	17357
67	18025
68	18026
69	18027
