3870	23578
3870	23582
3870	23583
3870	23584
3870	23585
3870	23586
3870	23591
3870	23592
3870	23595
3870	23597
3870	23598
3870	23601
3870	23606
3870	23607
3870	23608
3870	23610
3870	23611
3870	23612
3870	23613
3870	23620
3870	23623
3870	23624
3870	23625
3870	23626
3870	23630
3870	23631
3870	23632
3870	23637
23583	23620
23584	23585
23584	23586
23584	23611
23584	23613
23584	23626
23584	23637
23585	23586
23585	23637
23586	23637
23597	23598
23606	23607
23611	23612
23611	23613
23611	23626
23612	23613
23613	23626
23623	23624
23630	23631
23630	23632
23631	23632
