7590	13544
7590	17774
7590	20698
7590	21082
7590	30174
7590	31341
7590	33089
7590	33090
7590	33091
7590	33092
7590	33093
7590	33094
7590	33095
7590	33096
7590	33097
7590	33098
7590	33099
7590	33100
7590	33101
7590	33102
7590	33103
7590	33104
7590	33105
7590	33106
33093	33094
33093	33095
33093	33096
33093	33097
33093	33100
33093	33101
33093	33102
33093	33103
33094	33095
33094	33096
33094	33100
33094	33101
33094	33102
33094	33103
33095	33096
33095	33097
33095	33100
33095	33101
33095	33102
33095	33103
33096	33097
33096	33100
33096	33101
33096	33102
33096	33103
33098	39627
33098	39628
33098	39629
33098	39630
33100	33101
33100	33102
33100	33103
33101	33102
33101	33103
33102	33103
39627	39628
39627	39629
39627	39630
39627	39631
39627	39632
39627	39633
39628	39629
39629	39630
39631	39632
39631	39633
39632	39633
