0	0
1	1
2	2
3	3
4	4
19	5
87	6
2521	17606
90	7
91	8
377	9
110	10
396	11
136	12
555	13
307	14
138	15
622	17
398	16
399	19
661	21
400	20
4276	17622
636	22
4319	35226
97	26
98	29
53	28
2250	35233
37	34
40	35
829	32
5	33
5060	35234
148	36
5350	17637
34	37
971	42
151	43
6578	35243
149	40
970	41
6398	35245
1084	46
1291	47
3753	35244
29	44
1083	45
7	51
1297	50
215	17648
1293	49
1847	35251
1292	48
11	55
10	54
9	53
8	52
6698	35256
641	58
640	57
12	56
5619	35259
311	62
643	61
642	60
4332	35263
158	68
368	35271
1323	64
4203	35266
384	66
1342	67
286	76
979	77
907	78
1597	79
1402	72
406	74
23	75
1605	85
315	84
1641	87
1186	35284
6902	35285
162	81
1604	80
314	83
1409	35281
388	93
3886	35295
1734	94
619	91
165	90
170	102
1877	103
2302	35303
960	100
1838	98
1735	99
1103	35296
409	97
1934	110
5015	35309
1935	111
5014	35305
1592	107
6847	35306
6771	35316
2023	119
2021	118
411	114
613	113
3410	17584
4318	35314
4890	35315
2125	127
219	126
1427	125
2047	124
2044	123
6486	35321
2038	121
1887	17593
513	120
417	137
450	136
915	139
2173	138
1474	141
4767	35086
2181	140
523	35087
2202	143
3762	17486
517	142
6559	17472
3039	35074
443	129
568	35075
179	128
414	133
2153	132
4225	35079
2103	17478
321	135
5984	35076
2059	17479
1051	134
569	152
943	153
466	154
1631	155
758	156
6900	35102
128	157
637	158
42	159
26	144
916	145
1429	146
20	147
1885	148
940	149
918	150
420	151
424	170
2475	169
1001	168
426	175
2531	174
107	172
4826	35119
5558	35104
1826	162
573	161
1686	160
6561	17508
3489	35129
3632	17528
4200	35130
2568	176
2576	205
4643	35150
1315	207
2480	17423
3422	17416
3423	17417
2571	196
2896	35140
209	221
4516	35165
5534	35164
2119	216
329	213
3664	17431
2614	215
4209	17430
2590	208
2117	209
1250	17424
2599	210
1251	17427
1249	17426
1011	239
5105	35183
264	235
3790	17448
1339	229
4514	17444
1607	228
2704	227
4213	17469
6558	17467
2831	251
438	248
2773	247
36	35191
2774	242
218	243
4946	35184
2766	240
2388	17457
1391	241
2806	274
1369	272
618	279
664	283
4387	34968
482	34969
6899	34970
2511	287
617	286
341	285
5563	34974
2680	284
2488	34944
441	259
5109	34948
223	260
1653	261
93	266
337	267
5413	17871
3189	34956
1913	17869
5440	34959
1922	309
5934	17908
4391	35000
717	314
6689	35006
699	317
675	319
674	318
294	17889
4895	34983
728	34980
2653	34985
522	299
5463	35028
4755	35029
1588	17813
2838	337
1697	17808
3207	351
4747	17822
3206	350
2101	17816
2772	35035
265	17799
787	326
6563	35012
2142	327
786	324
3066	325
2074	35014
3036	322
2141	323
6369	17793
539	320
1362	35011
1522	321
118	334
1899	335
3179	17806
2477	332
3178	17805
3068	333
801	17804
1902	17803
1700	17802
580	331
92	17801
2752	17800
114	329
1562	372
5670	35063
1699	375
1576	370
1358	35057
2140	17852
5917	35071
5203	35068
3328	17855
4948	35066
4741	17850
3227	378
2543	17828
806	17830
3494	17825
5396	17824
689	35041
3495	17827
468	17826
3214	355
1585	17837
4583	17836
2132	35051
5428	17833
1659	361
6407	17835
2335	362
1625	363
1079	34843
5606	17753
1034	17752
3246	409
3249	414
6347	34844
3250	415
1900	400
941	401
4556	17750
5743	34836
734	404
2950	34838
2897	17738
3232	399
5171	34828
2466	398
2245	397
1565	17728
4703	34821
2780	34822
3941	17732
2982	17733
5453	34823
848	441
5432	17791
3370	34876
1901	17777
5965	34864
1265	34870
5754	34869
2562	17770
1601	427
1602	429
3573	34862
1393	428
277	431
3273	430
4559	17775
255	17760
1383	17761
934	419
4558	17762
2460	418
2239	17764
1795	420
2534	17767
984	34905
473	475
3311	471
1915	468
5009	34903
2551	466
4879	34896
5240	34892
504	34894
5496	34888
5611	34890
4087	34885
2058	34886
1952	448
1145	17725
6156	34942
2674	17724
3574	17726
5144	34940
5548	34939
1267	17723
2807	17717
2516	17716
2092	17719
1499	17713
3305	17715
4712	34929
1924	17714
725	493
6151	34924
3315	491
4220	17700
57	17697
6277	35748
6456	35744
6620	18145
3033	18159
381	558
3926	35757
591	18158
590	18157
696	18156
3340	557
589	18155
556	18154
3116	18153
2561	18152
3117	18166
703	18167
5799	18165
670	35760
2528	18163
3599	18172
439	18170
6467	35769
86	18171
2886	18168
4193	35719
2130	18116
922	18119
5121	35716
3329	512
5823	18113
3481	18115
6041	35725
4018	18121
1343	18123
6619	18132
3332	533
330	18135
4019	18129
3990	18131
5459	18140
1701	35740
4986	18136
5322	35738
3394	18137
117	610
124	611
1845	18080
3401	609
3344	627
2702	35826
866	628
3485	632
2264	35836
3486	639
2134	18048
2195	578
1932	579
3356	580
3357	581
6468	35781
6830	35787
2390	586
1874	589
1834	590
1835	591
5426	35798
1019	35799
2392	599
6365	35800
2364	604
5027	18030
5148	18028
61	684
988	18029
5631	18027
2958	18022
2463	18018
1678	18019
1649	18016
2462	18017
350	35645
200	700
4146	18045
2037	18044
1116	698
2970	699
4065	18042
2656	696
4064	18041
867	18040
1514	694
3686	35637
1739	18038
1209	695
3099	18037
3309	692
2179	18036
3310	693
3240	690
4198	18035
1736	18034
714	691
6005	35596
6813	35597
3524	17999
6756	35595
4758	17993
6623	35590
2057	17988
718	17989
1923	647
3173	646
3859	17984
500	35587
3487	640
3860	17985
3527	17987
3727	18012
6647	35613
6606	18015
3575	18004
3070	18001
3071	18002
1762	747
5398	17962
3147	746
4422	35689
1933	745
3962	17960
2709	17966
3678	751
3677	750
2327	748
5200	17965
5714	35695
3533	17954
2178	737
3532	17952
2214	736
763	17953
796	743
4899	17958
3961	17959
2267	17956
5915	35686
1467	17979
3365	762
1638	763
1288	35704
335	760
2547	17976
1976	17983
929	766
2976	754
4311	17971
660	17970
2217	752
4901	17969
3680	753
2219	759
4374	35700
2396	17973
436	756
430	713
6474	17929
2210	712
202	715
2095	35657
431	714
856	718
849	705
5296	35649
3547	709
6204	35655
3502	708
3358	711
5239	35652
3245	728
5392	17944
3346	730
5825	17947
2782	17946
3347	731
1718	17949
208	732
5336	35678
3619	734
2449	735
5448	35676
3517	721
5792	17939
5596	35664
3504	724
2026	17940
3242	725
3243	726
5393	17943
6340	17942
1559	35506
783	817
6634	35507
16	816
2509	35505
106	818
3807	829
3802	828
5128	18405
1949	18406
3770	800
3330	803
3438	35488
3773	812
346	813
4460	18415
5955	35500
2228	808
5846	18411
808	18410
3027	18390
757	35476
1538	18389
5197	35472
4324	18385
5375	35475
5615	35485
2771	797
1556	18397
3105	35482
1338	18393
1693	774
502	772
183	35462
1850	770
132	768
3748	769
2668	780
2029	18378
2270	777
592	880
2565	883
4411	35574
700	884
560	887
4589	35572
702	886
3947	35578
3847	891
1290	893
706	892
2557	864
794	865
2558	867
78	868
3462	869
2559	870
3061	871
6656	18346
3519	876
3585	877
698	878
3586	879
5402	35536
1579	849
4219	35540
4020	35541
720	853
2461	35543
684	858
3973	35545
2522	857
4177	35547
687	863
2401	35549
1626	18335
3817	862
5533	18332
2545	860
6170	18307
3808	834
6705	35520
6652	18306
6653	18305
6651	18304
5629	35522
891	35525
4597	18311
1165	18310
3048	18309
1778	842
3335	18312
5695	35533
3145	18301
1950	957
3144	18300
6546	18303
2529	18302
5466	35388
2459	35387
3143	18297
3142	18296
4072	953
281	954
4503	18299
4569	35385
2503	18298
2370	948
2149	18295
95	18294
4635	18289
152	35378
3139	18288
1236	947
4636	18290
6327	18284
877	35374
6350	18285
5640	35372
259	18287
3627	18280
1575	936
3161	18281
3994	35368
691	18276
293	933
692	18277
361	932
2718	935
3526	18278
3078	18279
4033	934
1793	929
4627	18272
5939	35362
1792	928
3333	18273
542	931
3881	18274
690	18275
4007	930
270	926
1227	18271
360	927
3077	18270
819	924
3076	18269
824	925
570	922
3075	18267
3150	923
3630	18266
2554	18265
2296	920
2009	921
2552	18263
49	918
458	18262
1788	916
5795	18261
3424	35350
3952	917
5757	18260
681	18259
358	914
1853	915
582	18258
4260	35344
680	18257
2031	18256
80	913
558	18254
1033	18255
4605	18252
2286	906
3848	18251
677	18248
1657	18249
2550	18246
4683	35332
4038	18244
822	18245
3133	18242
6587	35329
676	18243
1039	897
3603	18240
1038	896
3604	18241
1669	1016
561	18233
6584	18232
2110	1018
5126	35449
2548	18234
1404	1020
3131	18237
3213	1021
3834	18236
818	1022
3602	18239
3132	18238
2137	18225
1817	1008
815	1009
3188	18224
5236	35442
2138	18227
1818	1010
3034	18226
1919	1011
2992	1012
1931	18229
1144	18228
958	1014
3045	1015
5411	18216
3203	18217
474	1003
1929	18219
4042	35433
2535	18220
3059	18221
669	18222
300	1007
987	35436
2841	993
56	18208
5444	35426
3129	18209
2801	995
2533	18210
2027	18211
123	994
3058	18212
2282	18213
3879	18214
3185	18215
953	986
1624	18202
954	987
663	18201
951	984
952	985
3126	18200
666	18207
955	988
1666	989
235	18204
659	18194
4693	35408
4696	35411
3125	18199
3124	18198
5265	35412
232	18196
5797	35414
2549	18186
1484	971
823	970
3050	18184
761	969
2498	18185
3877	18190
6086	35404
3338	18189
564	18179
2135	18177
5041	35395
1353	35397
3118	18180
3119	18181
2060	1101
4345	1102
4346	1103
2159	1093
811	36294
2403	1094
4253	36292
1090	1088
3570	16513
2055	1089
6293	36289
2056	1090
3579	16514
908	1113
4407	1112
6175	16538
982	1109
6205	36309
2061	1107
410	1131
3080	1129
1322	1126
1243	36327
2484	1125
827	1122
408	1120
4205	1121
6229	36348
6580	36349
5727	16572
1341	1146
4439	1144
4437	1143
5762	16566
701	1141
4609	36342
4434	1140
1063	36337
2384	1033
1468	1034
4920	36239
2928	36236
1416	1025
133	1026
4576	36225
309	1030
4104	16605
5275	36255
48	1041
47	1040
6712	36240
84	1043
27	1042
3290	1046
485	36264
5280	16617
729	1068
2857	16612
5257	36280
2053	1082
3991	36283
155	1087
6225	16627
2051	1079
1088	1077
3284	1076
3939	36279
68	1221
4322	1220
1486	1223
4892	36164
4323	1222
5376	36165
6658	36162
113	1217
3285	36160
4321	1219
3535	1218
6519	36174
2211	1229
1008	1228
2030	1231
203	1230
1487	1225
4586	1224
1007	1227
3681	16394
429	1226
4102	1237
2447	1238
2146	36180
21	1239
4637	1232
925	1233
205	1234
1125	1235
3605	36176
2661	1244
3717	36191
1489	1240
206	1242
3300	36196
210	1250
5059	36193
1428	1249
4844	36204
1133	1262
557	1261
33	1260
310	16429
150	16426
212	1259
6676	36201
2121	1258
6504	16424
1862	1270
730	1266
1013	1267
6860	36210
216	1265
520	36220
1135	1276
1414	36223
4518	1277
336	1275
3237	36099
1041	1155
51	16452
4094	1156
708	1159
709	36106
1743	1160
2497	36104
4453	1163
1503	1165
3404	1164
2612	1167
5037	16462
1475	1166
2613	1168
3221	36115
1984	1169
1985	1172
998	1174
999	1175
1478	1177
2445	16475
1479	1178
920	1179
4481	1180
4482	1181
5612	16476
4483	1182
55	1183
4495	1187
1634	1186
1109	1185
1180	1184
5122	36131
1110	1191
3684	36133
4498	1190
4497	1189
4496	1188
760	1195
477	1194
3938	1193
4499	1192
104	1199
5942	16494
195	1198
5943	16495
1112	1197
3836	36142
1092	1196
5941	16493
1980	16499
820	1202
3995	1203
196	1200
1331	1201
5944	16496
64	1206
65	1207
5851	16502
427	1205
562	1210
1755	1211
3996	1209
3483	1215
109	1212
326	1213
491	1375
5767	36063
4744	1371
530	1369
2147	1368
74	36052
4149	1367
529	1366
596	1365
2438	1362
5821	16787
1152	1361
72	1360
1151	1358
3624	1359
456	1357
790	1354
4977	1353
5118	16776
6210	36039
1149	1348
2468	1346
3288	16770
4981	16769
1407	1345
594	1401
462	1400
2243	1403
5832	36088
262	1402
1491	36089
672	1396
3528	36084
4634	1393
1161	1392
1662	1395
798	1394
1782	1391
1651	36071
6907	36065
5053	1379
234	1307
4307	35992
3983	16856
662	1304
2354	1298
2348	1297
3837	35986
6729	35988
3248	1303
447	1302
4925	1301
4923	1300
254	1290
598	1291
444	1288
1368	1294
1325	1292
2176	16844
5485	35968
2222	1280
6036	35971
2223	1281
2316	1286
6221	35975
4282	1284
442	1285
383	1336
1028	1338
3233	36030
1655	1340
4968	1342
2414	1329
576	1328
639	1331
451	1330
4344	36017
4199	16884
3331	36021
614	1322
4947	36008
4218	36014
2415	1327
193	36012
3666	1315
4724	1316
6310	35920
3972	1488
2949	1502
1058	1503
1279	35932
1727	35904
2104	1474
1053	1487
1397	1486
3170	35917
4013	35918
5158	1484
3192	35912
5157	1483
5156	1482
1423	35914
2063	35958
452	16691
4354	35952
1822	1535
4492	35962
5553	35961
5162	1509
1242	1508
6811	35940
1814	1511
3156	1505
31	1504
317	35939
1201	35937
3157	1506
5579	16680
2427	1512
1668	1515
465	1426
22	1427
2407	35861
6150	35860
6516	35865
2097	16735
3425	35869
3764	16734
2010	1436
6789	35870
2234	16706
3160	1411
3957	35841
964	35844
3274	1415
357	1414
540	1413
2508	1419
4847	35849
2538	1417
648	16718
2000	16762
6426	35872
2378	16744
1799	1453
4182	36843
694	1641
2492	17071
4208	17070
505	1635
1555	17057
586	1633
324	17056
6157	36838
1749	17060
79	1637
2995	17080
4355	36859
1681	1651
1170	1650
174	1649
176	1652
6806	36808
2177	36815
4523	17037
287	36813
457	17038
2788	17024
810	36802
4267	36801
5759	17029
416	17031
5223	36805
656	36804
415	17030
422	17051
3846	1628
5639	36831
100	17055
2397	36819
3096	1619
5273	1621
3374	17045
5242	36823
2758	36783
1652	17132
2850	1579
2593	1576
2592	1575
1532	36797
5712	17149
6645	36792
4529	36790
2358	36791
5279	1588
159	1548
1075	1549
4745	36750
567	1550
4993	36749
1074	1544
134	1545
1726	1546
157	1547
3313	1540
612	1541
3441	17092
402	1542
566	1543
2779	1536
2244	36739
6684	36738
4510	1537
393	1539
4922	1567
5410	36764
1581	36765
1418	1557
2402	1556
3031	1559
501	1558
511	1553
6624	36752
4543	1555
1890	17107
901	1554
4150	16930
6851	36705
3906	36710
4553	1764
3226	1771
3247	1770
4157	36714
6415	36715
1691	1768
2284	36719
1515	36721
4365	1776
5184	1777
716	1780
1692	1786
5590	16955
3244	1729
4383	36674
3500	1728
3970	1737
6065	36682
3969	1736
4259	16905
4116	36680
3971	1738
5262	36686
1630	36687
4361	1742
2144	36688
4662	36694
2555	36698
236	1754
4534	36697
4445	36702
1979	16997
1248	1697
1108	1696
2328	17006
3209	1711
2076	1710
2470	17004
2075	1709
3056	36655
2967	1708
2966	1707
4924	17003
5348	1706
306	1705
1482	1718
1650	1719
1113	1716
3454	36663
715	1717
198	1715
2968	1712
3498	1726
6780	36668
3499	1727
1888	1725
428	1722
5993	17017
2458	1721
1844	1671
4214	16960
6506	16961
6588	36622
45	36618
4642	36619
5288	1674
2743	36631
2332	16981
833	1685
1745	1686
6024	36629
6518	16982
2439	1687
161	16976
4454	1692
323	1693
1107	1695
835	1688
1875	16987
2014	17336
5484	1913
6303	17338
6272	36600
496	1914
1533	17342
6304	17343
1967	36605
1946	17328
2338	1904
1947	17329
1948	17331
2759	17332
5073	1908
2013	17335
1595	1910
1263	17321
1964	17320
1740	1897
2632	36585
1942	17323
461	1898
1941	17322
3919	1899
6408	36591
893	17325
1943	17324
2825	1902
1945	17327
1944	17326
1044	17313
6239	17315
2987	17314
272	17317
1509	1892
2011	17316
1525	17304
1836	1880
804	17311
4241	1886
6413	17308
5468	1885
3623	17309
5472	17298
711	17299
2299	36562
2006	17296
1938	17297
1904	17302
1905	17303
2861	1877
2679	1876
2008	17301
2005	17291
2279	36552
2004	17290
802	17295
1954	17294
1936	17293
1523	17292
6784	36544
4302	17282
6884	36547
2002	17281
3827	1856
6146	17280
3842	1862
2546	1863
2003	17284
3997	36550
3693	17404
4813	36543
1832	1854
4450	17400
1754	36536
527	1851
476	17403
1712	17396
1190	17397
6419	17398
607	17399
4592	17392
302	17394
62	1842
1330	1836
127	17391
6679	36524
3738	17390
6603	36523
1583	1832
1066	36522
1189	17387
371	17386
1329	1835
1542	17381
6301	17383
1543	17382
2019	17377
2020	17378
2018	17374
6569	36509
665	1822
1540	17372
3005	1820
1541	17373
2990	17370
2226	1819
2889	1818
1654	17371
4308	36505
1495	1814
2325	17364
2157	1812
2016	17362
4599	1811
2536	1809
4128	17360
4837	36499
615	1806
2989	17358
1536	17356
1535	17355
1694	1803
1534	17354
1551	17353
5791	36485
2015	17350
4043	36484
4707	1799
285	17348
2988	17347
1137	36481
2591	1792
2532	1793
5646	17344
2999	36471
1806	2037
6160	36475
735	2044
6299	17212
3205	36477
76	2017
2088	17187
2560	2023
2034	2022
1876	36453
2064	36457
5310	36462
1849	2031
6355	36461
1816	2030
1128	2002
5518	2004
2616	17179
1600	17178
2833	17177
3073	2008
2624	17181
3060	2013
340	17180
3120	17158
4180	36421
1731	36425
3378	1994
5168	1999
5701	36428
6479	36429
1570	1996
3654	17269
1517	17268
1998	17271
4739	17270
5508	1975
1143	36403
4865	1968
5647	36402
947	1970
1516	17267
1661	17266
4935	1971
2001	17277
1803	1980
1804	1981
6463	17279
2751	17278
1999	17273
1910	1976
1911	1977
1586	36409
805	1957
2747	17253
1421	36391
1996	17254
1526	1959
795	17255
4473	17248
4474	17251
1513	17260
3580	1960
1714	1963
609	1962
1473	17259
1995	17239
1994	17238
4133	17235
1327	1937
1508	17247
1507	17246
1506	17245
1505	17244
2811	36377
1504	17241
6767	36356
2792	17221
5095	17218
1992	17230
1957	17231
1524	1933
1956	17229
6751	36362
634	36363
6694	19545
803	2202
2744	33048
2360	19536
2863	2198
4941	19542
25	33035
4606	33038
5839	19532
2184	19520
3916	33027
1843	2179
405	19522
4351	19523
1920	19524
1851	2180
1867	2183
3256	33029
5802	19527
2304	33082
3317	19568
4959	2230
6383	33058
5465	2213
1348	19485
1347	19484
1085	33117
1349	19486
1345	19481
873	19483
1346	19482
2601	33111
3589	19477
3694	19476
565	19478
793	33106
3690	33105
6522	33103
3093	19464
3090	19465
5499	19466
14	2245
3854	19461
5137	33092
5284	19462
3130	19463
3924	33149
4938	19516
5042	19513
5117	19508
3844	33132
5104	2286
5842	19501
3563	33128
3255	2280
902	19493
3554	19488
5176	33122
2783	19489
2164	19664
140	2065
2366	2064
499	2066
766	19670
4815	19672
3291	33179
2368	2076
3800	33155
1863	2050
6575	33162
3911	19659
4265	33167
5526	2060
3286	19660
3505	2062
3493	2063
5439	33164
2580	33200
2269	33201
5069	2097
2482	2096
404	2104
3014	2111
5537	2108
4949	19681
1962	33191
875	2084
435	19689
3698	33195
3368	2094
6085	33198
3843	2132
3980	19605
5544	2134
4326	33234
2630	2141
1000	19612
4139	19613
3663	2143
5959	33245
2287	2118
6508	33219
5321	2115
2606	2124
3899	2167
2737	19636
1881	2165
3219	2164
5435	19634
6366	19635
2818	19633
3029	2175
5549	2174
5271	33275
2957	2144
2481	19631
1244	33256
5180	19625
814	33258
4578	32776
3051	32778
3095	32780
2042	19789
4546	2444
4956	32783
3741	32768
6147	32773
5324	2459
838	32797
359	2452
6593	32790
5331	32815
1719	32802
3823	32803
3735	32804
3396	19815
5774	32805
4266	2491
487	32830
1177	2493
4478	32822
6133	32841
6029	19718
1017	19717
1022	19742
2671	19740
3822	19733
1914	2514
289	2513
781	19759
1282	2536
4316	32872
4647	32873
6532	19751
2312	32865
574	32880
397	2306
740	2311
3765	32902
4196	2309
2499	2314
834	19913
994	32906
4386	32909
2069	32908
4129	19922
6376	32913
4674	2322
2450	2321
4524	2320
4130	19925
631	19930
6359	32921
1361	32925
3649	2334
3868	32926
3795	32931
2506	19940
5856	32932
4234	2348
3019	32941
842	32940
5566	2351
4132	19952
4082	19953
469	19954
1268	19955
1259	19956
2677	2365
380	19965
3910	32956
5568	2367
6766	32966
785	2371
5471	2382
6055	32973
1314	32972
3897	2383
3359	2378
69	32968
1854	19863
5571	2387
6867	32990
6164	19867
6144	32996
4963	33005
3949	33002
89	33014
3480	33011
5724	20092
3640	33592
6709	20086
6424	20083
5826	33585
2172	33584
4111	33576
2128	33572
2822	33569
3592	20067
343	33571
2556	20060
5892	33564
6589	33557
777	33554
997	2707
1873	20044
1677	20047
5155	20041
1872	20043
204	33543
3749	33540
440	33538
478	33536
4790	20024
2174	20031
5828	33660
5796	20028
3921	33651
1086	20016
5517	33641
521	20008
724	33643
6363	20013
3461	33633
1411	2785
407	20001
77	33635
1410	2784
4210	19993
5166	19992
2237	33624
1311	33617
5889	19987
4285	19980
3880	33612
5374	19983
4073	19969
5023	33607
3339	20214
2789	20212
3965	20213
5046	20211
5152	33715
1352	2619
3598	20218
6758	33722
5658	20217
2421	33701
59	33703
5585	2594
6512	33696
548	33699
6305	33709
5588	2606
403	2607
3362	20206
3293	2605
2385	33685
1833	20165
266	33673
2655	20145
3722	33782
4461	33787
6583	33790
4929	20157
1748	20129
5808	20134
5805	20133
3475	33746
649	2640
6284	33751
2648	20117
2161	20118
6775	33749
5524	33758
4145	20125
6801	33728
4594	33735
6370	33733
1614	33743
3958	33324
2515	33325
2682	20325
3427	33314
1713	20349
5666	33340
4393	33338
3609	20347
5458	33337
3542	20346
973	33330
5173	33329
2725	33289
1422	33291
6693	20291
1680	33283
4835	20289
6715	20315
50	33303
3198	33379
6808	33382
6070	20262
6394	33381
3767	33402
816	3070
243	20273
6677	33392
4168	33396
2425	3023
5687	33356
2424	3022
5025	33357
581	33358
980	33359
5953	33345
4671	3015
5613	3034
5940	33368
1539	3032
4493	33374
3417	33360
6688	33365
3430	33364
4118	20453
2544	33446
4582	33444
2311	20448
6100	33454
3838	2857
3894	33448
3440	33462
5092	2865
3202	20465
5342	33464
5603	2818
3405	33410
6761	33419
2935	20439
2963	33424
3041	33426
3867	33436
99	33438
2890	2844
919	33433
6377	33435
3482	20385
3470	20386
5933	33515
5693	33519
2829	20398
6905	33520
6707	20403
6335	33527
3471	20405
1842	2937
2344	2936
6161	33534
538	2941
3473	20414
2696	33533
5607	2887
6312	33483
4857	20367
1937	20366
5381	33488
3955	33502
6669	34135
5139	34134
2678	34128
4841	34140
1271	34114
3506	34112
5798	34127
1048	34121
2478	18487
6513	34163
5256	18481
353	18494
6034	18492
4040	18490
2479	18488
4574	34159
4918	18517
3182	34073
1728	18498
1729	18500
5643	3205
4850	34059
4893	18506
5083	3211
4821	34062
1424	18510
6441	34096
4966	34100
5404	34102
412	18556
6760	34081
2301	34082
4330	3232
5235	34095
686	34270
2936	34267
1057	34265
4443	3157
1200	3156
745	3152
73	34257
5637	3154
2393	34255
1336	3150
3193	34252
2232	18568
5079	3145
4068	3146
2962	18570
6640	34247
2868	34246
6659	18561
3043	3136
413	18560
3987	18563
3596	18622
3687	18623
4751	34297
2703	34293
1965	34290
1208	18609
2431	18607
494	3182
1173	34287
853	18604
4944	34276
4987	3172
6662	18596
6087	34272
5622	3096
6473	34200
3669	3102
2659	18643
4249	34199
116	18635
4417	34190
2082	18639
4122	34189
5147	18625
5467	3072
3711	18629
3063	3129
6833	34236
3042	3135
4147	18687
2581	34231
888	18677
6605	18665
1722	3112
2541	34222
2455	34213
1082	3111
5178	18694
1765	18692
6539	18691
3501	3521
1809	3535
1808	3534
6216	33864
975	18698
2805	18697
3672	33872
6769	33884
5561	3544
1318	3545
4931	3559
1459	3552
3083	18721
3201	33903
5108	3560
6198	33897
5652	3568
4502	33906
5653	3569
2065	33915
3497	18744
1308	33913
3011	18746
1032	18756
3373	33802
2017	18766
1790	3482
4787	33821
1264	33834
1720	3496
3685	33836
278	3505
3858	33845
3607	18806
1403	33850
3821	33849
2442	3515
2441	3516
6092	33855
673	3517
4541	33854
2266	18831
267	18830
6183	18829
5669	33998
1787	18827
4186	33995
4639	18825
3391	33994
4854	18823
3806	3420
2326	34008
3805	3419
6206	34011
938	3415
5323	18838
2994	34002
3792	18832
4722	34003
2356	3438
6124	34028
3551	18857
2685	34026
2252	18859
4608	34025
1510	3429
721	3426
2921	34016
722	3427
5457	18850
4602	18877
1406	18878
2722	3449
5061	18872
1211	34038
3231	3444
6545	34037
217	34034
1912	18890
6443	33930
5810	18888
1181	18895
3556	18892
4591	3330
4964	3331
5749	18887
6692	33927
546	18885
4379	18884
5532	33944
2965	33945
1184	18898
1182	18896
1183	18897
5645	3349
1430	33943
6179	18921
886	18924
2319	33965
5141	3365
3870	33957
828	33978
5341	33979
3234	18938
108	33977
3297	33975
348	3382
5675	18935
5299	34677
6403	34679
2945	34678
3833	34681
3397	34684
5668	34656
2898	34666
6180	34668
797	34669
4246	3820
5011	34650
4786	18972
3460	34652
1031	34626
4066	18944
2235	34627
3732	18945
5123	18953
498	18957
4625	34639
5677	3788
137	18958
5135	34613
5893	34612
1026	34609
2673	34610
1563	3772
5655	19066
4904	34619
1405	34598
1444	34592
2672	34593
1302	34594
5511	19041
2089	34607
1373	34601
2433	34603
1021	34583
4216	3740
4329	34590
839	34587
2275	34585
2347	19034
1216	34566
4107	34560
5673	3715
1213	34561
5233	34573
2790	34571
3115	3707
4159	3704
1732	34814
6462	34815
2939	34805
6368	34793
6194	19115
4041	3690
6405	34792
6888	34795
5672	3688
3968	34785
719	34787
3905	3684
1856	19108
4090	3685
5241	34771
2732	19090
5339	34767
379	19075
1564	34749
220	19190
4412	34740
3289	34733
575	34735
4950	34725
2215	19172
1721	3621
1389	34722
4615	3609
5659	3606
4900	3600
5075	3599
1167	34698
5064	34697
1852	3595
5373	34696
1340	3588
6004	34694
4212	3590
2419	34689
3530	3586
4980	3587
1811	4066
750	34407
3975	34404
3032	19239
63	34419
2122	4082
1355	34417
1775	4085
5297	19259
6135	34431
4420	34428
1627	4032
5206	34373
4127	4046
5578	34381
6646	34382
3451	19213
4983	34383
882	4049
3691	34390
876	34341
4125	4001
5523	34348
5221	34349
578	34356
5044	34367
1266	4025
633	3975
5187	34305
6564	34316
4630	19279
2633	34313
6906	34314
5531	34315
6622	34326
1380	19284
6500	19283
4614	34322
6019	34332
6544	34328
5113	3993
4389	19368
4317	34536
2504	19365
4364	34534
1440	34556
2884	34544
3122	34550
4572	34549
1313	34507
2917	34497
6865	34499
2572	34503
4721	34526
3966	34527
4143	34519
401	34479
2400	34475
6554	34474
1813	19429
4807	34469
5072	19427
5188	34465
4723	3875
4394	34494
762	34490
6027	34491
652	3899
2471	34486
1027	3893
904	34483
6742	34444
6471	34443
4233	34439
5502	19397
6649	34456
1206	34458
5986	34453
4996	34455
3546	3857
6372	39089
304	22005
303	22004
4697	22007
1117	39099
2657	39102
4891	4415
2699	21984
6318	39075
6882	39078
2443	21988
296	21989
3534	39079
4369	4388
4194	21991
5636	4390
2701	21992
6869	39083
552	21993
2464	21994
3327	21997
5682	4399
2905	21999
6697	39060
2046	4375
4268	21974
120	21973
6455	39064
2454	21978
858	21976
1615	21983
4911	4383
4465	21980
5347	39040
991	39041
181	39042
1270	21952
1253	39043
5107	4352
182	39044
4279	4359
2731	39045
3713	4363
5006	21960
3662	39052
1036	4469
4509	39158
4654	4470
2306	21942
2817	4465
1665	21949
5554	21948
2692	21945
282	21947
1049	21946
5713	4453
5736	39142
4881	21925
2844	4455
3381	39140
4378	21921
1319	39137
5721	4450
3720	21935
5408	39146
1235	21929
5879	21930
363	21931
3265	21910
1447	4434
6155	39120
1326	21904
5719	4433
1256	21918
1640	21914
4859	21913
1609	21894
3799	39108
1221	4420
5794	21893
3264	4419
3548	39105
4655	21891
1656	4417
2670	21900
4313	39118
2163	39119
385	4428
4869	4427
5391	21881
3466	21886
3668	4532
5311	21878
2502	21864
1660	21867
4467	21866
2148	21869
5077	38959
3793	4514
2191	38944
257	21858
3794	4515
2040	4516
1229	21860
3137	21863
532	21851
4340	38939
2862	21854
5870	21855
685	21852
3811	38943
4327	4497
5365	38931
5215	38932
5536	4500
4909	4491
635	4494
5738	4495
94	4493
3399	21826
4884	4481
6337	38918
1207	21828
178	39038
4648	39039
2730	39036
1670	4607
2646	39037
514	39034
4661	4600
5346	39035
3865	39033
4421	4598
3035	21811
4733	4587
1679	39015
3098	39014
2199	39011
1960	4579
238	21794
4942	39008
3982	4573
3981	4572
5602	39007
5745	4569
1277	4568
6798	38998
1059	38992
1296	38989
5732	4554
472	4552
1955	4553
1569	4551
156	38976
1455	39328
946	39329
6188	21729
4999	39332
6106	39334
5525	21738
1783	21736
1392	39338
6670	21737
2170	39339
1860	21742
2952	4144
5964	39349
4554	21750
6101	39350
3641	39352
2343	21758
949	39359
1472	39358
1774	21697
2292	21699
599	39303
965	4105
6053	39304
2493	21709
4561	39313
4593	39312
1276	21717
5145	4117
2769	39317
2317	39316
6288	21723
2102	39321
6289	21724
3665	39324
4277	21726
4166	21670
2840	21669
1667	39392
3108	21666
3183	21667
5910	39393
3107	21664
3950	21678
5476	21674
3009	21675
3008	21673
4338	39408
6704	21692
2830	39416
4289	21688
3154	39363
4036	39374
6490	39383
2341	39379
4184	21650
6737	21661
5691	4189
5587	21663
5586	21662
4188	39208
4812	4267
2660	21608
3697	4265
4945	21614
6639	39214
342	39201
6459	21600
3593	4284
1880	21619
4622	39218
5115	21616
6498	39219
3908	21617
4427	21622
3628	21620
6581	21621
5954	21576
5049	39176
6774	39180
1441	39171
2977	39169
3763	21571
3377	21572
1371	39195
4211	21594
6714	39186
4580	39190
6364	21589
448	39191
5269	39277
2883	4331
3384	39275
4788	21545
6461	39271
2777	21541
2776	21540
3562	39270
1611	21539
2775	21536
2622	4350
5697	4349
2166	39295
2050	21558
6817	39285
2096	21559
5506	4340
5834	21557
6265	39282
4783	21516
3112	4296
2336	21512
135	21515
3671	39240
3896	39238
1898	39236
6493	39261
3092	21535
142	21528
143	21529
144	21530
4695	39254
6494	21525
141	21527
5150	21520
3674	21521
1925	21522
6661	39249
370	22483
3155	22482
5474	39570
1457	39583
4458	22493
2309	22492
290	22489
4798	39557
3435	39558
5599	22468
3492	4866
6032	22467
3372	4865
5287	39554
6537	39564
2350	39566
4299	22477
4801	39563
2123	22519
2892	4913
301	22512
4878	22514
5390	39615
4603	4927
3134	4920
2621	22520
5486	39609
6628	39608
6209	22522
4045	39591
4466	22502
6915	39589
3283	4897
1188	22497
550	22499
2658	22511
668	39597
6362	39592
4433	22506
4269	22419
251	4947
4350	22417
5818	4944
5101	22425
5372	22424
1781	4957
5112	22402
4604	4930
2452	22400
518	22407
1906	4932
3611	22410
4814	39624
6816	39625
646	4937
4031	22408
5720	39626
4932	22415
6267	39630
1903	22413
5829	4976
5434	22448
5835	4977
3927	22453
2086	39670
5801	22452
3172	39669
4658	22455
2139	22454
2693	22458
354	4988
3235	22434
3597	39649
3758	4962
4632	22436
3175	22440
4476	22441
5227	4971
2126	22444
364	22446
1664	22447
1226	22366
96	5017
3531	39450
2238	22361
1825	5016
253	22359
2007	5011
1805	5010
3777	39436
6768	39439
6166	22349
3614	22347
4734	5001
5478	22342
4335	22341
2305	22340
6845	39425
4853	4994
4522	4992
5097	39427
537	22396
3279	22393
3759	5051
6058	22394
2882	22395
5843	5045
3676	22390
4610	22391
5281	39477
6738	22385
1608	22387
2465	22383
903	39469
4055	22382
4906	22372
5067	5029
5601	39461
3352	5024
3067	5025
5479	5027
4014	39512
6416	39513
2127	22296
3560	39514
2318	22297
4677	22303
3626	22301
1648	39507
6097	22294
17	39511
3217	22283
5183	22282
3018	39499
3543	22281
2323	39498
226	22280
3406	22287
4684	22285
5397	5058
2984	5059
6153	22273
3276	5056
3706	39492
3538	22276
3275	22329
6140	39545
6877	39550
2981	22332
2859	22333
2738	22323
4773	22325
5514	22326
3016	22315
2626	22317
3751	22316
525	22319
4805	22305
5254	22304
4535	5090
5922	39527
1219	22308
4672	39814
6292	39815
1072	4612
3177	22208
6567	22209
1071	4611
1163	39808
2754	22211
1070	4610
268	39823
3796	4620
3912	22221
5751	4623
6352	39819
3442	22217
2081	22218
1255	39816
2618	22228
1861	22225
2856	22224
5663	39826
6682	22237
4628	39839
6681	22236
1554	4637
2310	22239
3913	22233
5753	4634
3901	4645
626	4644
1436	22242
1448	22243
5460	22241
6781	22250
5559	22249
4689	39861
5689	22263
2353	22262
3490	4661
1320	22259
3520	39857
543	22258
2564	22257
870	22270
974	4664
5936	22264
3306	4673
3747	22144
3835	39874
1577	39875
180	22145
992	22147
5167	22150
185	22153
6736	22154
6367	22155
4740	4685
5433	22158
2408	22159
3884	39885
186	22161
3429	4688
746	4689
3304	22160
4910	22163
5761	4690
3785	4691
163	4692
4359	22165
4670	22167
1684	22168
3852	4697
3074	4698
421	22170
1733	4701
190	22175
5771	4703
4044	22178
3863	4704
5530	4711
5772	4708
2654	22186
2605	22187
2855	22185
3053	4719
103	22190
5775	4718
5680	22188
1062	39919
1708	39921
175	4722
1463	22194
6755	22193
3081	4720
3577	4727
6309	22197
3303	4724
3195	4725
754	4731
1603	22201
1246	39931
3392	22200
1982	4734
1688	22207
6045	39933
3190	22206
3853	4735
332	22205
5621	4733
1217	39694
6154	39693
480	39692
3553	39690
5054	22088
4367	39689
4356	22090
44	39686
944	22084
2496	39685
5196	4737
2196	22083
387	22108
339	39706
1366	22104
3299	22105
2355	39705
1746	4762
507	22107
2643	22101
5480	22103
3893	22098
5317	22127
2303	4783
395	4780
5136	39726
2707	39721
4244	4776
5886	39723
3801	4777
4806	4770
4743	39712
4868	4768
5884	22113
2729	22112
2067	22142
4403	4798
6321	39742
3389	4797
391	22141
5988	39743
5209	22137
2280	22135
2745	39755
4099	4810
1460	22029
4415	22028
1150	39756
4735	22030
3089	22017
5301	22016
5210	22019
3334	4803
5451	22023
3383	4825
1572	39771
5750	4829
967	22046
2873	22047
4663	39773
3393	4818
5120	22036
2635	22037
5140	39767
3514	4823
1196	22058
6390	39786
3151	4841
2906	22063
2638	22051
3622	22050
2192	22049
6315	39778
6333	22079
741	22067
1087	22065
1645	22070
334	4854
5094	39797
4882	22068
2640	22069
3038	40191
1492	40190
4083	40186
3613	20923
437	40182
5925	20916
6632	40177
4501	40172
5777	20904
6881	40166
5127	5477
4388	20903
3898	20897
6212	40160
621	5470
3781	40157
2755	20890
4860	20889
2919	40144
3558	5459
1134	40141
3689	40139
5293	40133
6743	40128
2290	20867
3159	20990
1635	40114
519	40118
4257	20983
4686	40110
6602	20973
4873	20961
2734	40097
5685	20963
1024	5412
5783	20966
6331	20955
2411	5402
5055	40089
571	5403
5569	20954
3312	40092
616	40081
4109	5395
4328	40085
6300	20950
896	40084
2808	40076
5260	20931
3956	40066
2256	20934
1773	20788
4235	20785
2823	20786
4091	40049
3890	20796
6883	40058
1882	40059
5958	20795
6726	40039
4436	40034
6716	20782
2062	40041
780	20779
2888	20753
5866	5569
6898	40014
279	40011
2418	20852
3379	20854
821	39994
6249	39995
3731	20857
723	20837
3922	39975
600	5541
1158	20836
1350	39977
3465	20845
3464	20844
5859	5550
3699	39980
1993	20817
3314	20820
871	39960
5661	20827
6430	20824
6832	39965
4124	5533
5469	39943
1878	39949
3705	39950
2457	20655
1751	20649
2041	20646
4293	40422
5305	20642
4402	5242
376	40443
3216	20664
5414	40442
2183	40437
1682	5238
2946	40439
3348	20659
4457	20658
1986	20657
1545	40434
516	20612
3521	20614
225	20609
3523	20637
3522	20636
1633	20639
5427	20632
6215	20634
1578	20629
3618	20631
1477	20630
6412	40364
3565	20716
5119	5164
5881	20707
2974	20708
5847	5157
6457	40383
1591	20725
6893	40335
3555	40332
1023	5123
2821	20699
4164	40337
5032	40292
4404	5349
101	20513
826	5344
3606	40290
1724	20524
774	5375
1453	20542
5897	40316
800	40317
5129	5374
5855	5373
2726	20538
4348	5371
742	20536
4864	40263
4861	40261
1147	40258
1222	40267
6572	40266
6191	40279
1449	40286
1584	5340
3541	40287
5364	40280
6803	40224
3549	5281
4828	40228
1142	40239
4431	40247
6874	40255
5711	20605
1215	40196
5194	40202
3814	40200
6824	40207
776	40206
6165	20559
3194	5262
1274	20561
5314	5272
6434	40220
4794	20575
4006	40666
1169	21394
4174	40658
2972	40662
2374	40648
5594	40644
2520	5957
3815	21381
3448	40699
2495	40703
3929	21437
3928	21436
1908	21425
809	21426
3158	21417
5756	40684
6778	40685
1907	21423
6332	21413
3750	21414
927	40677
6072	21468
2662	40601
5565	21467
291	21466
3710	40600
6727	21465
6148	40603
1056	21464
1055	21463
4779	21462
2698	21461
2588	21460
2763	21459
3103	40593
2762	21458
2761	21457
509	5904
547	21456
2258	21454
2259	21455
3337	21452
1476	40591
5062	21453
3474	21450
6117	40587
1704	5895
3673	21446
5875	5894
1052	21444
5874	5893
2322	21445
319	40578
859	21441
5456	5944
3000	21498
105	40629
4381	21495
4652	5943
5291	40624
24	21484
3162	40618
1840	21481
1752	40619
1841	21482
4076	5930
2835	21266
5253	21271
5232	21269
2887	21250
5899	6083
4596	21253
4406	6129
5345	40560
4832	21299
1065	6133
4833	21300
3831	40567
6904	40565
4438	6134
6759	40547
3199	40551
5111	21285
2791	21287
1437	21286
3433	40555
5106	40554
2611	6122
126	40552
1707	6124
1096	40559
4429	6036
269	6032
1194	40473
4601	40453
4229	40455
2190	40451
5313	6029
5883	6026
4789	40499
3979	40511
1160	40509
4560	21369
1529	6062
5547	21359
6050	40493
1647	5707
5973	21130
4763	40905
5557	21134
2375	40909
4067	40899
3191	40896
5005	5701
4440	21125
6126	21126
6401	21145
1458	40923
3072	40919
3661	40941
860	5728
6187	40954
554	40951
1547	40950
1461	5647
6129	21192
3468	40841
5349	21190
4172	21191
2537	40833
3744	21187
2136	40863
1300	40857
5340	40852
3839	40877
5130	21229
1798	40875
1616	21222
5617	40870
5948	40871
6026	21221
5598	40866
6763	40867
5583	21246
5865	5692
545	40894
1702	40888
1394	40886
1176	40881
3816	40883
4085	5680
5415	20992
2025	40768
4486	40774
2437	40773
3742	21008
5928	40787
4103	5849
1157	40797
1258	21024
6601	21031
2998	40806
4845	40817
5556	21040
5018	40821
1518	40822
2899	40825
4290	21054
5338	40828
1519	40830
6177	21062
5871	5772
6894	40722
5872	5776
344	40741
4232	40740
1769	40743
2645	21103
2416	40757
2941	40752
4961	5818
4960	5817
638	36906
274	6569
4729	6570
4800	23916
5926	6561
2824	23907
6061	23906
864	36903
4817	23930
1574	36924
5931	6591
153	36915
1810	36917
5326	36873
1054	36875
630	6542
2688	6543
4238	23886
4577	36866
6599	36870
6552	36888
5498	23897
66	36895
4117	23888
1571	23894
1076	36886
4175	23892
5026	36973
4380	6632
6245	36969
6910	36968
299	6635
6909	36962
122	36961
748	36960
4713	36985
3754	6644
4384	23863
2090	23856
5143	36978
3892	36943
5812	23821
1894	23819
5858	6602
5195	23818
5199	23816
4366	23814
3876	23813
6200	23811
6199	23808
5319	36954
3904	36951
4933	24032
4017	37025
4831	6449
2893	6450
3943	24057
2993	24056
5921	6403
1619	36993
5247	36997
2168	36999
6489	37002
6311	37003
5021	37005
4358	37007
693	24017
1443	6417
3642	24023
2203	37014
5490	24030
4050	37095
2028	23975
1613	23971
434	37089
4629	23981
2505	23978
2165	6517
906	23991
6429	37108
4726	6514
5787	37060
3733	23940
6733	37069
6642	37076
3659	23954
3719	23966
5982	37084
3260	23964
5093	37182
6721	23677
2895	37183
2334	23666
1470	6326
3832	23671
3222	23668
3085	23669
3595	6324
2485	23659
2406	23658
2405	23657
1839	23656
3907	23663
825	23651
389	23650
5634	23648
2154	23655
526	23640
3695	37146
2114	6296
3167	23642
930	37148
6395	37139
6891	37143
4349	6295
5848	23638
983	23639
4761	6285
4820	37133
5918	6286
6818	37132
5080	23630
4425	23617
3241	23618
2978	37125
1568	23622
976	23614
1162	37233
5642	37229
6497	37228
2749	37230
713	23596
712	23595
4119	37221
4462	37222
6496	37216
6064	37218
5378	37215
3024	6367
3023	6366
6521	23576
4985	6357
4409	37207
4698	6356
3351	23574
3458	37200
2351	6349
6841	23566
5125	6344
6505	37191
3891	23555
5688	37296
3761	23793
4156	37299
4005	23792
6342	23798
593	23796
772	23803
771	23802
770	23801
817	23807
3721	37311
3874	23804
4106	23779
3757	23776
6207	23782
298	37285
3645	37291
4004	23791
5657	23762
6772	37268
5045	37272
1043	37277
4916	37276
6357	37250
2985	37251
2276	6147
5335	23746
4003	23750
6435	37253
3872	23751
6406	23753
327	23755
71	23757
2182	23758
1124	23759
5824	37367
2320	23730
6030	37368
5086	23737
5674	37345
3769	6240
3477	37356
2943	37358
843	23725
2453	23701
6794	23700
5911	6229
4797	23702
3830	6239
6802	37338
2404	6233
1425	6235
4638	23687
5261	37322
905	6216
2853	37388
4645	37391
3258	7048
5475	24391
5887	37382
1306	24387
6076	37376
4613	37379
966	37406
6048	24408
481	37398
5950	24421
4197	37413
2641	37438
4702	37437
6393	24441
2052	37433
2866	7093
4484	24433
2697	7114
2483	37449
6450	37448
2715	37452
5604	37454
1580	24346
4141	37460
6386	24343
5099	37487
658	24366
749	37475
2300	24352
2904	7138
6861	37479
1501	24376
3587	37499
3387	24378
4991	37497
4263	24383
6846	24372
85	37492
3964	37493
5174	24516
6748	24514
2106	24526
6911	37517
2271	24524
4088	6925
4659	24525
3052	37515
6244	37523
5905	6940
4016	37529
6848	24538
2767	37542
5278	24549
3262	37541
1480	37539
6063	24545
2260	24547
2430	37551
240	6952
6536	37544
3316	24555
1820	24565
1819	24564
3419	24567
4570	24561
4772	6960
6849	24560
2594	6961
6043	37554
5087	37567
6136	37566
6912	37561
959	24571
67	37568
4701	6979
247	6978
4192	24451
1502	6977
2080	37574
1779	6987
6296	37582
6787	24467
5217	24466
1042	24471
5610	24468
4058	24472
5366	37594
484	24478
6283	37599
1390	24485
1548	24489
3140	37608
6674	24492
5016	37614
2902	24493
4449	37619
1801	24499
2847	7027
5979	24501
4866	24500
6103	37620
3153	24507
6555	37624
316	24158
3944	24159
4441	6801
6538	24145
2620	6800
2553	37651
4286	37647
5863	6796
6913	37646
5860	6797
5800	6798
6306	24142
5864	6799
6672	37642
1646	24138
5690	24133
6123	24132
5551	37635
1015	37634
3655	24128
892	37633
3102	24189
4796	24185
6238	37685
2996	6838
6829	37687
1204	24176
6049	37682
5978	24177
778	37679
6550	24168
2920	37669
3453	37668
4287	37664
2625	6816
986	24160
531	37722
3647	24088
5386	24090
5019	24092
30	37727
3510	37724
3918	37712
6591	24083
2209	6857
1756	6858
1223	37708
3960	37699
4718	6853
58	24070
5379	37700
1238	24122
4021	37753
463	37755
6657	24126
2804	6911
3703	37756
4086	24124
1462	37747
5164	24113
4191	37737
1698	37738
258	37741
6695	24108
4506	37742
6023	37728
854	37731
1675	24103
3408	37782
260	37779
928	24274
4816	24284
6635	24280
3648	37786
5048	37785
3701	24260
6348	24257
1004	24258
4274	24269
4056	37772
6654	37769
6757	37815
4078	6704
5306	24305
879	37810
5124	37820
6608	24315
4060	37816
4862	37798
2474	6692
5304	37792
1629	37793
4903	6689
5938	37794
2975	24300
4202	24298
1185	37843
5078	24211
2733	24218
6484	37854
6115	37853
3696	24222
1273	37834
4171	37835
4992	24201
4015	24202
5497	24205
3824	24243
1481	24242
2078	24244
1191	37887
2108	37886
1214	24252
3513	24231
6307	24229
4660	37863
172	6763
5734	37866
6804	24236
5133	22821
4746	22823
4769	22822
242	22829
6827	22828
6791	37997
6334	22831
3187	22825
3708	37995
1283	37994
3186	22824
241	22827
5541	37993
5580	22826
2380	38007
4575	38004
845	22835
3413	22844
13	22846
4051	38013
2878	38010
784	22842
5134	22843
4936	22787
3402	22786
378	22785
1891	7631
4108	22797
5845	37960
5649	22806
733	22807
2700	37968
230	22802
2293	22800
5991	37980
449	22815
5997	22812
6271	37977
1228	22883
3426	37920
2793	22885
3168	22888
5110	37929
2912	37928
276	7597
3318	37933
5252	22894
4617	37937
5969	7604
3783	37941
6876	37947
3564	37950
4385	22908
3084	22910
5784	37949
2617	22851
6478	37888
246	22848
2598	22857
6725	37898
788	22856
3756	22862
250	22861
3512	22860
6526	37905
4239	22867
1192	37910
2636	37914
3395	7577
2845	38120
6487	22965
6579	22966
6562	38130
1800	22960
1742	38129
5901	7538
5308	7539
2207	38088
6800	22923
5894	7498
6825	38090
577	22920
5898	7497
1521	22918
6837	22913
4377	22943
4292	38111
1139	38106
5516	38101
5890	22933
6220	38102
2043	22931
4595	38097
2609	7504
2705	22928
3270	23016
2206	38063
6121	38060
683	23023
1703	38048
1761	7461
2426	23013
6402	38052
6246	38077
5295	7486
5902	23025
4877	23024
4280	23026
4456	38064
4762	38070
6014	22984
6482	38027
6102	22985
6492	22990
5438	38028
993	38022
5212	38023
5245	22981
4823	23000
3437	38032
2070	38035
1434	38261
627	22578
2115	22579
3752	22576
5650	38258
263	38268
6003	38269
4161	38270
2907	22589
704	38265
5505	22585
147	22563
1889	22562
146	22561
5353	38255
4840	38230
6889	38227
1285	22546
5407	22556
4325	7385
5699	22552
3409	22553
6812	38215
3001	22532
5862	22535
2819	7361
1377	38209
5820	22541
5967	7373
3682	22543
737	22542
4298	38220
3418	22642
5985	22643
4675	22647
1115	22644
3110	7349
5966	7348
233	22650
3101	22651
3100	22649
497	22654
1100	22655
1618	22627
5710	22626
910	22625
4633	22624
4549	22629
318	22633
1770	38186
6724	38191
2955	22608
3866	7313
5664	38163
2225	38167
121	22616
1419	22617
6466	38169
6914	38174
4136	38173
2345	22593
4080	22594
2728	22596
5919	22599
2373	22598
2954	22605
5327	38159
2087	38157
4357	22607
3278	22606
620	22716
3726	22715
847	22712
846	22711
5961	22703
4886	22700
5251	22701
3978	38377
2748	38372
5357	38373
6442	38375
2937	38368
6503	38367
2650	22684
187	22681
1663	22683
2623	22677
2934	38353
5644	22674
4352	38350
2417	22670
2274	22665
6671	22666
6169	22667
2412	22661
4714	22662
184	22663
3280	22656
3121	22657
6687	38336
130	22779
6667	38328
4548	7218
1012	22770
1963	22768
2253	38326
4399	22762
3576	22763
4619	22760
5873	22761
214	22767
5840	22755
1159	22759
3545	22747
4752	22746
5717	38303
3572	38302
5294	22751
6447	22737
3889	38293
386	22742
923	22729
1006	22730
4341	7178
1758	22733
2307	22735
4071	22721
4649	22722
1247	38278
5980	22724
201	22725
6810	23298
1550	23297
1549	23296
6754	38469
3600	23302
4224	23301
5405	23300
2812	38473
4230	23313
2870	8151
4792	38484
6872	38486
2891	23326
237	23327
6753	23325
369	23329
1606	8163
5268	38502
6099	23337
5369	23341
1050	38515
2091	23346
2915	38518
5332	23350
1029	23357
2596	23359
1281	38525
2864	8070
5651	23362
5283	38402
5788	23374
789	8076
3588	38414
4624	23372
528	23368
1171	8086
5266	23383
4140	23379
2113	8080
4644	23377
1420	38429
5389	23391
6626	38430
197	38426
2637	38427
6428	23395
4485	38433
2456	38445
5302	38443
6021	23402
5334	23413
5696	38455
5222	38452
2321	38453
6002	23415
4681	23408
495	23409
4846	23410
6648	23411
1384	38462
4312	38458
6613	23417
2926	38459
6614	23418
4676	23435
6091	38603
2281	38604
2837	38605
6373	38598
5470	23450
2120	38619
5088	38620
5972	23454
3135	8020
4154	23445
3873	38614
6762	38634
3447	38633
5560	38639
5361	23471
3550	23457
4288	23459
897	38650
4333	23483
3224	23482
4876	38653
5464	38652
3736	23475
5623	38647
5050	23478
4530	23500
6734	23491
5733	23519
1685	38556
4732	23518
5492	23516
6339	23514
3935	38552
6735	38554
5546	23506
6777	38574
3729	23534
1753	38573
5974	7976
2379	23530
3653	38588
4405	7994
2444	23546
3111	38582
4507	23540
6680	38579
2846	23537
5383	38578
6223	23058
4551	7891
629	7890
1153	38743
4552	7892
4459	38740
252	38741
4738	7894
3829	38746
6908	38745
3239	23067
6828	23040
2278	38722
3455	38721
3382	23046
1379	38730
3503	38733
6038	38732
6691	38768
6594	38774
4753	38753
1469	38752
3856	23079
3184	23077
4616	23076
899	38760
4584	23086
333	7916
1307	38767
5770	38677
3594	7824
2540	38672
5998	38687
985	23134
5764	38662
4573	23110
3578	38657
4052	38664
4098	7863
4236	38708
6118	23159
935	38707
5854	23164
2712	38719
755	23165
6274	23162
5656	7867
3272	23163
4114	38713
3601	38689
1140	38688
1958	38696
5891	23193
288	38864
3319	23186
1560	38857
5213	23181
4994	23182
2964	38851
2246	7747
6067	38849
6453	23172
6592	23226
5747	38906
6294	23230
4397	7795
606	7798
1546	38900
41	23220
5971	7777
667	38883
6529	23204
3683	38810
3114	23253
5406	38806
6773	38805
2740	23255
731	38804
2440	38802
2188	7695
4856	38796
1126	23247
6711	23236
2476	38790
4540	7684
5728	23239
4009	7682
5272	23295
1395	38846
2111	23289
4294	23286
308	38832
6797	38835
4126	38828
3400	23271
4565	38821
6903	38822
6397	23264
5913	7713
6230	26274
5329	26279
5330	26280
2736	26288
4046	26290
2467	26301
1711	26241
831	26247
3634	26244
1354	8778
6264	26248
5149	26252
4512	8787
2683	26257
5878	8789
6066	26260
419	26261
4513	8788
2610	8795
1105	26266
6464	26269
4650	26341
5244	26337
5509	8744
6028	8756
3644	26365
6566	26309
1488	26316
5007	26314
5582	26332
5895	26329
4819	26155
5671	8955
2054	26174
3937	26161
1089	26166
5665	26136
4470	26140
5678	26133
5704	26223
5737	26218
164	26212
1094	26215
3739	26236
3515	26239
610	26238
5255	26228
5837	26230
1426	26226
978	26179
166	26205
584	26204
4452	26195
6868	26192
4152	26559
5491	26556
3650	26534
3638	26532
6119	26536
6752	26514
3718	26518
5543	26519
3804	26526
6574	26496
3021	9038
2860	9039
1815	26620
3420	26618
2608	26599
5803	26593
15	26606
2395	26601
5912	8977
4984	26578
5679	26586
2523	26565
4477	26564
2667	8966
3688	26567
1807	26569
4370	26424
3923	26431
5315	26418
2980	26417
5333	26423
2711	26422
6511	26414
5370	26415
3878	26402
931	9179
2227	26396
292	9182
4368	26387
5312	26389
5359	26388
4148	26377
4598	26379
446	26381
6700	26489
6616	26486
4673	9133
6234	26477
756	26475
4306	26472
3507	26464
5730	26452
6842	26455
792	26449
2324	26448
679	26447
3457	26437
4742	26432
2961	25733
4305	25731
5811	25728
38	25743
160	8268
3591	8266
4872	8267
5487	25750
5289	25755
6822	25765
5085	25764
4310	25760
912	8309
3809	25783
6858	25777
1879	8304
5258	25785
3296	25792
1081	8198
6111	25798
4705	8202
4706	8203
4708	8200
4704	8201
2881	25805
331	25818
6631	25829
5853	25836
6740	25838
5708	25840
4221	25842
5036	8242
5735	25600
4997	25630
4641	25628
6037	25626
1102	25624
2212	8403
4711	25644
2193	25647
3552	25642
503	25636
1973	25638
2607	8436
1975	25655
5385	25675
3798	25672
744	25677
5620	25666
2816	8327
2815	8326
506	25689
2956	25694
2585	25707
6799	25711
850	25699
2486	25722
6615	25715
6862	25719
2909	26006
5869	26003
6722	26009
2930	26010
4270	26011
1257	25989
1166	25991
3146	25986
6266	25997
3567	8524
4408	25993
3385	26034
6031	26032
4897	26046
4867	26044
4413	26045
5298	8550
6132	26026
6510	26025
4863	26024
4039	26071
5626	26074
1497	26076
6022	8477
1483	8479
6025	8478
623	8455
2869	26057
6747	26103
5455	8500
5638	26104
4587	26083
2313	26084
6570	26095
6499	25885
2524	8669
6863	25886
4965	8667
5831	25879
6439	25878
2768	25873
229	25872
2742	25867
6576	25856
1016	25859
2675	25915
6231	25912
6782	25909
5786	25902
4834	25899
1573	8679
6139	25893
4376	8600
1382	25947
3236	25939
5425	8596
6178	25942
2094	25928
2236	25931
6604	25926
2381	25977
6864	25982
4754	25974
4137	25973
3746	25972
5755	25962
3737	25963
1452	25967
2512	8611
1324	9772
2664	25327
3651	9768
5804	25323
1294	9764
1009	25318
6253	25343
5074	9787
4889	9776
3017	9778
3797	9742
2634	9743
1690	25292
394	9736
3900	9737
5452	25288
1599	9735
962	9728
6517	25308
2295	9757
3282	9756
1717	9755
1328	9752
3028	25302
3287	9751
1969	9750
1968	9749
855	25300
425	25259
2365	9826
6078	9850
4917	25279
6202	25267
5535	9847
1357	25225
3932	25219
4829	25223
3434	25220
1387	25240
5592	25244
2387	25245
1744	25234
5052	25232
5793	25238
2198	9813
5752	25185
6530	25187
5081	25196
1098	25206
191	25201
5029	25211
5436	25159
4012	25155
6080	9856
6107	25167
4075	9878
4954	25175
6618	25174
1119	25121
2085	9961
471	25128
3667	25129
3743	25135
5169	25136
6582	25140
1415	25088
2872	25089
2911	25094
1077	25111
4084	25108
6525	25596
6839	25597
349	10044
869	25594
3700	10042
305	25590
3152	25588
6859	25586
4544	10029
372	25579
2721	10024
3087	10022
4588	25575
6633	25571
5259	10016
2229	25564
1498	25565
5909	25566
5090	10008
3476	25559
6547	25546
6458	25540
486	25543
775	9991
6341	25537
5868	25536
2595	25530
3660	10107
2694	25531
6683	25523
1045	25511
3724	25497
4463	25500
1451	25490
4532	10069
3106	25482
3044	25462
2684	25461
4079	10164
4626	25457
2124	25470
6167	25468
6181	25465
1442	10149
1260	10147
2399	10159
4077	10158
6314	25433
1378	25413
2924	25414
2757	25415
2167	10112
1776	25409
4691	25417
5161	10224
4062	10228
3841	25402
650	25401
6011	25386
5387	25387
4432	10217
933	25385
2428	10223
844	25390
5229	25362
651	10200
6084	10203
3931	25345
5446	25351
70	10185
1673	9229
6792	24770
6263	24775
4782	9223
4187	24773
1689	24772
5789	24794
6371	24798
5388	24796
3445	24797
3637	9234
1759	24784
6259	24785
6015	24790
1866	9237
3914	24805
2858	24817
2944	24821
5307	24718
1730	9288
6678	24711
1637	9286
6081	24708
5662	24705
2394	9308
6427	24727
6541	24736
3629	9314
1623	24755
5742	24650
1871	24649
1959	24653
3104	9362
3141	9363
4568	24658
6514	24661
2249	9370
6250	24666
2248	9369
2204	9375
898	24672
1095	24679
1596	24681
5844	24683
5983	24686
3954	24689
2814	24699
1099	24701
1674	24580
392	24577
6852	24590
3415	9417
5035	24584
2288	24593
6237	24604
861	24614
5838	24615
5960	24616
5318	9461
779	24625
5417	24627
6381	25050
1399	25052
6197	25055
857	25046
2175	25034
1363	25037
6104	25025
2695	25026
6046	9476
4480	25081
4353	25069
4061	25059
2925	25058
1060	25061
6108	25060
6319	24985
4165	24987
5250	9559
3768	9552
4057	24973
6857	24970
3692	24967
2827	24960
5513	24962
5882	9599
131	9598
1179	25023
799	9592
2329	9590
4934	25012
3920	9580
362	25000
3945	24999
2420	24995
2803	24915
5555	24916
1381	24921
1156	24924
3544	24927
3491	24896
2372	24898
6012	24900
5420	9606
3540	24907
2208	24947
3608	24954
5354	24953
6809	24957
6556	24929
5102	9638
4842	24932
493	24939
6585	24852
5091	24858
367	9668
1262	9671
284	9667
1239	9675
1138	24843
2472	9719
5202	24881
6853	24895
1710	9727
4774	24893
3615	9701
6138	24868
1768	24869
4262	24865
2285	24878
1412	9706
3537	11002
3529	11003
3948	41848
5400	28218
4727	28222
1997	41842
769	10993
6088	41841
6329	28214
3271	10999
211	10985
6184	28201
1961	10984
5618	28202
1987	10986
4995	28205
4373	41830
3163	28189
2971	10962
5328	28179
119	41808
5927	10960
3215	28182
3803	10953
1864	28169
5814	10952
926	10958
4785	28175
3810	28172
4940	10957
1069	28160
1386	41794
3390	41796
852	41798
1003	10943
6776	28280
655	28283
6082	10932
2200	28278
4527	41777
5172	28271
3985	41770
1439	41769
6844	41762
4719	41763
2413	41760
3197	28252
188	10906
841	10904
2706	10905
6744	41745
6855	41747
6732	28238
3778	41742
6826	28235
5539	10890
6621	28232
5089	41739
3861	28230
1921	41733
4710	28229
3786	10880
3730	41970
4339	10865
2410	10867
6821	28340
5600	41973
5857	10872
1741	10875
5648	10874
6448	41982
4162	10877
2079	28349
2723	10878
6077	28325
3760	41958
4315	41957
4896	10854
5116	28329
2908	10857
6096	41962
6446	28307
2330	41940
747	10836
2649	28312
5163	10840
5833	41948
601	10846
6718	41950
4547	10845
5082	28294
2770	10820
1537	41935
1676	10805
512	41918
5896	10815
5616	28411
6696	28387
2331	10769
1301	41886
1172	41880
2795	41863
6056	28356
6054	28355
4764	28354
5274	10752
4750	28352
2398	10767
3432	41573
2066	41596
4759	41584
5527	11248
6113	28469
5186	41590
1111	28426
3450	28427
5367	41551
4585	41539
4749	11203
1334	11202
4791	41537
4913	28419
6382	41542
3350	28421
6702	28422
4153	11207
3431	41563
6723	28440
5368	28445
5154	11230
4155	11217
990	28435
2118	41559
950	11223
3238	28438
2241	28527
3963	41517
2753	11180
1858	11179
1797	11177
4000	11176
5977	11174
1796	11173
6358	41507
460	28513
5355	28543
6643	28542
3976	41532
3986	11196
6308	41534
1289	28538
1332	11195
4700	41528
6062	28537
536	28535
6128	11191
1802	11189
2691	11187
2155	11149
6033	28494
4927	11145
5765	28488
4928	11144
5538	11141
2948	11142
6172	11137
6007	41474
3993	41472
5282	11139
6425	28483
88	11138
4112	41473
1658	28510
5230	28505
1791	11163
2746	28502
4479	28497
2084	41696
4943	11105
2339	28584
5963	41710
4978	28594
2369	28595
1175	28592
5715	11127
4848	11126
3826	28597
6168	11130
3082	11128
6528	28604
6079	41667
4026	11073
5356	28551
830	28550
1786	28553
1121	41673
6241	41679
3277	11086
4694	41682
6291	41686
942	28565
2448	41694
585	11102
6483	28647
4515	11046
1706	28645
880	41633
2093	28641
1823	41645
4988	28654
1771	11052
840	11053
60	11050
2277	41643
261	28649
1859	11049
4979	28662
2435	11062
1114	41653
6203	28660
3566	28661
6886	28658
2434	11058
4048	41660
3771	11070
2436	11069
4905	41662
602	41658
2340	28609
1224	41614
4396	41610
2105	28619
5047	28629
3259	41620
3812	41618
6222	41617
5290	11037
5512	28636
189	41628
5070	28638
5528	41629
6597	28632
3380	28635
5628	27678
1643	27676
6745	27672
3136	41302
4101	10448
968	27660
6134	41291
6644	27654
3516	41284
5033	27653
3421	27648
2910	27649
6417	41341
4469	27711
868	41337
2357	41331
2194	27697
5830	41330
2268	27692
4757	27693
5807	27694
3200	41325
6247	27690
6214	41320
534	41321
1365	27691
2584	41316
6163	41315
909	27739
4715	41240
4360	10392
4337	27730
6298	27727
657	41216
5748	41217
4451	27712
2960	10368
4074	10373
5773	41222
4717	10424
6796	27773
5992	41279
671	41277
3702	27765
5017	27764
2349	27753
4505	27755
4770	41257
325	10413
4716	10412
2813	27758
345	41260
6703	41261
6476	41250
2651	10402
6666	27749
4491	41431
6710	27794
5142	41424
2510	27802
3097	41432
2798	41413
1254	27781
5201	27779
283	41410
4201	41420
3953	41423
4081	10312
6533	27831
3639	27824
2877	10360
3992	41467
3869	27812
5013	10342
921	27809
865	41454
3229	27817
5488	41450
1010	27858
4472	27859
4970	41366
2083	27867
6527	41371
6831	41373
5995	27868
3030	41344
6607	41346
2100	41351
6814	27849
2848	27855
924	27854
3469	41356
4531	27852
4976	41395
5723	41398
3825	41396
837	41403
6779	27899
5581	41405
6262	41379
4607	27873
874	41376
5445	27879
6328	27883
5888	10284
4395	10286
2953	27916
2143	41034
2367	27914
4494	10698
6051	41033
1295	10693
1628	10689
221	27904
2940	27932
4504	10717
4907	41053
5705	27929
4974	10713
4646	41048
4973	10710
5132	27927
4679	41043
4665	10705
1240	10706
6523	41040
475	10733
1141	27948
492	10727
2032	27939
5947	10722
6600	27937
4372	27967
375	10746
1695	27961
4926	41083
244	27960
1287	41077
1064	10740
913	41078
5237	27954
1777	27976
2797	27977
3148	10634
4027	27983
6475	27969
4519	40960
6871	40965
6020	40985
5957	40984
5450	27997
5076	40978
2689	10645
3716	27990
4843	28010
1764	41002
1723	41003
1464	41006
4957	10682
5684	28027
1232	28025
2914	41020
5208	28030
6790	41023
6793	41010
4528	41013
6122	10677
1567	10565
3779	28033
5577	41155
6384	28035
5635	41153
1272	10563
4283	28045
3723	28046
2973	41175
6586	28054
1212	41173
4176	10582
6218	28049
6788	28050
6650	28061
4725	10591
5503	41178
6344	28057
872	28058
6120	10596
5718	28067
6590	28066
977	10592
4517	41187
6551	28064
256	10593
6346	41199
6598	41193
6095	28075
6690	41192
3398	10603
6349	41194
3138	10601
4971	28086
1456	28082
365	28080
5103	28093
5403	41215
6885	41208
1763	41211
2201	41095
5692	41093
4183	41101
6093	10510
1398	28117
6360	28118
5004	28120
2254	41119
6094	10526
5999	10528
2923	28128
4874	28135
4110	10535
5377	41127
194	41133
2151	10541
2107	28140
3871	41136
4195	28146
5935	10547
1918	28147
5489	10545
782	10544
6485	28150
2530	28154
6112	10552
3478	28157
2969	11957
6057	11959
3208	11964
1432	11960
6542	27256
5660	11963
5976	11937
6719	27233
3257	11939
3026	11938
271	11948
911	27246
2959	27247
1344	11950
2409	11947
3439	11946
4424	11926
3210	11927
4423	11925
5564	27219
3845	11923
5182	27217
6531	27230
5216	11932
2129	11933
1747	11931
3211	11928
3212	11929
1025	11910
1895	11906
2068	11905
1598	11904
2490	11917
2489	11916
3436	11912
4537	27184
1868	27189
5576	27199
5243	27172
1644	27173
2663	12010
2216	12015
3054	27152
5292	11970
4962	11968
4875	27388
1438	27380
1466	11829
2569	11831
878	11824
4023	27373
6565	27372
1725	11823
6330	11817
6192	27371
1080	11809
6326	11807
4500	27358
3218	11805
6854	27357
5707	27353
6720	27348
5822	27347
4766	27343
1123	27341
1122	27338
2185	11781
3086	11779
4511	27329
2739	27322
177	11898
2487	11901
2570	11902
3079	11880
6637	27306
5627	27308
5945	27296
624	11866
167	11870
2604	11869
4804	27292
5591	27282
3267	11863
2600	11862
6820	27284
4089	11861
418	27278
5744	27271
2647	27270
3371	27490
533	27489
6044	27496
4730	12212
6279	27508
6302	12208
6878	27518
3196	27512
454	27458
881	27467
6018	12180
6741	27479
4142	27478
6795	27485
5597	27486
2262	12263
2261	12262
5267	12261
5932	27435
654	12270
653	12269
18	27448
6252	12287
1696	27452
3449	27395
4223	27396
2799	12235
647	12237
2382	27413
6195	27415
6295	12247
956	27621
295	27620
5358	27644
5177	27643
6158	27632
6418	27598
6399	27593
3376	27585
4035	27586
5030	27605
231	12051
5515	27602
4508	27603
3882	27556
2451	12154
2371	27579
3204	12152
2517	27574
1237	27572
4121	27528
4401	27522
4245	27524
5683	12101
6059	27548
791	12112
4343	27539
2832	11410
112	11411
2491	11408
2035	11409
5473	11414
4539	11412
917	11413
6162	11419
2785	26713
6235	11420
4095	11421
914	11395
3740	42240
6	11394
4709	26691
4334	26689
5249	11399
6549	26695
1884	11402
4226	42249
3353	11401
35	11400
3959	11407
5153	26702
1544	11405
6047	26737
3789	11441
1097	26739
1869	11444
5573	11448
3712	26747
4687	11450
3228	11451
6233	11452
5412	11453
1951	11454
2542	11425
3428	26721
4809	11431
4808	11430
4811	11433
4810	11432
4618	26731
6236	11437
3636	26732
6201	11439
1622	11438
1316	11476
3006	26653
5906	26652
6870	26651
4685	11482
3341	11483
4533	11480
1298	26630
1485	11462
3656	11461
3776	26628
6240	11460
467	26627
4930	11458
1846	11456
3069	11470
765	11467
4464	11466
764	11465
2566	11508
5990	26677
154	26678
3857	26672
2036	11507
4888	26674
2221	11516
5495	26685
1136	11518
4135	11519
5449	11513
3049	11514
2220	11515
605	11492
6276	11495
6261	11494
1855	26656
5418	11489
6256	11491
6255	11490
5589	26659
2527	11501
4063	11500
213	11502
5632	11497
6269	11496
5633	11499
2333	11498
2583	26847
5494	26836
1005	26825
6396	26830
2918	26828
5968	26816
489	26823
5996	26873
4163	26865
6660	26867
3446	26856
6451	26860
28	11298
4151	11301
6665	26783
5084	26777
6270	26771
3903	11342
5131	26767
1335	11341
4240	26761
1683	26757
3617	11332
6323	26756
851	11333
5836	26752
5193	11389
5192	11388
583	11385
705	11387
889	11386
1738	11381
1433	11380
5198	26805
4669	11383
5205	26806
6248	26800
83	11376
752	11374
82	11375
3788	26793
1750	26789
563	11649
453	26945
355	11648
1148	26947
6125	11657
541	11656
2539	11659
6281	11658
710	11661
5970	41998
3612	11660
3571	11663
3324	11662
3349	11665
1275	26963
4179	42001
3772	11667
1824	11668
3625	42007
3055	11669
5185	42011
5430	11672
2929	11673
1154	26968
945	11675
2169	42015
3745	11677
4775	26972
939	26975
611	11681
102	11684
1450	26981
5827	42025
6887	42027
5399	42028
2422	11693
1830	11699
895	42035
4251	11696
739	11697
3251	26992
3411	42038
5962	42040
6873	27006
6433	26884
6338	42051
2784	42062
2257	11725
6535	26895
2359	11726
1367	26889
5380	42059
228	26891
4024	26900
1317	11734
4435	11735
5722	42068
4254	11728
6834	42066
5022	11730
4621	26909
1757	11736
4825	26906
524	26918
4902	42086
1812	11748
5337	11747
6411	26915
4919	11745
6713	26913
4037	11744
2787	42092
373	11759
4824	26926
4771	26927
6595	26923
1709	11767
4295	42103
553	11760
5813	26929
3292	11761
936	26943
6290	11771
6325	11768
1310	11529
2297	11530
6280	11531
4799	42120
1101	42127
1396	27085
3714	11532
6282	11533
4678	11523
3875	11524
5248	11526
5325	42116
6273	11545
4731	27098
1632	11546
572	11549
3127	11548
3988	42143
1280	27102
4428	11550
5225	27103
3934	42130
5781	27088
4898	11536
5924	27089
3123	11539
1494	11541
1104	42135
4526	11540
4521	27094
3518	42153
4958	27113
2231	11567
2072	42145
4827	11554
4768	11555
5686	42144
2938	27111
1926	11556
4487	42150
4185	42168
3366	11578
1897	11577
3165	11583
6320	27135
6275	11582
3064	11581
2233	11580
5766	42175
3621	27122
3850	11571
4001	42160
3849	11570
1828	11568
4748	11575
6664	27021
3343	11596
4138	11597
3581	11598
3360	11599
3088	11592
937	11593
5056	42186
3323	11595
3933	27013
2577	27015
1566	42181
3230	11584
3967	42179
1030	11585
5189	11587
5447	11612
3253	11614
5218	27039
4255	11609
6068	11611
3444	42196
1780	11601
3361	11600
4728	27025
6268	42192
697	11629
1130	42216
1512	11627
4250	27050
6807	42213
3584	11622
3342	11623
6786	42215
587	11618
588	11619
3974	11617
5676	11647
4612	11645
6351	42239
2255	27069
4611	11644
470	27066
5769	11642
5768	11641
6611	27062
2922	42230
3364	11637
4883	27060
3354	11636
5951	27061
3363	11635
2794	11634
1047	27057
6879	30615
3734	30614
5303	30620
5409	30592
3635	30598
2383	30600
1303	30641
4029	13168
4777	13169
1784	13178
3046	13176
5780	30648
1388	30625
6380	13156
2131	13161
5782	30676
4363	30672
4914	13086
4915	13087
5063	13056
6317	30667
4666	30708
6392	30705
3062	30717
3917	13113
5226	30695
1400	30692
1241	30691
4536	30698
3320	30488
5360	30491
2629	13265
445	30475
2669	30477
4545	13249
6343	30467
1018	30470
4291	30522
6480	30521
1990	30514
4562	13301
5382	30517
1917	13291
6042	30505
4053	30504
6324	30510
2342	13292
5276	30508
6431	30499
3774	30496
957	13287
4557	13285
6630	30554
2901	13204
2391	30544
1445	30539
4972	30538
1520	13189
4189	30528
2446	13186
4653	30531
4115	30530
2867	13242
5300	30584
5731	30585
6515	30582
3631	30583
6075	30578
2098	30563
6073	30561
6356	30338
5020	30347
1359	30351
2294	30357
1454	30362
6625	30365
5567	12899
3269	12900
6840	30374
3169	30375
3569	30378
4564	12908
753	12919
5441	30392
5981	30406
6629	30405
3416	30409
5429	30421
6895	30417
5493	30449
4871	30451
894	30456
1715	30216
579	12992
43	30208
4781	30213
1068	30212
3325	13019
3326	13020
3780	30237
6423	30224
4651	30252
6764	30240
3902	30247
1857	30246
6378	13048
3819	30265
4818	13050
5431	30267
3065	30268
773	13053
6379	13052
1304	30269
2567	13055
3679	13054
1465	30256
3989	13040
6571	30259
3020	13045
6354	30261
2180	13047
3094	30278
1767	30277
5908	30297
2145	30289
5285	30304
3561	30307
515	30334
632	30331
5462	30131
890	12671
3883	30139
595	12667
2251	30118
6374	12646
2039	30115
4032	30112
1046	30126
1278	30124
1848	12651
6627	30120
807	30121
6596	30100
961	12635
248	12614
5151	30087
6035	30083
5371	30092
6638	30093
3670	30090
2423	30197
1245	30196
4258	30206
3888	30205
6110	30204
2991	30176
6242	30181
5956	30189
4952	12562
4953	12563
3345	30168
3128	12574
3895	30152
2933	30157
3012	30013
6090	12786
1916	12778
2263	12779
932	29989
3633	29982
3715	29973
6540	29961
6610	29960
479	29956
1587	12735
6171	30079
2012	12722
5519	30069
1827	12714
3180	30062
4664	30061
4776	30049
6460	30052
459	30041
2690	12695
3509	30038
5422	12694
2710	30024
6196	30029
5817	30028
2376	30030
3308	12687
6454	30017
1785	12676
4836	30023
4975	12678
2786	12385
3007	29858
1203	12396
1321	12398
989	12392
2719	29867
1981	12404
4520	12401
2077	29875
4092	12403
2289	12413
2947	12409
5790	29883
5204	29828
727	12352
2716	12365
604	12361
4489	29832
682	12373
4802	29842
1417	29853
2377	12381
2603	12379
4566	29921
4390	12329
3643	29934
2885	29942
5114	29945
2851	12348
2666	29949
4442	12349
5994	29891
2582	29905
4261	29910
2162	29742
1639	29736
5920	29732
6568	29731
6232	12542
5238	29752
5741	29754
3940	29755
382	29751
2802	12530
2713	29707
2429	29704
3220	29701
2519	12483
4912	29697
433	12510
432	12509
5703	12507
5605	29723
2720	12502
3407	29712
6208	29713
2205	12456
4301	12457
1557	29807
5363	29794
6040	29797
5609	29798
6573	29816
5507	29819
1883	29823
1067	29809
2587	29810
1831	12470
5861	12426
1552	12431
1435	29774
995	12428
5179	12429
5246	12418
4273	29762
320	12422
3862	29789
5264	29778
2615	12432
374	29780
6553	29663
6389	14104
6557	29652
3936	29637
6391	14140
4113	14134
1401	29681
81	29678
5923	29676
6501	29670
3386	29598
4247	29584
4699	29581
2265	29568
644	14148
4488	29575
1178	29630
2942	29629
5510	29617
5809	29603
5270	29524
5584	29525
4284	29526
1446	29521
883	29522
5351	29535
75	29531
6152	29509
4623	29511
4839	29518
628	29512
6739	29566
2927	29567
5952	29560
6520	29539
4243	29549
6838	29546
4690	29545
884	14291
6254	29462
6142	14295
6258	29463
52	29466
3452	29471
2724	29445
1988	29446
5234	29454
5545	14323
4571	29491
4555	29494
1333	14325
2024	14331
1671	14335
2871	14334
5483	14333
6000	29501
688	14304
4680	29476
6116	14309
4448	14312
3302	14318
2526	14316
6069	13839
2820	29391
1590	13838
1865	13837
1385	29388
6472	29384
4784	13826
5160	29379
4105	29406
6260	29405
5416	13852
1939	13846
3525	29399
1132	29421
6387	13860
6750	29415
1582	13859
1972	13858
5522	13884
6491	29436
5057	29429
5885	29431
3511	29426
2727	13891
2230	29319
6137	13893
4939	13892
5504	29328
192	29353
3037	13930
1312	29356
5000	29357
6730	29358
6749	29359
5521	13945
1966	13946
3508	13948
5667	29375
6731	29363
6114	29254
6074	29253
5852	29256
4314	29270
4550	13975
4181	29271
3707	29268
759	13981
171	29287
5175	29281
5593	13984
6039	29282
3488	13998
1886	13992
6159	29288
1269	29301
5880	14018
3620	29186
6866	29185
6470	29194
4563	29199
4342	29198
5231	29203
6174	29207
1078	29208
5763	29217
3855	29219
5725	29222
1168	14061
6173	29233
5002	29238
6617	29178
6149	29182
6892	29169
4131	29162
3725	29163
2469	29161
5419	29166
1413	29164
6668	29156
6016	29149
4144	29151
4070	29150
5819	29129
1766	13579
2518	29121
5394	13570
6819	29119
5867	13690
2389	29111
544	29110
5220	29100
6353	29098
5946	29095
3223	13655
39	29074
4410	29071
3456	29067
1164	29057
1020	29059
2826	29051
2099	29054
2750	29053
5352	29026
4242	29025
1230	29031
3946	29036
5698	29015
6017	13718
5146	13696
1305	28994
5785	28997
6385	13703
3951	29003
4054	29004
3998	29007
4123	13710
4025	28991
3652	28984
551	13798
5540	28966
6717	28965
3930	13803
3539	28969
5876	28948
1496	28959
4418	13786
222	28931
5138	28942
5630	13771
1131	28908
2500	13359
2631	28901
6843	28903
5916	28923
4590	28927
4252	28915
5051	28916
6190	28874
490	28875
2049	13326
4998	28869
6361	28887
6685	28842
2717	28836
4870	28834
3322	28857
4362	13432
4215	28812
743	13381
2337	13406
3367	13405
3818	28824
2563	28818
6400	28816
2273	28768
168	28771
4430	13475
1299	28777
4990	28779
2644	28778
1261	28785
199	28788
4347	13497
5395	13496
390	28796
5343	28738
3784	28737
1953	28741
5207	28759
5038	28762
4667	28710
2639	28718
2708	28715
1928	28714
5779	28725
972	28720
6186	28733
4682	13567
4688	28734
4668	28730
2913	28731
2800	28679
2810	28684
3536	13534
6219	28701
2213	13530
2781	28696
4803	28697
5614	32521
5190	15308
6322	32524
2272	15310
5165	32515
2224	32517
5211	32518
1837	15321
5191	15325
5570	15314
2979	32532
3294	32556
6432	15329
4921	15352
245	32575
1821	15351
6481	32565
5008	32589
832	15245
3467	15237
4120	15238
5362	32583
2158	15260
3984	15262
3459	32600
2986	15258
3658	32598
2586	32622
2240	32620
6422	32610
6699	32639
3225	15294
4471	15292
4720	32634
2931	15286
1040	32642
3610	32644
6815	32647
6375	32649
4858	32657
5224	15189
6437	32665
2983	15198
5760	32674
2843	15206
1035	15213
6856	32691
2242	15219
5096	32689
6185	32688
6071	32695
4158	15220
224	15109
3047	15108
6243	32710
5170	15110
6316	32706
4173	32716
4228	15117
3675	15116
3174	15119
3040	15118
4579	15113
5058	15112
4227	15115
4982	15120
6701	32722
4887	15123
2033	32738
4231	15139
5552	32750
6098	32751
5520	32745
4880	32286
145	32284
5550	32275
2362	32273
1193	32279
6421	15051
597	32265
46	32258
3820	15043
5914	32318
3321	32310
6251	15085
4600	15001
6297	32345
5816	32339
312	32328
1199	32327
4542	32326
2880	32381
6543	32382
3559	15033
3909	32378
6495	32375
6410	32369
6560	32371
1106	32367
3496	15016
3301	32363
2997	32358
6224	32409
5034	14937
6257	32386
4969	32388
322	32392
996	32398
5903	14961
6609	32434
6189	32440
4795	14948
2283	14953
1202	14952
4455	32425
173	14957
6805	32430
5930	14959
6083	14958
6686	32470
6414	14871
767	32475
4309	32474
4049	32473
4096	14855
6105	32454
4296	14853
2150	14850
4567	32448
4955	14849
3375	32458
6675	32457
2432	32500
6524	32502
54	32496
1014	32509
4908	32484
4264	32487
1210	32482
5028	32495
4822	32045
5806	32043
4030	14827
6217	32040
3252	32060
2152	14840
5709	32057
5900	14839
1500	32055
2894	32053
5001	32050
2160	32014
2589	32010
6746	32029
6345	32026
1493	32019
4300	14760
6278	14761
1511	32104
4206	32110
5309	32109
678	14754
1530	14776
5098	32126
4849	32119
813	14729
5501	32075
2687	14731
1146	32065
6507	32064
6127	32070
3828	32089
1225	32090
4419	32095
6770	32081
4190	32082
5065	14741
5320	32084
3149	14743
3646	14742
3925	32167
6409	14691
1234	32163
6785	32168
6534	32191
948	32188
1561	32184
2686	32128
4656	32150
1233	32145
6009	32156
4778	32153
3181	32152
32	32226
1372	14628
6213	32234
1893	14635
1896	14634
4204	32238
4167	14638
347	14642
1376	14643
1374	14640
3616	32241
887	32240
1375	14641
726	32251
6404	14593
488	32196
1558	14599
1002	32201
6612	32203
2473	14609
2741	32210
6641	32212
4581	14615
6313	14616
549	32219
3813	14621
1589	14622
1989	14623
4631	32222
2681	31802
2218	14581
1351	31792
1198	31795
1593	14574
1286	14575
1892	14569
1218	31784
6548	31786
1195	31781
3261	31778
2494	14558
3010	14557
5624	31770
836	31769
4010	31766
3355	31763
1073	31750
5575	31747
4304	31746
4008	31744
4093	31866
5003	14522
2315	31870
4160	31871
4272	31857
5726	31850
6835	31843
6836	31844
2513	14503
6577	31834
4400	14490
2071	14489
1360	14488
3583	31836
4275	31826
981	31824
5849	31830
5424	14474
1620	14475
1252	14464
5654	31813
5877	31925
2854	14448
3263	31933
1356	14456
2879	14459
1687	31910
4217	31913
1471	14443
4780	31915
3709	31895
1205	31888
4320	31902
603	14405
6663	31872
4069	31885
4760	31883
5778	14384
2875	14385
4414	14387
3782	31989
2903	31992
5401	14396
6706	31996
1037	14399
2874	14369
5012	31969
5423	14368
5529	14371
5987	31972
6636	31975
3015	31977
2834	14376
6052	14379
5228	31980
4134	14383
5841	31982
6131	31954
139	14352
738	14353
3443	31952
2363	31959
3281	14356
3728	31957
1983	14357
3091	14362
1642	14363
6109	31967
1594	31966
1364	31965
5384	14365
5214	14339
2849	14338
3704	14337
2514	14343
3002	14342
6509	31940
2714	31941
2112	14340
2187	14347
5040	14346
1120	31944
4303	14345
3254	14351
3003	14350
3166	31948
2197	14348
2291	16260
356	16261
2778	16265
2109	16266
2574	16267
6193	31573
2022	16279
4525	16274
2579	16285
1794	16291
275	16300
2507	31596
5700	16298
5937	16299
4657	16296
1528	16297
1309	31610
366	16321
963	31488
3484	31491
1636	16323
5442	16325
6176	31496
227	31498
338	31501
1370	31505
5562	31506
1610	31508
5542	31510
4426	16345
6143	31516
3057	31517
6875	31518
6182	31525
5454	31524
1772	31535
1909	16371
1220	31538
3766	31541
1991	31545
3414	31550
2676	31548
5316	31549
3298	31692
5776	31688
6013	31686
6880	31680
3755	31683
6890	31705
812	31700
6477	16144
5729	16173
707	16170
1061	31720
6141	31721
1760	31712
4237	16191
3369	16178
1829	16177
280	16201
4838	16203
4336	16202
1187	16206
2116	16192
6388	31618
4002	16195
455	16197
249	16199
2597	16198
4398	16216
4894	16217
351	16218
1174	31645
6001	16220
3268	16223
6130	16208
2828	31635
6488	16211
2765	16212
5277	16213
2575	16214
4855	31639
4281	16215
3336	31659
2573	16233
2045	16232
6336	16239
5068	31660
5641	16237
1284	16236
3479	31661
5437	16226
4447	16225
4446	16224
5100	16231
3463	16230
4271	31652
5929	16229
5461	16228
4851	16251
4885	16248
608	16249
5716	16255
4852	16252
4375	16253
5043	16240
3176	31664
5706	16241
4937	16247
2308	31314
2642	31312
2627	16029
508	31324
2865	16026
2578	16024
3590	31302
1091	31311
4416	31306
6765	31346
732	16051
4047	16057
5850	16036
3109	16039
6850	31328
535	31331
5071	31330
5159	31340
3864	31343
3657	31342
4178	31337
751	31336
328	16082
6469	16081
207	16091
6228	31257
6901	31260
1490	16092
2186	31239
736	31238
4490	31237
483	31236
4765	16069
6728	31245
2156	16077
4468	16113
1197	31282
3164	31283
1531	16116
1971	31265
5740	16097
6438	31271
2314	16104
2951	31277
6420	31455
2352	31454
1970	15903
862	31453
6060	15896
2809	31446
1337	31445
5989	15880
1672	15873
2361	31484
3295	15935
2665	31481
4538	31477
5746	31476
5572	31473
4620	31475
3171	31474
1974	15916
3915	31470
2525	31465
6145	31467
4278	31462
6445	31456
6010	15904
768	31459
5344	15962
4444	15963
2602	15961
2346	15952
5039	31376
6465	15959
3557	31381
3787	31370
5024	15947
1977	15951
1553	15950
6436	31362
2916	31361
1870	15943
2073	31395
5010	31396
6502	31397
4028	31079
6452	15786
4297	15787
1527	15784
1940	15785
6089	31087
5625	15793
3472	15798
1930	15796
6655	31096
3791	31045
5595	31047
6006	15756
4737	31052
3999	31055
5975	15759
1789	15765
2247	15764
4248	15766
5443	31065
1155	31067
352	31068
625	15774
3977	31071
4830	31022
5702	31026
111	31039
4989	15870
4371	31037
4382	15867
4967	31032
6285	15811
5066	30999
2298	15837
3388	31001
6440	31003
1705	31202
2501	15650
239	15652
4475	31225
3942	15678
1231	15677
2764	31216
3887	31220
559	31181
4793	15631
5031	31182
6449	15630
1129	31185
3885	31184
4059	31146
2756	31138
6226	31137
900	31167
2760	31164
3775	15738
6286	15736
6287	15737
4034	31156
969	31153
4736	31119
3412	15689
2900	31113
464	31110
645	15686
5694	31111
2796	31134
3004	31128
6896	31131
6008	31126
5263	15697
3851	30838
5758	30821
6708	30823
125	30822
5286	30828
313	30800
6897	30807
4640	15510
1978	30814
115	30794
5181	15606
4207	15613
4756	30757
4011	30765
3840	30767
5219	30761
2189	30738
1737	30739
1716	30744
6783	30720
5907	15564
6211	30732
1408	15562
2048	30728
6673	30968
4256	30972
3013	15422
4169	15423
4222	30974
273	30961
4392	30964
4951	30967
3307	15407
5681	30946
885	30949
1927	15398
2386	15384
3582	30936
5574	15390
1127	30942
4097	15389
4022	30929
3113	30928
6823	30935
1118	30923
4100	30925
3568	30911
1093	30907
129	15478
1617	15472
4331	30897
1431	30896
5482	15473
5421	15469
5500	30892
2171	30893
2133	15468
695	15471
1621	30889
5949	15467
2876	15466
169	15460
2652	30886
2735	30887
2932	30880
510	15459
2842	15458
5904	15455
5481	15452
6444	15453
423	30876
3022	15446
2619	15447
3025	15444
2839	15443
5739	15440
297	15441
5815	15438
1612	15436
3266	15435
3403	30858
4692	15434
6227	30857
2852	15432
863	30854
2836	15430
5608	30852
2628	15428
5477	15425
4170	15424
