226	420
227	11797
228	11832
229	18995
230	18996
231	18998
232	18999
233	19001
234	19006
235	19007
236	19010
237	19014
238	19015
239	19016
240	19017
241	19018
242	19021
243	19022
244	19023
245	19026
246	19029
247	19032
248	19033
249	19035
250	19036
251	19038
252	19039
253	19041
254	19042
255	19043
256	19044
257	19045
258	19046
259	19047
260	19048
261	19049
262	19053
263	19056
264	19057
265	19058
266	19061
267	19062
268	19063
269	19064
270	19065
271	19066
272	19067
273	19068
274	19069
275	19070
276	19071
277	19073
278	19074
279	19075
280	19076
281	19077
282	19080
283	19083
284	19086
285	19087
286	19089
287	19090
288	19091
289	19093
290	19094
291	19095
292	19097
293	19098
294	19099
295	19100
296	19101
297	19102
298	19104
299	19105
300	19108
301	19109
302	19110
303	19111
304	19112
305	19114
306	19115
307	19118
308	19119
309	19121
310	19122
311	19123
312	19125
313	19127
314	19132
315	19133
316	19134
317	19135
318	11830
319	20055
320	33948
321	33949
322	33950
323	33942
324	33943
325	33944
326	33945
327	33946
328	33947
329	33951
330	33952
331	33953
332	33954
333	33955
334	33956
335	33957
336	33958
337	33963
338	33964
339	33933
340	33934
341	33935
342	33936
343	33937
344	33965
345	33966
346	33967
347	33968
348	33961
349	33962
