1489	1601
1489	1610
1489	1612
1489	1619
1489	1620
1489	1621
1489	1622
1489	1627
1489	1633
1489	1658
1489	1659
1489	1667
1489	1669
1489	1673
1489	1677
1489	1679
1489	1689
1489	1696
1489	1705
1489	1709
1489	1714
1489	1715
1489	1721
1489	1736
1489	1739
1489	1743
1489	1745
1489	1748
1489	1762
1489	1763
1489	1767
1489	1770
1489	1772
1489	1805
1489	1821
1489	1822
1489	1823
1489	1825
1489	1842
1489	1844
1489	1846
1489	1864
1489	1871
1610	1619
1846	6038
6038	6202
6038	6207
6202	6203
6202	6204
6202	6205
6202	6206
6205	9950
9950	9951
9950	9952
