602	761
603	6788
604	11344
605	11346
606	11347
607	11348
608	11349
609	11350
610	11351
611	11352
612	11357
613	11358
614	11359
615	11360
616	11361
617	11363
618	11364
619	11369
620	11371
621	11372
622	11374
623	11376
624	11377
625	11378
626	11382
627	11383
628	11384
629	11385
630	11386
631	11387
632	11389
633	11390
634	11391
635	11392
636	11395
637	11396
638	11397
639	11399
640	11400
641	11405
642	11407
643	11408
644	11410
645	11413
646	11416
647	32962
648	32963
649	32964
650	32965
651	32960
652	32955
653	32956
654	32957
655	32958
656	32959
657	32966
658	32967
659	32968
660	32969
661	32961
