761	6788
761	11344
761	11346
761	11347
761	11348
761	11349
761	11350
761	11351
761	11352
761	11357
761	11358
761	11359
761	11360
761	11361
761	11363
761	11364
761	11369
761	11371
761	11372
761	11374
761	11376
761	11377
761	11378
761	11382
761	11383
761	11384
761	11385
761	11386
761	11387
761	11389
761	11390
761	11391
761	11392
761	11395
761	11396
761	11397
761	11399
761	11400
761	11405
761	11407
761	11408
761	11410
761	11413
761	11416
11346	32962
11346	32963
11346	32964
11346	32965
11376	11377
11376	11389
11376	32960
11377	11389
11377	32960
11390	11391
11407	32955
11407	32956
11407	32957
11407	32958
11407	32959
32955	32956
32955	32957
32955	32958
32955	32959
32955	32966
32955	32967
32955	32968
32955	32969
32956	32957
32956	32959
32956	32966
32956	32967
32956	32968
32956	32969
32957	32959
32957	32966
32957	32967
32957	32968
32957	32969
32958	32959
32959	32967
32959	32968
32959	32969
32961	32962
32961	32963
32962	32963
32962	32964
32962	32965
32964	32965
32966	32967
32966	32968
32967	32968
32968	32969
