0	93
1	6120
2	10676
3	10678
4	10679
5	10680
6	10681
7	10682
8	10683
9	10684
10	10689
11	10690
12	10691
13	10692
14	10693
15	10695
16	10696
17	10701
18	10703
19	10704
20	10706
21	10708
22	10709
23	10710
24	10714
25	10715
26	10716
27	10717
28	10718
29	10719
30	10721
31	10722
32	10723
33	10724
34	10727
35	10728
36	10729
37	10731
38	10732
39	10737
40	10739
41	10740
42	10742
43	10745
44	10748
45	32294
46	32295
47	32296
48	32297
49	32292
50	32287
51	32288
52	32289
53	32290
54	32291
55	32298
56	32299
57	32300
58	32301
59	32293
