93	6120
93	10676
93	10678
93	10679
93	10680
93	10681
93	10682
93	10683
93	10684
93	10689
93	10690
93	10691
93	10692
93	10693
93	10695
93	10696
93	10701
93	10703
93	10704
93	10706
93	10708
93	10709
93	10710
93	10714
93	10715
93	10716
93	10717
93	10718
93	10719
93	10721
93	10722
93	10723
93	10724
93	10727
93	10728
93	10729
93	10731
93	10732
93	10737
93	10739
93	10740
93	10742
93	10745
93	10748
10678	32294
10678	32295
10678	32296
10678	32297
10708	10709
10708	10721
10708	32292
10709	10721
10709	32292
10722	10723
10739	32287
10739	32288
10739	32289
10739	32290
10739	32291
32287	32288
32287	32289
32287	32290
32287	32291
32287	32298
32287	32299
32287	32300
32287	32301
32288	32289
32288	32291
32288	32298
32288	32299
32288	32300
32288	32301
32289	32291
32289	32298
32289	32299
32289	32300
32289	32301
32290	32291
32291	32299
32291	32300
32291	32301
32293	32294
32293	32295
32294	32295
32294	32296
32294	32297
32296	32297
32298	32299
32298	32300
32299	32300
32300	32301
