560	11000
266	4401
561	11001
562	11002
563	11003
564	11004
565	11005
333	6574
552	10992
0	9
553	10993
554	10994
555	10995
646	13147
556	10996
557	10997
558	10998
559	10999
647	13151
545	10985
643	13121
544	10984
642	13120
547	10987
546	10986
644	13122
549	10989
548	10988
1008	17622
551	10991
550	10990
537	10977
536	10976
1	27
539	10979
538	10978
645	13130
541	10981
540	10980
543	10983
542	10982
156	2234
530	10970
531	10971
528	10968
650	13168
529	10969
534	10974
535	10975
532	10972
533	10973
1009	17640
2	46
527	10966
525	10964
526	10965
1066	19560
524	10953
331	6552
523	10952
648	13152
332	6559
155	2222
330	6547
3	59
649	13167
522	10943
335	6632
4	76
637	13081
638	13083
521	10921
5	80
520	10920
640	13109
639	13107
157	2294
267	4447
387	8714
641	13114
385	8712
334	6593
386	8713
6	123
153	2064
389	8938
854	15175
10	143
853	15174
855	15177
7	131
856	15178
858	15181
857	15180
860	15183
9	135
859	15182
8	134
861	15184
862	15185
13	153
863	15186
864	15187
327	6453
865	15192
866	15193
11	145
867	15194
868	15196
869	15197
870	15199
12	151
1070	19698
1071	19699
1068	19696
872	15201
1069	19697
871	15200
1072	19703
14	161
154	2111
16	186
15	184
268	4494
388	8927
271	4603
1067	19588
835	15135
17	215
328	6468
270	4572
837	15138
836	15136
844	15151
843	15150
842	15149
841	15148
840	15147
269	4562
839	15145
838	15144
851	15158
852	15159
849	15156
850	15157
847	15154
848	15155
845	15152
846	15153
19	249
329	6492
18	244
20	276
834	15062
235	4147
162	2457
237	4150
395	9062
236	4149
394	9061
238	4155
239	4156
601	11200
392	9030
1011	17894
21	295
324	6274
1073	19830
393	9039
326	6393
325	6392
248	4204
247	4203
1010	17817
246	4200
252	4214
251	4213
250	4211
249	4209
391	9006
255	4221
253	4218
254	4219
22	329
240	4165
163	2542
390	8982
241	4170
24	378
243	4180
244	4181
23	357
600	11165
242	4176
833	15018
245	4188
832	14942
25	396
257	4233
258	4234
256	4230
260	4255
158	2359
259	4243
26	420
399	9158
830	14870
831	14871
587	11054
588	11055
585	11052
586	11053
29	466
584	11051
583	11048
595	11063
594	11062
28	461
593	11061
592	11060
591	11059
590	11057
589	11056
265	4340
599	11067
27	450
598	11066
597	11065
159	2392
596	11064
570	11012
571	11013
572	11015
566	11008
567	11009
398	9114
568	11010
569	11011
160	2412
575	11020
397	9109
576	11021
261	4294
577	11022
578	11023
573	11017
636	12961
574	11018
396	9101
30	492
31	495
580	11025
264	4312
579	11024
582	11027
581	11026
1074	19900
161	2429
262	4305
263	4307
1134	20095
1133	20094
1132	20093
1131	20092
177	2749
1130	20091
354	7050
1129	20090
176	2747
1128	20089
175	2744
1127	20088
1126	20087
1125	20086
1124	20085
1123	20084
1122	20083
1121	20082
284	4891
1120	20081
1119	20080
174	2737
1117	20078
282	4871
1118	20079
173	2734
1115	20076
1116	20077
1113	20074
172	2731
1114	20075
32	562
1111	20072
171	2729
1112	20073
170	2728
518	10440
1109	20070
1110	20071
169	2726
1107	20068
1108	20069
1105	20066
283	4875
1106	20067
375	8282
1103	20064
1104	20065
168	2720
1100	20061
165	2716
1099	20060
1102	20063
166	2718
1101	20062
167	2719
1096	20057
1095	20056
1098	20059
1097	20058
164	2715
1092	20053
1091	20052
1094	20055
1093	20054
1089	20049
1025	18121
1088	20048
1024	18120
519	10482
1090	20050
1084	20044
1085	20045
1027	18133
355	7100
1086	20046
1087	20047
829	14814
1080	20040
1026	18128
1081	20041
1082	20042
1083	20043
1076	20036
1077	20037
1078	20038
1079	20039
1028	18138
1451	22507
1029	18139
34	610
35	611
1075	20021
36	627
356	7123
183	2784
1023	18110
1022	18109
182	2778
357	7151
374	8232
180	2768
181	2775
285	4960
33	599
1020	18071
1021	18073
178	2757
179	2759
42	687
515	10326
514	10325
513	10324
512	10323
511	10322
286	5017
510	10321
827	14688
509	10320
828	14702
41	677
517	10329
516	10328
503	10310
504	10311
501	10308
1019	18044
502	10309
500	10304
1018	18039
507	10318
508	10319
506	10314
505	10312
296	5053
298	5055
297	5054
38	651
294	5044
295	5047
292	5040
1201	20186
293	5043
37	643
1202	20187
1016	18013
1200	20164
290	5037
1017	18015
291	5039
1198	20161
1197	20160
1199	20163
288	5034
40	666
289	5035
287	5031
39	659
1185	20146
472	10259
1186	20147
376	8330
1183	20144
826	14625
1184	20145
1189	20150
1190	20151
45	750
474	10262
1187	20148
473	10261
1188	20149
1192	20154
1193	20155
1191	20152
476	10265
475	10264
1195	20158
44	743
478	10271
1196	20159
477	10270
1194	20156
306	5077
1170	20131
1015	17979
1169	20130
1168	20129
1167	20128
1174	20135
1173	20134
1172	20133
1171	20132
1178	20139
300	5058
1177	20138
301	5059
468	10251
1176	20137
299	5056
1175	20136
1182	20143
304	5062
470	10254
1181	20142
305	5063
471	10255
1180	20141
302	5060
469	10252
1179	20140
303	5061
1151	20112
1152	20113
490	10288
1153	20114
1154	20115
1155	20116
491	10293
1156	20117
1157	20118
1014	17934
492	10295
1158	20119
307	5118
1159	20120
494	10297
1160	20121
1012	17921
493	10296
1161	20122
496	10299
1162	20123
495	10298
1163	20124
1013	17924
498	10301
1164	20125
497	10300
1165	20126
499	10303
1166	20127
1136	20097
479	10272
1135	20096
480	10273
1138	20099
1137	20098
481	10275
1140	20101
482	10276
1139	20100
483	10277
1142	20103
43	734
1141	20102
484	10279
1144	20105
1143	20104
1146	20107
485	10282
1145	20106
486	10283
1148	20109
487	10284
1147	20108
488	10285
1150	20111
1149	20110
489	10287
337	6804
273	4622
825	14576
272	4619
203	3004
47	804
204	3006
199	3000
823	14569
200	3001
824	14570
378	8514
201	3002
46	802
202	3003
1040	18413
196	2996
822	14566
197	2998
198	2999
379	8521
195	2995
194	2955
193	2954
192	2952
339	6833
338	6832
380	8551
349	6873
348	6872
350	6875
50	882
351	6876
51	884
353	6879
352	6878
224	3054
341	6865
221	3041
340	6864
343	6867
223	3043
342	6866
222	3042
377	8477
345	6869
344	6868
52	892
347	6871
274	4687
346	6870
226	3065
227	3066
1039	18345
225	3060
215	3019
214	3018
213	3017
212	3016
216	3022
207	3011
48	859
635	12299
634	12298
206	3009
633	12297
205	3008
211	3015
49	863
210	3014
209	3013
275	4716
208	3012
219	3027
217	3024
218	3025
220	3028
65	956
61	952
62	953
63	954
64	955
60	949
382	8662
58	945
59	946
186	2858
381	8652
1224	20470
57	943
56	937
187	2864
55	933
1226	20477
1225	20475
1220	20423
1219	20422
54	927
1218	20421
1217	20420
53	925
1216	20419
184	2818
1215	20417
1214	20416
384	8697
185	2831
1223	20428
1222	20427
336	6714
1221	20424
383	8683
1038	18243
188	2916
1037	18239
277	4814
189	2919
276	4801
1035	18227
1034	18226
1036	18229
190	2929
1033	18217
279	4824
1203	20404
1204	20405
1205	20406
1206	20408
1207	20409
1208	20410
1209	20411
1210	20412
1032	18212
1211	20413
278	4820
191	2940
1212	20414
1213	20415
821	14357
280	4845
1030	18192
1031	18198
281	4850
427	9768
945	16523
425	9766
426	9767
424	9761
1329	20914
1328	20908
429	9787
1327	20907
428	9776
1326	20899
364	7622
1325	20890
1324	20889
1323	20886
946	16549
71	1120
1322	20878
1321	20875
1320	20873
1319	20871
1318	20865
66	1032
434	9832
435	9833
436	9834
433	9825
1042	18523
67	1049
437	9848
68	1051
1041	18499
935	16340
431	9801
430	9792
70	1081
432	9822
1043	18537
69	1077
451	9893
450	9892
452	9894
936	16384
75	1217
448	9889
447	9888
449	9890
1312	20796
456	9901
455	9900
453	9897
310	5624
454	9899
934	16157
458	9910
457	9905
937	16402
620	11813
231	3143
438	9856
441	9871
440	9869
1311	20763
439	9864
1304	20743
1303	20742
1045	18606
1302	20741
1044	18605
1301	20740
442	9877
1300	20739
1299	20738
1298	20736
76	1265
1310	20749
1309	20748
1308	20747
363	7506
445	9882
1307	20746
446	9883
1306	20745
443	9880
1305	20744
444	9881
938	16448
459	9952
1316	20851
939	16454
940	16455
941	16456
460	9960
72	1162
1317	20862
362	7462
228	3075
229	3076
461	9981
820	14286
73	1183
361	7435
942	16480
74	1190
943	16489
944	16494
230	3115
1313	20811
1315	20814
309	5519
1314	20813
1046	18694
887	16023
796	13839
886	16022
795	13838
885	16021
794	13837
884	16020
883	16019
793	13835
83	1371
1236	20651
882	16018
792	13834
1234	20648
791	13833
82	1369
1235	20649
790	13832
1232	20646
789	13831
1233	20647
894	16030
788	13830
1231	20644
893	16029
787	13829
892	16028
786	13828
891	16027
785	13827
81	1363
625	12203
890	16026
784	13826
624	12202
1230	20640
889	16025
783	13825
888	16024
782	13824
1245	20671
810	13854
874	16007
631	12215
808	13852
630	12212
809	13853
1244	20667
806	13850
628	12210
1243	20666
807	13851
629	12211
804	13848
626	12208
1242	20664
805	13849
627	12209
1241	20663
880	16014
802	13846
881	16015
803	13847
800	13844
1240	20660
879	16013
801	13845
877	16010
80	1346
1239	20658
878	16011
799	13843
1238	20657
875	16008
797	13840
1237	20656
876	16009
798	13841
909	16053
956	16829
908	16052
911	16055
910	16054
905	16049
904	16048
907	16051
906	16050
917	16061
87	1397
916	16060
814	13860
919	16063
815	13863
918	16062
913	16057
912	16056
811	13856
915	16059
813	13859
914	16058
812	13858
86	1388
897	16037
898	16038
1229	20638
955	16814
899	16039
895	16032
896	16033
84	1385
463	9994
85	1387
903	16045
1228	20630
900	16040
462	9984
954	16800
901	16042
902	16043
1280	20714
1281	20715
1278	20712
1279	20713
1284	20718
1282	20716
1283	20717
1274	20706
1275	20707
1272	20704
1273	20705
1276	20708
1277	20709
1295	20731
922	16066
1294	20730
923	16067
1293	20729
920	16064
1292	20728
921	16065
1297	20735
926	16070
1296	20734
924	16068
925	16069
1287	20723
1286	20722
929	16075
1285	20721
927	16072
928	16073
1291	20727
932	16078
1290	20726
933	16079
1289	20725
930	16076
1288	20724
931	16077
1252	20680
360	7313
1253	20681
1254	20683
1255	20684
1256	20685
79	1340
1257	20686
1258	20687
1246	20672
232	3497
1247	20673
816	13920
1248	20674
1249	20677
1250	20678
1251	20679
78	1334
1265	20697
1264	20696
1267	20699
1266	20698
77	1323
1269	20701
1268	20700
1271	20703
1270	20702
1260	20689
1259	20688
1261	20691
817	13938
1262	20693
1047	18813
308	5140
632	12253
1263	20695
466	10165
623	12067
97	1475
96	1474
873	15932
465	10133
102	1526
1048	18857
948	16703
103	1534
947	16702
104	1535
621	12035
99	1509
98	1507
101	1516
622	12054
464	10121
1227	20505
100	1515
88	1424
1049	18893
89	1435
91	1439
90	1436
949	16707
818	14034
1050	18904
952	16711
819	14038
467	10214
950	16708
951	16709
953	16712
1051	18927
95	1465
359	7183
358	7182
1052	18928
1053	18929
92	1448
93	1451
1054	18931
1055	18932
94	1452
992	17066
991	17058
990	17057
989	17056
121	1658
1447	21384
997	17080
1448	21385
998	17081
120	1656
122	1663
999	17087
119	1650
995	17078
1446	21383
996	17079
993	17076
994	17077
982	17033
371	8160
372	8161
983	17034
116	1600
117	1601
980	17026
981	17031
987	17048
988	17054
118	1630
668	13569
984	17041
667	13568
670	13571
985	17043
373	8186
669	13570
986	17044
672	13573
671	13572
673	13574
689	13694
690	13695
1450	21469
687	13692
1449	21468
688	13693
604	11474
685	13690
686	13691
683	13688
684	13689
681	13686
112	1575
682	13687
680	13685
111	1571
110	1568
115	1590
114	1588
679	13668
678	13667
113	1586
677	13664
676	13662
674	13658
675	13659
1002	17093
1003	17095
1000	17089
105	1537
1001	17091
605	11514
106	1539
402	9341
108	1564
401	9340
404	9343
109	1566
403	9342
400	9339
1005	17108
1006	17109
107	1552
1004	17106
1410	21266
408	9347
407	9346
406	9345
1409	21265
405	9344
1413	21270
412	9351
725	13751
1414	21271
411	9350
1411	21268
410	9349
724	13749
1412	21269
409	9348
1417	21274
415	9355
728	13755
1418	21275
138	1770
414	9354
727	13754
1415	21272
137	1769
413	9353
1416	21273
136	1768
726	13752
1421	21278
731	13759
1422	21279
730	13758
1419	21276
729	13757
1420	21277
416	9356
713	13731
716	13734
717	13735
1056	19117
714	13732
715	13733
718	13738
719	13739
1408	21263
722	13742
723	13743
720	13740
721	13741
132	1729
1432	21297
131	1728
704	13712
1433	21298
1434	21300
705	13717
1435	21301
1436	21302
1437	21303
706	13718
1438	21304
134	1737
708	13721
1439	21305
133	1736
707	13720
1440	21307
709	13722
710	13725
1441	21309
1442	21310
712	13727
1443	21311
603	11318
711	13726
1424	21281
691	13696
1423	21280
1426	21283
602	11306
692	13698
1425	21282
693	13699
694	13700
695	13701
696	13702
697	13703
698	13704
1427	21288
699	13705
1428	21291
700	13706
1430	21293
135	1756
701	13708
1429	21292
417	9406
702	13710
1431	21294
703	13711
775	13815
367	7951
969	16999
774	13814
967	16996
773	13813
968	16997
966	16994
772	13811
771	13810
965	16992
770	13809
769	13808
781	13823
972	17004
780	13821
127	1708
779	13819
126	1707
778	13818
970	17000
777	13817
971	17001
776	13816
761	13798
762	13799
975	17012
760	13797
1445	21315
758	13794
974	17010
759	13795
1444	21313
128	1712
756	13792
973	17008
757	13793
979	17023
368	7958
768	13807
978	17021
766	13804
418	9437
767	13805
764	13802
130	1723
765	13803
977	17017
976	17016
129	1721
763	13801
747	13781
746	13780
749	13783
748	13782
744	13777
743	13776
370	7979
323	6067
745	13779
753	13789
752	13788
755	13791
960	16975
754	13790
957	16968
750	13785
958	16969
369	7968
959	16970
123	1674
751	13786
735	13764
736	13765
124	1687
737	13767
732	13760
733	13762
734	13763
962	16989
961	16988
964	16991
741	13774
963	16990
322	6063
125	1695
742	13775
738	13769
739	13770
740	13771
317	5705
234	4065
319	5707
318	5706
313	5697
314	5699
315	5701
316	5703
651	13368
652	13369
653	13370
654	13371
612	11668
655	13372
656	13373
657	13374
658	13375
320	5712
321	5714
141	1872
613	11695
419	9526
142	1876
614	11696
615	11697
616	11702
617	11707
366	7913
233	4007
421	9567
618	11712
140	1841
664	13408
665	13411
139	1837
619	11728
420	9546
1058	19326
1057	19321
422	9598
365	7861
660	13377
659	13376
311	5694
312	5695
663	13404
1407	21243
1406	21242
662	13398
661	13397
150	2036
607	11533
151	2041
1330	21003
1332	21005
1331	21004
1334	21007
152	2046
1333	21006
606	11527
1335	21008
1336	21009
1337	21010
1338	21011
1339	21012
608	11549
1340	21013
1341	21014
1007	17190
423	9607
1342	21015
1343	21016
1344	21017
1345	21018
1346	21019
1347	21020
1348	21021
1349	21022
1350	21023
149	2030
610	11562
1352	21025
609	11560
1351	21024
1354	21031
1353	21030
1356	21034
1355	21033
1059	19329
148	2009
1358	21039
1357	21038
1061	19334
1060	19333
1359	21040
1062	19352
1360	21041
1064	19358
1362	21047
1063	19356
611	11581
1361	21045
146	1988
1364	21051
1363	21048
1367	21054
1368	21055
147	1998
1365	21052
1366	21053
1373	21061
1372	21060
1375	21063
1374	21062
1370	21057
1369	21056
144	1969
1371	21058
1381	21069
1380	21068
1383	21071
1382	21070
1377	21065
1376	21064
1379	21067
1378	21066
145	1979
1388	21076
1389	21077
1390	21078
1391	21079
1384	21072
1385	21073
1386	21074
1387	21075
1394	21084
1395	21085
1396	21086
1397	21087
1392	21082
1393	21083
1403	21094
1402	21093
1401	21091
1400	21090
1399	21089
1398	21088
143	1950
1405	21097
1404	21096
1065	19419
666	13534
