0	1
0	2
3	4
3	5
3	1
3	6
3	7
3	8
3	9
3	10
3	11
3	12
3	13
3	14
3	15
16	17
16	5
16	18
16	6
16	8
16	10
16	19
16	2
16	20
16	21
16	15
16	22
16	23
16	24
16	25
16	26
16	27
16	28
16	29
16	30
16	31
16	32
16	33
16	34
16	35
16	36
16	37
16	38
16	39
16	40
16	41
42	43
42	15
4	17
4	44
4	45
4	46
4	5
4	1
4	47
4	48
4	49
4	50
4	51
4	52
4	53
4	54
4	55
4	56
4	57
4	58
4	59
4	60
4	61
4	62
4	63
4	64
4	65
4	18
4	66
4	67
4	6
4	68
4	69
4	7
4	70
4	71
4	72
4	73
4	74
4	75
4	76
4	77
4	78
4	79
4	80
4	81
4	82
4	83
4	8
4	84
4	85
4	86
4	9
4	87
4	88
4	89
4	90
4	91
4	92
4	93
4	94
4	95
4	96
4	97
4	98
4	99
4	100
4	10
4	101
4	102
4	103
4	104
4	105
4	106
4	107
4	108
4	11
4	109
4	110
4	111
4	112
4	113
4	114
4	43
4	115
4	116
4	117
4	118
4	119
4	120
4	121
4	122
4	123
4	124
4	125
4	126
4	127
4	128
4	129
4	19
4	130
4	131
4	132
4	133
4	134
4	2
4	135
4	136
17	45
17	46
17	5
17	137
17	138
17	48
17	49
17	52
17	53
17	56
17	57
17	18
17	7
17	139
17	73
17	75
17	140
17	141
17	91
17	10
17	11
17	43
17	119
17	120
17	125
17	2
17	20
17	21
17	142
17	143
17	144
17	145
17	146
17	147
17	148
17	149
17	150
17	151
17	152
17	153
17	154
17	155
17	156
17	157
17	158
17	159
17	160
17	161
17	162
17	163
17	164
17	165
17	166
17	167
17	168
17	169
17	170
17	171
17	172
17	173
17	174
17	175
17	176
17	177
17	178
17	179
17	180
17	181
17	182
17	183
17	184
17	185
17	186
17	187
17	188
17	189
17	190
17	191
17	192
17	193
17	194
17	195
17	196
17	197
17	198
17	199
17	200
17	201
17	202
17	203
17	204
17	205
17	206
17	207
17	208
17	209
17	210
17	211
17	212
17	213
17	214
17	215
17	216
17	217
17	218
17	219
17	220
17	221
17	222
17	223
17	224
17	225
17	226
17	227
17	228
17	229
17	230
17	231
17	232
17	233
17	234
17	235
17	236
17	237
17	238
17	239
17	240
17	241
17	242
17	243
17	244
17	245
17	246
17	247
17	248
17	249
17	250
17	251
17	252
17	253
17	254
17	255
17	256
17	257
17	258
17	259
17	260
17	261
17	262
17	263
17	264
17	265
17	266
17	267
268	5
268	12
268	13
268	14
268	15
44	46
44	1
44	47
44	49
44	52
44	54
44	58
44	60
44	18
44	7
44	72
44	73
44	75
44	140
44	84
44	9
44	87
44	88
44	98
44	100
44	10
44	103
44	11
44	119
44	2
44	269
44	270
44	271
44	146
44	147
44	272
44	273
44	274
44	275
45	276
45	46
45	5
45	1
45	47
45	49
45	53
45	54
45	55
45	60
45	61
45	65
45	18
45	66
45	277
45	6
45	7
45	73
45	74
45	75
45	76
45	278
45	279
45	82
45	280
45	84
45	9
45	88
45	10
45	102
45	11
45	110
45	126
45	133
45	2
45	281
45	282
45	14
45	142
45	283
45	284
45	143
45	285
45	286
45	287
45	288
45	289
45	290
45	291
45	292
45	293
45	294
45	295
45	149
45	272
45	296
45	297
45	298
45	299
45	300
45	301
45	302
45	303
45	304
45	305
45	306
45	307
45	308
45	309
45	310
45	311
276	5
276	6
276	70
276	43
276	21
276	312
276	313
46	5
46	1
46	47
46	48
46	50
46	51
46	52
46	54
46	58
46	65
46	18
46	66
46	277
46	7
46	70
46	72
46	74
46	75
46	76
46	140
46	141
46	79
46	84
46	88
46	89
46	94
46	98
46	99
46	10
46	103
46	11
46	115
46	2
46	12
46	143
46	286
46	22
46	147
46	314
46	272
46	315
46	316
46	296
46	317
46	318
46	319
46	320
46	321
46	322
5	323
5	1
5	48
5	52
5	53
5	324
5	55
5	56
5	62
5	63
5	18
5	7
5	70
5	73
5	74
5	75
5	76
5	77
5	79
5	10
5	11
5	43
5	117
5	119
5	127
5	133
5	2
5	20
5	13
5	21
5	283
5	284
5	325
5	312
5	143
5	144
5	326
5	327
5	328
5	329
5	147
5	148
5	293
5	294
5	149
5	330
5	272
5	318
5	274
5	331
5	332
5	333
5	334
5	335
5	336
5	337
5	338
5	339
5	340
5	341
5	342
5	343
5	344
5	154
5	345
5	346
5	313
5	347
5	158
5	348
5	349
5	350
5	351
5	352
5	353
137	1
137	6
137	8
137	2
137	13
137	354
137	29
137	355
137	356
137	357
137	358
137	331
137	359
137	360
137	361
137	362
137	363
137	364
137	365
137	366
137	367
137	368
137	369
137	370
137	371
137	372
137	373
137	374
137	375
137	376
137	377
137	378
137	379
137	380
137	381
137	382
137	383
137	384
137	385
137	386
137	387
137	388
137	389
137	390
137	391
137	392
137	393
137	394
137	395
137	396
137	397
137	398
137	399
137	400
137	401
137	402
137	403
137	404
137	405
137	406
137	407
137	408
137	409
137	410
138	106
138	149
138	152
138	162
138	180
138	225
138	226
138	231
138	232
138	256
1	47
1	48
1	52
1	53
1	55
1	62
1	65
1	18
1	67
1	6
1	7
1	70
1	72
1	73
1	75
1	76
1	140
1	79
1	9
1	88
1	91
1	94
1	10
1	103
1	104
1	106
1	132
1	283
1	143
1	411
1	412
1	144
1	285
1	413
1	286
1	287
1	414
1	292
1	147
1	293
1	294
1	315
1	298
1	415
1	299
1	416
1	417
1	418
1	339
1	340
1	341
1	304
1	419
1	420
1	421
1	422
1	423
1	424
1	425
1	426
1	427
1	428
47	48
47	50
47	52
47	53
47	57
47	58
47	59
47	60
47	18
47	6
47	7
47	72
47	73
47	74
47	75
47	77
47	78
47	140
47	141
47	79
47	80
47	81
47	96
47	97
47	100
47	10
47	101
47	102
47	11
47	111
47	113
47	43
47	118
47	121
47	122
47	129
47	2
47	429
47	145
47	294
47	430
47	431
47	432
47	433
48	49
48	434
48	435
48	52
48	55
48	56
48	57
48	58
48	59
48	61
48	62
48	63
48	436
48	18
48	277
48	6
48	70
48	71
48	75
48	79
48	437
48	279
48	82
48	83
48	8
48	86
48	88
48	89
48	91
48	10
48	102
48	103
48	107
48	108
48	114
48	43
48	115
48	122
48	123
48	128
48	133
48	135
48	136
48	438
48	439
48	312
48	143
48	440
48	412
48	144
48	429
48	285
48	286
48	145
48	22
48	441
48	442
48	443
48	444
48	445
48	446
48	447
48	147
48	148
48	293
48	448
48	32
48	39
48	449
48	415
48	332
48	417
48	304
48	152
48	450
48	451
48	452
48	453
48	454
48	345
48	455
48	456
48	457
48	458
48	459
48	460
48	157
49	52
49	53
49	54
49	56
49	57
49	58
49	61
49	18
49	70
49	71
49	75
49	80
49	279
49	43
49	133
49	2
49	461
49	20
49	21
49	438
49	462
49	463
49	464
49	465
49	466
49	144
49	467
49	468
49	429
49	469
49	285
49	470
49	471
49	472
49	326
49	327
49	413
49	286
49	473
49	474
49	145
49	475
49	476
49	477
49	22
49	441
434	61
434	18
434	7
434	71
50	100
51	52
51	57
51	7
51	72
51	73
51	75
51	10
51	11
51	117
51	2
51	12
51	13
51	22
51	441
51	294
51	321
51	322
51	478
51	331
51	479
51	480
51	481
51	482
51	483
51	484
51	485
51	151
51	486
51	487
435	55
435	83
435	9
435	91
435	439
435	312
435	488
435	289
52	54
52	58
52	18
52	7
52	70
52	72
52	73
52	75
52	84
52	9
52	88
52	94
52	99
52	10
52	105
52	11
52	43
52	115
52	119
52	2
52	269
52	12
52	13
52	143
52	286
52	22
52	441
52	147
52	32
52	272
52	273
52	275
52	480
52	481
52	484
52	489
52	334
52	490
52	302
52	491
52	492
53	18
53	7
53	70
53	75
53	278
53	80
53	280
53	493
53	494
53	8
53	93
53	11
53	111
53	43
53	132
53	133
53	2
53	495
53	281
53	20
53	496
53	13
53	497
53	14
53	498
53	21
53	142
53	438
53	283
53	15
53	499
53	500
53	284
53	325
53	439
53	501
53	502
53	503
324	10
324	20
324	13
324	333
54	55
54	7
54	75
54	493
54	84
54	103
54	2
54	288
54	504
54	505
55	56
55	57
55	59
55	60
55	63
55	18
55	277
55	67
55	6
55	7
55	75
55	80
55	437
55	279
55	82
55	9
55	91
55	94
55	10
55	108
55	123
55	14
55	312
55	143
55	285
55	286
55	488
55	288
55	289
55	329
55	293
55	448
55	39
55	272
55	417
55	506
55	507
55	454
55	508
56	57
56	58
56	63
56	18
56	6
56	70
56	75
56	91
56	117
56	133
56	2
56	438
56	143
56	463
56	429
56	326
56	327
56	413
56	286
56	476
56	477
56	22
56	441
56	148
56	274
56	336
56	452
56	157
57	58
57	59
57	70
57	75
57	78
57	89
57	43
57	120
57	2
57	509
57	21
57	469
57	145
57	22
57	441
57	147
57	294
57	448
57	32
57	510
57	479
57	483
57	511
57	337
57	512
57	339
57	431
57	453
57	513
57	228
58	18
58	277
58	6
58	7
58	70
58	71
58	75
58	280
58	84
58	94
58	100
58	108
58	111
58	112
58	114
58	43
58	127
58	130
58	133
58	2
58	514
58	438
58	15
58	515
58	412
58	463
58	429
58	22
58	441
58	516
58	517
58	518
58	147
58	32
58	519
58	449
58	520
58	521
58	428
58	522
58	523
58	524
58	525
58	526
58	527
58	528
58	529
58	530
58	531
58	532
59	61
59	533
59	147
59	318
59	151
59	332
59	339
59	345
60	61
60	64
60	65
60	18
60	277
60	67
60	6
60	7
60	70
60	73
60	75
60	78
60	141
60	79
60	534
60	437
60	8
60	84
60	9
60	88
60	94
60	98
60	10
60	11
60	130
60	2
60	535
60	21
60	283
60	499
60	284
60	488
60	536
60	288
60	271
60	414
60	537
60	538
60	291
60	329
60	539
60	540
60	541
60	542
60	543
60	544
60	545
60	546
61	63
61	18
61	66
61	277
61	6
61	7
61	70
61	71
61	73
61	75
61	534
61	81
61	279
61	82
61	88
61	10
61	11
61	43
61	120
61	134
61	2
61	21
61	441
61	271
61	147
61	547
61	297
61	548
61	345
61	549
61	550
61	551
61	552
61	553
61	554
61	555
61	556
61	557
61	558
62	63
62	66
62	6
62	80
62	82
62	280
62	10
62	2
62	293
62	559
62	560
62	561
63	65
63	66
63	277
63	6
63	7
63	70
63	80
63	81
63	82
63	88
63	91
63	94
63	10
63	133
63	2
63	13
63	286
63	536
63	271
63	148
63	293
63	337
63	344
63	454
63	562
63	563
63	564
436	18
436	277
436	6
436	75
436	82
436	280
436	89
436	106
436	286
436	272
436	337
436	521
64	65
64	68
64	69
64	10
64	2
65	18
65	66
65	277
65	6
65	68
65	69
65	7
65	73
65	75
65	78
65	279
65	82
65	9
65	88
65	89
65	94
65	10
65	102
65	11
65	120
65	2
65	12
65	143
65	285
65	286
65	533
65	565
65	147
65	294
65	547
65	272
65	415
65	332
65	335
65	416
65	566
65	567
65	568
65	337
65	569
65	570
65	571
65	572
65	573
65	417
18	66
18	277
18	6
18	7
18	70
18	72
18	73
18	75
18	80
18	82
18	8
18	84
18	9
18	88
18	89
18	91
18	93
18	94
18	95
18	100
18	10
18	11
18	114
18	120
18	122
18	126
18	127
18	132
18	133
18	134
18	2
18	574
18	12
18	20
18	14
18	21
18	501
18	312
18	143
18	463
18	429
18	326
18	327
18	286
18	476
18	477
18	22
18	287
18	442
18	575
18	445
18	291
18	576
18	577
18	578
18	146
18	147
18	294
18	32
18	41
18	272
18	315
18	579
18	302
18	580
18	511
18	567
18	568
18	337
18	581
18	521
18	339
18	423
18	424
18	425
18	548
18	582
18	344
18	506
18	583
18	584
18	351
18	352
18	585
18	586
18	587
18	588
18	589
18	590
18	591
18	592
18	593
18	594
18	595
18	596
18	597
18	598
18	599
18	600
18	601
18	602
18	603
18	604
18	605
18	606
18	607
18	608
18	609
18	610
18	611
18	612
18	613
18	614
18	615
18	616
18	617
18	618
18	619
66	277
66	6
66	7
66	75
66	80
66	534
66	82
66	9
66	88
66	114
66	43
66	2
66	15
66	286
66	441
66	488
66	444
66	620
66	272
66	296
66	621
66	298
66	415
66	566
66	568
66	337
66	417
66	622
66	623
66	506
66	624
66	625
66	626
66	627
66	628
66	629
66	630
66	631
66	632
66	633
66	634
66	635
66	636
66	637
277	6
277	7
277	70
277	73
277	76
277	78
277	80
277	81
277	82
277	9
277	88
277	89
277	93
277	94
277	10
277	108
277	114
277	120
277	122
277	126
277	132
277	2
277	12
277	21
277	463
277	286
277	488
277	271
277	576
277	147
277	32
277	272
277	296
277	449
277	302
277	580
277	511
277	568
277	337
277	572
277	581
277	521
277	423
277	424
277	638
277	639
277	640
277	583
277	584
277	587
277	591
277	592
277	603
277	604
277	605
277	641
277	642
277	643
67	6
67	7
67	437
67	84
67	90
67	91
67	2
67	283
67	284
67	488
67	289
67	297
67	644
67	645
67	646
6	7
6	70
6	73
6	75
6	278
6	80
6	534
6	437
6	279
6	82
6	280
6	9
6	88
6	89
6	91
6	94
6	10
6	106
6	11
6	43
6	2
6	13
6	14
6	312
6	143
6	285
6	413
6	286
6	533
6	442
6	488
6	444
6	288
6	575
6	620
6	647
6	291
6	576
6	577
6	148
6	294
6	32
6	519
6	272
6	449
6	274
6	648
6	649
6	336
6	540
6	541
6	337
6	572
6	417
6	521
6	304
6	152
6	650
6	381
6	154
6	554
6	555
6	651
6	652
6	563
6	564
6	653
6	654
6	655
6	656
6	657
6	658
6	659
6	660
6	661
6	662
6	663
6	664
6	665
6	666
6	667
6	668
6	669
6	670
6	671
6	672
6	673
6	674
6	675
6	676
6	677
6	678
6	679
6	680
6	681
6	682
6	683
6	684
6	685
6	686
6	687
6	688
6	689
6	690
6	691
6	692
6	693
6	694
6	695
6	696
6	697
6	698
6	699
6	700
6	701
6	702
6	703
6	704
7	70
7	72
7	73
7	74
7	75
7	705
7	77
7	78
7	140
7	79
7	80
7	437
7	82
7	8
7	84
7	9
7	88
7	90
7	91
7	94
7	95
7	98
7	10
7	102
7	104
7	107
7	11
7	109
7	110
7	114
7	43
7	116
7	117
7	120
7	124
7	125
7	127
7	129
7	130
7	133
7	2
7	706
7	12
7	20
7	13
7	21
7	142
7	500
7	439
7	502
7	312
7	143
7	515
7	411
7	412
7	144
7	285
7	413
7	286
7	145
7	22
7	533
7	442
7	488
7	444
7	536
7	288
7	575
7	271
7	291
7	707
7	517
7	447
7	576
7	578
7	292
7	293
7	294
7	708
7	272
7	315
7	317
7	318
7	273
7	709
7	710
7	298
7	274
7	275
7	479
7	483
7	332
7	711
7	648
7	416
7	490
7	336
7	302
7	566
7	568
7	337
7	570
7	417
7	622
7	542
7	712
7	340
7	304
7	421
7	423
7	650
7	713
7	714
7	715
7	716
7	717
7	718
7	719
7	720
7	721
7	722
7	723
7	724
7	725
7	726
7	450
7	727
7	728
7	729
7	730
7	344
7	731
7	732
7	451
7	154
7	733
7	734
7	735
7	736
7	737
7	623
7	738
7	739
7	740
7	741
7	742
7	155
7	743
7	744
7	745
7	746
7	747
7	748
7	749
7	750
7	506
7	751
7	752
7	431
7	753
7	754
7	755
7	756
7	757
7	758
70	71
70	72
70	73
70	74
70	75
70	141
70	79
70	80
70	534
70	437
70	82
70	84
70	86
70	90
70	91
70	99
70	10
70	104
70	106
70	107
70	11
70	109
70	114
70	43
70	116
70	117
70	120
70	123
70	127
70	128
70	2
70	135
70	136
70	12
70	439
70	312
70	143
70	463
70	326
70	327
70	413
70	286
70	22
70	441
70	442
70	443
70	575
70	271
70	576
70	147
70	759
70	449
70	484
70	760
70	155
70	452
70	455
70	157
70	761
70	762
70	554
70	555
70	763
70	764
70	765
70	766
71	9
71	43
71	132
71	133
71	515
71	463
71	429
71	516
71	518
71	519
71	520
71	523
71	767
71	768
71	769
71	770
139	2
72	73
72	75
72	76
72	79
72	88
72	100
72	10
72	12
72	22
72	147
72	314
72	272
72	317
73	74
73	75
73	76
73	78
73	771
73	772
73	773
73	774
73	775
73	534
73	279
73	776
73	85
73	9
73	88
73	93
73	94
73	10
73	102
73	104
73	11
73	109
73	43
73	122
73	2
73	777
73	12
73	778
73	13
73	14
73	498
73	21
73	142
73	15
73	499
73	500
73	143
73	411
73	413
73	286
73	145
73	22
73	441
73	533
73	443
73	536
73	271
73	565
73	445
73	291
73	576
73	146
73	147
73	293
73	294
73	32
73	149
73	330
73	273
73	298
73	274
73	275
73	331
73	479
73	483
73	332
73	779
73	760
73	490
73	336
73	566
73	567
73	337
73	570
73	573
73	581
73	339
73	423
73	548
73	492
73	780
73	152
73	154
73	431
73	754
73	781
73	782
73	783
73	585
73	586
73	784
73	761
73	762
74	75
74	9
74	91
74	94
74	10
74	11
74	110
74	43
74	2
74	14
74	21
74	439
74	143
74	286
74	288
74	148
74	336
74	785
74	786
74	784
74	787
74	788
74	789
74	790
75	78
75	79
75	771
75	534
75	82
75	83
75	84
75	9
75	89
75	90
75	91
75	93
75	94
75	99
75	100
75	10
75	103
75	106
75	11
75	110
75	114
75	117
75	122
75	125
75	133
75	134
75	2
75	706
75	269
75	509
75	12
75	20
75	13
75	14
75	21
75	15
75	500
75	325
75	143
75	411
75	412
75	463
75	144
75	286
75	145
75	22
75	441
75	533
75	444
75	288
75	791
75	445
75	446
75	291
75	707
75	792
75	447
75	576
75	578
75	292
75	147
75	293
75	294
75	708
75	295
75	793
75	32
75	39
75	315
75	318
75	510
75	298
75	275
75	480
75	484
75	332
75	794
75	711
75	490
75	337
75	570
75	573
75	521
75	418
75	340
75	420
75	548
75	795
75	796
75	797
75	798
75	785
75	717
75	344
75	731
75	154
75	506
75	431
75	786
75	452
75	781
75	345
75	457
75	458
75	459
75	460
75	157
75	432
75	799
75	584
75	586
75	784
75	800
75	801
75	802
75	803
75	804
75	805
75	806
75	807
75	808
75	809
75	810
75	811
75	812
705	91
705	11
705	12
76	11
76	147
76	317
77	9
77	123
77	813
77	706
77	814
77	535
77	286
77	538
77	815
77	792
77	332
77	570
77	816
77	817
77	818
77	819
77	820
78	9
78	88
78	10
78	102
78	2
78	821
78	145
78	294
78	330
78	275
78	570
78	581
78	431
78	783
140	141
140	84
140	98
140	11
140	12
140	143
140	22
140	441
140	25
140	337
140	342
140	344
140	731
140	749
141	8
141	84
141	411
141	565
141	291
79	83
79	100
79	117
79	286
79	442
79	271
79	822
771	772
771	773
771	774
771	775
771	94
771	2
771	291
771	781
772	773
772	774
772	775
773	774
773	775
774	775
278	280
278	493
278	2
80	279
80	82
80	9
80	10
80	11
80	110
80	19
80	2
80	281
80	15
80	488
80	536
80	823
80	648
80	824
80	825
80	572
80	417
80	304
80	152
80	508
80	687
80	704
80	826
80	827
80	828
534	82
534	94
534	114
534	43
534	134
534	2
534	499
534	439
534	286
534	441
534	829
534	830
534	831
534	533
534	271
534	565
534	291
534	293
534	621
534	415
534	337
534	417
534	832
534	623
534	506
534	345
534	624
534	833
534	625
534	805
534	834
534	835
534	836
534	626
534	837
534	838
534	627
534	839
534	840
534	841
534	842
534	843
534	844
437	81
437	82
437	8
437	9
437	91
437	2
437	488
437	289
437	272
437	512
437	845
437	846
81	2
81	271
81	760
279	11
279	2
279	285
279	565
279	577
279	847
279	449
279	566
279	848
279	849
279	850
279	851
279	833
82	280
82	9
82	89
82	94
82	10
82	11
82	120
82	133
82	12
82	14
82	21
82	143
82	285
82	286
82	831
82	488
82	536
82	288
82	620
82	647
82	576
82	32
82	272
82	274
82	648
82	579
82	337
82	572
82	521
82	423
82	506
82	554
82	555
82	625
82	651
82	653
82	654
82	835
82	838
83	123
83	134
83	439
83	312
280	494
280	8
280	10
280	2
280	281
280	22
280	441
280	443
280	852
280	853
280	445
280	647
280	577
280	519
280	548
280	854
280	855
280	856
280	561
280	857
280	653
280	654
280	858
280	859
493	2
493	22
493	331
493	573
493	780
493	785
493	856
493	784
493	860
493	861
493	862
493	863
864	2
864	865
494	8
494	84
494	497
494	414
494	815
494	866
494	867
8	84
8	9
8	94
8	130
8	131
8	2
8	514
8	706
8	281
8	12
8	868
8	535
8	497
8	869
8	515
8	411
8	412
8	328
8	791
8	414
8	870
8	537
8	852
8	538
8	647
8	871
8	815
8	792
8	518
8	329
8	872
8	577
8	866
8	708
8	519
8	520
8	873
8	874
8	875
8	855
8	730
8	786
8	876
8	877
8	556
8	769
8	878
8	879
8	652
8	845
8	880
8	881
8	846
8	882
8	642
8	883
8	884
8	885
8	886
8	887
8	888
8	889
8	890
8	891
8	892
8	893
8	894
84	9
84	87
84	98
84	11
84	110
84	119
84	130
84	2
84	12
84	535
84	515
84	895
84	271
84	791
84	870
84	871
84	329
84	872
84	708
84	303
84	896
84	897
84	898
84	746
84	747
84	748
84	758
84	881
776	536
85	9
85	92
85	93
85	2
85	13
85	22
85	331
85	779
85	573
85	785
9	91
9	92
9	93
9	94
9	10
9	106
9	11
9	110
9	111
9	43
9	122
9	127
9	130
9	132
9	133
9	2
9	813
9	514
9	706
9	269
9	12
9	868
9	501
9	143
9	869
9	515
9	270
9	411
9	412
9	462
9	286
9	442
9	488
9	899
9	791
9	620
9	291
9	792
9	900
9	518
9	576
9	292
9	547
9	295
9	822
9	272
9	275
9	482
9	415
9	794
9	336
9	337
9	572
9	304
9	428
9	855
9	522
9	816
9	817
9	717
9	901
9	902
9	903
9	523
9	786
9	876
9	904
9	905
9	906
9	877
9	507
9	907
9	908
9	909
9	910
9	811
9	911
9	912
9	913
9	651
9	914
9	915
9	916
9	769
9	524
9	917
9	918
9	919
9	920
9	921
9	922
9	923
9	924
9	925
9	926
9	927
9	928
9	508
9	929
9	930
9	931
9	932
9	933
9	934
9	935
9	936
9	937
9	938
9	939
9	940
9	941
9	942
9	943
9	944
9	945
9	946
9	947
9	948
9	949
9	950
9	951
9	878
9	952
9	953
9	954
9	955
9	956
9	957
87	110
88	89
88	10
88	13
88	21
88	576
88	293
88	294
88	272
88	298
88	416
88	566
88	568
88	417
88	622
88	542
88	848
88	958
88	712
88	581
89	114
89	134
89	32
89	511
89	337
89	512
89	521
90	114
90	132
90	291
90	959
91	94
91	95
91	10
91	110
91	43
91	2
91	12
91	439
91	286
91	442
91	443
91	488
91	289
91	291
91	792
91	272
91	650
91	786
92	93
92	13
92	15
92	22
92	152
92	154
92	782
93	12
93	14
93	21
93	143
93	576
93	567
93	344
93	584
93	586
93	587
93	810
93	960
94	10
94	11
94	110
94	43
94	122
94	134
94	2
94	269
94	12
94	13
94	15
94	439
94	143
94	515
94	411
94	412
94	463
94	286
94	145
94	22
94	441
94	533
94	443
94	288
94	791
94	870
94	445
94	291
94	815
94	792
94	518
94	822
94	961
94	149
94	272
94	274
94	275
94	648
94	490
94	337
94	573
94	521
94	428
94	785
94	717
94	506
94	962
94	523
94	786
94	906
94	781
94	909
94	432
94	783
94	784
94	811
94	651
94	525
94	963
94	964
94	965
94	966
95	11
95	117
95	2
95	12
95	21
95	500
95	327
95	147
95	423
95	587
96	97
98	11
98	271
100	2
10	106
10	11
10	43
10	116
10	117
10	133
10	2
10	12
10	20
10	13
10	143
10	515
10	412
10	285
10	286
10	22
10	488
10	536
10	288
10	620
10	537
10	291
10	292
10	147
10	293
10	294
10	430
10	330
10	272
10	322
10	273
10	479
10	483
10	333
10	967
10	648
10	336
10	302
10	566
10	337
10	581
10	968
10	543
10	344
10	154
10	155
10	506
10	969
10	970
10	971
10	972
10	973
10	974
10	975
10	976
10	977
10	978
10	979
10	980
10	981
10	982
10	983
10	984
10	985
10	986
10	987
10	988
10	989
10	990
10	991
10	992
10	993
10	994
10	995
10	996
10	997
10	998
10	999
10	1000
10	1001
10	1002
10	1003
10	1004
10	1005
10	1006
10	1007
10	1008
10	1009
10	1010
10	1011
10	1012
10	1013
10	1014
10	1015
10	1016
10	1017
10	1018
10	1019
10	1020
10	1021
10	1022
10	1023
10	1024
10	1025
10	1026
10	1027
10	1028
10	1029
10	1030
10	1031
10	1032
10	1033
10	1034
10	1035
10	1036
10	1037
10	1038
10	1039
10	1040
10	1041
10	1042
10	1043
10	1044
10	1045
10	1046
10	1047
10	1048
10	1049
10	1050
10	1051
10	1052
10	1053
102	15
102	286
102	293
102	294
102	330
102	570
102	581
102	783
104	760
104	761
104	762
106	114
106	143
106	413
106	155
11	43
11	127
11	132
11	133
11	2
11	495
11	461
11	20
11	142
11	500
11	501
11	1054
11	143
11	412
11	468
11	285
11	413
11	442
11	536
11	288
11	271
11	620
11	447
11	578
11	147
11	293
11	294
11	149
11	272
11	298
11	332
11	336
11	302
11	714
11	719
11	154
11	1055
11	1056
11	1057
11	1058
11	1059
11	1060
11	1061
11	1062
11	1063
11	1064
11	1065
11	1066
11	1067
110	130
110	132
110	133
110	2
110	706
110	439
110	270
110	411
110	286
110	291
110	872
110	295
110	717
110	724
110	786
110	801
110	802
110	809
110	1068
111	2
111	439
111	522
111	1069
111	910
112	130
114	132
114	439
114	463
114	286
114	441
114	533
114	442
114	293
114	449
114	415
114	302
114	511
114	1070
114	783
114	1071
43	133
43	14
43	21
43	142
43	438
43	283
43	500
43	325
43	502
43	312
43	143
43	463
43	533
43	442
43	443
43	536
43	288
43	575
43	292
43	146
43	147
43	148
43	32
43	149
43	482
43	415
43	520
43	336
43	337
43	1072
43	423
43	832
43	1073
43	1074
43	1075
43	352
43	1076
43	1077
43	1078
43	1079
43	1080
43	1081
43	1082
43	1083
43	1084
43	1085
43	1086
43	1087
43	1088
43	1089
43	1090
43	1091
43	1092
43	1093
43	1094
43	1095
43	1096
43	1097
43	1098
43	1099
43	1100
43	1101
43	1102
43	1103
43	1104
43	1105
43	1106
43	1107
43	1108
43	1109
43	1110
43	1111
43	1112
43	1113
43	1114
43	1115
43	1116
43	1117
43	1118
43	1119
43	1120
43	1121
43	1122
43	1123
43	1124
43	1125
43	1126
43	1127
43	1128
43	1129
43	1130
43	1131
43	1132
43	1133
43	1134
43	1135
43	1136
43	1137
43	1138
43	1139
43	1140
43	1141
43	1142
43	1143
43	1144
43	1145
43	1146
43	1147
43	1148
43	1149
43	1150
43	1151
43	1152
43	1153
116	117
117	125
117	127
117	2
117	12
117	20
117	13
117	283
117	15
117	312
117	463
117	413
117	286
117	22
117	271
117	576
117	148
117	293
117	272
117	298
117	479
117	481
117	483
117	151
117	336
117	337
117	765
117	766
117	804
119	334
120	126
120	2
120	12
120	21
120	469
120	286
120	22
120	441
120	287
120	488
120	294
120	547
120	32
120	302
120	568
120	337
120	581
120	512
120	423
120	584
122	12
122	143
122	411
122	412
122	469
122	22
122	441
122	565
122	291
122	576
122	32
122	318
122	566
122	567
122	337
122	521
122	339
122	423
122	795
122	717
122	345
122	801
122	1154
122	1155
123	332
123	455
123	818
123	819
123	820
125	15
125	143
125	332
125	817
125	818
126	12
126	568
127	130
127	132
127	133
127	813
127	706
127	12
127	501
127	312
127	869
127	411
127	412
127	899
127	620
127	517
127	900
127	295
127	336
127	304
127	903
130	132
130	133
130	813
130	514
130	706
130	535
130	501
130	869
130	515
130	411
130	412
130	429
130	899
130	791
130	870
130	620
130	538
130	900
130	518
130	329
130	295
130	794
130	304
130	855
130	522
130	901
130	523
130	786
130	876
130	904
130	877
130	507
132	133
132	706
132	12
132	14
132	21
132	501
132	869
132	515
132	411
132	429
132	286
132	22
132	899
132	620
132	900
132	518
132	576
132	32
132	581
132	423
132	717
132	718
132	903
132	876
132	1071
132	1156
133	813
133	514
133	706
133	20
133	13
133	14
133	21
133	142
133	438
133	15
133	501
133	143
133	869
133	515
133	411
133	412
133	463
133	429
133	286
133	441
133	536
133	899
133	791
133	516
133	620
133	291
133	900
133	518
133	329
133	547
133	295
133	519
133	272
133	520
133	794
133	336
133	418
133	304
133	423
133	428
133	855
133	522
133	717
133	901
133	902
133	1073
133	962
133	1157
133	903
133	523
133	786
133	876
133	904
133	905
133	906
133	877
133	507
133	907
133	452
133	1158
134	2
134	15
134	286
134	22
134	441
134	533
134	1159
134	337
134	521
134	785
134	506
134	551
134	1160
134	1161
134	1162
2	706
2	814
2	281
2	12
2	282
2	13
2	14
2	21
2	142
2	283
2	15
2	500
2	1163
2	143
2	869
2	515
2	412
2	463
2	144
2	469
2	285
2	327
2	286
2	145
2	22
2	441
2	533
2	443
2	488
2	288
2	289
2	271
2	565
2	791
2	620
2	445
2	446
2	291
2	576
2	292
2	146
2	147
2	294
2	547
2	32
2	34
2	149
2	315
2	297
2	1164
2	1165
2	274
2	275
2	478
2	331
2	479
2	480
2	481
2	483
2	484
2	332
2	779
2	648
2	649
2	302
2	566
2	337
2	570
2	573
2	512
2	1166
2	423
2	1167
2	1168
2	548
2	492
2	854
2	780
2	152
2	785
2	717
2	718
2	431
2	962
2	876
2	877
2	867
2	781
2	1169
2	1170
2	1171
2	1172
2	1173
2	1074
2	1075
2	856
2	1070
2	784
2	554
2	818
2	1174
2	1175
2	1076
2	803
2	807
2	810
2	769
2	936
2	857
2	1176
2	1177
2	1178
2	1078
2	964
135	136
813	706
813	501
813	900
514	706
514	869
514	900
514	522
514	936
706	495
706	501
706	143
706	869
706	515
706	411
706	412
706	899
706	791
706	291
706	900
706	518
706	794
706	304
706	717
706	724
706	901
706	903
706	523
706	786
706	876
706	877
1179	535
1179	14
1179	1180
1181	15
269	143
269	275
1182	32
1183	14
495	281
495	13
495	791
495	900
495	322
495	304
495	903
281	12
281	13
281	22
281	895
281	791
281	647
281	518
281	577
281	547
281	573
281	1184
281	1185
281	890
281	1186
281	1187
509	510
509	337
509	431
12	13
12	14
12	21
12	312
12	143
12	515
12	411
12	286
12	145
12	22
12	441
12	533
12	791
12	620
12	445
12	647
12	576
12	577
12	294
12	547
12	32
12	318
12	479
12	483
12	486
12	579
12	302
12	567
12	568
12	337
12	573
12	712
12	581
12	1166
12	339
12	421
12	423
12	425
12	548
12	492
12	855
12	717
12	718
12	506
12	786
12	584
12	1188
12	586
12	587
12	604
12	619
12	1189
12	801
12	802
12	1154
12	1155
12	807
12	810
12	857
12	1190
12	642
12	1191
12	1192
12	1193
12	1194
12	1195
12	1196
12	1197
12	1198
12	1199
12	1200
12	1201
12	1202
12	1203
12	1204
12	1205
12	1206
12	1207
12	1208
12	1209
12	1210
12	1211
12	1212
12	1213
12	1214
12	1215
12	1216
12	1217
12	1218
12	1219
12	1220
12	1221
535	286
535	791
535	414
535	792
535	329
282	1222
282	1223
282	1224
282	142
282	22
282	297
282	1225
282	1226
282	1227
282	1228
282	1229
282	1230
1231	13
1224	15
1224	32
778	274
778	152
778	154
461	39
20	496
20	13
20	21
20	283
20	15
20	325
20	413
20	292
20	330
20	337
20	152
20	344
20	1232
20	1233
20	1234
20	1235
20	1236
20	1237
20	1238
20	1239
20	1240
20	1241
20	1242
20	1243
20	1244
20	1245
20	1246
20	1247
20	1248
20	1249
20	1250
13	498
13	15
13	500
13	325
13	502
13	312
13	143
13	411
13	144
13	286
13	443
13	292
13	293
13	1251
13	298
13	151
13	1252
13	332
13	336
13	567
13	337
13	1253
13	1254
13	418
13	340
13	341
13	423
13	427
13	152
13	1255
13	717
13	344
13	731
13	154
13	962
13	1157
13	452
13	1256
13	782
13	587
13	1257
13	806
13	965
14	21
14	500
14	1054
14	143
14	286
14	22
14	533
14	442
14	445
14	576
14	147
14	32
14	149
14	332
14	567
14	337
14	423
14	424
14	548
14	780
14	395
14	582
14	344
14	584
14	586
14	587
14	589
14	1154
14	1180
14	810
14	1258
14	960
14	1259
14	1260
14	1261
14	1262
14	1263
14	1264
14	1265
14	1266
14	1267
14	1268
14	1269
14	1270
14	1271
14	1272
14	1273
14	1274
14	1275
14	1276
14	1277
14	1278
14	1279
14	1280
14	1281
498	15
498	1254
498	152
498	782
21	142
21	438
21	145
21	22
21	446
21	149
21	567
21	568
21	337
21	423
21	548
21	313
21	352
21	587
21	1154
21	1282
21	1283
21	1284
21	1285
21	1286
21	1287
21	1288
21	1289
21	1290
21	1291
21	1292
21	787
21	1293
21	1294
21	1295
21	1296
21	1297
21	1079
142	285
142	441
142	443
142	288
142	575
142	147
142	294
142	149
438	429
283	15
283	499
283	284
283	413
283	286
283	22
283	287
283	565
283	290
283	151
283	645
283	305
283	306
15	515
15	463
15	413
15	286
15	22
15	442
15	1298
15	292
15	294
15	1299
15	24
15	1300
15	358
15	275
15	151
15	648
15	337
15	573
15	1072
15	1254
15	1301
15	152
15	368
15	369
15	378
15	383
15	408
15	582
15	717
15	154
15	901
15	962
15	1157
15	867
15	1173
15	782
15	596
15	1302
15	804
15	1303
15	1304
15	1305
15	1081
15	1306
15	1307
15	1308
15	1309
15	1310
15	1311
15	1312
15	1313
15	1314
15	1315
15	1316
15	1317
15	1318
15	1319
15	1320
15	1321
15	1322
15	1323
15	1324
15	1325
15	1326
15	1327
15	1328
15	1329
15	1330
15	1331
15	1332
15	1333
15	1334
15	1335
15	1336
15	1337
15	1338
15	1339
15	1340
15	1341
15	1342
15	1343
499	439
499	444
499	271
499	565
500	502
500	143
500	147
500	149
500	332
500	779
284	565
284	290
284	335
325	143
325	144
325	292
325	793
439	312
439	286
439	506
439	786
439	783
501	620
501	518
501	786
501	876
501	906
502	332
1344	332
312	576
312	32
312	337
143	515
143	411
143	412
143	144
143	469
143	413
143	286
143	22
143	441
143	287
143	291
143	447
143	576
143	292
143	147
143	822
143	793
143	32
143	39
143	315
143	318
143	298
143	275
143	151
143	711
143	567
143	418
143	340
143	341
143	419
143	423
143	342
143	715
143	717
143	344
143	731
143	154
143	155
143	749
143	750
143	757
143	452
143	157
143	432
143	800
143	1060
143	806
143	812
143	1345
440	412
440	441
440	295
440	479
440	1346
869	515
869	411
869	412
869	286
869	899
869	791
869	900
869	518
869	1251
869	428
869	523
869	786
869	876
869	906
869	877
869	769
869	1347
869	1348
869	160
869	1349
515	412
515	429
515	286
515	895
515	791
515	414
515	870
515	538
515	291
515	815
515	792
515	518
515	576
515	1298
515	428
515	548
515	901
515	523
515	786
515	876
515	904
515	877
515	769
515	525
515	963
515	966
411	412
411	286
411	22
411	441
411	565
411	791
411	414
411	620
411	291
411	792
411	1350
411	295
411	32
411	519
411	520
411	794
411	573
411	339
411	428
411	152
411	855
411	717
411	718
411	962
411	786
411	904
411	906
411	1156
411	1351
411	811
411	1352
411	1353
412	429
412	286
412	441
412	791
412	414
412	291
412	517
412	518
412	576
412	794
412	648
412	339
412	428
412	901
412	876
412	877
412	432
412	959
463	413
463	286
463	22
463	441
463	288
463	516
463	32
463	519
463	449
463	274
463	520
463	302
463	511
463	521
463	522
463	718
463	1354
144	292
144	147
144	793
144	418
144	339
144	340
144	341
429	22
429	441
429	895
429	32
429	521
429	718
469	22
469	441
469	294
469	567
469	512
469	423
285	286
285	441
285	287
285	443
285	288
285	293
285	547
285	149
285	302
285	569
285	1067
326	327
326	413
326	286
327	413
327	286
327	477
413	286
413	477
413	287
413	292
413	147
413	148
413	293
413	298
413	151
413	336
413	304
413	422
413	423
286	145
286	477
286	22
286	441
286	533
286	538
286	445
286	291
286	815
286	792
286	518
286	576
286	148
286	294
286	547
286	295
286	32
286	318
286	298
286	274
286	332
286	1355
286	336
286	567
286	337
286	569
286	573
286	521
286	418
286	548
286	785
286	717
286	506
286	786
286	1158
286	1356
286	1357
286	1358
286	799
286	584
286	784
286	619
286	800
286	803
286	1359
286	1360
286	804
286	625
145	22
145	294
145	337
145	785
145	431
145	513
145	1361
476	477
476	336
477	336
22	441
22	533
22	443
22	328
22	620
22	445
22	446
22	294
22	547
22	32
22	275
22	478
22	331
22	479
22	480
22	481
22	483
22	151
22	779
22	302
22	1362
22	337
22	573
22	417
22	512
22	1166
22	548
22	795
22	492
22	796
22	797
22	798
22	854
22	780
22	152
22	785
22	582
22	717
22	718
22	962
22	1169
22	1363
22	345
22	856
22	784
22	801
22	802
22	804
22	807
22	808
22	810
22	857
22	1361
22	1364
22	1365
22	1366
22	1367
22	1368
22	1369
22	1370
22	1305
22	1371
22	1372
22	1373
22	1374
22	1375
22	1376
22	1377
22	1378
22	1379
22	1380
22	1381
22	1382
22	1383
441	831
441	533
441	443
441	536
441	445
441	291
441	576
441	147
441	294
441	547
441	32
441	298
441	274
441	331
441	648
441	302
441	567
441	337
441	570
441	573
441	512
441	548
441	795
441	342
441	854
441	785
441	717
441	718
441	506
441	1158
441	432
441	856
441	800
441	801
441	802
441	833
441	625
441	841
829	830
829	831
829	625
829	838
829	839
830	831
831	833
831	625
831	836
831	626
831	838
831	841
533	488
533	445
533	576
533	318
533	332
533	567
533	337
533	345
533	799
533	584
533	801
533	808
533	810
287	292
287	147
287	293
287	32
287	298
287	415
287	302
287	339
287	422
287	423
287	425
287	306
442	443
442	271
442	602
442	1384
442	1302
443	288
443	445
443	148
443	272
443	274
443	331
443	151
443	648
443	573
443	548
443	854
443	785
443	650
443	717
443	784
443	965
488	444
488	289
488	538
488	329
488	519
488	272
488	572
488	154
488	683
488	685
488	694
488	1385
488	1386
488	1387
488	1388
536	620
536	647
536	969
288	537
288	293
288	520
288	302
288	424
288	507
288	1077
288	1389
288	1080
289	329
289	297
289	1390
289	1391
289	1392
289	1393
895	791
895	852
895	647
895	577
895	904
895	907
271	565
899	791
899	876
565	290
565	566
565	568
565	848
565	1394
791	414
791	870
791	291
791	815
791	792
791	518
791	576
791	523
791	786
791	876
791	966
791	883
516	519
516	520
516	522
414	620
414	329
414	339
414	428
414	879
414	883
870	538
870	815
870	792
870	872
870	889
620	647
620	572
620	651
620	1395
620	1396
620	1397
290	306
852	647
852	577
852	651
852	963
538	815
538	792
538	329
538	570
445	446
445	576
445	32
445	274
445	331
445	337
445	573
445	548
445	785
445	584
445	586
445	784
445	802
445	810
446	548
647	577
647	648
647	718
647	907
647	1189
647	1154
647	651
647	1352
647	1397
647	1190
291	707
291	1350
291	576
291	295
291	717
291	724
291	1158
291	781
291	432
291	811
815	792
815	570
815	786
815	642
815	966
815	894
792	329
792	519
792	274
792	520
792	573
792	717
792	718
792	786
517	900
900	304
900	903
447	715
447	757
518	548
518	523
518	786
518	906
518	966
518	890
329	523
329	507
576	147
576	547
576	32
576	298
576	648
576	302
576	567
576	337
576	581
576	339
576	548
576	717
576	586
576	800
576	801
576	802
576	1154
576	1155
576	810
576	1193
577	32
577	1189
577	1352
1298	901
292	294
292	793
292	298
292	304
146	147
146	298
146	274
146	339
146	608
147	32
147	149
147	315
147	318
147	274
147	151
147	332
147	648
147	339
147	340
147	341
147	154
147	554
148	274
148	151
148	648
148	336
148	1398
148	342
148	157
293	32
293	272
293	415
293	302
293	454
293	345
293	1067
294	1399
294	32
294	149
294	298
294	479
294	483
294	151
294	299
294	337
294	570
294	573
294	512
294	304
294	420
294	152
294	785
294	855
294	431
294	513
294	1400
294	1401
294	1402
294	1403
294	1351
294	1404
294	1405
547	32
547	337
547	569
547	570
547	573
547	717
547	506
547	523
547	584
547	586
547	1190
547	1194
547	1406
1251	1255
1251	1347
1251	1348
295	337
295	903
295	1351
295	1352
295	1353
822	909
448	416
448	580
1399	855
1399	1351
32	318
32	1407
32	302
32	580
32	511
32	568
32	337
32	581
32	521
32	424
32	425
32	548
32	582
32	718
32	452
32	584
32	586
32	587
32	591
32	592
32	603
32	604
32	605
32	615
32	1156
32	1154
32	810
32	857
32	1190
32	1408
32	1409
32	1410
32	1411
32	1412
32	1413
32	1414
32	1415
32	1416
32	1417
32	1418
32	1419
32	1420
32	1421
32	1422
32	1423
32	1424
32	1425
32	1426
32	1427
32	1428
32	1429
32	1430
32	1431
32	1432
39	154
39	1065
39	1066
149	274
149	648
519	520
519	855
519	522
519	857
519	858
519	859
330	581
330	783
330	818
272	415
272	848
272	958
272	650
318	151
318	336
318	521
318	339
318	717
318	345
318	799
318	584
319	320
321	322
297	335
297	300
297	301
297	306
297	310
297	1433
297	1434
297	1435
449	302
449	511
449	850
510	337
510	431
621	298
621	417
298	415
298	299
298	336
298	417
298	418
298	339
298	304
298	426
298	800
274	151
274	648
274	337
274	573
274	152
274	785
274	154
274	784
274	964
275	490
275	492
478	331
478	479
478	487
331	479
331	779
331	336
331	573
331	780
331	785
331	717
331	718
331	962
331	784
331	801
331	802
479	481
479	483
479	151
479	487
479	1346
480	481
480	1436
481	483
481	151
483	151
483	1437
483	1438
484	155
484	554
484	763
151	648
151	336
151	339
151	152
151	157
415	417
415	907
415	345
520	855
520	717
520	1156
1439	332
332	567
332	339
332	816
332	817
332	818
332	819
332	820
332	1440
332	1441
333	336
333	154
794	901
794	877
779	780
779	785
779	784
335	571
1442	1070
760	761
760	762
648	337
648	1352
648	1190
416	566
416	580
416	568
416	417
300	301
300	306
300	310
336	337
336	342
336	154
540	541
302	511
302	337
302	424
302	425
302	856
302	1067
302	642
566	568
566	622
303	896
303	897
896	897
580	597
580	598
511	512
567	339
567	423
567	548
567	587
567	801
567	1154
568	622
568	423
568	425
337	521
337	548
337	717
337	344
337	506
337	431
337	584
337	604
337	801
337	1154
337	1155
337	1190
337	642
573	152
573	785
573	717
573	962
622	507
848	958
848	1394
581	783
521	345
521	591
521	592
1398	1166
1166	856
1254	152
1254	154
1254	782
418	806
339	340
339	341
339	428
340	341
341	731
304	903
304	452
424	425
428	523
428	786
428	905
428	906
428	525
1443	1167
306	310
548	780
548	345
548	584
548	810
492	810
796	797
796	798
797	798
342	345
780	784
152	717
152	154
152	962
152	782
785	1160
785	784
785	1444
785	1445
639	641
639	643
361	362
362	406
372	373
855	522
855	717
855	718
855	1351
855	857
855	858
816	817
816	818
816	1440
817	818
544	545
714	719
714	1059
715	750
717	718
717	962
717	1157
717	786
717	907
717	584
717	1156
717	965
717	1191
717	1192
718	962
718	584
718	586
718	810
718	857
718	1190
725	733
344	731
344	749
344	1060
731	749
731	812
154	782
736	737
736	623
736	738
736	739
737	623
737	738
737	739
623	738
623	739
623	624
623	627
623	843
738	739
155	763
746	747
746	748
747	748
506	783
901	877
962	1157
523	786
523	507
523	525
523	963
523	1406
786	904
786	906
786	966
904	525
905	906
906	963
877	769
452	157
156	175
1171	1446
1171	1447
1171	1448
307	308
307	309
308	309
513	1400
513	1401
513	1402
513	1403
345	552
345	801
345	804
345	808
457	458
457	459
457	460
458	459
458	460
459	460
1356	1357
1356	1358
1357	1358
856	857
549	550
1160	1161
767	768
767	769
767	770
768	769
768	770
799	584
584	586
584	810
584	1190
347	158
1070	1449
1070	1450
586	802
586	810
586	1193
761	762
554	555
554	764
555	764
765	766
587	960
589	1259
591	592
595	596
597	598
603	604
603	605
604	605
606	607
970	979
970	989
971	974
971	1024
972	977
974	983
974	999
974	1000
974	1028
977	1000
977	1016
980	1010
980	1011
980	1049
987	995
987	996
987	1039
987	1040
991	992
991	1019
995	996
999	1000
1010	1044
1011	1052
1012	1028
1020	1021
1026	1027
1029	1045
1035	1036
1039	1040
1041	1042
1046	1047
1161	1162
818	819
818	820
818	1440
818	1441
1189	1190
801	802
801	1154
801	804
801	808
801	809
802	809
556	557
624	627
1154	1155
1154	1190
1154	1220
1400	1401
1402	1403
1404	1405
851	833
833	625
833	834
833	841
559	560
803	1451
625	835
625	836
625	626
625	838
625	839
625	840
625	841
625	842
651	963
914	915
914	916
915	916
769	770
524	938
524	947
524	948
917	918
921	922
923	924
931	949
931	950
939	940
939	941
940	941
943	944
943	945
943	946
944	945
944	946
945	946
947	948
949	950
953	954
953	955
954	955
857	1397
562	563
563	564
1352	1190
1352	1353
653	654
858	859
1433	1434
1433	1435
683	694
683	1387
683	1388
694	1387
694	1388
835	626
838	839
838	840
838	842
628	629
839	840
839	842
1387	1388
819	820
1226	1227
1226	1229
1226	1230
1229	1230
1185	1186
1185	1187
1434	1435
1347	1348
641	643
642	894
162	168
162	180
167	175
167	179
175	245
186	219
204	218
226	256
231	232
252	253
1099	1100
1106	1107
1106	1108
1107	1108
1132	1140
528	529
528	530
528	531
529	530
529	531
530	531
1191	1192
892	893
827	828
1259	1274
1264	1275
1266	1267
1266	1268
1267	1268
788	789
788	790
1186	1187
