1378	8993
1379	10870
1380	9000
1381	9063
1382	9064
1383	30230
1384	11098
1385	13467
1386	15221
1387	28627
1388	30191
1389	30194
1390	30197
1391	30199
1392	30201
1393	30209
1394	30210
1395	30213
1396	30217
1397	30222
1398	30223
1399	30226
1400	34269
1401	34270
1402	34271
1403	34272
1404	34273
1405	34274
1406	34275
1407	34276
1408	34277
1409	34278
1410	34279
1411	34280
1412	34281
1413	34282
1414	34283
1415	34284
1416	34285
1417	34286
1418	34287
1419	34288
1420	34289
1421	34290
1422	34291
1423	34293
1424	34294
1425	34295
1426	34296
1427	34297
1428	34298
1429	34299
1430	34300
1431	34301
