8993	10870
9000	10870
9063	9064
9064	10870
9064	30230
10870	11098
10870	13467
10870	15221
10870	28627
10870	30191
10870	30194
10870	30197
10870	30199
10870	30201
10870	30209
10870	30210
10870	30213
10870	30217
10870	30222
10870	30223
10870	30226
10870	34269
10870	34270
10870	34271
10870	34272
10870	34273
10870	34274
10870	34275
10870	34276
10870	34277
10870	34278
10870	34279
10870	34280
10870	34281
10870	34282
10870	34283
10870	34284
10870	34285
10870	34286
10870	34287
10870	34288
10870	34289
10870	34290
10870	34291
10870	34293
10870	34294
10870	34295
10870	34296
30191	34297
30191	34298
30191	34299
30191	34300
30191	34301
34283	34284
34283	34285
34284	34285
34297	34298
34297	34299
34297	34300
34299	34300
34299	34301
