1378	3207
1379	3272
1380	10437
1381	11093
1382	11105
1383	11203
1384	11215
1385	11222
1386	11737
1387	11765
1388	12570
1389	13777
1390	13778
1391	13781
1392	13782
1393	13783
1394	13784
1395	13785
1396	13786
1397	13787
1398	13789
1399	13790
1400	13791
1401	13792
1402	13793
1403	11188
1404	11205
1405	11227
1406	11228
1407	14325
1408	14326
1409	13878
1410	13906
1411	13994
1412	13995
1413	13996
1414	13997
1415	23466
1416	23467
1417	34359
1418	34357
1419	34358
1420	16178
1421	16179
1422	16205
1423	16206
1424	23498
1425	23499
1426	23500
