3207	3272
3207	10437
3207	11093
3207	11105
3207	11203
3207	11215
3207	11222
3207	11737
3207	11765
3207	12570
3207	13777
3207	13778
3207	13781
3207	13782
3207	13783
3207	13784
3207	13785
3207	13786
3207	13787
3207	13789
3207	13790
3207	13791
3207	13792
3207	13793
11093	11188
11093	11205
11093	11227
11093	11228
11093	14325
11093	14326
11105	13878
11105	13906
11105	13994
11105	13995
11105	13996
11105	13997
11227	11228
12570	23466
12570	23467
12570	34359
13786	34357
13786	34358
13789	13790
13995	13996
13996	16178
13996	16179
13996	16205
13996	16206
14325	14326
16178	16179
23466	23467
23466	23498
23466	23499
23466	23500
23466	34359
23498	23499
23498	23500
23499	23500
34357	34358
