10406	19112
10406	22764
10406	22765
16017	19112
16017	19113
16017	22378
16017	22379
16017	22478
16017	22552
16017	22553
16017	22555
16017	22556
16017	22588
16017	22762
16017	27396
19112	19113
19112	22371
19112	22478
19112	22540
19112	22700
19112	22701
19112	22764
19112	22765
19112	29678
19113	22369
19113	22371
22369	22370
22369	22371
22369	22608
22370	22371
22370	22608
22370	22779
22371	22393
22371	22779
22371	29678
22378	22379
22378	22588
22378	22753
22379	22588
22379	22753
22552	22553
22555	22556
22555	22714
22555	22762
22556	22714
22556	22762
22700	22701
22714	22762
22764	22765
