1608	6925
1608	19833
1608	19834
1608	19835
1608	19841
1608	19842
1608	19843
1608	19844
1608	19850
1608	19852
1608	19855
1608	19860
1608	19863
1608	19865
1608	19870
1608	19874
1608	19879
1608	19882
1608	19884
1608	19885
1608	19889
1608	19890
1608	19894
1608	19903
1608	19904
1608	19905
1608	19906
1608	19907
19843	19850
19843	28775
19843	28776
19850	28775
19850	28776
19863	19874
19903	19904
19903	19905
19903	19906
19903	19907
19904	19905
19904	19906
19904	19907
19905	19906
19905	19907
19906	19907
28775	28776
