17829	26109
17829	27188
17829	31593
24491	26109
26109	27182
26109	27183
26109	27184
26109	27185
26109	27188
26109	27189
26109	27201
26109	27202
26109	27215
26109	27216
26109	27219
26109	31592
26109	31593
26109	31594
26109	31595
26109	31596
26109	31597
26109	31598
26109	31599
26109	31600
27182	27183
27182	27188
27182	27201
27182	31595
27184	27185
27184	27188
27184	27189
27184	31592
27184	31594
27188	27189
27188	27201
27188	27202
27188	31592
27188	31593
27189	31594
27201	27202
27201	31595
27202	27219
27215	27216
31596	31597
31598	31599
31598	31600
31599	31600
