0	0
1	1
2	2
3	3
4	4
5	5
6	6
7	7
8	8
9	9
10	10
11	11
12	12
13	13
14	14
15	15
17	17
16	16
19	19
18	18
21	21
20	20
23	23
22	22
25	25
24	24
27	27
26	26
29	29
28	28
30	31
33	34
34	35
31	32
32	33
37	38
38	39
35	36
36	37
41	42
42	43
39	40
40	41
45	46
46	47
43	44
44	45
50	51
49	50
48	49
47	48
54	55
53	54
52	53
51	52
58	59
57	58
56	57
55	56
62	63
61	62
60	61
59	60
67	68
68	69
69	70
70	71
63	64
64	65
65	66
66	67
75	76
76	77
77	78
78	79
71	72
72	73
73	74
74	75
84	85
83	84
86	87
85	86
80	81
79	80
82	83
81	82
91	93
90	92
93	95
92	94
88	89
87	88
89	90
99	102
100	103
97	100
98	101
96	99
94	96
95	97
105	110
106	111
104	108
103	107
101	104
102	105
113	119
112	118
111	117
110	116
109	115
108	113
107	112
118	127
117	126
116	125
115	124
114	121
128	137
127	136
130	139
129	138
132	141
131	140
134	143
133	142
120	129
119	128
122	131
121	130
124	133
123	132
126	135
125	134
141	152
142	153
143	154
144	155
145	156
146	157
147	158
148	159
135	144
136	145
137	147
138	148
139	149
140	150
160	171
159	170
158	169
157	168
164	175
163	174
162	173
161	172
152	163
151	162
150	161
149	160
156	167
155	166
154	165
153	164
174	186
175	187
172	184
173	185
178	190
179	191
176	188
177	189
167	178
168	179
165	176
166	177
170	182
171	183
169	181
191	205
193	207
192	206
189	201
188	200
190	203
185	197
184	196
187	199
186	198
181	193
180	192
183	195
182	194
202	221
203	223
200	216
201	217
198	213
199	214
194	208
195	209
196	210
197	211
215	239
214	236
213	235
212	234
211	233
210	232
209	231
208	230
207	228
206	226
205	225
204	224
230	254
231	255
228	252
229	253
226	250
227	251
224	248
225	249
222	246
223	247
220	244
221	245
218	242
219	243
216	240
217	241
248	275
247	274
246	273
245	272
252	279
251	278
250	277
249	276
256	283
255	282
254	281
253	280
259	287
258	286
257	285
234	258
235	259
232	256
233	257
238	262
239	263
236	260
237	261
240	264
241	265
243	270
244	271
242	268
276	305
275	304
278	307
277	306
280	309
279	308
282	311
281	310
284	313
283	312
285	315
286	317
288	319
287	318
260	288
261	290
262	291
263	292
264	293
265	294
266	295
267	296
268	297
269	298
270	299
271	300
272	301
273	302
274	303
307	343
306	342
305	341
304	340
303	337
302	336
312	350
311	348
310	346
309	345
308	344
293	327
292	324
291	323
289	320
290	321
300	334
301	335
298	332
299	333
296	330
297	331
294	328
295	329
332	373
331	372
334	375
333	374
328	369
327	368
330	371
329	370
339	381
338	380
341	383
340	382
336	377
335	376
337	378
317	356
318	357
319	358
320	359
313	352
314	353
315	354
316	355
324	364
325	365
326	366
321	360
322	362
323	363
363	410
361	408
362	409
366	414
367	415
364	412
365	413
355	402
356	403
353	400
354	401
359	406
360	407
357	404
358	405
349	395
348	392
352	399
351	397
350	396
344	387
343	385
342	384
347	391
346	390
345	388
388	440
389	442
390	443
391	445
392	446
393	447
381	432
382	433
383	435
384	436
385	437
386	438
387	439
376	425
375	424
377	426
379	429
378	428
380	431
369	417
368	416
371	419
370	418
373	421
372	420
374	423
423	478
424	479
421	476
422	477
419	474
420	475
418	473
416	470
417	471
414	468
415	469
412	466
413	467
410	464
411	465
409	463
408	462
407	461
406	460
405	459
404	458
403	457
402	456
401	455
400	454
399	453
398	452
397	451
396	450
395	449
394	448
450	508
451	509
452	510
453	511
447	505
448	506
449	507
443	500
444	501
445	502
446	503
439	496
440	497
441	498
442	499
436	493
435	492
438	495
437	494
433	489
432	488
434	490
429	485
428	484
431	487
430	486
425	481
427	483
426	482
487	550
488	551
486	549
484	546
485	547
482	544
483	545
493	558
494	559
492	556
491	555
489	552
490	553
500	567
499	566
498	565
497	564
496	563
495	561
507	575
506	574
505	572
504	571
503	570
502	569
501	568
458	516
459	517
460	518
461	519
454	512
455	513
456	514
457	515
465	524
466	526
467	527
462	521
463	522
464	523
472	533
471	532
473	534
469	529
468	528
470	530
479	541
478	540
481	543
480	542
475	537
474	536
477	539
476	538
537	610
538	611
535	608
536	609
539	614
540	615
543	619
541	616
542	617
546	622
547	623
544	620
545	621
550	627
549	625
548	624
553	631
552	630
551	629
556	635
555	634
554	632
559	638
558	637
557	636
508	576
509	577
510	578
511	579
512	580
513	581
514	582
515	583
516	584
517	585
518	587
519	588
520	589
521	590
522	591
523	592
524	595
526	597
525	596
527	598
529	601
528	600
531	603
530	602
533	605
532	604
534	606
598	687
597	686
596	684
595	683
594	682
593	681
592	680
591	679
590	678
589	676
588	675
587	674
586	673
585	672
611	702
612	703
609	700
610	701
607	698
608	699
605	696
606	697
603	694
604	695
601	692
602	693
599	688
600	689
570	653
572	655
571	654
568	649
567	648
569	650
564	645
563	644
566	647
565	646
560	640
562	643
561	642
582	669
583	670
584	671
578	664
579	665
580	666
581	667
575	660
576	661
577	663
573	656
574	657
640	747
639	746
638	745
642	751
641	750
633	739
632	738
631	737
637	743
636	742
635	741
634	740
651	763
649	760
650	761
654	767
652	764
653	765
645	755
643	752
644	753
648	758
646	756
647	757
618	715
617	714
620	717
619	716
622	719
621	718
614	705
613	704
615	708
616	711
626	728
627	729
628	730
629	731
630	732
623	720
624	721
625	723
687	821
686	820
684	816
685	818
692	829
691	828
694	831
693	830
688	825
690	827
689	826
678	805
679	807
676	800
677	803
683	812
680	809
681	810
682	811
668	790
667	788
666	787
665	785
664	784
675	798
674	797
673	796
672	795
671	794
670	793
669	792
658	774
657	772
656	771
655	769
663	782
662	780
660	778
661	779
659	776
742	881
741	880
744	883
743	882
746	885
745	884
748	887
747	886
750	889
749	888
752	891
751	890
754	893
753	892
756	895
755	894
726	864
727	865
728	866
729	867
730	868
731	869
732	870
733	871
734	872
735	873
736	875
737	876
738	877
739	878
740	879
714	851
713	850
712	849
711	848
717	855
716	854
715	853
721	859
720	858
719	857
718	856
725	863
724	862
723	861
722	860
697	834
698	835
695	832
696	833
701	838
702	839
699	836
700	837
705	842
706	843
703	840
704	841
709	846
710	847
707	844
708	845
804	956
805	957
806	958
807	959
800	952
801	953
802	954
803	955
796	948
797	949
798	950
799	951
792	944
793	945
794	946
795	947
789	941
788	940
791	943
790	942
785	936
787	939
786	938
782	933
781	932
784	935
783	934
778	929
780	931
779	930
776	926
777	927
774	924
775	925
773	920
771	918
772	919
769	916
770	917
767	914
768	915
765	912
766	913
764	910
763	908
762	906
761	903
760	902
759	901
758	900
757	898
850	1017
851	1018
852	1019
853	1020
854	1021
855	1022
846	1011
847	1012
848	1014
849	1015
842	1001
841	1000
843	1002
844	1004
845	1007
834	993
833	992
836	995
835	994
838	997
837	996
840	999
839	998
828	986
829	987
832	990
830	988
831	989
822	978
823	979
821	976
826	982
827	983
824	980
825	981
816	971
815	969
814	968
820	975
819	974
818	973
817	972
809	963
808	960
813	967
812	966
811	965
810	964
910	1100
911	1101
912	1102
913	1103
907	1096
908	1097
909	1098
903	1092
904	1093
905	1094
906	1095
900	1089
901	1090
902	1091
923	1117
922	1116
924	1118
919	1113
918	1112
921	1115
920	1114
916	1109
917	1111
915	1105
914	1104
935	1134
936	1135
933	1132
934	1133
932	1130
930	1128
931	1129
929	1126
927	1122
928	1123
925	1120
926	1121
947	1150
946	1149
945	1148
944	1147
943	1146
942	1145
941	1142
940	1140
939	1138
938	1137
937	1136
861	1033
862	1035
863	1036
864	1037
865	1038
866	1039
856	1024
857	1025
858	1026
859	1029
860	1031
873	1048
875	1051
874	1050
877	1053
876	1052
879	1055
878	1054
868	1041
867	1040
869	1043
871	1045
870	1044
872	1047
885	1066
886	1067
883	1064
884	1065
888	1071
887	1069
881	1058
880	1056
882	1063
897	1083
896	1082
895	1080
899	1087
898	1086
891	1075
890	1074
889	1072
894	1079
893	1078
892	1076
995	1221
994	1220
997	1223
996	1222
991	1217
990	1216
993	1219
992	1218
1002	1229
1001	1228
1004	1231
1003	1230
999	1225
998	1224
1000	1227
1009	1236
1010	1237
1011	1238
1012	1239
1005	1232
1006	1233
1007	1234
1008	1235
1017	1244
1018	1245
1019	1246
1020	1247
1013	1240
1014	1241
1015	1242
1016	1243
1024	1255
1023	1252
1022	1249
1021	1248
1027	1262
1026	1259
1025	1258
1033	1270
1034	1271
1032	1269
1030	1266
1031	1267
1028	1264
1029	1265
1039	1278
1040	1279
1038	1277
1036	1274
1037	1275
1035	1272
948	1153
950	1155
949	1154
952	1157
951	1156
953	1158
954	1160
956	1163
955	1162
957	1168
958	1170
959	1171
960	1172
961	1174
962	1176
963	1177
964	1179
965	1180
966	1181
967	1182
968	1183
970	1186
969	1184
973	1191
972	1190
971	1188
976	1195
975	1194
974	1192
978	1199
977	1198
981	1202
982	1203
979	1200
980	1201
983	1207
985	1210
986	1211
984	1209
989	1215
987	1212
988	1213
1107	1374
1106	1371
1105	1370
1104	1365
1103	1364
1102	1361
1101	1360
1100	1356
1098	1354
1099	1355
1096	1352
1097	1353
1095	1350
1093	1348
1094	1349
1091	1346
1092	1347
1090	1345
1129	1405
1131	1407
1130	1406
1126	1401
1125	1400
1128	1403
1127	1402
1124	1399
1123	1398
1120	1393
1119	1392
1122	1395
1121	1394
1117	1388
1118	1391
1113	1384
1114	1385
1115	1386
1116	1387
1111	1380
1112	1383
1108	1376
1109	1378
1110	1379
1063	1307
1062	1306
1061	1304
1067	1311
1066	1310
1065	1309
1064	1308
1057	1298
1056	1297
1055	1296
1060	1303
1059	1301
1058	1300
1050	1290
1051	1291
1048	1288
1049	1289
1053	1294
1054	1295
1052	1292
1043	1283
1041	1280
1042	1281
1046	1286
1047	1287
1044	1284
1045	1285
1085	1337
1087	1339
1086	1338
1088	1340
1089	1343
1081	1329
1080	1328
1082	1331
1084	1333
1083	1332
1073	1320
1074	1321
1075	1322
1076	1323
1077	1324
1078	1326
1079	1327
1068	1313
1069	1314
1070	1316
1071	1317
1072	1318
1189	1494
1190	1495
1188	1492
1186	1490
1187	1491
1185	1488
1195	1502
1193	1500
1194	1501
1192	1498
1191	1497
1181	1479
1180	1478
1179	1476
1178	1475
1177	1473
1176	1472
1184	1486
1183	1484
1182	1483
1209	1524
1210	1525
1211	1526
1212	1527
1205	1520
1206	1521
1207	1522
1208	1523
1216	1532
1217	1533
1218	1534
1219	1535
1213	1528
1214	1530
1215	1531
1197	1508
1198	1511
1196	1507
1202	1517
1201	1516
1204	1519
1203	1518
1200	1515
1199	1514
1144	1426
1145	1427
1142	1424
1143	1425
1148	1430
1149	1431
1146	1428
1147	1429
1151	1434
1152	1435
1150	1432
1155	1438
1153	1436
1154	1437
1133	1411
1132	1408
1136	1415
1135	1413
1134	1412
1138	1419
1137	1416
1141	1423
1140	1421
1139	1420
1167	1456
1168	1461
1169	1463
1170	1464
1171	1465
1172	1466
1173	1468
1174	1469
1175	1471
1156	1441
1157	1442
1159	1445
1158	1444
1160	1446
1162	1449
1161	1448
1163	1451
1164	1453
1166	1455
1165	1454
1310	1642
1311	1643
1309	1640
1314	1646
1315	1647
1312	1644
1313	1645
1303	1634
1304	1635
1301	1632
1302	1633
1307	1638
1308	1639
1305	1636
1306	1637
1323	1659
1322	1658
1321	1657
1326	1663
1325	1661
1324	1660
1317	1650
1316	1649
1320	1654
1319	1653
1318	1652
1283	1608
1284	1609
1285	1610
1286	1612
1287	1613
1288	1614
1289	1615
1275	1600
1276	1601
1277	1602
1278	1603
1279	1604
1280	1605
1281	1606
1282	1607
1295	1624
1297	1627
1296	1626
1298	1629
1300	1631
1299	1630
1291	1617
1290	1616
1293	1621
1292	1620
1294	1622
1259	1582
1260	1583
1257	1580
1258	1581
1255	1578
1256	1579
1253	1576
1254	1577
1251	1574
1252	1575
1249	1572
1250	1573
1247	1570
1248	1571
1246	1568
1274	1597
1273	1596
1272	1595
1271	1594
1270	1593
1269	1592
1268	1591
1267	1590
1266	1589
1265	1588
1264	1587
1263	1586
1262	1585
1261	1584
1231	1548
1232	1549
1233	1550
1227	1544
1228	1545
1229	1546
1230	1547
1224	1540
1225	1541
1226	1543
1220	1536
1221	1537
1222	1538
1223	1539
1244	1565
1243	1564
1245	1566
1240	1561
1239	1560
1242	1563
1241	1562
1237	1556
1238	1558
1234	1552
1236	1555
1235	1554
1401	1762
1400	1761
1399	1760
1403	1765
1402	1764
1407	1771
1406	1770
1405	1769
1404	1768
1410	1775
1409	1773
1408	1772
1412	1779
1411	1776
1415	1782
1416	1783
1413	1780
1414	1781
1419	1786
1420	1787
1417	1784
1418	1785
1422	1790
1421	1788
1372	1729
1371	1728
1374	1731
1373	1730
1375	1732
1377	1735
1376	1734
1379	1737
1378	1736
1381	1739
1380	1738
1383	1741
1382	1740
1385	1743
1384	1742
1386	1744
1387	1745
1388	1746
1389	1747
1390	1748
1391	1749
1392	1750
1393	1753
1394	1754
1395	1755
1396	1756
1397	1757
1398	1758
1354	1703
1353	1702
1352	1700
1351	1698
1350	1696
1359	1711
1358	1710
1357	1709
1356	1707
1355	1705
1365	1718
1363	1716
1364	1717
1361	1714
1362	1715
1360	1713
1369	1726
1370	1727
1367	1722
1368	1723
1366	1720
1330	1669
1331	1671
1327	1664
1329	1667
1328	1666
1337	1677
1336	1676
1338	1678
1333	1673
1332	1672
1335	1675
1334	1674
1341	1684
1342	1686
1343	1687
1339	1681
1340	1682
1347	1692
1348	1694
1349	1695
1344	1688
1345	1689
1346	1691
1510	1913
1509	1912
1512	1915
1511	1914
1514	1917
1513	1916
1515	1919
1502	1905
1501	1904
1504	1907
1503	1906
1506	1909
1505	1908
1508	1911
1507	1910
1497	1896
1498	1898
1499	1899
1500	1901
1492	1889
1493	1891
1494	1892
1495	1894
1496	1895
1488	1883
1487	1881
1486	1880
1491	1886
1490	1885
1489	1884
1482	1875
1481	1874
1480	1873
1479	1872
1485	1879
1484	1878
1483	1876
1473	1866
1474	1867
1472	1864
1477	1870
1478	1871
1475	1868
1476	1869
1467	1856
1468	1857
1470	1862
1471	1863
1469	1860
1465	1853
1466	1855
1464	1849
1463	1848
1460	1845
1459	1844
1462	1847
1461	1846
1456	1841
1458	1843
1457	1842
1453	1836
1454	1837
1455	1839
1450	1832
1451	1833
1452	1835
1446	1828
1447	1829
1448	1830
1449	1831
1443	1824
1444	1825
1445	1827
1442	1822
1441	1821
1440	1819
1439	1818
1438	1817
1437	1816
1436	1815
1435	1813
1434	1811
1433	1809
1432	1808
1431	1807
1429	1800
1430	1801
1428	1798
1426	1796
1427	1797
1425	1794
1423	1792
1424	1793
1600	2032
1601	2033
1602	2034
1603	2035
1604	2036
1605	2037
1606	2038
1607	2039
1608	2043
1609	2045
1610	2046
1590	2017
1589	2016
1591	2019
1593	2021
1592	2020
1595	2023
1594	2022
1596	2025
1597	2027
1598	2028
1599	2030
1579	2002
1578	2000
1581	2006
1580	2005
1584	2010
1585	2011
1582	2008
1583	2009
1588	2015
1586	2012
1587	2013
1571	1987
1570	1986
1569	1985
1568	1984
1573	1990
1572	1989
1576	1995
1575	1993
1574	1992
1577	1996
1561	1972
1562	1974
1563	1975
1557	1968
1558	1969
1559	1970
1560	1971
1566	1981
1567	1982
1564	1976
1565	1978
1546	1957
1545	1956
1548	1959
1547	1958
1542	1953
1541	1952
1544	1955
1543	1954
1554	1965
1553	1964
1556	1967
1555	1966
1550	1961
1549	1960
1552	1963
1551	1962
1534	1942
1533	1941
1531	1938
1532	1939
1529	1936
1530	1937
1539	1950
1540	1951
1537	1948
1538	1949
1536	1946
1535	1944
1520	1926
1519	1925
1518	1923
1517	1922
1516	1921
1528	1935
1527	1934
1526	1933
1525	1932
1524	1931
1523	1930
1522	1929
1521	1928
1696	2200
1697	2201
1698	2202
1699	2203
1700	2204
1701	2205
1702	2206
1703	2207
1691	2193
1692	2194
1693	2197
1694	2198
1695	2199
1688	2185
1687	2184
1689	2187
1690	2191
1685	2177
1684	2176
1686	2180
1726	2235
1724	2232
1725	2233
1729	2238
1730	2239
1727	2236
1728	2237
1719	2224
1720	2225
1722	2230
1723	2231
1721	2229
1714	2219
1713	2218
1712	2216
1718	2223
1717	2222
1716	2221
1715	2220
1707	2211
1706	2210
1705	2209
1704	2208
1711	2215
1710	2214
1709	2213
1708	2212
1753	2268
1754	2270
1755	2271
1750	2264
1751	2265
1752	2266
1747	2260
1748	2261
1749	2262
1743	2256
1744	2257
1745	2258
1746	2259
1742	2253
1741	2252
1738	2249
1737	2248
1740	2251
1739	2250
1734	2245
1736	2247
1735	2246
1731	2241
1733	2243
1732	2242
1778	2303
1777	2301
1776	2299
1775	2296
1774	2295
1773	2291
1771	2288
1772	2289
1770	2287
1769	2286
1768	2285
1767	2284
1766	2283
1765	2281
1764	2280
1763	2279
1762	2278
1761	2277
1760	2276
1759	2275
1758	2274
1757	2273
1756	2272
1620	2065
1621	2067
1623	2069
1622	2068
1624	2070
1626	2073
1625	2072
1627	2075
1611	2051
1612	2052
1613	2056
1614	2057
1615	2058
1616	2060
1617	2061
1618	2062
1619	2063
1641	2098
1640	2097
1643	2103
1642	2101
1645	2107
1644	2104
1649	2111
1648	2110
1647	2109
1646	2108
1630	2082
1631	2083
1628	2080
1629	2081
1633	2087
1632	2085
1634	2090
1635	2091
1638	2094
1639	2095
1636	2092
1637	2093
1663	2133
1662	2132
1664	2134
1660	2128
1661	2130
1669	2143
1668	2142
1666	2137
1665	2136
1667	2138
1653	2116
1654	2118
1655	2119
1650	2112
1651	2114
1652	2115
1658	2124
1659	2126
1656	2120
1657	2122
1678	2167
1677	2165
1676	2162
1675	2161
1683	2175
1682	2173
1681	2171
1680	2169
1679	2168
1672	2151
1670	2146
1671	2147
1674	2159
1673	2152
1873	2443
1872	2442
1871	2441
1874	2444
1868	2435
1867	2432
1870	2438
1869	2437
1883	2458
1881	2456
1882	2457
1884	2462
1885	2463
1877	2450
1875	2448
1876	2449
1880	2455
1878	2452
1879	2453
1892	2473
1891	2472
1894	2475
1893	2474
1895	2476
1886	2464
1888	2467
1887	2466
1889	2468
1890	2471
1901	2488
1902	2489
1903	2490
1904	2493
1905	2494
1906	2495
1896	2480
1897	2482
1898	2484
1899	2485
1900	2486
1916	2511
1915	2510
1914	2509
1913	2508
1912	2507
1911	2506
1910	2502
1909	2501
1908	2500
1907	2498
1925	2524
1924	2522
1923	2520
1922	2518
1921	2517
1919	2514
1920	2515
1917	2512
1918	2513
1933	2540
1935	2543
1934	2542
1932	2537
1931	2536
1929	2532
1930	2535
1926	2529
1928	2531
1927	2530
1947	2559
1943	2552
1944	2553
1945	2554
1946	2555
1940	2548
1941	2550
1942	2551
1936	2544
1937	2545
1938	2546
1939	2547
1780	2306
1781	2307
1779	2304
1784	2311
1782	2308
1783	2309
1787	2314
1788	2315
1785	2312
1786	2313
1791	2318
1789	2316
1790	2317
1795	2323
1794	2322
1793	2321
1792	2320
1798	2327
1797	2326
1796	2324
1800	2331
1799	2330
1803	2334
1802	2333
1801	2332
1804	2336
1805	2337
1806	2338
1807	2339
1808	2340
1809	2341
1810	2343
1811	2348
1812	2349
1813	2350
1815	2353
1814	2352
1817	2355
1816	2354
1818	2356
1819	2359
1820	2361
1821	2363
1823	2365
1822	2364
1824	2366
1830	2374
1831	2375
1828	2372
1829	2373
1826	2370
1827	2371
1825	2368
1836	2382
1834	2380
1835	2381
1833	2379
1832	2376
1843	2391
1842	2390
1841	2388
1840	2387
1839	2386
1838	2385
1837	2384
1848	2399
1847	2397
1846	2396
1845	2394
1844	2392
1851	2404
1852	2405
1853	2406
1849	2400
1850	2402
1854	2408
1855	2409
1856	2411
1861	2423
1860	2422
1858	2417
1857	2416
1859	2419
1866	2429
1865	2428
1862	2425
1864	2427
1863	2426
2081	2750
2082	2751
2079	2748
2080	2749
2077	2746
2078	2747
2075	2744
2076	2745
2073	2742
2074	2743
2071	2740
2072	2741
2069	2738
2070	2739
2068	2736
2067	2735
2066	2734
2065	2732
2064	2731
2063	2730
2062	2729
2061	2728
2060	2727
2059	2726
2058	2725
2057	2724
2056	2723
2055	2722
2054	2721
2053	2720
2049	2716
2050	2717
2051	2718
2052	2719
2045	2712
2046	2713
2047	2714
2048	2715
2042	2708
2043	2710
2044	2711
2040	2705
2041	2706
2039	2701
2038	2700
2035	2697
2037	2699
2036	2698
2034	2689
2033	2688
2134	2810
2132	2808
2133	2809
2136	2814
2137	2815
2135	2812
2126	2802
2127	2803
2125	2801
2130	2806
2131	2807
2128	2804
2129	2805
2120	2794
2119	2793
2118	2792
2124	2799
2123	2798
2122	2797
2121	2796
2113	2786
2112	2785
2111	2784
2117	2791
2116	2790
2115	2789
2114	2788
2103	2776
2104	2777
2105	2778
2106	2779
2107	2780
2108	2781
2109	2782
2110	2783
2097	2768
2098	2770
2099	2772
2100	2773
2101	2774
2102	2775
2090	2760
2092	2763
2091	2762
2094	2765
2093	2764
2096	2767
2095	2766
2084	2753
2083	2752
2086	2755
2085	2754
2087	2756
2089	2759
2088	2758
1982	2615
1981	2612
1980	2610
1979	2609
1978	2608
1987	2622
1986	2621
1985	2620
1984	2619
1983	2616
1971	2598
1970	2594
1969	2592
1977	2607
1976	2604
1974	2602
1975	2603
1972	2600
1973	2601
1961	2580
1962	2583
1959	2576
1960	2578
1967	2589
1966	2588
1968	2591
1964	2585
1963	2584
1965	2587
1950	2564
1951	2566
1952	2567
1948	2562
1949	2563
1957	2572
1958	2573
1953	2568
1954	2569
1955	2570
1956	2571
2024	2675
2023	2674
2022	2673
2021	2672
2027	2678
2026	2677
2025	2676
2030	2683
2029	2682
2028	2681
2032	2686
2031	2685
2011	2658
2010	2657
2014	2662
2015	2663
2012	2660
2013	2661
2017	2666
2016	2664
2019	2670
2020	2671
2018	2669
1999	2640
2001	2643
2000	2642
2003	2645
2002	2644
2005	2647
2004	2646
2006	2651
2007	2652
2009	2655
2008	2654
1988	2625
1989	2627
1990	2628
1991	2629
1992	2631
1993	2632
1994	2633
1995	2634
1996	2635
1997	2636
1998	2637
2275	2989
2274	2988
2276	2991
2271	2985
2270	2984
2273	2987
2272	2986
2267	2981
2269	2983
2268	2982
2265	2976
2266	2978
2287	3005
2288	3006
2283	3000
2284	3001
2285	3002
2286	3003
2281	2997
2282	2998
2277	2992
2278	2993
2279	2994
2280	2995
2252	2959
2251	2957
2250	2956
2249	2955
2248	2954
2247	2953
2246	2952
2245	2951
2244	2950
2243	2949
2242	2948
2241	2947
2240	2946
2239	2945
2238	2944
2264	2974
2263	2973
2262	2970
2260	2968
2261	2969
2259	2966
2257	2964
2258	2965
2255	2962
2256	2963
2253	2960
2254	2961
2320	3049
2321	3053
2322	3054
2314	3041
2313	3040
2316	3043
2315	3042
2318	3045
2317	3044
2319	3047
2328	3065
2329	3066
2330	3067
2331	3068
2332	3069
2333	3070
2323	3056
2324	3057
2325	3059
2326	3061
2327	3063
2298	3019
2297	3018
2296	3016
2300	3023
2299	3022
2292	3011
2291	3010
2290	3009
2289	3008
2295	3014
2294	3013
2293	3012
2310	3034
2308	3032
2309	3033
2311	3038
2312	3039
2303	3027
2301	3024
2302	3025
2306	3030
2307	3031
2304	3028
2305	3029
2168	2852
2169	2853
2170	2854
2171	2855
2164	2848
2165	2849
2166	2850
2167	2851
2175	2860
2176	2861
2177	2863
2172	2857
2173	2858
2174	2859
2181	2869
2180	2868
2183	2871
2182	2870
2179	2867
2178	2866
2188	2877
2187	2876
2189	2878
2184	2873
2186	2875
2185	2874
2143	2822
2144	2823
2141	2820
2142	2821
2140	2819
2138	2816
2139	2817
2149	2831
2148	2829
2147	2826
2145	2824
2146	2825
2156	2839
2155	2838
2154	2836
2153	2835
2152	2834
2151	2833
2150	2832
2163	2847
2162	2845
2161	2844
2160	2843
2159	2842
2158	2841
2157	2840
2214	2912
2215	2913
2216	2914
2217	2915
2218	2916
2219	2918
2220	2921
2221	2922
2222	2923
2223	2924
2224	2925
2225	2931
2227	2933
2226	2932
2229	2935
2228	2934
2231	2937
2230	2936
2233	2939
2232	2938
2235	2941
2234	2940
2237	2943
2236	2942
2192	2882
2190	2880
2191	2881
2195	2886
2196	2887
2193	2884
2194	2885
2199	2890
2197	2888
2198	2889
2200	2892
2201	2893
2205	2899
2204	2898
2203	2897
2202	2896
2209	2903
2208	2902
2207	2901
2206	2900
2211	2905
2210	2904
2213	2911
2212	2909
2482	3284
2483	3285
2484	3286
2485	3287
2480	3280
2481	3283
2487	3292
2488	3293
2489	3294
2486	3288
2470	3269
2472	3271
2471	3270
2468	3264
2469	3267
2478	3277
2477	3276
2479	3279
2474	3273
2473	3272
2476	3275
2475	3274
2509	3319
2507	3316
2508	3317
2506	3315
2504	3312
2505	3313
2515	3326
2513	3324
2514	3325
2512	3322
2510	3320
2511	3321
2497	3303
2496	3302
2495	3301
2494	3300
2493	3299
2492	3298
2491	3297
2490	3296
2503	3311
2502	3309
2501	3308
2500	3307
2499	3306
2498	3305
2439	3216
2440	3217
2441	3219
2442	3220
2443	3222
2444	3224
2445	3225
2446	3226
2447	3227
2428	3201
2427	3200
2429	3204
2431	3207
2430	3206
2432	3208
2434	3211
2433	3210
2436	3213
2435	3212
2438	3215
2437	3214
2460	3251
2458	3248
2459	3249
2462	3254
2463	3255
2461	3252
2464	3256
2465	3257
2467	3262
2466	3260
2450	3234
2449	3233
2448	3232
2452	3238
2451	3236
2455	3243
2454	3241
2453	3240
2457	3247
2456	3244
2403	3165
2402	3164
2399	3160
2401	3163
2400	3162
2396	3156
2398	3159
2397	3158
2393	3152
2395	3155
2394	3154
2390	3148
2391	3149
2392	3150
2388	3145
2389	3147
2384	3140
2385	3141
2386	3142
2387	3143
2380	3136
2381	3137
2382	3138
2383	3139
2426	3199
2425	3198
2424	3197
2423	3196
2422	3195
2421	3194
2420	3191
2419	3189
2418	3188
2417	3187
2416	3186
2415	3184
2414	3183
2412	3180
2413	3181
2410	3178
2411	3179
2409	3176
2407	3174
2408	3175
2406	3171
2404	3168
2405	3169
2349	3097
2348	3096
2350	3098
2352	3101
2351	3100
2354	3103
2353	3102
2343	3088
2344	3090
2345	3093
2347	3095
2346	3094
2339	3080
2340	3081
2341	3086
2342	3087
2334	3072
2335	3075
2336	3076
2337	3077
2338	3079
2377	3131
2376	3130
2375	3129
2379	3135
2378	3132
2370	3123
2369	3121
2368	3120
2374	3127
2373	3126
2372	3125
2371	3124
2364	3114
2365	3115
2363	3113
2367	3119
2366	3117
2357	3106
2358	3107
2355	3104
2356	3105
2361	3110
2362	3111
2359	3108
2360	3109
2650	3527
2649	3526
2648	3525
2647	3524
2646	3523
2655	3534
2654	3533
2653	3531
2652	3529
2651	3528
2658	3540
2659	3541
2656	3538
2657	3539
2665	3550
2666	3551
2663	3548
2664	3549
2662	3546
2660	3544
2661	3545
2671	3557
2670	3556
2673	3559
2672	3558
2667	3553
2669	3555
2668	3554
2677	3565
2676	3564
2678	3567
2675	3561
2674	3560
2683	3572
2684	3573
2685	3574
2686	3575
2679	3568
2680	3569
2681	3570
2682	3571
2690	3580
2691	3581
2692	3582
2693	3583
2687	3576
2688	3578
2689	3579
2603	3459
2602	3458
2601	3457
2600	3456
2606	3462
2605	3461
2604	3460
2608	3466
2607	3465
2611	3471
2610	3469
2609	3468
2612	3472
2615	3478
2613	3476
2614	3477
2617	3482
2616	3481
2620	3486
2621	3487
2618	3484
2619	3485
2623	3489
2622	3488
2625	3491
2624	3490
2626	3493
2628	3495
2627	3494
2630	3497
2629	3496
2632	3499
2631	3498
2633	3501
2634	3502
2635	3505
2636	3507
2637	3508
2638	3509
2639	3511
2640	3512
2641	3514
2642	3516
2643	3517
2644	3518
2645	3519
2567	3406
2568	3407
2565	3404
2566	3405
2563	3402
2564	3403
2561	3400
2562	3401
2560	3399
2559	3396
2557	3394
2558	3395
2556	3392
2578	3423
2577	3421
2576	3420
2575	3419
2574	3417
2573	3416
2572	3415
2571	3414
2570	3413
2569	3410
2585	3438
2586	3439
2583	3433
2584	3434
2581	3429
2582	3430
2579	3425
2580	3426
2598	3453
2597	3452
2599	3455
2595	3449
2596	3451
2592	3445
2591	3444
2594	3447
2593	3446
2588	3441
2587	3440
2590	3443
2589	3442
2522	3343
2518	3330
2516	3328
2517	3329
2521	3334
2519	3332
2520	3333
2531	3355
2530	3354
2529	3353
2528	3352
2533	3359
2532	3357
2526	3347
2525	3346
2524	3345
2523	3344
2527	3350
2541	3370
2542	3372
2543	3375
2534	3360
2535	3362
2536	3363
2537	3364
2538	3365
2539	3366
2540	3367
2549	3385
2548	3384
2551	3387
2550	3386
2553	3389
2552	3388
2555	3391
2554	3390
2544	3379
2545	3380
2547	3383
2546	3382
2848	3826
2849	3827
2847	3824
2851	3830
2850	3828
2853	3834
2852	3832
2855	3838
2856	3839
2854	3836
2841	3811
2840	3809
2839	3808
2843	3815
2842	3813
2845	3818
2844	3817
2846	3820
2830	3792
2831	3794
2832	3795
2833	3799
2834	3800
2835	3802
2836	3804
2837	3805
2838	3806
2822	3779
2824	3781
2823	3780
2825	3782
2826	3787
2827	3789
2829	3791
2828	3790
2813	3766
2814	3767
2812	3764
2810	3762
2811	3763
2808	3760
2809	3761
2821	3774
2819	3772
2820	3773
2817	3770
2818	3771
2815	3768
2816	3769
2803	3751
2802	3750
2801	3749
2800	3748
2799	3747
2798	3746
2807	3759
2806	3757
2805	3755
2804	3752
2791	3732
2792	3733
2793	3734
2794	3735
2790	3731
2797	3741
2795	3736
2796	3739
2780	3717
2779	3716
2782	3719
2781	3718
2776	3713
2775	3712
2778	3715
2777	3714
2787	3725
2786	3724
2789	3727
2788	3726
2784	3721
2783	3720
2785	3722
2771	3706
2770	3704
2774	3710
2773	3709
2772	3708
2769	3703
2768	3702
2767	3701
2764	3690
2765	3691
2763	3689
2766	3693
2759	3682
2760	3683
2757	3680
2758	3681
2761	3684
2762	3685
2752	3673
2751	3672
2754	3677
2753	3676
2756	3679
2755	3678
2746	3664
2748	3667
2747	3666
2749	3668
2750	3670
2740	3656
2741	3658
2742	3659
2743	3660
2744	3661
2745	3663
2735	3649
2736	3651
2737	3652
2738	3653
2739	3654
2734	3647
2733	3645
2732	3642
2731	3636
2730	3634
2729	3633
2728	3632
2727	3630
2725	3628
2726	3629
2724	3626
2722	3624
2723	3625
2721	3622
2719	3620
2720	3621
2717	3618
2718	3619
2716	3617
2713	3612
2715	3615
2714	3614
2710	3609
2709	3608
2712	3611
2711	3610
2708	3605
2707	3604
2706	3600
2703	3596
2704	3597
2705	3598
2700	3592
2701	3593
2702	3594
2696	3588
2697	3589
2698	3590
2699	3591
2694	3584
2695	3586
3010	4065
3011	4067
3012	4068
3013	4071
3015	4073
3014	4072
3017	4075
3016	4074
3019	4077
3018	4076
3021	4079
3020	4078
3022	4081
3023	4083
3024	4084
3025	4086
3026	4087
3027	4088
3028	4089
3029	4092
3030	4093
3031	4094
2993	4034
2992	4033
2991	4032
2996	4039
2995	4037
2994	4036
2997	4042
2998	4045
3000	4050
3001	4051
2999	4048
3002	4052
3003	4053
3005	4058
3006	4059
3004	4057
3009	4063
3007	4060
3008	4061
2972	4005
2971	4004
2974	4007
2973	4006
2970	4003
2969	4002
2978	4012
2980	4015
2979	4014
2975	4009
2977	4011
2976	4010
2982	4021
2983	4022
2981	4017
2988	4029
2989	4030
2990	4031
2984	4024
2985	4025
2986	4026
2987	4027
2950	3975
2949	3974
2948	3971
2947	3969
2955	3982
2954	3981
2953	3980
2952	3979
2951	3978
2961	3991
2960	3989
2958	3986
2959	3987
2956	3984
2957	3985
2967	3998
2968	3999
2966	3997
2964	3994
2965	3995
2962	3992
2963	3993
2932	3944
2933	3946
2934	3947
2935	3948
2936	3949
2937	3951
2925	3936
2926	3937
2927	3938
2928	3940
2929	3941
2930	3942
2931	3943
2944	3961
2943	3960
2945	3963
2946	3967
2938	3952
2940	3955
2939	3954
2941	3956
2942	3958
2908	3914
2909	3915
2907	3912
2912	3918
2913	3919
2910	3916
2911	3917
2902	3906
2903	3907
2901	3905
2905	3910
2906	3911
2904	3908
2921	3931
2920	3930
2924	3934
2923	3933
2922	3932
2915	3922
2914	3920
2919	3927
2918	3926
2917	3925
2916	3924
2884	3884
2885	3885
2886	3886
2887	3887
2880	3880
2881	3881
2882	3882
2883	3883
2876	3876
2877	3877
2878	3878
2879	3879
2873	3872
2874	3873
2875	3875
2899	3901
2900	3903
2896	3897
2895	3896
2898	3899
2897	3898
2892	3893
2891	3892
2894	3895
2893	3894
2889	3889
2888	3888
2890	3891
2865	3854
2864	3853
2862	3850
2863	3851
2861	3846
2859	3844
2860	3845
2858	3842
2857	3841
2872	3869
2871	3867
2870	3866
2869	3864
2868	3863
2867	3859
2866	3856
3238	4401
3239	4402
3240	4403
3241	4405
3242	4406
3243	4408
3244	4409
3245	4411
3246	4412
3232	4385
3231	4384
3233	4387
3234	4391
3235	4393
3236	4395
3237	4399
3221	4370
3222	4371
3225	4374
3226	4375
3223	4372
3224	4373
3227	4376
3228	4377
3230	4382
3229	4381
3211	4355
3210	4354
3209	4353
3208	4352
3215	4359
3214	4358
3213	4357
3212	4356
3218	4363
3217	4362
3216	4361
3220	4366
3219	4365
3278	4468
3279	4469
3280	4470
3281	4471
3274	4464
3275	4465
3276	4466
3277	4467
3284	4476
3285	4478
3282	4472
3283	4475
3267	4453
3266	4452
3268	4455
3263	4449
3262	4448
3265	4451
3264	4450
3271	4460
3273	4463
3272	4462
3269	4456
3270	4458
3258	4438
3257	4437
3256	4435
3255	4433
3261	4447
3260	4445
3259	4443
3249	4423
3248	4419
3247	4416
3254	4430
3253	4427
3252	4426
3251	4425
3250	4424
3317	4537
3316	4536
3318	4538
3320	4541
3319	4540
3322	4543
3321	4542
3313	4531
3314	4533
3315	4534
3310	4524
3311	4525
3312	4526
3305	4513
3306	4514
3307	4516
3308	4517
3309	4519
3301	4504
3304	4511
3303	4510
3302	4509
3298	4497
3300	4501
3299	4500
3293	4490
3294	4491
3292	4488
3296	4494
3297	4495
3295	4493
3288	4482
3286	4480
3287	4481
3291	4486
3289	4484
3290	4485
3356	4605
3355	4604
3357	4606
3354	4602
3353	4599
3352	4598
3350	4592
3351	4594
3347	4588
3348	4589
3349	4590
3345	4584
3346	4586
3343	4580
3344	4582
3341	4577
3342	4578
3340	4575
3339	4573
3338	4572
3337	4571
3336	4570
3335	4569
3334	4565
3333	4562
3332	4560
3331	4559
3330	4556
3328	4554
3329	4555
3326	4552
3327	4553
3324	4550
3325	4551
3323	4549
3057	4130
3056	4128
3061	4139
3060	4138
3059	4137
3058	4136
3065	4143
3064	4142
3063	4141
3062	4140
3067	4147
3066	4144
3070	4150
3071	4151
3068	4148
3069	4149
3073	4154
3072	4152
3074	4158
3075	4159
3033	4097
3032	4096
3035	4099
3034	4098
3036	4100
3037	4102
3039	4105
3038	4104
3041	4109
3040	4108
3042	4110
3043	4113
3044	4115
3045	4116
3046	4117
3047	4118
3048	4119
3049	4120
3050	4121
3051	4122
3052	4123
3053	4124
3054	4126
3055	4127
3102	4199
3101	4196
3100	4194
3099	4193
3098	4192
3109	4207
3108	4206
3107	4205
3106	4204
3105	4202
3104	4201
3103	4200
3116	4214
3117	4215
3114	4212
3115	4213
3112	4210
3113	4211
3110	4208
3111	4209
3121	4223
3120	4220
3119	4218
3118	4216
3080	4165
3079	4164
3076	4161
3078	4163
3077	4162
3086	4173
3085	4172
3082	4169
3081	4168
3084	4171
3083	4170
3089	4181
3090	4182
3087	4176
3088	4178
3095	4188
3096	4189
3097	4190
3091	4184
3092	4185
3093	4186
3094	4187
3151	4266
3152	4267
3150	4264
3153	4270
3154	4271
3146	4258
3145	4256
3148	4262
3149	4263
3147	4260
3164	4281
3163	4280
3168	4287
3167	4286
3166	4285
3165	4284
3158	4275
3157	4274
3156	4273
3155	4272
3162	4279
3161	4278
3160	4277
3159	4276
3128	4232
3129	4233
3130	4234
3131	4235
3132	4236
3133	4237
3134	4238
3122	4224
3123	4225
3124	4228
3125	4229
3126	4230
3127	4231
3140	4249
3139	4248
3142	4251
3141	4250
3144	4253
3143	4252
3135	4243
3137	4245
3136	4244
3138	4247
3202	4335
3201	4332
3199	4330
3200	4331
3197	4328
3198	4329
3195	4326
3196	4327
3194	4324
3192	4320
3193	4321
3207	4350
3206	4344
3205	4340
3204	4337
3203	4336
3181	4300
3182	4301
3183	4303
3177	4296
3178	4297
3179	4298
3180	4299
3173	4292
3174	4293
3175	4294
3176	4295
3169	4288
3170	4289
3171	4290
3172	4291
3191	4317
3189	4313
3188	4312
3190	4314
3186	4309
3187	4311
3184	4305
3185	4306
3579	4887
3577	4884
3578	4885
3575	4882
3576	4883
3574	4881
3586	4894
3587	4895
3584	4892
3585	4893
3582	4890
3583	4891
3580	4888
3581	4889
3566	4871
3565	4869
3564	4868
3563	4867
3562	4866
3561	4865
3560	4864
3573	4878
3572	4877
3571	4876
3570	4875
3569	4874
3568	4873
3567	4872
3598	4916
3599	4918
3596	4912
3597	4914
3603	4925
3600	4920
3601	4921
3602	4922
3593	4909
3592	4908
3595	4911
3594	4910
3589	4905
3588	4904
3591	4907
3590	4906
3612	4946
3613	4947
3610	4944
3611	4945
3616	4950
3617	4951
3614	4948
3615	4949
3620	4954
3621	4955
3618	4952
3619	4953
3623	4958
3624	4959
3622	4956
3604	4929
3607	4935
3606	4934
3605	4932
3609	4943
3608	4942
3635	4978
3636	4979
3637	4981
3638	4982
3639	4983
3640	4984
3641	4985
3642	4986
3643	4987
3644	4988
3645	4989
3646	4991
3625	4960
3626	4962
3627	4965
3628	4967
3630	4969
3629	4968
3632	4971
3631	4970
3633	4972
3634	4974
3667	5023
3666	5022
3665	5021
3664	5020
3663	5019
3662	5018
3661	5017
3660	5016
3659	5015
3658	5014
3657	5013
3656	5012
3655	5007
3653	5002
3654	5003
3651	5000
3652	5001
3649	4998
3650	4999
3648	4994
3647	4992
3691	5053
3692	5055
3689	5048
3690	5051
3686	5045
3685	5044
3688	5047
3687	5046
3682	5041
3684	5043
3683	5042
3680	5037
3681	5039
3676	5032
3677	5033
3678	5034
3679	5035
3672	5028
3673	5029
3674	5030
3675	5031
3668	5024
3669	5025
3670	5026
3671	5027
3709	5083
3712	5087
3711	5086
3710	5085
3704	5075
3703	5074
3702	5073
3708	5079
3707	5078
3706	5077
3705	5076
3697	5064
3698	5065
3700	5070
3701	5071
3699	5069
3695	5058
3696	5059
3693	5056
3694	5057
3726	5113
3725	5112
3728	5115
3727	5114
3730	5117
3729	5116
3732	5119
3731	5118
3722	5105
3723	5106
3724	5111
3718	5096
3719	5097
3720	5100
3721	5102
3713	5088
3714	5090
3715	5091
3716	5093
3717	5094
3359	4613
3361	4615
3360	4614
3358	4611
3365	4621
3364	4620
3366	4622
3363	4619
3362	4618
3369	4630
3370	4631
3367	4625
3368	4626
3374	4636
3375	4637
3376	4638
3377	4639
3371	4632
3372	4633
3373	4635
3382	4647
3381	4646
3380	4645
3379	4643
3378	4641
3390	4655
3389	4654
3388	4653
3387	4652
3386	4651
3385	4650
3384	4649
3383	4648
3397	4662
3398	4663
3395	4660
3396	4661
3393	4658
3394	4659
3391	4656
3392	4657
3405	4670
3406	4671
3403	4668
3404	4669
3401	4666
3402	4667
3399	4664
3400	4665
3407	4672
3409	4675
3408	4674
3410	4676
3411	4678
3413	4681
3412	4680
3415	4683
3414	4682
3417	4685
3416	4684
3418	4686
3419	4688
3420	4689
3421	4690
3422	4691
3423	4693
3424	4695
3425	4696
3426	4697
3427	4698
3428	4699
3429	4700
3430	4701
3431	4702
3434	4707
3433	4706
3432	4704
3438	4711
3437	4710
3436	4709
3435	4708
3442	4715
3441	4714
3440	4713
3439	4712
3446	4719
3445	4718
3444	4717
3443	4716
3449	4723
3447	4720
3448	4721
3452	4726
3453	4727
3450	4724
3451	4725
3456	4730
3454	4728
3455	4729
3459	4734
3457	4732
3458	4733
3470	4748
3471	4749
3468	4744
3469	4745
3464	4740
3465	4741
3466	4742
3467	4743
3460	4736
3461	4737
3462	4738
3463	4739
3481	4765
3480	4764
3483	4767
3482	4766
3477	4761
3476	4760
3479	4763
3478	4762
3475	4759
3472	4753
3474	4755
3473	4754
3495	4783
3493	4780
3494	4781
3491	4778
3492	4779
3489	4776
3490	4777
3487	4774
3488	4775
3486	4770
3484	4768
3485	4769
3506	4799
3505	4798
3504	4797
3503	4796
3502	4794
3501	4792
3500	4791
3499	4790
3498	4789
3497	4788
3496	4787
3513	4808
3514	4811
3515	4812
3516	4813
3517	4815
3507	4800
3508	4801
3509	4802
3510	4804
3511	4806
3512	4807
3527	4825
3526	4824
3529	4827
3528	4826
3531	4829
3530	4828
3533	4831
3532	4830
3519	4817
3518	4816
3521	4819
3520	4818
3523	4821
3522	4820
3525	4823
3524	4822
3541	4842
3540	4841
3544	4846
3545	4847
3542	4844
3543	4845
3535	4835
3534	4832
3538	4838
3539	4839
3536	4836
3537	4837
3555	4859
3554	4858
3553	4857
3552	4856
3559	4863
3558	4862
3557	4861
3556	4860
3547	4850
3546	4848
3551	4855
3550	4854
3549	4853
3548	4852
4005	5500
4002	5497
4003	5498
4004	5499
3998	5492
3999	5493
4000	5494
4001	5495
3996	5488
3997	5489
3994	5485
3993	5484
3995	5486
3990	5481
3989	5480
3992	5483
3991	5482
3987	5477
3988	5478
3985	5473
3984	5472
3986	5475
3982	5468
3983	5469
3981	5467
3979	5464
3980	5465
3977	5460
3978	5461
3975	5458
3976	5459
3974	5456
3973	5455
3972	5454
3971	5453
3970	5452
3969	5450
3968	5449
3967	5447
3966	5446
3965	5443
3964	5440
3958	5432
3959	5433
3960	5434
3961	5435
3962	5436
3963	5439
3952	5425
3953	5426
3954	5427
3955	5429
3956	5430
3957	5431
3945	5417
3944	5416
3947	5419
3946	5418
3949	5421
3948	5420
3951	5423
3950	5422
3939	5409
3941	5411
3940	5410
3942	5413
3943	5414
3935	5402
3933	5400
3934	5401
3938	5406
3936	5404
3937	5405
3930	5395
3928	5392
3929	5393
3932	5399
3931	5396
3924	5385
3927	5391
3926	5390
3925	5388
3920	5379
3919	5378
3918	5376
3923	5382
3922	5381
3921	5380
4078	5621
4077	5620
4080	5623
4079	5622
4074	5617
4073	5616
4076	5619
4075	5618
4086	5629
4085	5628
4087	5631
4082	5625
4081	5624
4084	5627
4083	5626
4065	5605
4066	5606
4067	5607
4063	5600
4064	5602
4070	5612
4071	5614
4072	5615
4068	5610
4069	5611
4058	5591
4057	5590
4056	5589
4055	5588
4054	5586
4053	5585
4062	5596
4061	5595
4060	5594
4059	5593
4047	5574
4045	5572
4046	5573
4043	5570
4044	5571
4051	5582
4052	5583
4049	5580
4050	5581
4048	5576
4032	5552
4033	5554
4035	5557
4034	5556
4036	5559
4038	5561
4037	5560
4039	5563
4041	5565
4040	5564
4042	5566
4024	5539
4025	5540
4026	5542
4027	5543
4028	5544
4029	5545
4030	5546
4031	5549
4019	5523
4018	5522
4017	5521
4016	5520
4020	5524
4021	5528
4023	5534
4022	5533
4007	5507
4006	5505
4010	5510
4011	5511
4008	5508
4009	5509
4012	5515
4015	5518
4013	5516
4014	5517
3812	5231
3811	5228
3810	5226
3809	5225
3808	5224
3807	5223
3806	5221
3805	5220
3804	5219
3803	5218
3802	5217
3822	5246
3823	5247
3820	5244
3821	5245
3818	5240
3819	5241
3817	5239
3816	5237
3814	5234
3815	5235
3813	5232
3786	5197
3785	5196
3788	5199
3787	5198
3782	5193
3781	5192
3784	5195
3783	5194
3778	5188
3780	5191
3779	5190
3776	5184
3777	5187
3799	5212
3800	5213
3801	5214
3797	5209
3798	5210
3793	5204
3794	5205
3795	5206
3796	5207
3789	5200
3790	5201
3791	5202
3792	5203
3764	5162
3763	5161
3766	5166
3765	5164
3758	5154
3757	5153
3762	5159
3761	5158
3760	5157
3759	5156
3772	5179
3775	5182
3773	5180
3774	5181
3768	5170
3769	5171
3767	5169
3770	5172
3771	5173
3741	5131
3740	5130
3743	5133
3742	5132
3745	5135
3744	5134
3734	5121
3733	5120
3735	5123
3737	5125
3736	5124
3739	5127
3738	5126
3750	5144
3751	5146
3752	5147
3753	5148
3754	5149
3755	5150
3756	5151
3746	5136
3747	5138
3748	5140
3749	5142
3898	5350
3899	5351
3897	5348
3896	5347
3894	5344
3895	5345
3905	5358
3903	5356
3904	5357
3902	5355
3900	5352
3901	5353
3911	5367
3910	5366
3909	5365
3908	5363
3907	5362
3906	5360
3917	5375
3916	5373
3915	5372
3914	5371
3913	5370
3912	5368
3874	5316
3875	5317
3876	5318
3877	5319
3870	5312
3871	5313
3872	5314
3873	5315
3881	5325
3882	5326
3883	5327
3878	5321
3879	5322
3880	5323
3887	5335
3885	5329
3884	5328
3886	5330
3892	5341
3891	5340
3893	5342
3888	5336
3890	5339
3889	5338
3848	5283
3846	5280
3847	5281
3850	5286
3851	5287
3849	5284
3854	5290
3852	5288
3853	5289
3856	5295
3855	5293
3859	5299
3858	5298
3857	5296
3862	5303
3861	5301
3860	5300
3865	5307
3864	5306
3863	5304
3869	5311
3868	5310
3867	5309
3866	5308
3824	5248
3825	5249
3826	5250
3827	5251
3828	5252
3829	5253
3830	5255
3831	5257
3832	5258
3833	5259
3834	5260
3835	5261
3836	5262
3837	5263
3838	5264
3839	5267
3841	5271
3840	5270
3843	5273
3842	5272
3844	5274
3845	5278
4321	5978
4322	5979
4319	5976
4320	5977
4324	5982
4325	5983
4323	5980
4314	5970
4312	5968
4313	5969
4317	5974
4318	5975
4315	5972
4316	5973
4309	5960
4311	5967
4310	5966
4306	5953
4308	5959
4307	5958
4343	6009
4344	6012
4345	6013
4339	6000
4340	6001
4341	6003
4342	6005
4333	5993
4332	5992
4334	5995
4336	5997
4335	5996
4338	5999
4337	5998
4326	5985
4328	5987
4327	5986
4329	5988
4331	5991
4330	5990
4288	5918
4287	5916
4285	5914
4286	5915
4283	5912
4284	5913
4281	5910
4282	5911
4279	5908
4280	5909
4277	5906
4278	5907
4276	5905
4275	5903
4274	5902
4273	5901
4272	5900
4271	5899
4270	5898
4269	5897
4268	5895
4267	5894
4266	5893
4265	5890
4264	5889
4263	5888
4305	5950
4301	5944
4302	5945
4303	5946
4304	5947
4300	5943
4299	5939
4297	5933
4296	5932
4298	5935
4294	5929
4295	5930
4291	5925
4290	5924
4293	5927
4292	5926
4289	5920
4394	6099
4393	6097
4392	6096
4397	6102
4396	6101
4395	6100
4398	6104
4402	6111
4401	6110
4400	6109
4399	6108
4378	6082
4379	6083
4382	6086
4383	6087
4380	6084
4381	6085
4386	6090
4387	6091
4384	6088
4385	6089
4390	6094
4391	6095
4388	6092
4389	6093
4413	6128
4414	6130
4416	6133
4415	6132
4418	6135
4417	6134
4419	6138
4420	6141
4422	6143
4421	6142
4403	6113
4404	6115
4405	6116
4406	6119
4407	6120
4408	6121
4409	6123
4410	6124
4411	6125
4412	6126
4357	6039
4356	6038
4355	6036
4354	6035
4363	6047
4362	6046
4361	6045
4360	6044
4359	6042
4358	6040
4348	6021
4347	6018
4346	6017
4352	6030
4353	6031
4351	6026
4349	6024
4350	6025
4373	6068
4374	6071
4371	6065
4372	6066
4377	6076
4375	6072
4376	6075
4366	6052
4367	6053
4368	6055
4364	6049
4365	6050
4369	6062
4370	6063
4137	5705
4139	5707
4138	5706
4140	5709
4142	5711
4141	5710
4135	5697
4134	5696
4136	5701
4149	5720
4150	5724
4151	5725
4152	5726
4153	5727
4143	5712
4144	5714
4145	5715
4146	5717
4147	5718
4148	5719
4160	5739
4159	5737
4158	5736
4162	5743
4161	5741
4156	5730
4155	5729
4154	5728
4157	5734
4165	5755
4164	5753
4166	5759
4163	5747
4095	5644
4096	5647
4094	5640
4091	5637
4090	5636
4093	5639
4092	5638
4088	5632
4089	5635
4106	5660
4107	5662
4108	5663
4102	5656
4103	5657
4104	5658
4105	5659
4099	5652
4100	5653
4101	5655
4097	5650
4098	5651
4122	5678
4121	5677
4120	5676
4119	5675
4118	5674
4117	5673
4116	5672
4115	5671
4114	5670
4113	5669
4112	5668
4111	5667
4110	5665
4109	5664
4132	5694
4133	5695
4131	5693
4130	5690
4129	5689
4128	5687
4126	5684
4127	5685
4124	5682
4125	5683
4123	5680
4213	5824
4214	5825
4215	5826
4216	5827
4217	5828
4218	5829
4219	5830
4220	5833
4221	5834
4222	5836
4223	5837
4224	5838
4225	5839
4227	5841
4226	5840
4228	5842
4230	5845
4229	5844
4231	5846
4232	5848
4233	5851
4235	5853
4234	5852
4236	5855
4238	5858
4239	5859
4237	5856
4241	5862
4242	5863
4240	5860
4245	5866
4246	5867
4243	5864
4244	5865
4249	5870
4250	5871
4247	5868
4248	5869
4253	5875
4252	5874
4251	5873
4256	5879
4255	5878
4254	5877
4260	5883
4259	5882
4258	5881
4257	5880
4262	5886
4261	5884
4171	5764
4172	5765
4173	5766
4167	5760
4168	5761
4169	5762
4170	5763
4176	5773
4177	5774
4178	5775
4174	5768
4175	5771
4183	5781
4182	5780
4179	5777
4181	5779
4180	5778
4185	5789
4184	5788
4186	5790
4192	5798
4191	5796
4189	5794
4190	5795
4187	5792
4188	5793
4197	5807
4196	5805
4195	5803
4193	5800
4194	5801
4205	5815
4204	5814
4203	5813
4202	5812
4201	5811
4200	5810
4199	5809
4198	5808
4212	5823
4211	5822
4210	5820
4209	5819
4208	5818
4207	5817
4206	5816
4694	6568
4695	6569
4696	6570
4697	6571
4698	6574
4699	6575
4688	6560
4689	6562
4690	6563
4691	6565
4692	6566
4693	6567
4704	6585
4705	6587
4707	6589
4706	6588
4708	6590
4701	6577
4700	6576
4702	6580
4703	6583
4676	6538
4675	6536
4678	6542
4679	6543
4677	6540
4673	6531
4672	6529
4674	6533
4685	6554
4687	6559
4686	6557
4681	6547
4680	6546
4684	6551
4683	6550
4682	6548
4739	6638
4740	6639
4736	6632
4737	6633
4738	6634
4732	6628
4733	6629
4734	6630
4735	6631
4730	6625
4731	6626
4753	6653
4752	6652
4754	6655
4750	6649
4749	6648
4751	6650
4746	6645
4745	6644
4748	6647
4747	6646
4742	6641
4741	6640
4744	6643
4743	6642
4716	6606
4717	6607
4714	6604
4715	6605
4713	6601
4711	6596
4712	6597
4709	6594
4710	6595
4729	6623
4728	6622
4727	6621
4726	6619
4725	6617
4724	6616
4723	6614
4722	6613
4721	6612
4720	6611
4719	6610
4718	6609
4617	6432
4619	6435
4618	6434
4621	6437
4620	6436
4623	6439
4622	6438
4624	6441
4625	6442
4626	6444
4627	6446
4628	6449
4629	6452
4630	6453
4631	6454
4632	6455
4633	6457
4634	6458
4635	6463
4596	6403
4595	6401
4594	6400
4600	6407
4599	6406
4598	6405
4597	6404
4602	6411
4601	6410
4605	6415
4604	6413
4603	6412
4608	6418
4609	6419
4606	6416
4607	6417
4610	6420
4611	6421
4613	6426
4614	6427
4612	6425
4615	6430
4616	6431
4657	6500
4658	6502
4654	6496
4656	6499
4655	6498
4661	6509
4660	6507
4659	6506
4664	6516
4665	6517
4662	6512
4663	6513
4670	6524
4671	6526
4666	6520
4667	6521
4668	6522
4669	6523
4641	6471
4640	6470
4639	6469
4638	6468
4637	6467
4636	6464
4643	6475
4642	6474
4649	6486
4647	6484
4648	6485
4646	6482
4644	6480
4645	6481
4652	6494
4653	6495
4650	6490
4651	6491
4548	6328
4549	6335
4544	6323
4543	6322
4542	6320
4547	6327
4546	6326
4545	6325
4538	6315
4537	6313
4541	6319
4539	6316
4540	6317
4532	6306
4530	6304
4531	6305
4535	6310
4536	6311
4533	6308
4534	6309
4526	6297
4525	6296
4527	6300
4529	6303
4528	6302
4519	6288
4521	6291
4520	6290
4522	6292
4524	6295
4523	6294
4512	6280
4513	6281
4514	6282
4515	6283
4516	6284
4517	6285
4518	6287
4506	6272
4507	6273
4508	6274
4509	6275
4510	6276
4511	6278
4593	6398
4592	6397
4591	6396
4590	6395
4589	6394
4588	6393
4587	6391
4586	6390
4585	6389
4584	6388
4583	6387
4582	6386
4581	6385
4580	6384
4579	6382
4577	6380
4578	6381
4575	6378
4576	6379
4574	6373
4573	6370
4572	6368
4569	6365
4571	6367
4570	6366
4566	6360
4568	6363
4567	6362
4564	6357
4563	6356
4565	6358
4561	6353
4560	6352
4562	6354
4557	6348
4558	6349
4559	6351
4555	6346
4556	6347
4552	6341
4553	6342
4554	6343
4550	6337
4551	6339
4458	6194
4459	6195
4460	6196
4462	6202
4463	6203
4461	6201
4466	6207
4464	6204
4465	6205
4448	6179
4447	6178
4446	6177
4451	6183
4450	6182
4449	6180
4454	6187
4453	6185
4452	6184
4457	6191
4456	6189
4455	6188
4433	6160
4434	6161
4435	6162
4436	6164
4437	6165
4438	6166
4439	6167
4440	6168
4441	6169
4442	6170
4443	6172
4444	6173
4445	6175
4423	6145
4425	6147
4424	6146
4427	6153
4426	6152
4429	6155
4428	6154
4430	6157
4432	6159
4431	6158
4498	6263
4496	6256
4497	6257
4504	6270
4505	6271
4502	6268
4503	6269
4500	6266
4501	6267
4499	6265
4491	6246
4490	6245
4489	6244
4488	6241
4487	6240
4495	6255
4494	6253
4493	6251
4492	6249
4481	6231
4478	6224
4479	6226
4480	6227
4485	6236
4486	6237
4482	6232
4483	6233
4484	6234
4471	6212
4472	6214
4468	6209
4467	6208
4470	6211
4469	6210
4475	6221
4477	6223
4476	6222
4473	6217
4474	6218
5022	7054
5021	7052
5019	7050
5020	7051
5018	7049
5016	7046
5017	7047
5014	7044
5015	7045
5012	7042
5013	7043
5011	7040
5030	7071
5029	7070
5028	7069
5027	7064
5026	7061
5025	7060
5024	7059
5023	7056
5039	7084
5040	7086
5041	7087
5037	7080
5038	7082
5035	7076
5036	7077
5031	7072
5032	7073
5033	7074
5034	7075
5050	7101
5049	7100
5052	7103
5051	7102
5046	7097
5045	7096
5048	7099
5047	7098
5043	7093
5044	7095
5042	7088
5061	7115
5059	7112
5060	7113
5062	7116
5055	7107
5053	7104
5054	7105
5057	7110
5058	7111
5056	7109
5072	7131
5071	7130
5070	7129
5069	7128
5074	7134
5073	7132
5065	7123
5064	7121
5063	7120
5068	7127
5067	7125
5066	7124
5079	7145
5080	7146
5081	7147
5075	7136
5076	7138
5077	7139
5078	7142
5086	7160
5088	7163
5087	7162
5089	7165
5082	7152
5084	7155
5083	7154
5085	7156
4937	6919
4936	6918
4935	6915
4934	6914
4933	6912
4943	6927
4942	6926
4941	6924
4940	6923
4939	6922
4938	6920
4948	6934
4949	6935
4946	6932
4947	6933
4945	6931
4944	6928
4954	6942
4955	6943
4952	6940
4953	6941
4951	6939
4950	6936
4959	6949
4956	6945
4958	6947
4957	6946
4962	6957
4964	6959
4963	6958
4960	6953
4961	6954
4967	6967
4965	6960
4966	6962
4971	6972
4972	6973
4973	6975
4968	6968
4969	6969
4970	6970
4975	6978
4974	6977
4979	6987
4978	6986
4977	6985
4976	6984
4981	6990
4980	6989
4984	6994
4985	6995
4982	6992
4983	6993
4988	6998
4989	6999
4986	6996
4987	6997
4992	7002
4993	7003
4990	7000
4991	7001
4995	7007
4994	7005
4997	7009
4996	7008
4998	7015
4999	7016
5000	7019
5002	7021
5001	7020
5003	7025
5004	7028
5005	7030
5006	7031
5007	7034
5008	7035
5009	7037
5010	7039
4864	6813
4863	6812
4866	6815
4865	6814
4861	6809
4862	6811
4859	6804
4860	6807
4857	6801
4856	6800
4858	6803
4854	6796
4855	6798
4851	6792
4852	6793
4853	6795
4847	6788
4848	6789
4849	6790
4850	6791
4843	6784
4844	6785
4845	6786
4846	6787
4885	6847
4884	6846
4883	6844
4882	6843
4881	6841
4880	6838
4879	6837
4878	6836
4877	6835
4876	6834
4875	6832
4874	6830
4873	6828
4871	6826
4872	6827
4870	6824
4869	6823
4868	6820
4867	6816
4905	6873
4904	6872
4907	6875
4906	6874
4908	6877
4910	6879
4909	6878
4898	6865
4900	6867
4899	6866
4902	6869
4901	6868
4903	6871
4891	6856
4892	6857
4893	6858
4894	6860
4895	6861
4896	6862
4897	6863
4886	6848
4887	6851
4888	6852
4889	6853
4890	6855
4930	6907
4929	6906
4928	6905
4927	6904
4932	6911
4931	6909
4923	6899
4922	6898
4921	6897
4926	6903
4925	6901
4924	6900
4918	6890
4916	6888
4917	6889
4920	6894
4919	6893
4912	6882
4913	6883
4911	6881
4915	6887
4914	6885
4769	6676
4770	6677
4771	6678
4772	6679
4766	6673
4767	6674
4768	6675
4777	6684
4778	6685
4779	6686
4780	6687
4773	6680
4774	6681
4775	6682
4776	6683
4758	6661
4759	6663
4756	6657
4755	6656
4757	6659
4763	6669
4765	6671
4764	6670
4761	6665
4760	6664
4762	6667
4793	6710
4791	6708
4792	6709
4790	6707
4799	6718
4800	6719
4797	6716
4798	6717
4796	6715
4794	6712
4795	6713
4786	6695
4785	6694
4784	6692
4783	6691
4782	6689
4781	6688
4789	6703
4788	6700
4787	6698
4813	6737
4814	6738
4815	6739
4816	6743
4817	6745
4818	6746
4819	6747
4820	6748
4821	6749
4802	6723
4801	6722
4804	6725
4803	6724
4805	6726
4807	6729
4806	6728
4809	6731
4808	6730
4810	6733
4812	6735
4811	6734
4834	6770
4835	6771
4837	6774
4838	6775
4836	6772
4839	6776
4840	6777
4842	6783
4841	6780
4824	6755
4823	6753
4822	6752
4827	6759
4826	6757
4825	6756
4830	6763
4829	6761
4828	6760
4833	6767
4832	6765
4831	6764
5400	7648
5401	7650
5404	7660
5405	7662
5402	7657
5403	7659
5407	7665
5406	7664
5409	7667
5408	7666
5412	7676
5414	7679
5413	7678
5410	7672
5411	7675
5383	7623
5381	7620
5382	7621
5379	7618
5380	7619
5378	7617
5388	7630
5389	7631
5387	7629
5385	7626
5386	7627
5384	7625
5393	7638
5392	7635
5391	7634
5390	7632
5399	7646
5398	7645
5397	7644
5396	7642
5395	7641
5394	7640
5361	7584
5362	7587
5363	7588
5364	7590
5365	7591
5366	7593
5367	7594
5368	7596
5369	7597
5371	7601
5370	7600
5373	7603
5372	7602
5375	7605
5374	7604
5377	7611
5376	7610
5339	7554
5338	7553
5342	7559
5340	7556
5341	7557
5344	7562
5345	7563
5343	7560
5347	7566
5348	7567
5346	7565
5350	7571
5349	7568
5354	7575
5353	7574
5352	7573
5351	7572
5357	7579
5356	7578
5355	7576
5360	7582
5359	7581
5358	7580
5326	7533
5325	7532
5328	7535
5327	7534
5323	7529
5322	7528
5324	7531
5321	7527
5320	7526
5318	7521
5319	7522
5336	7550
5337	7551
5335	7547
5331	7540
5332	7541
5333	7542
5334	7543
5329	7537
5330	7539
5308	7503
5307	7500
5306	7499
5305	7498
5304	7497
5303	7495
5302	7490
5301	7489
5300	7488
5317	7518
5315	7514
5316	7515
5314	7512
5312	7510
5313	7511
5310	7506
5311	7507
5309	7505
5285	7464
5286	7467
5287	7468
5288	7470
5281	7457
5280	7456
5283	7461
5282	7460
5284	7462
5295	7480
5296	7481
5297	7484
5298	7486
5299	7487
5289	7472
5290	7473
5291	7474
5292	7475
5293	7477
5294	7479
5265	7435
5264	7434
5263	7432
5268	7439
5267	7438
5266	7437
5261	7426
5260	7425
5262	7430
5276	7450
5277	7451
5278	7452
5279	7453
5271	7442
5272	7443
5269	7440
5270	7441
5274	7446
5275	7447
5273	7444
5255	7415
5254	7414
5253	7413
5252	7412
5251	7410
5250	7409
5249	7408
5259	7423
5258	7420
5257	7417
5256	7416
5241	7398
5239	7396
5240	7397
5237	7394
5238	7395
5248	7407
5246	7404
5247	7405
5244	7402
5245	7403
5242	7400
5243	7401
5230	7381
5229	7380
5231	7382
5235	7389
5236	7391
5233	7385
5232	7384
5234	7386
5220	7364
5221	7365
5222	7366
5223	7367
5218	7361
5219	7362
5227	7373
5228	7374
5224	7368
5225	7370
5226	7371
5210	7347
5209	7345
5208	7344
5212	7350
5211	7349
5216	7355
5215	7354
5214	7353
5213	7352
5217	7357
5200	7330
5199	7329
5202	7334
5203	7335
5201	7332
5205	7339
5204	7336
5207	7343
5206	7340
5191	7312
5192	7314
5193	7318
5195	7321
5194	7320
5196	7322
5198	7325
5197	7324
5180	7296
5181	7298
5182	7299
5183	7301
5184	7302
5185	7303
5186	7304
5187	7305
5188	7307
5189	7309
5190	7310
5178	7294
5179	7295
5176	7290
5177	7291
5175	7288
5174	7286
5173	7285
5171	7282
5172	7283
5169	7280
5170	7281
5168	7279
5167	7278
5166	7277
5165	7275
5164	7274
5163	7273
5162	7272
5161	7271
5160	7269
5159	7268
5158	7266
5155	7261
5156	7262
5157	7263
5153	7256
5154	7259
5149	7252
5150	7253
5151	7254
5152	7255
5145	7248
5146	7249
5147	7250
5148	7251
5142	7245
5144	7247
5143	7246
5140	7240
5141	7243
5138	7237
5137	7236
5139	7238
5135	7233
5136	7235
5131	7226
5130	7224
5133	7230
5134	7231
5132	7228
5124	7216
5125	7217
5128	7222
5129	7223
5126	7220
5127	7221
5120	7211
5119	7208
5123	7215
5122	7214
5121	7213
5116	7202
5115	7201
5118	7205
5117	7204
5110	7192
5111	7193
5112	7194
5113	7195
5114	7197
5103	7184
5104	7185
5105	7186
5106	7187
5107	7188
5108	7189
5109	7190
5097	7176
5099	7179
5098	7178
5100	7180
5102	7183
5101	7182
5091	7169
5090	7168
5093	7171
5092	7170
5095	7173
5094	7172
5096	7174
5543	7889
5545	7891
5544	7890
5546	7894
5548	7897
5547	7896
5531	7872
5532	7873
5533	7874
5534	7875
5535	7877
5536	7878
5537	7880
5538	7882
5539	7883
5540	7884
5541	7885
5542	7886
5504	7829
5506	7831
5505	7830
5503	7824
5511	7837
5510	7836
5513	7839
5512	7838
5507	7833
5509	7835
5508	7834
5495	7812
5496	7813
5497	7814
5498	7815
5493	7808
5494	7809
5500	7820
5501	7821
5502	7822
5499	7818
5525	7863
5524	7861
5523	7860
5522	7859
5521	7858
5520	7857
5530	7869
5529	7868
5528	7867
5527	7865
5526	7864
5515	7846
5516	7847
5514	7843
5519	7853
5517	7850
5518	7851
5469	7769
5470	7771
5471	7773
5472	7774
5464	7761
5465	7763
5466	7764
5467	7766
5468	7767
5458	7753
5460	7755
5459	7754
5461	7757
5463	7759
5462	7758
5457	7745
5456	7744
5489	7802
5490	7803
5488	7801
5492	7807
5491	7804
5485	7794
5483	7792
5484	7793
5487	7798
5486	7797
5480	7786
5479	7784
5482	7791
5481	7790
5475	7779
5474	7778
5473	7777
5478	7782
5477	7781
5476	7780
5430	7709
5431	7710
5432	7711
5428	7705
5429	7706
5426	7700
5427	7702
5423	7697
5424	7698
5425	7699
5422	7692
5420	7688
5421	7691
5417	7685
5419	7687
5418	7686
5416	7681
5415	7680
5455	7743
5453	7740
5454	7741
5451	7738
5452	7739
5450	7735
5448	7732
5449	7733
5446	7730
5447	7731
5445	7728
5444	7727
5443	7726
5442	7725
5441	7724
5440	7722
5439	7720
5438	7718
5437	7716
5436	7715
5435	7714
5434	7713
5433	7712
