4106	11151
4106	12377
4106	14326
4106	14327
4106	14328
4106	14329
4106	14330
4106	14331
4106	14332
4106	14333
4106	14334
4106	14336
4106	14337
4106	14338
4106	14339
4106	14340
4106	14341
4106	14344
4106	14345
4106	14346
4106	14348
4106	14350
4106	14352
4106	14353
4106	14358
4106	14359
4106	14361
4106	14362
4106	14363
11151	25080
11151	25100
14326	24922
14329	14330
14329	25249
14337	14338
14337	14339
14337	14358
14337	14359
14338	14339
14338	14358
14338	14359
14344	19018
14344	34954
14344	34955
14344	34956
14344	34957
14344	34958
14352	14353
14358	14359
34954	34955
34954	34956
34954	34957
34954	34958
34955	34956
34955	34957
34955	34958
34956	34957
34956	34958
