4013	8733
4014	27034
4015	14824
4016	14953
4017	32137
4018	32138
4019	32139
4020	32140
4021	14966
4022	15471
4023	34173
4024	20622
4025	25046
4026	25086
4027	25166
4028	26377
4029	27349
4030	31199
4031	31200
4032	31203
4033	31204
4034	31205
4035	31206
4036	31207
4037	31208
4038	31210
4039	31211
4040	31213
4041	31216
4042	31217
4043	31218
4044	31219
4045	31220
4046	31221
4047	31222
4048	31223
4049	31224
4050	31225
4051	31226
4052	31227
4053	31230
4054	31231
4055	31233
4056	31234
4057	31235
4058	31237
4059	31238
4060	31239
4061	31240
4062	31241
4063	31242
4064	31243
4065	31244
4066	31245
4067	31246
4068	35650
4069	35651
4070	35652
4071	35653
4072	35654
4073	35655
4074	35656
4075	31281
4076	35659
4077	35660
4078	39308
4079	39309
4080	39310
