8733	27034
14824	27034
14953	27034
14953	32137
14953	32138
14953	32139
14953	32140
14966	27034
15471	27034
15471	34173
20622	34173
25046	27034
25086	27034
25166	27034
26377	34173
27034	27349
27034	31199
27034	31200
27034	31203
27034	31204
27034	31205
27034	31206
27034	31207
27034	31208
27034	31210
27034	31211
27034	31213
27034	31216
27034	31217
27034	31218
27034	31219
27034	31220
27034	31221
27034	31222
27034	31223
27034	31224
27034	31225
27034	31226
27034	31227
27034	31230
27034	31231
27034	31233
27034	31234
27034	31235
27034	31237
27034	31238
27034	31239
27034	31240
27034	31241
27034	31242
27034	31243
27034	31244
27034	31245
27034	31246
31203	31204
31204	35650
31204	35651
31204	35652
31204	35653
31204	35654
31204	35655
31204	35656
31281	34173
31281	35659
31281	35660
34173	35659
34173	35660
34173	39308
34173	39309
34173	39310
35650	35651
35650	35652
35650	35653
35650	35654
35650	35655
35650	35656
35651	35652
35651	35653
35651	35654
35651	35655
35651	35656
35652	35653
35652	35654
35652	35655
35652	35656
35653	35654
35653	35655
35653	35656
35654	35655
35654	35656
35655	35656
35659	35660
35659	39308
35660	39308
