0	76
1	1374
2	1378
3	1386
4	1400
5	1417
6	1418
7	1440
8	1444
9	1446
10	1450
11	1456
12	1462
13	1480
14	1489
15	1497
16	1512
17	1518
18	1522
19	1530
20	1536
21	1540
22	1556
23	1557
24	1561
25	1577
26	1580
27	1582
28	1589
29	1610
30	1627
31	1636
32	1638
33	1644
34	1671
35	1694
36	1701
37	1715
38	1719
39	1724
40	1726
41	1731
42	1732
43	1733
44	1750
45	1751
46	1758
47	1766
48	1773
49	1774
50	1779
51	31360
52	31361
53	31363
54	31365
55	31367
56	31370
57	31371
58	31372
59	27819
60	31359
61	31362
62	27817
63	27818
64	27820
65	31364
66	31366
67	31368
68	31369
