543	3750
543	5916
543	14802
543	14803
543	14805
543	14808
543	14809
543	14813
543	14814
543	14821
543	14822
543	14827
543	14828
543	14829
543	14830
543	14836
543	14840
543	14841
543	14842
543	14846
543	14847
543	14848
543	14850
543	14852
543	14854
543	14859
543	14861
543	14862
543	14865
543	14868
543	14869
543	14870
543	14874
543	14875
543	14877
543	14878
543	14879
543	14883
543	14884
543	14885
543	14886
543	14891
543	14893
543	14895
543	14896
543	14897
543	14900
543	14909
543	14912
543	14919
543	14923
543	14924
543	14925
543	14926
543	14927
543	14928
543	14930
543	14936
543	14937
543	14938
543	14944
543	14945
543	14947
543	14949
543	14950
543	14955
543	14956
543	14958
543	14959
543	14960
543	14961
543	14962
543	14963
543	14967
543	14968
543	14970
543	14972
543	14978
543	14980
543	14981
543	14982
543	14983
543	14984
543	14989
543	14990
543	15000
543	15002
543	15003
543	15004
543	15005
543	15009
543	15012
543	15014
543	15016
543	15018
543	15023
543	15026
543	15027
543	15032
543	15033
543	15036
543	15037
543	15041
543	15043
543	15045
543	15046
543	15047
543	15048
543	15055
543	15057
543	15058
543	15059
543	15060
543	15062
14803	14808
14803	14984
14809	14924
14809	14925
14809	14926
14809	14927
14809	14989
14809	32677
14809	32678
14813	14936
14813	15037
14813	32730
14813	32731
14813	32732
14813	32733
14814	14878
14814	14879
14822	32716
14822	32717
14822	32718
14847	14926
14847	14989
14847	14990
14847	15012
14847	32678
14847	32726
14847	32727
14870	14883
14870	14884
14878	14879
14883	14884
14893	15033
14895	14896
14896	15027
14924	14925
14924	14926
14924	14927
14925	14926
14925	14927
14926	14927
14926	14989
14926	15012
14936	14961
14936	14962
14936	32730
14936	32731
14936	32732
14936	32733
14947	31318
14947	31319
14955	14956
14961	14962
14989	14990
14989	15012
14989	32677
14989	32678
14989	32726
14989	32727
15002	15003
15002	15004
15003	15004
15047	15048
31318	31319
32677	32678
32678	32726
32678	32727
32716	32717
32716	32718
32717	32718
32726	32727
32730	32731
32730	32732
32730	32733
32731	32732
32731	32733
32732	32733
