811	21638
811	21639
811	21640
811	21641
811	21642
811	21643
811	21644
811	21645
811	21646
811	21647
811	21648
811	21649
811	21650
811	21651
811	21652
811	21653
811	21654
811	21655
811	21661
811	21662
811	21663
811	21664
811	21665
811	21666
811	21667
811	21669
811	21670
811	21671
811	21672
811	21674
811	21675
811	21676
811	21677
811	21678
811	21679
811	21680
811	21681
811	21684
811	21685
811	21687
811	21688
811	21689
811	21692
811	21693
811	21694
811	21695
811	21696
811	21698
811	21699
811	21700
811	21702
811	21705
811	21706
811	21707
811	21708
811	21711
811	21712
811	21714
811	21722
811	21725
811	21726
811	21728
811	21729
811	21730
811	21731
811	21733
811	21734
811	21737
811	21738
811	21741
811	21742
811	21744
811	21745
811	21746
811	21747
811	21748
811	21749
811	21750
811	21753
811	21754
811	21759
811	21760
811	21761
811	21762
811	21763
811	21764
811	21767
811	21768
811	21769
811	21771
811	21772
811	21773
811	21775
811	21779
811	21781
811	21784
811	21786
811	21787
811	21788
811	21789
811	21790
811	21791
811	21792
811	21793
811	21794
811	21795
811	21796
811	21800
811	21801
811	21802
811	21803
811	21804
811	21805
811	21806
811	21807
811	21808
811	21809
811	21810
811	21811
811	21814
811	21816
811	21817
811	21819
811	21820
811	21826
811	21827
811	21830
811	21831
811	21834
811	21835
811	21837
811	21839
811	21841
811	21843
811	21844
811	21845
811	21846
811	21848
811	21849
811	21850
811	21851
811	21852
811	21853
811	21854
811	21855
811	21858
811	21859
811	21861
811	21863
811	21865
811	21866
811	21867
811	21868
811	21869
811	21871
811	21872
811	21873
811	21874
811	21877
811	21879
811	21881
811	21882
811	21883
811	21884
811	21885
811	21886
811	21887
811	21889
811	21890
811	21891
811	21892
811	21893
811	21894
811	21895
811	21896
811	21897
811	21898
811	21899
811	21900
811	21901
811	21902
811	21903
811	21908
811	21911
811	21913
811	21915
811	21916
811	21917
811	21918
811	21919
811	21920
811	21921
811	21923
811	21924
811	21926
811	21927
811	21928
811	21929
811	21930
811	21933
811	21934
811	21935
811	21939
811	21940
811	21942
811	21943
811	21944
811	21945
811	21947
811	21948
811	21949
811	21950
811	21951
811	21952
811	21953
811	21954
811	21955
811	21957
811	21958
811	21959
811	21960
811	21961
811	21962
811	21963
811	21964
811	21965
811	21967
811	21968
811	21969
811	21970
811	21971
811	21972
811	21974
811	21975
811	21977
811	21978
811	21979
811	21980
811	21981
811	21983
811	21984
811	21985
811	21986
811	21988
811	21989
811	21991
811	21992
811	21993
811	21994
811	21995
811	21996
811	21997
811	21998
811	22000
811	22001
811	22002
811	22003
811	22004
811	22005
811	22006
811	22008
811	22009
811	22011
811	22012
811	22013
811	22014
811	22016
811	22017
811	22019
811	22020
811	22021
21669	21670
21669	21671
21670	21671
21675	21676
21675	21677
21675	21678
21676	21677
21676	21678
21677	21678
21714	29227
21714	29228
21728	21729
21768	21769
21787	21788
21803	33518
21804	21805
21809	21958
21841	33568
21841	33569
21848	21849
21863	33566
21863	33567
21971	21972
21995	33478
21995	33479
21995	33480
21997	21998
22017	33519
22017	33520
22017	33521
22017	33522
29228	31780
29228	31781
29228	31782
31780	31781
33478	33479
33478	33480
33479	33480
33519	33520
33519	33521
33519	33522
33520	33521
33520	33522
33521	33522
33566	33567
33568	33569
