11769	17596
11769	17598
11769	21924
11769	21925
11769	28369
11769	28508
11769	28586
11769	38225
11769	38226
11769	38227
11769	38230
11769	38231
11769	38232
11769	38233
11769	38234
11769	38237
11769	38239
11769	38240
11769	38241
11769	38242
11769	38243
17582	28491
17582	28519
17582	28591
17582	38227
17582	39955
17582	39956
17582	39957
17582	39958
17582	39959
17612	28508
17612	40064
17612	40065
17612	40066
17612	40067
17612	40068
17612	40069
21924	21925
21924	21932
21924	22215
21924	22216
21924	22217
21924	22228
21924	22271
22215	22216
22215	22217
22216	22217
28146	28266
28146	28519
28266	28321
28266	28342
28266	28519
28266	39969
28491	28519
28491	39956
28491	39958
28491	39959
28508	38242
28519	39956
28519	39958
28519	39959
38226	38227
38227	39955
38227	39977
39955	39977
39956	39957
39956	39958
39956	39959
39958	39959
40064	40065
40064	40066
40064	40067
40064	40068
40064	40069
40065	40066
40065	40067
40065	40068
40065	40069
40066	40067
40066	40068
40066	40069
40067	40068
40067	40069
40068	40069
