66	221
67	8817
68	8818
69	8819
70	8823
71	8824
72	8826
73	8829
74	8830
75	8833
76	8834
77	8835
78	8838
79	8841
80	8842
81	8845
82	8846
83	8847
84	8849
85	8850
86	8851
87	8852
88	8853
89	8854
90	8855
91	8858
92	8861
93	8862
94	8863
95	8864
96	8865
97	8866
98	8867
99	8869
100	8870
101	8871
102	8872
103	8873
104	8874
105	8875
106	8876
107	8877
108	8878
109	8879
110	8881
111	8883
112	8884
113	8885
114	8886
115	8887
116	8889
117	8892
118	8893
119	8896
120	8897
121	8898
122	8901
123	8902
124	8903
125	8904
126	8907
127	8908
128	8912
129	8914
130	8916
131	8917
132	8921
133	8922
134	8929
135	8930
136	8935
137	8938
138	8939
139	8940
140	8942
141	8944
142	8946
143	8947
144	8948
145	8949
146	8950
147	8954
148	8955
149	8959
150	8964
151	8968
152	8969
153	8974
154	11790
155	11791
156	11792
157	11793
158	11794
159	13908
160	13909
161	13910
162	11645
