679	3515
679	7769
679	15268
679	15285
679	15300
679	15308
679	15329
679	15335
679	15336
679	15337
679	15338
679	15339
679	15343
679	15349
679	15352
679	15400
679	15628
679	15666
679	21586
679	22539
679	22540
679	22541
679	22542
679	22543
679	22544
679	22545
679	22546
679	22547
679	22549
679	22550
679	22551
679	22552
679	22554
679	22555
679	22556
679	22557
679	22558
679	22559
679	22562
679	22563
679	22565
679	22566
679	22567
679	22568
679	22569
679	22574
679	22575
679	22577
679	22578
679	22579
679	22580
679	22581
679	22582
679	22584
679	22585
679	22587
679	22588
679	22589
679	22590
679	22591
679	22592
679	22593
679	22594
679	22595
679	22596
679	22598
679	22599
679	22600
679	22602
679	22604
679	22605
679	22606
679	22607
679	22608
679	22609
679	22611
679	22612
679	22613
679	22614
679	22615
679	22618
679	22619
679	22620
679	22621
679	22622
679	22623
679	22624
679	22625
679	22626
679	22627
679	22628
679	22629
679	22630
679	22631
679	22632
679	22633
679	22634
679	22635
679	22637
679	22638
679	22639
679	22641
679	22642
679	22643
679	22644
679	22654
15327	15559
15327	15560
15327	15561
15335	15336
15335	15337
15335	15338
15335	15339
15336	15337
15336	15338
15336	15339
15337	15338
15337	15339
15338	15339
15559	15560
15559	15561
15559	22551
15559	22565
15559	22578
15559	22623
15559	29964
15559	29978
15559	29979
15559	29985
15559	30042
15559	30110
15559	30111
15559	31167
15559	31185
15560	15561
15560	22551
15560	22578
15560	22623
15560	29964
15560	29978
15560	29979
15560	29980
15560	29981
15560	29985
15560	30110
15560	30259
15560	30386
15560	30387
15560	30388
15560	30389
15560	31167
15560	31168
15560	31169
15560	31185
15560	31504
15560	31505
15666	15667
15666	15668
15666	22574
15666	22575
15667	15668
22544	31500
22546	31496
22549	31497
22549	31498
22549	31499
22551	22565
22551	22578
22551	22623
22551	29978
22551	29979
22551	29980
22551	29981
22551	29985
22551	30403
22551	31167
22551	31185
22552	22633
22552	31501
22552	31502
22554	22594
22554	31490
22554	31491
22554	31492
22557	31585
22557	31586
22557	31587
22557	31588
22557	31589
22557	31590
22557	31591
22557	31592
22562	30052
22562	30053
22562	30054
22565	22623
22565	29979
22565	29985
22565	30042
22565	30110
22565	30111
22565	30403
22574	22575
22578	29978
22578	29979
22578	29980
22578	29981
22578	30729
22578	31167
22578	31185
22581	31582
22581	31583
22581	31584
22589	30729
22589	30730
22594	31490
22594	31491
22594	31492
22596	29322
22596	29323
22596	29324
22623	29964
22623	29978
22623	29979
22623	29985
22623	30042
22623	30110
22623	30111
22623	30729
22623	31493
22623	31494
22623	31495
22626	22627
22626	22628
22626	22629
22626	22630
22627	22628
22627	22629
22627	22630
22628	22629
22628	22630
22629	22630
22633	31501
22633	31502
29324	33312
29324	33313
29324	33314
29964	29965
29964	29979
29964	29985
29964	30729
29964	31493
29964	31506
29964	31507
29965	29979
29965	30729
29965	31493
29978	29979
29978	29980
29978	29981
29978	30110
29978	30259
29978	30729
29978	31167
29978	31168
29978	31169
29978	31185
29978	31493
29978	31494
29978	31495
29979	29980
29979	29981
29979	29985
29979	30042
29979	30110
29979	30111
29979	30403
29979	30729
29979	31167
29979	31169
29979	31185
29979	31493
29979	31494
29979	31495
29979	31504
29979	31505
29980	29981
29980	29985
29980	30042
29980	30264
29980	30265
29980	30266
29980	30729
29980	31185
29985	30042
29985	30110
29985	30111
29985	30403
29985	31506
29985	31507
30042	30403
30052	30053
30052	30054
30053	30054
30054	31555
30054	31556
30110	30111
30110	30259
30110	31167
30110	31168
30110	31169
30110	31504
30110	31505
30259	31167
30259	31168
30259	31169
30264	30265
30264	30266
30265	30266
30386	30387
30386	30388
30386	30389
30387	30388
30387	30389
30388	30389
30729	30730
30729	31185
30729	31493
30729	31494
30729	31495
31167	31168
31167	31169
31167	31185
31168	31169
31168	31648
31168	31649
31168	31650
31168	31651
31168	31652
31168	31653
31169	31504
31169	31505
31490	31491
31490	31492
31490	31548
31491	31492
31491	31548
31492	31548
31493	31494
31493	31495
31494	31495
31497	31498
31497	31499
31498	31499
31501	31502
31504	31505
31506	31507
31555	31556
31582	31583
31582	31584
31583	31584
31585	31586
31585	31587
31585	31588
31585	31589
31586	31587
31586	31588
31586	31589
31587	31588
31587	31589
31587	31590
31587	31591
31587	31592
31588	31589
31589	31590
31589	31591
31589	31592
31590	31591
31590	31592
31591	31592
31648	31649
31648	31650
31648	31651
31648	31652
31648	31653
31649	31650
31649	31651
31649	31652
31649	31653
31650	31651
31650	31652
31650	31653
31651	31652
31651	31653
31652	31653
