67	598
68	15659
69	15673
70	21610
71	22669
72	22670
73	22671
74	22674
75	22675
76	22676
77	22677
78	22683
79	22684
80	22685
81	22686
82	22687
83	22688
84	22689
85	22694
86	22695
87	22697
88	22698
89	22701
90	22702
91	22703
92	22704
93	22706
94	22709
95	22710
96	22712
97	22713
98	22714
99	22715
100	22716
101	22717
102	22721
103	22726
104	22727
105	22728
106	22729
107	22731
108	22732
109	22735
110	22738
111	22741
112	22743
113	22744
114	22745
115	22746
116	22747
117	22748
118	22749
119	22750
120	22752
121	22755
122	22757
123	22758
124	22759
125	22763
126	22765
127	22766
128	22767
129	22768
130	22769
131	22773
132	22774
133	22775
134	22776
135	22777
136	22778
137	22780
138	22781
139	22782
140	22783
141	22784
142	22785
143	22786
144	22788
145	22789
146	22790
147	22791
148	22792
149	22793
150	22796
151	22797
152	22798
153	27517
154	27524
155	27525
156	27526
157	27527
158	27528
159	27529
160	27530
161	27545
162	27518
163	27519
164	27520
165	27521
166	27522
