598	15659
598	15673
598	21610
598	22669
598	22670
598	22671
598	22674
598	22675
598	22676
598	22677
598	22683
598	22684
598	22685
598	22686
598	22687
598	22688
598	22689
598	22694
598	22695
598	22697
598	22698
598	22701
598	22702
598	22703
598	22704
598	22706
598	22709
598	22710
598	22712
598	22713
598	22714
598	22715
598	22716
598	22717
598	22721
598	22726
598	22727
598	22728
598	22729
598	22731
598	22732
598	22735
598	22738
598	22741
598	22743
598	22744
598	22745
598	22746
598	22747
598	22748
598	22749
598	22750
598	22752
598	22755
598	22757
598	22758
598	22759
598	22763
598	22765
598	22766
598	22767
598	22768
598	22769
598	22773
598	22774
598	22775
598	22776
598	22777
598	22778
598	22780
598	22781
598	22782
598	22783
598	22784
598	22785
598	22786
598	22788
598	22789
598	22790
598	22791
598	22792
598	22793
598	22796
598	22797
598	22798
22669	22670
22676	22677
22677	22702
22688	22689
22688	27517
22694	22695
22726	22727
22726	22728
22726	22784
22726	22785
22727	22728
22727	22784
22727	22785
22728	22784
22728	22785
22744	22745
22744	22746
22745	22746
22747	22748
22747	22749
22748	22749
22759	22792
22766	22767
22766	22768
22766	22769
22767	22768
22767	22769
22768	22769
22773	27524
22773	27525
22773	27526
22773	27527
22773	27528
22773	27529
22773	27530
22784	22785
22793	27545
27517	27518
27517	27519
27517	27520
27517	27521
27517	27522
27524	27525
27524	27526
27524	27527
27524	27528
27524	27529
27524	27530
27525	27526
27525	27527
27525	27528
27525	27529
27525	27530
27526	27527
27526	27528
27526	27529
27526	27530
27527	27528
27527	27529
27527	27530
27528	27529
27528	27530
27529	27530
