60
88354
0
0
0
0
0
0
52
0
62
0
18
4
6
30
16
2
6
0
4
0
8
0
118
26
4
12
0
2
80
0
12
0
10
2
10
4
2
0
60
0
0
6
12
0
8
0
22
2
0
6
2
4
2
4
2
2
126
24
4
0
2
2
14
22
4
188
0
0
0
2
2
14
52
66
8
60
2
2
4
14
4
2
144
2
6
0
2
2
12
8
4
6
98
200
40
8
164
2
0
0
2
0
32
2
6
4
296
12
0
4
26
0
2
0
10
0
64
0
4
52
0
2
0
64
50
0
0
30
0
24
2
16
10
0
2
98
0
10
30
4
180
6
20
38
2
6
2
18
16
6
22
50
4
106
2
2
106
24
0
0
4
20
24
0
0
0
6
4
4
12
10
2
6
78
2
14
4
0
36
0
0
8
2
0
0
4
2
8
0
0
50
0
8
8
20
6
58
122
0
16
2
0
2
12
2
14
6
140
30
4
0
6
2
2
4
2
4
0
6
20
12
2
0
0
0
0
4
2
2
0
2
2
8
74
4
0
62
4
0
24
56
78
8
2
8
8
14
36
10
0
2
46
0
38
58
4
32
34
16
64
2
14
4
2
0
0
2
2
0
0
2
2
0
0
6
2
30
0
0
0
0
12
6
48
2
16
0
0
316
76
2
0
0
0
226
28
0
28
4
2
14
0
0
2
70
0
2
168
106
0
36
0
28
0
0
2
0
2
20
0
0
0
0
0
8
2
2
0
22
2
2
2
2
2
6
4
8
14
52
0
60
6
74
8
4
62
0
6
2
0
4
0
88
0
0
2
10
0
4
0
8
2
2
2
52
6
0
8
32
0
2
2
28
12
0
2
44
8
6
2
0
0
0
0
0
2
8
60
4
6
22
26
0
4
2
2
0
0
94
10
2
0
0
6
6
6
2
2
6
2
4
10
0
0
14
6
10
2
0
2
2
0
0
2
0
66
2
2
6
2
2
2
0
6
10
40
0
2
6
2
4
4
2
48
2
20
2
12
0
2
2
2
22
2
0
12
0
2
2
2
12
0
2
2
2
2
0
8
2
0
6
4
14
4
0
10
14
0
0
0
0
0
12
56
0
0
0
0
2
2
4
2
2
0
2
0
8
2
6
0
2
2
12
2
0
2
6
0
114
0
0
2
6
46
0
0
2
26
2
8
0
2
2
0
2
306
190
12
2
0
70
2
2
12
0
12
12
2
0
28
0
6
0
2
0
0
0
0
0
12
2
2
2
0
2
4
6
2
10
0
6
12
2
2
2
2
8
2
4
6
0
2
2
4
12
10
2
2
0
0
0
0
0
0
0
2
0
2
2
2
2
2
0
2
2
6
0
0
6
12
6
0
6
14
0
0
0
2
2
2
2
2
2
2
22
0
0
6
4
0
0
2
2
6
0
12
18
0
0
0
0
0
0
0
0
0
0
0
2
26
0
6
0
16
16
0
0
12
12
0
0
0
0
0
0
0
0
0
0
0
0
0
0
0
0
0
0
0
0
0
0
0
0
0
0
0
0
0
0
0
0
0
0
0
0
0
0
0
0
0
0
0
0
0
0
0
0
0
0
0
0
0
0
0
0
0
0
0
0
0
0
0
0
0
0
0
0
0
0
0
0
0
0
0
0
0
0
0
0
0
0
0
0
0
0
0
0
0
0
0
0
0
0
0
0
0
0
0
0
0
0
0
0
0
0
0
0
0
0
0
0
0
0
0
0
0
0
0
0
0
0
0
0
0
0
0
0
0
0
0
0
0
0
0
0
0
0
0
0
0
0
0
0
0
0
0
0
0
0
0
0
0
0
0
0
0
0
0
0
0
0
0
0
0
0
0
0
0
0
0
0
0
0
0
0
0
0
0
0
0
0
0
0
0
0
0
0
0
0
0
0
0
0
0
0
0
0
0
0
0
0
0
0
0
0
0
0
0
0
0
0
0
0
0
0
0
0
0
0
0
0
0
0
0
0
0
0
0
0
0
0
0
0
0
0
0
0
0
0
0
0
0
0
0
0
0
0
0
0
0
0
0
0
0
0
0
0
0
0
0
0
0
0
0
0
0
0
0
0
0
0
0
0
0
0
0
0
0
0
0
0
0
0
0
0
0
0
0
0
0
0
0
0
0
0
0
0
0
0
0
