1377	1378
1377	1379
1377	1380
1377	1381
1377	1382
1377	1517
1377	1383
1377	1385
1377	1384
1378	1407
1378	1627
1378	1620
1378	1594
1378	1429
1378	1615
1378	1576
1378	1662
1378	1887
1378	1454
1378	1703
1378	1436
1378	1638
1379	1485
1380	1485
1381	1485
1378	1632
1378	1691
1378	1655
1382	1485
1378	1532
1517	1586
1517	1743
1517	1518
1517	1620
1517	1686
1517	1519
1383	1485
1385	1584
1385	1503
1385	1594
1385	1437
1385	1386
1385	1412
1385	1434
1385	1455
1385	1440
1378	1385
1378	1455
1378	1626
1384	1485
1378	2040
1378	1390
1378	1423
1378	1404
1378	1939
1378	1539
1378	1541
1378	1516
1378	1877
1584	1625
1584	1633
1584	1871
1584	1861
1584	1716
1378	2103
1378	1584
1378	1625
1378	1685
1378	1669
1378	1566
1378	2071
1378	1871
1378	1572
1503	2067
1503	1634
1503	1967
1503	2103
1503	2108
1503	2122
1503	2138
1503	2155
1503	2159
1503	1504
1378	1434
1378	2197
1378	1587
1378	2031
1378	2123
1378	2125
1378	2223
1378	2001
1594	2030
1594	1641
1594	1740
1594	2057
1594	1676
1594	2064
1594	1915
1594	1683
1594	2102
1594	2123
1594	2154
1594	1920
1594	2210
1594	1682
1594	2255
1594	1677
1594	1643
1378	2030
1378	1439
1378	1782
1378	1440
1378	2088
1437	2034
1437	1879
1437	1669
1437	1595
1437	1676
1437	1820
1437	2022
1437	1871
1437	1870
1437	2141
1437	1861
1437	2142
1437	2143
1437	2144
1437	2145
1437	2146
1437	2147
1437	2148
1386	1475
1378	1633
1378	1553
1378	1940
1378	2213
1412	1584
1412	1437
1412	1641
1412	1740
1412	1676
1412	1683
1412	2100
1412	2102
1412	2103
1412	1774
1412	1677
1412	2259
1412	1571
1378	1412
1378	1664
1378	1707
1378	1403
1378	1741
1378	1743
1378	1619
1434	1514
1434	2078
1434	2083
1434	2131
1434	1877
1434	2132
1434	2133
1434	1456
1434	2134
1434	2135
1434	1746
1378	1437
1378	1879
1378	2022
1378	2028
1378	2131
1378	2037
1378	1642
1455	2028
1455	1625
1455	1626
1455	2153
1455	1709
1378	1832
1378	1578
1378	1802
1378	2265
1440	1633
1440	1744
1440	1474
1440	1973
1440	1466
1440	1967
1440	2095
1440	2121
1440	2128
1440	1755
1440	1968
1440	1498
1440	2152
1440	2153
1440	1500
1378	2059
1378	2094
1378	1452
1378	1790
1378	1898
1378	2104
1378	1459
1378	1489
1378	2180
1378	2212
1378	1812
1378	1595
1378	1727
1378	1710
2028	2031
2028	2114
2028	2131
2028	2135
2028	2160
2028	2177
2028	2180
2028	2183
1378	2052
1378	2227
2029	2040
2029	2045
2029	2049
2029	2109
1378	2029
1378	1861
1378	2147
1378	2179
1378	2294
1378	2296
1378	2306
1625	1685
1625	1633
1625	1669
1625	1882
1625	2070
1625	1705
1625	1703
1625	2083
1625	1871
1625	1830
1625	2100
1625	1783
1625	1877
1685	2070
1685	1871
1685	1739
1685	2118
1685	2163
1378	2033
1378	1409
1378	2060
1378	2081
1378	1838
1378	1411
1378	2138
1378	2175
1378	2275
2030	2031
2030	2032
2030	2097
2030	2114
2030	2123
2030	2124
2030	2125
2030	2223
2030	2224
1378	1653
1378	1649
2031	2036
2031	2079
2031	2083
2031	2126
2031	2130
2031	2157
2031	2158
2031	2160
2031	2163
2031	2173
2031	2177
2031	2223
2031	2224
2031	2317
1378	1579
1378	1726
1378	2046
1378	1934
1378	2165
1378	1463
1378	1990
1378	2238
1378	1778
1378	2258
1378	1988
1378	2099
1378	2202
2032	2120
2032	2123
2032	2125
1378	1520
1378	1415
1378	1713
1378	1592
1378	2230
1378	1506
2033	2062
2033	2138
1520	1594
1520	2033
1520	2042
1520	1740
1520	2064
1520	1713
1520	1609
1520	1587
1520	1521
1378	1844
1378	1734
1641	2029
1641	2042
1641	1740
1641	1676
1641	2062
1641	2064
1641	2102
1641	2162
1641	2184
1641	1682
1641	1684
1378	2032
1378	1751
1378	1967
1378	2079
1378	2140
1378	2051
1378	2077
1378	2078
1378	2080
1378	2084
1378	1511
1378	2172
1378	1426
1378	2065
1378	1855
1378	2113
1378	1828
1378	2112
1378	1717
1378	1903
1378	2153
1378	2156
1378	1969
1378	1970
1378	1842
2034	2036
2034	2061
2034	2078
2034	2089
2034	2097
2034	2117
2034	2155
2034	2156
2034	2159
2034	2163
2034	2176
2034	2234
2034	2236
1457	1584
1457	2031
1457	2034
1457	1491
1457	1973
1457	1484
1457	1967
1457	2120
1457	2122
1457	1809
1457	1782
1457	1870
1457	2144
1457	2145
1457	1498
1457	2153
1457	1709
1457	2157
1457	2158
1457	1969
1457	2159
1457	2160
1457	2163
1457	2186
1457	2217
1457	1890
1378	2070
1378	1514
1378	1747
1378	1689
1378	1678
1378	1491
1378	1421
1378	2096
1378	1846
1443	2046
1443	1837
1443	1588
1443	1660
1443	1445
1443	1446
1443	1533
1443	2242
1443	2244
1443	2259
1443	1543
1443	1544
1491	2030
1491	2032
1491	2037
1491	1642
1491	1622
1491	2083
1491	2126
1491	1809
1491	1588
1491	1709
1491	1846
1491	2217
1491	1492
1389	1625
1389	2031
1389	1882
1389	1393
1389	1423
1389	2108
1389	1478
1389	1605
1389	1673
1516	2071
1516	1830
1516	1572
1516	1802
1516	1747
1516	1689
1516	2265
1516	1574
1516	1577
1516	1580
1378	2063
1378	1765
1378	2098
1378	1891
1633	2035
1633	1973
1633	1703
1633	1830
1633	2106
1633	2153
1633	2158
1633	2243
1378	1847
1378	1708
1378	2120
1378	1474
1378	1441
1378	2121
1378	1682
1378	1882
1378	1561
1378	2111
1378	2190
1378	1663
1378	1387
1378	1503
1378	1443
1378	2106
1378	2108
1378	1442
1378	1660
1378	2157
1378	1830
1378	1755
1378	2247
1378	1676
1378	1646
1378	2162
1378	1641
1378	1920
2035	2083
2035	2164
2035	2208
2035	2226
2035	2247
2035	2279
2035	2305
2035	2308
2035	2314
1406	1744
1406	2047
1406	1934
1406	2053
1406	2059
1406	1898
1406	1483
1406	1540
1406	1611
1406	2165
1406	2169
1406	2174
1406	2189
1406	1534
1744	2054
1744	2055
1744	1867
1744	1869
1744	2086
1744	2169
1744	1868
1744	2256
1744	1850
1378	2034
1378	2036
1378	2069
1378	1610
1378	1636
1378	2114
1378	2117
2036	2037
2036	2077
2036	2079
2036	2083
2036	2117
2036	2146
2036	2157
2036	2159
2036	2173
2036	2296
1378	2045
1378	1545
1378	1637
1378	1849
1378	2130
1378	2139
1378	1453
1378	2240
1378	1493
1378	2090
1378	2101
1378	1639
1378	2154
1378	1735
1378	1720
1378	2097
1474	1579
1474	1595
1474	1566
1474	1767
1474	2109
1474	1572
1474	1722
1474	2121
1474	2244
1474	1668
1378	1613
1378	2086
1378	2181
1378	2184
1378	1764
1378	1431
1378	1488
1378	1607
1378	1897
1378	2027
1378	2048
1378	1466
1378	1482
1378	2092
1378	1414
1378	2068
1378	1930
1378	1606
1378	2233
1378	1910
1879	2022
1879	2142
1879	2223
1879	2236
1879	2241
1879	2280
1879	2290
1879	2295
1879	2296
1879	2318
1378	2122
1378	1837
1378	1549
1378	2191
1378	2283
1388	1704
1388	2150
1388	2151
1378	1468
1378	1391
1378	2049
1378	1509
1378	2255
1378	2042
1378	2091
1378	1784
1378	1513
1378	1498
1378	2116
1378	2221
1378	1752
1378	2304
1378	1750
1378	1399
1378	2146
1378	2148
1378	2155
1378	2215
1378	2222
1378	2095
1378	1609
1378	2167
1378	1529
1378	2260
1378	1621
1378	2102
1378	2128
1378	1583
1378	1458
1378	2062
1378	1900
1378	2144
1378	2159
1378	1451
1378	1704
1378	2150
1378	2151
1378	1744
1378	1533
1378	2017
1415	2042
1415	2062
1415	1713
1415	1726
1415	1587
1973	2035
1973	2036
1973	2077
1973	2079
1973	2134
1973	2153
1973	2157
1973	2158
1973	2159
1973	2164
1973	2288
1378	1807
1378	1560
2037	2090
2037	2123
2037	2125
2037	2128
1484	1625
1484	1973
1484	2133
1484	1890
1484	2266
1484	1582
1378	1461
1378	2243
1378	2055
1378	1867
1378	2127
1458	2029
1458	2041
1458	2045
1458	1941
1458	1740
1458	1676
1458	1741
1458	2093
1458	1844
1458	1886
1513	1653
1513	1595
1513	1649
1513	1714
1513	1550
1513	2095
1513	2096
1513	2099
1513	2167
1513	1529
1409	1437
1409	1412
1409	2059
1409	2060
1409	1834
1409	2061
1409	2100
1409	1431
1409	2185
1409	1606
1409	2275
1717	2028
1717	2187
1717	1726
1717	2214
1717	1735
1717	1720
1717	2230
1717	2264
1717	2278
1717	1729
1717	1721
1717	2303
1717	1718
1378	1709
1378	1721
1378	1941
1378	2188
1378	2041
1378	1508
1378	1430
1669	1685
1669	1882
1669	2041
1669	1849
1669	1739
1669	2133
1669	2141
1882	2041
1882	2190
1882	2293
1378	2136
1378	2152
1378	2173
1378	1818
1378	1813
1378	1757
1378	2053
1378	2054
1378	2196
1378	1599
1378	2193
1579	2088
2038	2044
2038	2050
2038	2069
2038	2105
2038	2192
2038	2229
2038	2276
2039	2067
2039	2137
2039	2142
2039	2147
2039	2223
2039	2242
2039	2294
2039	2295
2039	2296
2039	2306
2039	2307
2039	2317
2039	2318
1378	2038
1378	2082
1378	1992
1378	2124
1378	1719
1653	2065
1653	2067
1653	1703
1653	2099
1653	1900
1653	2167
1653	2220
1653	1831
1378	1774
2040	2045
2040	2048
2040	2063
2040	2091
1903	2051
1903	2052
1903	1939
1903	2081
1903	2099
1903	2116
1903	2232
1378	1402
1378	2087
1378	2168
1378	1450
1378	1605
1595	1633
1595	1653
1595	2041
1595	2099
1595	2122
1595	1861
1595	1727
1595	1645
1595	1652
1595	1690
1378	2169
1391	2046
1391	2048
1391	1466
1391	1609
1391	1527
1391	2255
1378	2047
1378	1530
2041	2047
2041	2050
2041	2060
2041	2210
1378	2228
1378	2281
1378	2282
2042	2050
2042	2062
2042	2169
2042	2184
1600	2038
1600	2040
1600	2044
1600	2045
1600	2069
1600	2090
1600	1610
1600	2105
1600	2110
1600	1773
1600	2192
1600	2276
1600	2281
1600	1602
1600	1925
1378	1389
1378	1714
1378	1896
1378	1991
1378	1551
1378	1393
1378	1740
1378	1928
1378	1645
1392	2043
1392	2047
1392	1397
1392	2053
1392	1395
1392	2181
1392	1640
1392	1928
1392	1902
1378	1392
1378	1397
1378	1978
1378	2050
1378	1674
2043	2044
2043	2053
2043	2058
2043	2106
2043	2110
2043	2119
2043	2196
2043	2228
2043	2229
1428	2038
1428	1600
1428	2043
1428	2044
1428	2050
1428	2058
1428	2069
1428	1547
1428	1610
1428	2105
1428	2110
1428	2124
1428	1467
1428	2192
1428	2229
1428	1551
1428	1581
1428	1925
1378	2066
2044	2058
2044	2069
2044	2105
2044	2110
2044	2124
2044	2192
2044	2229
1378	1907
1378	1851
1378	1767
1378	2105
1378	2210
1378	1417
1378	1724
1378	1826
1378	1622
1378	2109
1378	2061
1378	2185
1378	2274
1378	2129
1378	2183
1378	1773
1839	2040
1839	2045
1839	1842
1839	2081
1839	2087
1839	2170
1390	1458
1390	1409
1390	2040
1390	1600
1390	1839
1390	2045
1390	2049
1390	1842
1390	1431
1390	1773
1390	1844
1390	1757
1390	1599
2045	2063
2045	2093
2045	2109
2045	2259
1378	1839
1378	2118
1378	2244
1378	2166
1378	2039
1378	2163
1378	1785
1378	2307
1378	2057
1378	1950
1941	2029
1941	2046
1941	2111
1941	2188
1941	2209
2046	2053
2046	2093
2046	2095
2046	2167
2046	2170
2046	2189
2046	2192
2046	2197
2046	2202
2046	2209
2046	2219
2046	2293
2047	2052
2047	2066
2047	2068
2047	2113
2047	2210
2047	2255
1378	1805
1378	2149
2048	2049
2048	2068
2048	2092
2048	2112
2048	2255
1740	2041
1740	2042
1740	2062
1740	1900
1740	2143
1740	2162
1740	1920
1740	1774
1378	1834
1378	1933
1378	1679
1378	1585
1378	2287
1397	2042
1397	2043
1397	1561
1397	2064
1397	2101
1397	1410
1397	1609
1397	1469
1397	1978
1397	2165
1397	2166
1397	1463
1397	2167
1397	1530
1397	1990
1397	2210
1397	1678
1397	1605
1397	1617
1397	1902
2049	2289
1378	1540
1378	2246
1378	1523
1378	1951
2050	2053
2050	2105
2050	2110
2050	2210
2050	2232
1934	2041
1934	2043
1934	2053
1934	2058
1934	1978
1934	2201
1934	2238
1934	1991
1430	2065
1430	1818
1430	1592
1430	2106
1430	2113
1430	2187
1430	1897
1430	1536
1430	1738
1378	2195
1649	1653
1649	1903
1649	2065
1649	2067
1649	1714
1649	2099
1649	1900
1649	2167
1649	2275
1649	1651
1649	1671
1842	2040
1842	2041
1842	1867
1842	2117
1842	2121
1842	2190
1842	2281
1393	1625
1393	1834
1393	2061
1393	1818
1393	1838
1393	1789
1393	2240
1393	2265
1423	1814
1423	1737
1423	1539
1423	1541
1423	1465
1423	2089
1423	2191
1423	1825
1378	1742
1378	2056
1378	2293
1378	2201
1566	1625
1566	1685
1566	1903
1566	2043
1566	2051
1566	2058
1566	2067
1566	1871
1566	1992
1566	1674
1566	2119
1566	1829
1566	2150
1566	2196
1566	2228
1566	1868
1566	1859
1378	1483
1378	1600
1378	1526
1378	1677
1378	2259
2051	2052
2051	2080
2051	2081
2051	2096
2051	2113
2051	2124
2051	2125
2051	2227
2051	2261
2052	2065
2052	2087
2052	2113
2052	2116
2052	2221
2052	2259
2053	2068
2053	2119
1378	1640
1466	2048
1466	1482
1466	1550
1466	2092
1466	2093
1466	1527
1466	2109
1466	2112
1466	2113
1466	1533
1466	1844
1466	1509
2054	2055
2054	2085
2054	2086
2054	2087
2054	2138
2054	2281
2054	2284
2055	2085
2055	2086
2055	2087
2055	2142
2055	2143
1493	1642
1493	1805
1493	2090
1493	2094
1493	2001
1493	2107
1493	2125
1493	1747
1493	2149
1493	1689
1493	1891
1493	1846
1493	1799
1378	2000
1378	1661
1378	1444
1378	1469
2056	2189
2056	2190
2056	2209
2056	2259
2056	2293
1378	1820
1378	2145
1561	1594
1561	1641
1561	2041
1561	1740
1561	2057
1561	1676
1561	2102
1561	1900
1561	1920
1561	1645
1561	1678
1561	1677
1561	1605
2057	2085
2057	2086
2057	2102
2057	2181
1378	2064
1378	2100
1378	1788
1378	1739
1378	2137
1378	1884
1378	1789
2058	2106
2058	2110
2058	2119
2058	2196
2058	2228
2058	2229
1676	2064
1676	1820
1676	1915
1676	1683
1676	2102
1676	1900
1676	1844
1676	1682
1676	1677
2059	2070
2059	2094
2059	2098
2059	2101
2059	2149
2059	2174
2059	2215
1642	2037
1642	2042
1642	2090
1642	2101
1642	2125
1642	1846
1378	2264
1378	1425
1378	1868
2000	2325
2060	2061
2060	2113
2060	2233
2060	2264
2060	2274
2060	2275
1907	2070
1907	1954
1907	2210
1907	1988
1907	2286
1907	2027
1378	1715
1378	2203
1378	1564
1834	1933
1834	2066
1834	1847
1834	1867
1834	1838
2061	2089
2061	2097
2061	2100
2061	2116
2061	2124
2061	2185
2061	2250
2061	2264
2061	2274
2061	2275
2061	2276
1378	1634
1378	2254
1462	2046
1462	1586
1462	1741
1462	2093
1462	1790
1462	1610
1462	1500
1462	1611
1462	1533
1462	1467
1462	2189
1462	2192
1462	1884
1462	1627
1462	2209
1462	2219
1462	1501
1462	1729
1378	1794
1378	1500
2062	2184
1378	1722
1378	2256
1378	1428
1378	2229
1378	1510
1378	2315
1378	2297
1378	1527
1378	2141
1378	2143
2063	2065
2064	2102
2064	2210
1378	2313
1765	2029
1765	2040
1765	2045
1765	1842
1765	2063
1765	2065
1765	1837
1765	2091
1765	1767
1765	2109
1765	2121
1765	1766
1765	1768
2065	2068
2065	2113
2065	2255
2065	2259
1378	1683
1378	1465
1378	1756
1378	1573
1399	1434
1399	1641
1399	2039
1399	1595
1399	1634
1399	1401
1399	1637
1399	1739
1399	1674
1399	1575
1399	1578
1399	2142
1399	1530
1399	1880
1399	2262
1399	1564
1399	2292
1399	2295
1378	1737
1404	1423
1404	2070
1404	1634
1404	2082
1404	2086
1404	1439
1404	2235
1378	1829
1378	2119
1378	2232
1378	2277
1933	1934
1933	2066
1933	1992
1933	2113
1933	1988
1933	2286
1933	2287
2066	2105
2066	2116
2066	2232
1482	2041
1482	2048
1482	2092
1482	2112
1482	2167
1482	2168
1482	2203
1482	2209
1482	1797
1378	1798
1820	2052
1820	1834
1820	1855
1820	1867
1820	2085
1820	2086
1820	2087
1820	2113
1820	2145
1820	2146
1820	1846
1820	1825
1378	2067
1378	2250
1378	1462
1378	2093
1378	2284
2067	2099
2067	2185
2067	2186
2067	2220
2067	2264
2067	2276
1378	1401
1378	2236
1378	2242
1378	2290
1378	2317
1837	2040
1837	2091
1837	2191
1837	1884
1837	1880
1837	2244
1837	2259
1837	2297
1394	1619
1403	1474
1403	1566
1403	1788
1403	2081
1403	1741
1403	1838
1403	2109
1403	2117
1403	1773
1403	2209
1403	1734
1403	2293
1403	1845
2068	2181
1378	1825
1818	2051
1818	2077
1818	2079
1818	2172
1818	2197
1378	2142
1613	1907
1613	2065
1613	1622
1613	1855
1613	2162
1613	2181
1613	1764
1613	1846
1613	1784
1613	1702
1378	2170
1939	2040
1939	2087
1939	2277
1378	2217
1851	2041
1851	2057
1851	2286
1851	1852
2069	2105
2069	2192
2069	2229
1378	1783
1395	1397
1395	2064
1847	2054
1847	2055
1847	1933
1847	1869
1847	1916
1847	1992
1847	2229
1847	1868
1847	1988
1847	2265
1378	2218
1378	1616
1814	2029
1814	2049
1814	2052
1814	2054
1814	2055
1814	1855
1814	1867
1814	2086
1814	2087
1814	1838
1396	2041
1396	1851
1378	1550
1378	2209
1421	1430
1421	2057
1421	1613
1421	1622
1421	1621
1421	2102
1421	2128
1421	1549
1421	1709
1421	2181
1421	1542
1421	1784
1421	1614
1378	1869
1378	2115
1378	2160
1378	2178
1378	2295
2070	2098
2070	2212
1378	1705
1705	2084
1705	1832
1705	1830
1705	2118
1705	2137
1705	2144
1705	2155
1705	2156
1705	1969
1705	1720
1705	2236
1705	2265
1705	1753
1634	1685
1634	1669
1634	1877
1378	2083
1703	1973
1703	2040
1703	2083
1703	2128
1703	2153
1703	1969
1703	2164
1703	2177
1378	2176
1378	2280
1398	1625
1398	2070
1401	1517
1401	1584
1401	1412
1401	2030
1401	2032
1401	1491
1401	1669
1401	1621
1401	1708
1401	1626
1401	2177
1401	2217
1401	1531
1401	1734
1401	1612
1401	1654
1401	1695
1378	2134
1713	2042
1713	2052
1713	2067
1713	1722
1713	2169
1713	2184
1713	1720
1713	2230
1713	1778
1713	1784
1622	2037
1622	1642
1622	2128
1622	2181
1622	2184
1622	1640
1622	1764
1622	1846
1622	1784
1622	1831
1378	1618
1378	2192
1378	1746
1378	1624
1378	1916
1378	1635
1378	2276
1378	1406
1621	2037
1621	1830
1621	2124
1621	2125
1621	2128
1621	1624
1621	1699
1855	1867
1855	2085
1855	2175
1855	2181
1855	2196
1855	2298
1855	1856
1378	2164
1514	1516
1514	2071
1514	1746
1514	1747
1514	1689
1514	1515
1514	1580
1378	2234
1378	1729
1378	2237
1592	2028
1592	1641
1592	2067
1592	1613
1592	1939
1592	1622
1592	2106
1592	2114
1592	2162
1592	2186
1592	2276
1592	1684
2071	2118
2071	2120
2071	2136
2071	2240
1378	2182
1378	2002
1400	1633
1400	1703
2022	2036
2022	2039
2022	2137
2022	2142
2022	2147
2022	2179
2022	2235
2022	2236
2022	2241
2022	2242
2022	2280
2022	2290
2022	2294
2022	2295
2022	2296
2022	2306
2022	2307
2022	2317
2022	2318
1378	1475
1429	1941
1429	1634
1429	2071
1429	2111
1429	2136
1429	2142
1429	1709
1429	1844
1429	2209
1429	2218
1402	2101
1402	2184
1402	1570
1402	1564
1402	2292
1402	1729
1378	2262
1378	1517
2072	2073
2072	2074
2072	2075
2072	2076
1378	2072
1378	2004
1378	2073
2004	2072
2004	2073
2004	2074
2004	2075
2004	2076
2004	2199
2004	2016
1378	2075
1378	2076
1378	1481
2073	2074
2073	2075
2073	2076
1378	2074
2074	2075
2074	2076
2075	2076
1378	1472
1378	1586
1586	2072
1586	2189
1586	1815
1378	1956
1378	2204
1378	1479
1378	2207
1378	1598
1378	2085
1378	1915
1915	2049
1915	2064
1915	2102
1915	2162
1915	1920
1915	2210
1915	2281
1378	2235
1378	2089
1737	1934
1737	1814
1737	1855
1737	2080
1737	1929
1737	2191
1637	1818
1637	1705
1637	2084
1637	1832
1637	1674
1637	1870
1637	2142
1637	2154
1637	2156
1637	2262
1637	2265
1794	1805
1794	1807
1794	2109
1794	2123
1794	1829
1794	2124
1794	2126
1794	2130
1794	2131
1794	2132
1794	2140
1794	2173
1794	2174
1794	2188
1794	2216
1794	2224
1788	1839
1788	1842
1788	1838
1788	2109
1788	2117
1788	2170
1788	2190
1788	2293
1788	1845
1378	2261
1539	1737
1539	1541
1539	2095
1539	2169
1751	2077
1751	1869
1751	2083
1751	2084
1751	2172
1751	2234
2077	2078
2077	2079
2077	2083
2077	2084
2077	2153
2077	2157
2077	2159
2077	2162
2077	2188
1714	2043
1714	2044
1714	1934
1714	2066
1714	1820
1714	1992
1714	2105
1714	2182
1714	1757
1714	1896
1714	1991
1714	2281
1714	1822
1714	1926
1714	1976
1967	2031
1967	2034
1967	2036
1967	1973
1967	2077
1967	2078
1967	2079
1967	2121
1967	2137
1967	1968
1967	2153
1967	2155
1967	2157
1967	2158
1967	1969
1967	2159
1967	2164
1967	1970
1967	2288
2078	2079
2078	2130
2078	2132
2078	2134
2078	2153
2078	2155
2078	2156
2078	2157
2079	2083
2079	2134
2079	2155
2079	2157
2079	2159
2079	2164
2079	2179
2079	2222
1378	1758
1378	1814
1378	1831
1758	2054
1758	1820
1758	1847
1758	1855
1758	2077
1758	2085
1758	1838
1758	1832
1758	1849
1758	1825
1758	2265
1553	2030
1553	2037
1553	1622
1553	2077
1553	2080
1553	1929
1553	2082
1553	2125
1553	1619
1553	2166
1553	2193
2080	2124
2080	2187
2080	2227
1867	2081
1867	2086
1867	2087
1867	2142
1867	2143
1867	2235
1867	2256
1867	2281
2081	2087
2081	2090
2081	2116
2081	2191
2081	2259
2081	2283
1378	2133
1378	1968
1378	2241
1378	1973
1378	1575
1869	2054
1869	2055
1869	2083
1869	2085
1869	2086
1869	2087
1869	1916
1869	2154
1869	2173
1929	2080
1929	2082
1929	1992
1929	1930
1929	2256
1929	2261
1929	2263
1929	2286
1598	2087
1598	1838
1598	2090
1598	2281
1598	2283
1598	1843
1598	1798
1598	1835
1598	1841
1378	1449
1378	1929
2082	2086
2082	2124
2082	2125
2082	2139
1378	2263
1378	2187
1715	2054
1715	2071
1715	2085
1715	1930
1715	2116
1715	1754
1378	1588
2083	2121
2083	2122
2083	2131
2083	2133
2083	2146
2083	2159
2083	2161
2083	2236
1378	1593
2084	2118
2084	2120
2084	2139
2084	2156
2084	2265
2085	2086
2085	2087
2086	2256
1378	2216
1378	2286
1741	2042
1741	2062
1741	1847
1741	1814
1741	1758
1741	1916
1741	1805
1741	1807
1741	2093
1741	1802
1741	1825
1741	1868
1871	2039
1871	2137
1871	2142
1871	2143
1871	2236
1871	2280
1871	2294
1871	2318
1541	2029
1541	1941
1541	1737
1541	2165
1541	2169
1813	1814
1813	2168
2087	2281
1378	2161
1378	2288
1916	2082
1916	2085
1916	2086
1916	2087
1916	2119
1916	2123
1916	2124
1916	2125
1916	2128
1916	2220
1916	1917
2088	2118
2088	2144
2088	2145
2088	2235
2088	2236
2088	2261
2088	2262
2088	2294
1378	1547
1550	2043
1550	1566
1550	2052
1550	1611
1550	2165
1550	2166
1550	2167
1550	1990
1550	2202
1550	1724
1550	2263
1550	1554
1550	1776
1954	2066
1954	2086
1954	1992
1954	2119
1954	2150
1954	2151
1954	2228
1954	1988
1954	1991
1838	2055
1838	1933
1838	1867
1838	2081
1838	2087
1838	2090
1838	2121
1838	2190
1838	2209
1838	2265
1838	2281
1838	1843
1378	1809
1378	2224
1378	2035
1378	1952
1378	2308
1547	2038
1547	2044
1547	2050
1547	2069
1547	1621
1547	2082
1547	1916
1547	2105
1547	2124
1547	2128
1547	2192
1547	2229
1547	1551
1547	1821
1547	1581
1547	1819
1805	1847
1805	1814
1805	1869
1805	2085
1805	1807
1805	1832
1805	2140
1805	2216
1805	1806
1807	1818
1807	2125
1807	2132
1807	2140
1807	2172
1807	2173
1807	2174
1807	2190
1807	1891
1807	2216
1807	1892
1465	1516
1465	1882
1465	1637
1465	1794
1465	1741
1465	1813
1465	1805
1465	1807
1465	2096
1465	1679
1465	2114
1465	1802
1465	2213
1465	2216
1465	1825
1465	1792
1465	1823
1465	1854
1832	2084
1832	1871
1832	1849
1832	2118
1832	2123
1832	2136
1832	1861
1832	2155
1832	2156
1832	2262
1832	2265
1378	1901
1992	2043
1992	2044
1992	2050
1992	2058
1992	2066
1992	2082
1992	2105
1992	2110
1992	2113
1992	2119
1992	2017
1992	2261
1683	2037
1683	2064
1683	1915
1683	2085
1683	2102
1683	1900
1683	2162
1683	1920
1683	1757
1664	1717
1664	2066
1664	1741
1664	1683
1664	1900
1664	1707
1664	1708
1664	1727
1664	1735
1664	2230
1664	1677
1664	1675
1664	1711
1664	2308
1830	2071
1830	2084
1830	2120
1830	2136
1830	2153
1378	1954
1378	2135
1930	2051
1930	2052
1930	2116
1930	2191
1930	2221
1930	2256
1930	2261
1849	2036
1849	2077
1849	2079
1849	2084
1849	2148
1849	2172
1849	2173
1849	2235
1849	2265
1739	2088
1739	2137
1739	2143
1739	2145
1739	2148
1739	2235
1739	2241
1405	2051
1405	1818
1378	2248
1378	1922
1545	2040
1545	2045
1545	2051
1545	1676
1545	1834
1545	1847
1545	1916
1545	1552
1545	1573
1545	2276
2089	2163
2089	2179
2089	2184
1508	1513
1508	1653
1508	2043
1508	2059
1508	1550
1508	1609
1508	1611
1508	2165
1508	2166
1508	2167
1508	1990
1508	1548
1508	1724
1508	1785
1378	2220
1378	1552
1378	1668
1378	1495
1378	1522
1378	2107
1378	1597
1378	1843
1378	2132
1378	2211
2090	2125
2090	2149
2090	2283
2090	2297
2091	2221
2091	2244
2091	2259
2091	2283
1767	1839
1767	2091
1767	1893
1767	1894
1767	1895
1378	2174
1378	1795
1378	1810
1940	2046
1940	2093
1940	2095
1940	2098
1940	2211
1940	2212
1378	1611
2092	2093
2092	2112
2092	2201
2092	2203
2093	2152
2093	2192
2093	2197
2093	2209
2093	2214
2093	2219
1468	1744
1468	1474
1468	2038
1468	1566
1468	1722
1468	1727
1468	1607
1468	2169
1468	2208
1468	2210
1468	1726
1468	1534
1468	2303
2094	2107
2094	2115
2094	2129
2094	2132
2094	2149
2094	2213
2094	2215
2094	2216
2094	2217
1452	1493
1452	2059
1452	1807
1452	2094
1452	1898
1452	2172
1452	2174
1452	1810
1452	2212
1452	1892
1452	1770
1452	1793
1790	2070
1790	1940
1790	1898
1790	2098
1790	2104
1790	2107
1790	2174
1790	2178
1790	2180
1790	1795
1790	1891
1790	2211
1790	1812
1790	1804
1898	2047
1898	2059
1898	2070
1898	2098
1898	2001
1898	2149
1898	2212
1898	2213
2095	2167
2095	2203
2095	2209
2095	2260
1378	1484
1378	2266
1560	1847
1560	1929
1560	2082
1560	2086
1560	1916
1560	1674
1560	1636
1560	2124
1560	2139
1560	1868
1560	2261
1407	1517
1407	2043
1407	1431
1407	1897
1407	1557
1407	1562
2096	2264
2096	2289
2097	2163
2097	2186
2097	2234
2097	2264
2097	2274
1414	1466
1414	1493
1414	2064
1414	2101
1414	1527
1414	2112
1414	2113
1414	2149
1414	2168
1414	1489
1414	1530
1414	2185
1414	1606
1414	2250
1414	1910
1378	1457
1378	2158
1378	2314
1378	1870
1378	1875
1439	2030
1439	2032
1439	1491
1439	2094
1439	2097
1439	2101
1439	2103
1439	1636
1439	2115
1439	2129
1439	1782
1439	2132
1439	2211
1439	2224
1439	2259
1394	1423
2098	2107
2098	2149
2098	2174
2098	2212
2098	2213
2098	2297
1378	2318
1378	2269
1378	2270
2100	2186
2100	2187
2100	2264
2100	2276
1378	1525
1742	2175
1742	2255
1742	1994
2101	2164
2101	2259
1431	1609
1431	2127
1431	1523
1431	2281
1431	2284
1378	2043
1378	2058
1610	2038
1610	2043
1610	2044
1610	2050
1610	2058
1610	2069
1610	2105
1610	2110
1610	2139
1610	1611
1610	2165
1610	2189
1610	2192
1610	1990
1610	2209
1610	1821
1610	2276
1378	2044
1378	1993
1378	2214
1378	2219
2102	2162
2102	2181
2102	2186
2102	2210
2102	2212
2102	2297
1408	1428
1408	2044
1410	2064
1411	1516
1411	1633
1411	2041
1411	2051
1411	1737
1411	2080
1411	1715
1411	1829
1411	2124
1411	1426
1411	2256
1411	2261
1411	1577
1411	1827
1609	2047
1609	2050
1609	1915
1609	2139
1609	1920
1609	2165
1609	2167
1609	2169
1609	1990
1609	2210
1609	2232
1609	1821
1679	1933
1679	2066
1679	1813
1679	1900
1679	1773
1679	1734
1679	2282
1527	1641
1527	2049
1527	2064
1527	1783
1527	2109
1527	1639
1527	1844
1527	1645
2103	2108
2103	2115
2103	2154
2103	2157
2104	2180
2104	2182
2104	2211
1413	1653
1413	1900
1378	1650
2105	2110
2105	2124
2105	2229
2105	2276
2001	2070
2001	2098
2001	2104
2001	2107
2001	2114
2001	2180
2001	2211
2001	2212
2001	2297
1378	2177
1378	2292
1378	2020
1378	2289
2106	2120
2106	2124
2106	2139
2106	2229
2106	2262
2107	2129
2107	2132
2107	2149
2107	2174
2107	2213
2107	2215
1416	2041
1416	1482
2108	2136
2108	2154
2108	2157
2108	2163
2108	2236
2108	2262
1783	1933
1783	1818
1783	2100
1783	2113
1783	2261
1783	2286
1783	1828
1378	2226
1378	2252
1378	2279
1378	2298
1378	1821
1378	1966
1378	2312
1378	1942
1378	1497
1378	2322
2109	2115
2109	2186
2109	2188
2109	2203
2109	2244
1488	2106
1488	1619
1488	1607
1488	1593
1488	1606
1488	2214
1488	1901
1488	2249
1488	2264
1488	2278
1488	1721
1488	2303
2110	2196
1418	2043
1418	1428
1418	2044
1418	2058
1418	2110
1419	2111
1419	2112
2111	2112
2111	2114
2111	2125
2111	2188
2111	2190
2111	2209
2111	2219
2111	2259
2111	2293
2112	2152
2112	2203
2112	2218
1420	2250
1420	1475
1378	1524
1422	1600
1422	1428
1422	2044
1674	2050
1674	2066
1674	1855
1674	1794
1674	2082
1674	1954
1674	1992
1674	2124
1674	1825
1674	2265
1674	2313
1674	1856
1674	1858
1674	1859
1378	1754
1424	1517
1424	1600
1636	1649
1636	1818
1636	1705
1636	1637
1636	1929
1636	2082
1636	1807
1636	2124
1636	2125
2113	2256
2113	2261
2113	2276
2113	2297
2113	2304
1378	1772
1639	1715
1639	2085
1639	2105
1639	2113
1639	1978
1639	2196
1639	1677
1639	2261
1639	2286
1639	1826
1378	2245
1572	1579
1572	2071
1572	1832
1572	2121
1572	1755
1572	2152
1427	1600
1427	1428
1427	2069
1378	1770
1378	2110
1900	1903
1900	2042
1900	2062
1900	2099
1900	2102
1900	2186
1900	2228
1900	2264
1900	2287
1378	1697
2114	2115
2114	2129
2114	2170
2114	2177
2114	2180
2114	2213
1432	1517
1432	1620
2115	2126
2115	2129
2115	2130
2115	2134
2115	2170
2115	2178
2115	2219
2116	2221
2116	2304
1433	1600
1433	2044
2117	2121
2117	2133
2117	2190
2117	2293
2118	2134
2118	2148
2118	2153
2118	2176
2118	2240
2118	2244
2118	2288
1707	1717
1707	2043
1707	2058
1707	1992
1707	2119
1707	1773
1707	2017
1707	2214
1707	1735
1707	2230
1707	1729
2119	2150
2119	2169
2119	2228
1722	1903
1722	2127
1722	1773
1722	1764
1722	2208
1722	2247
1722	2248
1722	2252
1722	2260
1722	1943
1722	2321
1722	1923
1708	2052
1708	1713
1708	2120
1708	1710
1708	1773
1708	1720
1708	2230
2120	2136
2120	2163
2120	2224
2120	2262
1441	1443
1441	2136
1441	1861
1441	2144
1441	1588
1441	1442
1441	1660
1441	1446
1441	1509
1441	2224
1441	1543
1441	1628
2122	2134
2122	2159
2122	2264
2123	2124
2123	2125
2123	2128
2123	2173
2123	2265
1829	2030
1829	2037
1829	2051
1829	2054
1829	1855
1829	2080
1829	1916
1829	2096
1829	2097
1829	2123
1829	2124
1829	2125
1829	2128
1829	2187
1829	2284
2124	2125
2124	2128
2124	2139
2124	2220
1378	1804
1378	2186
1378	2126
1575	1625
1575	1685
1575	2031
1575	2134
1575	2153
1575	2175
1575	2223
1575	2243
1575	1693
1575	1762
1575	1974
1378	1793
2125	2128
2125	2173
2125	2262
2125	2265
2126	2130
2126	2131
2126	2135
2126	2172
2126	2178
2126	2183
2126	2216
2126	2224
1809	2031
1809	2114
1809	2115
1809	2120
1809	2126
1809	2163
1809	2217
1809	2224
2127	2185
2127	2247
2127	2252
2127	2279
2127	2287
2127	2298
2127	2320
2128	2173
2128	2181
2129	2170
2129	2178
2129	2180
2129	2183
2129	2211
1524	1540
1524	1606
1524	1910
1524	1936
1782	2067
1782	1830
1782	2094
1782	2097
1782	2107
1782	2114
1782	2186
1782	1789
2130	2131
2130	2134
2130	2135
2130	2178
2130	2183
2130	2211
2130	2216
2130	2224
2130	2250
2130	2290
2130	2302
1578	1637
1578	1832
1578	1674
1578	1636
1578	1861
1578	2172
1578	1825
1578	1970
1578	2265
1578	1748
1378	1456
2131	2135
2131	2183
2131	2216
2131	2222
2131	2224
1877	2030
1877	2083
1877	2131
1877	2133
1877	2134
1877	2222
1877	2223
1877	1880
1877	2240
2132	2178
2132	2188
2132	2216
2132	2217
2133	2163
2133	2176
2133	2222
2133	2240
2133	2242
2133	2266
2133	2290
2133	2307
1456	2078
1456	2079
1456	2130
1456	2131
1456	1877
1456	2133
1456	2134
1456	2135
1456	1968
1456	1969
1456	2164
1456	2222
1456	2290
1378	1880
1378	2253
1378	2257
1378	2321
2134	2153
2134	2158
2134	2159
2134	2161
2134	2288
2135	2146
2135	2177
2135	2182
2135	2183
2135	2186
2135	2211
1746	2071
1746	2078
1746	2084
1746	2118
1746	2131
1746	1877
1746	2133
1746	2134
1746	2240
1746	1970
1746	2265
2136	2154
2136	2224
2136	2262
1870	2036
1870	2039
1870	2022
1870	2079
1870	2084
1870	2137
1870	2142
1870	2144
1870	2145
1870	2179
1870	2235
1870	2236
1870	1880
1870	2241
1870	2242
1870	2290
1870	2294
1870	2295
1870	2296
1870	2317
1870	1875
1870	2318
2137	2144
2137	2179
2137	2236
2137	2290
2137	2295
1549	2037
1549	1642
1549	1820
1549	1613
1549	1622
1549	1621
1549	2089
1549	1619
1549	2181
1632	2122
1632	1700
1632	1745
1632	1803
1632	1864
1632	1865
1378	1862
1378	1892
2139	2140
2139	2172
2139	2173
2139	2195
2140	2172
2140	2173
2140	2211
2140	2216
1626	1685
1626	1740
1626	2137
1626	2158
1626	1774
2141	2142
2141	2143
2141	2145
2141	2235
2141	2241
2141	2280
2141	2295
2141	2296
2141	2317
2141	2318
1861	1879
1861	2039
1861	2022
1861	1871
1861	2122
1861	2136
1861	1870
1861	2137
1861	2141
1861	2142
1861	2143
1861	2145
1861	1890
1861	2280
1861	2294
1861	2295
1861	2296
1861	2307
1861	1875
1861	2318
2142	2143
2142	2144
2142	2242
2142	2280
2142	2290
2142	2294
2142	2295
2142	2296
2143	2145
2143	2235
2143	2280
2143	2290
2143	2307
2144	2145
2144	2147
2144	2179
2144	2235
2144	2236
2144	2241
2144	2242
2144	2290
2144	2294
2144	2295
2144	2317
2145	2235
2145	2241
2145	2242
2145	2280
2145	2317
2146	2147
2146	2148
2146	2177
2146	2179
2146	2181
2146	2184
2146	2222
2146	2234
2147	2176
2147	2179
2147	2223
2147	2234
2147	2236
2147	2242
2147	2280
2147	2290
2147	2294
2147	2296
2147	2307
2147	2317
2147	2318
2148	2222
2148	2240
2148	2244
1802	2059
1802	2094
1802	1898
1802	2107
1802	2174
1802	1891
1802	1804
1802	2216
1802	2002
1802	1825
1802	1823
1438	1503
1438	1632
1378	1569
1461	1508
1461	1611
1461	2166
1461	1510
1461	2169
1461	1627
1461	1629
1747	2059
1747	1794
1747	1940
1747	2094
1747	1790
1747	2107
1747	2132
1747	1802
1747	2149
1747	1795
1747	2203
1747	1810
1747	1812
1747	2216
1747	2002
1747	1801
2149	2178
2149	2180
2149	2211
2149	2212
2149	2213
2149	2219
1689	2059
1689	1794
1689	2090
1689	1940
1689	2094
1689	1898
1689	2098
1689	2107
1689	1802
1689	1747
1689	2149
1689	2174
1689	1795
1689	1891
1689	1810
1689	2212
1689	2215
1689	1812
1689	1804
1689	2216
1689	1801
1704	1954
1704	2150
1704	2151
1704	2196
2150	2151
2150	2228
2150	2277
2151	2277
1755	1903
1755	1758
1755	2121
1755	2261
1755	1756
1378	2194
1378	2231
1378	2267
1378	1935
1378	1911
1968	1973
1968	2077
1968	2078
1968	2079
1968	2083
1968	2134
1968	2153
1968	2157
1968	2158
1968	1969
1968	2236
1968	1970
1968	2241
1968	2288
1968	2296
1968	1975
1498	1685
1498	1973
1498	1705
1498	1703
1498	1967
1498	1832
1498	1739
1498	2145
1498	2153
1498	2157
1498	1568
1498	2288
1498	1693
1498	1762
1498	1518
1498	1974
2152	2200
1378	1948
2153	2157
2153	2159
2153	2161
2153	2288
2153	2318
1500	2046
1500	1550
1500	1610
1500	1611
1500	2189
1500	2194
1500	2209
1500	1501
1500	1630
1588	1818
1588	2077
1588	2079
1588	1807
1588	1849
1588	1660
1442	1443
1442	1621
1442	2136
1442	1870
1442	2137
1442	1861
1442	2142
1442	2144
1442	2147
1442	1588
1442	1660
1442	1445
1442	2179
1442	2190
1442	1795
1442	2236
1442	1880
1442	2242
1442	2290
1442	1659
1442	2295
1442	2317
2154	2173
2154	2224
2154	2262
1447	1668
1447	1686
1447	1719
1378	2208
1709	2028
1709	2031
1709	1717
1709	2115
1709	1809
1709	2135
1709	2160
1709	2177
1709	2186
1709	2217
1709	2223
1511	2034
1511	1973
1511	2077
1511	1967
1511	2078
1511	2079
1511	2122
1511	2134
1511	2153
1511	2155
1511	2156
1511	2157
1511	2159
1511	2161
1511	2164
1511	1970
1511	2288
2155	2156
2155	2157
2155	2159
2155	2164
2156	2159
2156	2161
2156	2164
2156	2265
2157	2158
2157	2159
2157	2174
2157	2288
2158	2217
2158	2288
1448	2034
1448	1973
1448	2077
1448	1967
1448	2079
1448	1968
1448	2153
1448	1511
1448	1969
1448	2164
1448	1970
1969	1973
1969	2078
1969	2079
1969	2153
1969	2155
1969	2156
1969	2157
1969	2158
1969	2159
1969	2161
1969	2164
1969	1970
1969	2288
2159	2163
2159	2164
2160	2186
2160	2217
2160	2220
2160	2223
2160	2224
2161	2164
2161	2288
1646	1717
1646	1708
1646	2214
1646	1735
1646	1720
1646	2227
1646	2230
1646	1734
1646	1729
1646	1712
1646	1759
1378	2278
1378	2303
2162	2181
2162	2188
1727	2053
1727	2175
1727	1735
1727	2234
1727	1728
1727	1732
1727	1761
1710	1727
1710	2175
1710	1726
1710	2230
1710	1729
1710	1728
1710	1732
1624	1685
1624	2035
1624	1973
1624	2071
1624	2083
1624	1830
1624	2118
1624	2120
1624	1746
1624	2136
1624	2148
1624	2153
1624	2163
1624	2164
1624	1884
1624	2222
1624	1657
1624	1816
1619	1820
1619	1621
1619	2261
1619	1699
1378	1890
2164	2173
1483	1540
1483	1510
1483	2171
1483	1627
1483	2204
1483	2207
1483	1534
1483	2315
1540	2043
1540	1934
1540	2053
1540	2058
1540	2066
1540	1550
1540	1639
1540	1978
1540	2017
1469	1653
1469	1508
1469	2152
1469	2165
1469	2166
1469	2170
1469	1844
1469	1990
1469	1627
1469	2202
1469	1537
1978	2057
1978	2085
1978	2101
1978	2164
1611	1744
1611	2043
1611	2110
1611	2165
1611	2166
1611	2169
1611	1990
1611	1724
1611	1785
1611	1989
1378	1467
1378	1471
1378	2200
1378	2189
1920	2057
1920	2060
1920	2233
1920	2255
1378	2305
1378	1955
1533	2046
1533	1539
1533	1541
1533	2093
1533	1610
1533	1611
1533	2192
1533	2209
1533	1630
2165	2166
2165	2169
2165	2202
2166	2167
1510	2004
1510	1541
1510	2112
1510	2171
1510	2200
1510	1627
1510	2204
1510	2207
1510	2003
1607	1649
1607	1609
1607	2167
1607	2192
1607	2193
1607	2195
1449	1482
1449	2092
1449	1461
1449	2149
1449	1510
1449	1627
1449	1629
1449	1535
1378	2291
1459	1941
1459	1493
1459	1462
1459	1610
1459	1747
1459	2149
1459	1500
1459	2189
1459	1891
1459	2209
1459	2211
1459	1800
1463	1513
1463	1649
1463	2101
1463	1610
1463	1469
1463	1978
1463	2165
1463	1990
1463	2202
2167	2193
2167	2195
2167	2232
2167	2260
2168	2201
2168	2203
2168	2218
2169	2228
1467	2050
1467	1539
1467	1541
1467	1742
1467	1510
1467	1640
1467	1627
1467	1986
1467	1994
1467	2003
1450	2048
1450	1482
1450	2092
1450	2168
1450	2201
1450	1476
1450	2255
2171	2204
2171	2207
2171	2315
2172	2173
2172	2178
1451	1517
1451	2111
1451	1743
1451	2293
1743	1882
1743	1839
1743	1842
1743	2115
1743	2293
1426	2051
1426	2057
1426	1847
1426	2080
1426	2089
1426	1560
1426	1636
1426	2135
1426	2177
1426	1593
1426	2179
1426	1901
1426	2262
1966	2035
1966	2127
1966	2252
1966	2267
1966	2279
1966	2308
1966	2312
1966	2314
1966	2322
1378	2225
1772	1842
1772	2056
1772	1807
1772	2117
1772	2154
1772	2189
1772	2190
1772	2197
1772	2293
1772	1881
1453	1751
1453	2079
1453	2084
1453	1849
1453	2126
1453	1809
1453	1578
1453	2140
1453	2149
1453	2172
1453	2213
1453	2217
2174	2188
2174	2211
2174	2215
2174	2216
1378	1918
2175	2188
2175	2303
2176	2179
2176	2236
2176	2280
2176	2290
2176	2294
2176	2305
2176	2307
1489	1493
1489	2059
1489	2094
1489	1898
1489	2098
1489	2101
1489	2107
1489	2123
1489	2125
1489	1802
1489	2149
1489	1891
1489	2212
1489	2213
1489	1812
1489	1892
2177	2180
2177	2182
2177	2217
2177	2223
1530	2050
1530	1642
1530	2060
1530	2061
1530	1933
1530	1992
1530	1610
1530	2110
1530	2113
1530	1920
1530	2185
1530	2233
1530	1618
1530	2250
1530	1821
1530	2274
1530	2276
1530	1910
1530	1564
1530	1605
1530	2292
1593	2028
1593	1929
1593	2097
1593	2177
1593	2184
1593	2186
1593	2187
1593	1897
1593	2234
1593	1901
2178	2180
2178	2211
2178	2219
2179	2234
2179	2236
2179	2294
2179	2306
2179	2307
2179	2318
2180	2189
2180	2211
2180	2219
2181	2185
2182	2183
2182	2185
2182	2305
2183	2222
2183	2290
2185	2233
2185	2250
2185	2276
2185	2298
2186	2188
2186	2217
2186	2220
2186	2233
2186	2264
2186	2276
2187	2227
2187	2264
2187	2278
2187	2303
2188	2234
2189	2192
2189	2209
2189	2211
1773	1903
1773	2190
1773	2214
1773	2232
1773	1896
1773	2281
1773	2282
2190	2192
2190	2209
1795	1882
1795	2059
1795	2088
1795	1898
1795	2107
1795	2132
1795	2140
1795	1802
1795	2149
1795	1891
1795	1810
1795	2215
1795	1812
1795	1892
1795	1796
1640	2050
1640	2053
1640	1928
1640	1724
1640	1687
1640	1908
1928	2042
1928	2047
1928	2232
1928	2027
1460	1462
1460	2093
1460	1627
2191	2244
2191	2259
2191	2283
1464	1813
1464	1844
1844	2045
1844	1941
1844	2063
1844	2081
1844	2093
1844	2209
1844	2281
1844	2282
2192	2209
2193	2195
2194	2231
2194	2237
2194	2239
2194	2269
2194	2300
1757	2040
1757	1847
1757	2085
1757	2086
1757	1805
1757	2091
1757	2221
1757	1896
1757	1761
1884	1941
1884	2063
1884	2071
1884	2090
1884	2113
1884	2118
1884	2148
1884	2188
1884	2189
1884	2244
1884	2276
1884	2297
1884	2304
1990	2101
1990	2110
1990	2165
1990	2166
1990	2167
1990	2017
1990	2202
2196	2201
2196	2235
1891	2059
1891	2090
1891	2094
1891	1898
1891	2107
1891	2123
1891	2125
1891	2132
1891	2149
1891	1892
1891	2002
1425	2080
1425	1929
1425	2187
1425	2227
1425	2229
1425	1644
1378	1535
2197	2293
1378	2249
1378	2199
1509	1527
1509	2133
1509	2168
1509	2201
1509	1606
1509	1628
1470	2198
1470	1471
1470	1480
1378	1470
1378	2198
1473	2205
1378	1473
1964	2035
1964	2194
1964	2200
1964	2208
1964	2225
1964	2231
1964	2237
1964	2247
1964	2251
1964	2267
1964	2268
1964	2272
1964	2273
1964	2291
1964	2305
1378	2206
1378	1964
1378	2205
1471	1586
1471	2092
1471	2198
1471	1481
1471	1480
1472	1483
1472	2199
1472	2206
2199	2206
2017	2058
2017	2119
2017	2139
2017	2152
2017	2166
2017	2195
2017	2202
2201	2313
1378	2171
1378	2005
1481	2074
1481	2075
1481	2076
1764	2102
1764	2121
1764	2181
1764	1784
1764	2261
2203	2211
2203	2213
2203	2218
1378	2328
2204	2206
2204	2207
2204	2315
1583	2127
1583	1964
1583	2225
1583	1585
1583	2237
1583	2238
1583	1778
1583	2251
1583	1948
1583	1935
1583	1853
1378	1931
1378	2302
1378	2326
1378	2327
1476	2168
1477	2174
1477	1770
1378	1554
1478	1584
1479	1510
1479	2171
1479	2204
1479	2206
1479	2207
1479	2315
1479	1808
1378	1943
1480	2198
2206	2207
2206	2315
1606	2060
1606	2100
1606	1609
1606	2113
1606	2185
1606	2210
1606	2249
1606	2255
1606	2256
1606	1910
1378	2300
1378	2251
1378	2299
2207	2315
2208	2247
2208	2305
2208	2322
2209	2219
2210	2255
1846	1916
1846	2090
1846	2096
1846	2101
1846	2162
1846	2181
1378	1548
1726	2052
1726	1727
1726	1735
1726	2278
1726	1831
1726	2303
1587	1594
1587	2029
1587	2042
1587	2197
1587	1950
1587	2252
1587	2257
1587	2261
1682	2057
1682	1915
1682	2085
1682	1683
1682	2102
1682	2162
1682	1920
1810	2059
1810	2098
1810	2107
1810	2132
1810	2149
1810	2174
1810	1891
1810	2203
1810	2211
1810	2215
1810	1812
1810	1892
1810	2002
1810	1811
2211	2219
2212	2297
2213	2218
2214	2219
2214	2230
2215	2216
1812	2070
1812	2098
1812	2107
1812	2149
1812	2174
1812	2211
1812	2212
1812	2215
1812	1892
1804	2098
1804	2001
1804	2149
1804	2174
1804	1810
1804	2215
1804	1812
1804	1892
1804	2002
1804	2220
1486	1915
1486	1682
1486	1804
1487	1805
1487	1807
2216	2224
1892	2174
1892	2212
1892	2215
1770	2059
1770	2098
1770	1802
1770	2149
1770	2174
1770	2212
1770	2213
1770	2215
1770	1892
1770	1793
1770	1888
1417	1907
1417	1640
1417	1928
1417	1897
1417	2245
1417	1526
1417	2258
1417	2299
1417	2300
1417	2301
1417	2302
2002	2101
2002	2178
2002	2211
2002	2215
1490	2001
1490	2212
1378	1731
2217	2220
2217	2224
1492	2037
2218	2293
2219	2293
1793	2094
1793	2107
1793	2149
1793	2178
1793	1891
1793	2203
1793	2211
1793	2213
1793	2215
1793	1812
1793	1892
1793	2002
2221	2275
2221	2304
1789	1834
1789	2061
1789	2100
1789	2124
1789	2126
1789	1809
1789	2187
1789	2275
1789	2287
2222	2242
2223	2224
2223	2236
2223	2241
2223	2242
2223	2280
2223	2294
2223	2295
2223	2296
2223	2306
2223	2307
2223	2317
2223	2318
1494	2030
1494	2224
1496	2225
2225	2237
2225	2249
2225	2254
2225	2267
2225	2268
2225	2273
2225	2321
1378	2239
1378	2320
2226	2239
2226	2252
2226	2279
2226	2298
2226	2300
2226	2314
2226	2320
1735	2214
1735	2230
1735	2305
1735	2308
1735	1779
1720	2033
1720	2062
1720	1830
1720	2217
1720	2230
1825	1855
1825	1849
1825	2187
1825	2313
1645	1903
1645	1649
1645	2067
1645	1939
1645	1900
1645	2119
1645	2150
1645	2169
1645	2228
1645	1897
1645	2277
1645	1650
1645	2287
1645	1648
2228	2277
2229	2276
2229	2313
1499	1900
1499	2186
1774	1882
1774	1842
1774	2056
1774	2103
1774	2190
1774	2209
1774	2214
1774	2219
2231	2237
2231	2247
2231	2251
2231	2268
2231	2269
2231	2272
2231	2273
2231	2312
2231	2322
1378	1987
2232	2246
1897	2043
1897	2047
1897	2065
1897	2067
1897	2185
1897	1901
1897	2255
1897	2276
1378	2268
1378	2273
1501	2189
1502	1503
1504	1584
1506	1625
1506	2033
1506	1520
1506	2042
1506	2062
1506	2067
1506	1713
1506	2138
1506	1507
1505	2123
1505	2125
1868	1903
1868	2043
1868	2058
1868	1869
1868	1916
1868	2119
1868	2123
1868	2201
1868	1917
1678	2057
1678	2064
1678	1915
1678	2162
1663	1882
1663	2056
1663	2163
1663	2179
1663	1773
1663	1795
1663	1734
1663	2293
2233	2250
2233	2276
2233	2298
1901	2034
1901	2264
1901	2278
1901	2303
2235	2241
2235	2242
2235	2280
2235	2290
2235	2306
2235	2317
1507	1625
2236	2241
2236	2242
2236	2280
2236	2290
2236	2294
2236	2295
2236	2317
2236	2318
1890	1966
1890	1964
1890	2231
1890	2237
1890	2249
1890	2267
1890	2268
1890	2272
1890	2273
1890	2312
1890	1942
1890	1947
1890	2319
1890	1946
1890	1945
1585	1933
1585	2225
1585	2226
1585	1868
1585	2237
1585	2238
1585	2239
1585	1778
1585	2267
1585	2268
1585	1935
1585	2270
1585	2272
1585	2281
1585	2286
1585	1826
1585	1949
1378	2272
2237	2247
2237	2251
2237	2252
2237	2257
2237	2267
2237	2268
2237	2269
2237	2314
2238	2249
2238	2251
2238	2286
1918	2208
1918	2238
1918	2249
1918	2251
1918	2252
1918	2271
1918	2300
1918	2301
1918	2302
1918	1937
1918	2321
2239	2248
2239	2249
2239	2253
2239	2268
2239	2271
2239	2291
2239	2300
2239	2309
2239	2319
2239	2321
1502	2194
1502	2239
1378	2271
1378	1885
1880	2078
1880	2137
1880	2224
1880	2241
1880	2242
1880	2244
1880	2265
1880	2280
1880	2290
1880	2296
1880	2307
2240	2244
1970	1973
1970	2117
1970	2134
1970	2153
1970	2155
1970	2156
1970	2157
1970	2159
1970	2161
1970	2288
1970	1975
2241	2242
2241	2280
2241	2290
2241	2294
2241	2295
2241	2296
2241	2307
2241	2317
2241	2318
2242	2280
2242	2290
2242	2294
2242	2295
2242	2296
2242	2306
2242	2307
2242	2317
2242	2318
1512	2146
1512	2234
2244	2259
2244	2283
1529	1539
1529	1940
1529	2095
1529	1722
1529	2122
1529	1755
1529	2167
1529	1587
1529	2260
1515	1516
2245	2258
2245	2299
2245	2309
2245	2310
1495	1517
1495	1496
1620	1713
1620	1695
1620	1700
1620	1701
1686	1904
1686	2027
1686	1906
1686	1908
1686	1687
1686	1927
1686	1905
1686	2025
1387	1517
1387	1685
1387	2123
1387	2125
1387	1626
1387	1716
1378	1937
1378	1953
1378	1947
1378	2301
1752	2033
1752	2116
1752	2221
1752	2275
1752	2304
1661	2033
1661	2042
1661	1740
1661	1676
1661	2064
1661	1900
1661	2138
1661	1682
1661	2234
1661	1677
1618	2033
1618	2062
1618	2096
1618	1619
1618	1846
1618	1720
1618	2250
1618	2254
1618	1831
1521	1735
1778	2127
1778	1966
1778	2194
1778	2226
1778	2237
1778	2238
1778	1922
1778	1935
2247	2248
2247	2253
2247	2269
2247	2270
2247	2279
2247	2305
2247	2308
2247	2314
2247	2320
2248	2252
2248	2271
2248	2300
2248	2301
2248	2305
2248	2314
1523	1594
1523	2064
1523	1683
1523	1722
1523	2127
1523	2238
1523	2246
1523	2255
1523	1922
1667	1995
1378	1667
2249	2253
2249	2254
2249	2256
2249	2266
2249	2268
2249	2271
2249	2273
2249	2291
2249	2298
2249	2299
2249	2300
2249	2310
2249	2319
2249	2321
2250	2274
2250	2276
2250	2302
1951	2196
1951	2208
1951	2226
1951	2270
1951	2300
1951	2305
1951	2319
1951	2321
1525	1683
1525	1783
1525	2127
1525	1966
1525	1682
1525	1585
1525	1778
1525	2251
1525	2252
1525	2253
1525	2271
1525	2279
1525	2302
1525	1937
1525	2320
1525	2321
1378	1936
1378	2319
1378	2310
1950	1966
1950	1964
1950	2208
1950	2231
1950	2245
1950	2247
1950	2252
1950	2257
1950	2258
1950	2302
1526	2127
1526	2194
1526	1964
1526	1583
1526	2237
1526	2238
1526	2247
1526	2249
1526	1950
1526	2252
1526	1948
1526	1935
1526	1952
1526	1911
1526	1919
1378	1686
1378	1435
1528	1903
1528	1773
1528	2232
2251	2267
2251	2269
2251	2279
2251	2299
2251	2312
2252	2258
2252	2266
2252	2271
2252	2279
2252	2300
2252	2301
2252	2320
2253	2254
2253	2267
2253	2268
2253	2270
2253	2273
2253	2291
2253	2305
2253	2312
2253	2321
2254	2267
2254	2268
2254	2272
2254	2291
2254	2305
2254	2319
1948	2194
1948	1964
1948	2208
1948	2225
1948	2231
1948	2237
1948	2247
1948	2251
1948	2267
1948	2269
1948	2270
1948	2272
1948	2279
1948	2305
1948	2314
1948	1955
1922	2239
1922	2248
1922	2253
1922	2291
1922	1946
1922	2321
1378	2309
1677	1740
1677	2064
1677	2102
1677	2162
1677	1682
1677	1678
1677	1988
1677	2281
2257	2302
1531	1632
1896	2082
1896	2156
1896	2251
1896	1988
1896	2265
1896	2286
1896	2313
1534	1744
2258	2266
2258	2279
2258	2298
2258	2302
2258	2320
2258	2321
1988	2201
1988	2238
2259	2283
1548	1916
1548	1550
1548	1930
1548	2166
1548	2263
1548	1555
1378	2026
1536	1669
1537	2166
1538	1607
1538	2195
1724	2050
1724	1907
1724	2139
1724	2166
1724	2167
1724	2169
1724	2210
1724	2285
1724	1932
1542	2057
1542	2102
1542	2181
1991	1992
1991	2105
1991	2110
1991	2150
1991	2192
1991	2196
1991	2313
1544	1588
1784	1820
1784	1855
1784	2102
1784	2162
1784	2181
1784	2184
1784	1846
1546	1834
1546	1855
1551	1600
1551	2044
1551	2066
1551	2069
1551	1621
1551	1714
1551	1992
1551	2105
1551	2124
1551	2128
1551	1991
1551	1821
1551	2281
1551	1822
1551	1924
1821	2038
1821	2050
1821	2069
1821	1992
1821	1930
1821	2105
1821	2110
1821	2229
1821	2232
1821	1924
1378	1555
2263	2311
2263	2316
2263	2323
1378	2311
1378	2323
1754	2051
1754	1834
1754	1929
1754	2085
1754	1930
1754	2113
1754	2191
1754	2256
1754	2261
1754	1828
1754	1824
1554	1929
1554	2263
1554	1555
1554	2311
1554	2316
1554	1979
1554	2323
1556	1929
1556	1930
1556	2261
2264	2276
2264	2278
2264	2303
1557	1640
1558	1930
1558	2097
1552	1854
1559	1834
1559	1869
1378	2316
1562	1731
1756	2054
1756	1834
1756	1933
1756	1847
1756	1867
1756	1869
1756	1838
1756	2143
1756	1988
1563	1805
1563	1807
1565	2051
1565	2080
1565	1829
1555	2263
1555	2311
1555	2316
1555	2323
1555	2024
1567	1744
1567	1867
1567	2256
1568	2264
1570	1820
1570	1846
1570	1784
1571	1641
1574	1802
1573	1834
1573	1838
1573	1832
1573	1674
1573	2123
1573	1624
1573	2170
1573	1756
1573	2265
1573	2276
1573	1657
1580	1747
1378	2285
1581	2038
1581	2050
1378	1996
1436	1879
1436	2280
1436	1876
1734	2111
1734	1773
1734	2219
1734	1735
1734	2227
1734	1759
1734	1760
2266	2279
2266	2298
2266	2308
2266	2314
2266	2320
2266	2321
1582	1973
2267	2268
2267	2270
2267	2272
2267	2273
2267	2291
2267	2310
1378	1946
1987	2248
1987	2252
1987	2257
1987	2271
1987	2300
1987	2301
2268	2270
2268	2273
2268	2291
2268	2319
1935	2194
1935	1964
1935	2231
1935	2237
1935	2238
1935	2245
1935	2247
1935	2248
1935	2251
1935	1948
1935	2257
1935	2267
1935	2268
1935	2269
1935	2270
1935	2272
1935	2299
1935	2305
1935	2310
1935	2312
1935	1942
1935	1955
2269	2270
2269	2273
2269	2279
2269	2299
2269	2305
2269	2310
2269	2312
1943	1950
1943	1987
1943	2269
1943	2270
1943	2308
1943	2321
1943	1962
2270	2272
2270	2273
2270	2310
2270	2322
1956	1966
1956	2237
1956	2253
1956	2267
1956	2270
1956	2272
1956	2273
1956	2300
1956	2305
1956	2314
2271	2273
2271	2300
2271	2305
2271	2308
2271	2309
2271	2319
2272	2273
2272	2279
2272	2312
2273	2291
2273	2300
2273	2312
1378	1945
2274	2313
2275	2304
2276	2297
2276	2304
1589	2045
1589	2063
1589	2164
1910	2060
1910	1992
1910	1930
1910	2113
1910	2185
1910	2233
1910	2250
1910	2256
1910	2264
1910	2274
1910	2276
1910	2279
1910	2298
1590	2185
1590	2233
1590	1910
1590	2298
1591	1593
1591	2187
2278	2303
2279	2298
2279	2308
2279	2320
2280	2290
2280	2294
2280	2295
2280	2296
2280	2307
2280	2317
2280	2318
1650	1704
1650	2150
1650	2151
1650	2196
1650	2228
1650	2277
1596	2146
1596	2222
1564	2182
1564	2245
1564	2250
1564	2292
1564	1694
1635	1717
1635	2106
1635	1707
1635	1646
1635	1710
1635	2214
1635	1735
1635	1720
1635	1729
1635	1718
2281	2282
2281	2284
2281	2313
1597	2090
1597	1843
1597	1798
1597	2284
2282	2284
2283	2297
1843	2090
1843	2283
1599	1788
1599	1838
1599	1773
1599	1844
1599	2281
1599	2282
1798	1838
1798	2090
1798	2281
1798	2282
1798	1843
1798	2284
1798	1840
2284	2313
1601	1773
1601	1663
1601	1734
1602	1773
1605	1740
1605	2050
1605	2057
1605	1920
1785	2043
1785	2050
1785	2058
1785	2068
1785	2119
1785	2166
1785	2017
1785	1786
1785	1787
1536	1907
1603	2166
1603	1990
1604	2043
1604	1992
1604	2110
1604	1991
1608	2119
1608	1785
1614	1784
1931	2141
1931	2231
1931	2245
1931	2257
1931	1987
1931	1935
1931	2271
1931	2301
1931	2302
1931	1953
1616	2248
1616	2260
1616	1931
1616	2301
1952	2035
1952	2238
1952	2239
1952	2249
1952	2253
1952	2254
1952	2268
1952	2308
1952	2314
1952	2321
1885	1987
1885	1943
1885	2271
1885	1931
1885	1947
1885	2319
1885	1953
1885	1960
1885	1961
1615	1817
1617	1820
1617	2102
1617	1682
1831	2041
1831	2053
1831	1851
1831	2128
1831	2269
1623	1635
1378	1997
1996	2000
1996	1997
1996	2325
1996	1999
1997	2000
1997	2325
1997	1998
1997	1999
1997	2023
2286	2287
2286	2313
1378	2018
1631	2046
1631	2233
1576	2137
1576	1655
1576	2021
1532	1863
1691	1866
1655	2137
1655	1745
1655	1803
1662	1691
1662	1701
1662	1866
1993	2049
1993	2096
1993	2289
1378	1769
2290	2294
2290	2295
2290	2296
2290	2306
2290	2307
2290	2317
2290	2318
1612	1620
1887	2021
1454	1716
1454	1815
1454	1864
2291	2299
2291	2305
2291	2309
2291	2310
2291	2312
2291	2319
2291	2321
2291	2322
1643	1920
1644	2187
1647	2121
1647	1884
1647	1764
1648	1897
1651	1714
1652	2041
1654	2177
1654	2217
1656	2103
1656	2108
1378	1485
1658	2071
1658	2222
2294	2295
2294	2296
2294	2306
2294	2307
2294	2318
1659	2144
2295	2296
2295	2306
2295	2307
2295	2317
2295	2318
1729	2069
1729	2093
1729	1773
1729	2214
1729	2230
1729	2264
1729	1734
1729	1749
1729	1780
1665	1764
1665	2261
1666	1788
1666	2190
2296	2306
2296	2307
2296	2317
2296	2318
2297	2304
2298	2320
1670	1709
1670	2217
1670	1720
1671	1714
1475	1772
1475	2209
1475	1663
1475	2248
1475	1616
1475	1673
1475	2301
1475	1769
1475	1881
1475	1888
1672	2085
1672	1805
1675	1683
1680	2057
1680	1682
1681	1903
1681	1757
1684	1900
2299	2300
2299	2310
2299	2319
2300	2301
2300	2310
2300	2312
1721	1726
1721	1901
1721	2278
1721	2303
1721	1730
1721	1733
1721	1736
1688	1901
1688	1721
1750	2113
1750	2116
1750	1884
1750	2221
1750	1752
1750	2275
1750	2276
1750	2297
1750	2304
1690	2122
1826	1907
1826	1930
1826	2113
1826	1928
1826	2201
1826	2232
1826	1868
1826	2256
1826	1896
1826	1988
1826	2261
1826	2286
1826	1828
1826	2313
1826	1857
1692	2105
1692	1991
1694	2292
1696	1708
1696	1720
1698	1727
1698	1710
2305	2308
2305	2309
2305	2314
2305	2322
2306	2307
2306	2317
2306	2318
1702	2181
1706	1717
1706	1727
1706	1726
1711	1731
1712	2230
2307	2317
2307	2318
1936	2127
1936	2258
1936	2266
1936	2298
1936	2320
1718	1735
1725	1734
1725	1729
1723	1726
1730	2278
1828	2065
1828	2113
1828	2256
1733	2278
1736	2278
1736	2303
1738	2187
2308	2314
1623	1708
2309	2310
2309	2319
2309	2321
2310	2319
2310	2322
1911	2226
1911	2245
1911	2249
1911	2252
1911	2253
1911	2254
1911	2258
1911	2266
1911	2279
1911	2291
1911	2298
1911	2299
1911	2302
1911	1936
1911	2310
1911	1942
1911	2319
1911	1945
1911	2320
1911	2321
2311	2323
1697	2214
1719	1723
1522	1667
1522	1995
1748	1861
1749	2214
2312	2319
2312	2322
1753	2156
1760	2219
1763	1846
1763	1784
1942	2127
1942	1966
1942	2247
1942	2266
1942	2269
1942	2272
1942	2291
1942	2299
1942	2305
1942	2310
1942	2312
1942	1947
1942	2319
1942	1946
1942	2321
1942	2322
1942	1944
1947	2239
1947	2270
1947	2291
1947	2305
1947	2309
1947	2310
1947	2312
1947	2319
1947	2321
1947	1953
1947	2322
1947	1957
1947	1958
1947	1959
1769	2188
1769	1982
1769	2324
1769	1980
1769	1981
1769	1983
1769	1984
1769	1985
1766	2063
1766	1767
1766	2091
1768	2063
1378	1982
1766	1842
1378	2324
1771	2109
1771	2115
1982	2324
1982	1983
1982	1984
1982	1985
1775	2047
1775	2113
1776	2166
1779	2043
1779	2058
1779	1992
1779	2119
1780	2214
1781	2191
1781	2259
1786	2119
1786	2017
1787	2119
1787	2017
1791	1802
1791	1804
1792	1807
1796	2219
1796	2293
1797	2048
1799	2149
1800	2149
1806	1807
1808	2204
1808	2206
1808	2207
1811	2002
1816	1847
1817	1826
1817	2313
1819	2229
1816	1830
1822	2066
1822	2105
1824	1828
1827	2051
1833	2282
1833	2284
1835	2087
1836	2081
1836	1838
1836	2283
1840	2090
1841	2281
1848	2084
1848	1849
1850	1868
1852	1918
1497	1964
1497	1583
1497	2231
1497	1890
1497	1951
1497	2252
1497	2254
1497	2266
1497	2267
1497	1956
1497	2272
1497	2273
1497	2279
1497	2298
1497	2314
1497	2320
1497	1953
1853	2251
1857	1988
1858	2050
1858	1992
2317	2318
1875	1879
1875	2039
1875	2022
1875	2137
1875	2144
1875	2235
1875	1880
1875	2241
1875	2242
1875	2280
1875	2290
1875	2294
1875	2295
1875	2296
1875	2306
1875	2307
1875	2317
1875	2318
1860	1861
1860	2143
1378	2325
1865	1879
1865	1871
1865	2137
1865	2147
1865	2296
1872	1973
1872	2159
1872	2236
1873	2142
1873	2241
1873	2280
1873	2295
1873	2296
1873	2307
1873	2318
1874	1879
1874	2223
1874	2236
1874	2241
1876	1879
1878	2109
1878	2203
1883	2090
1883	1884
1937	1966
1937	2248
1937	2252
1937	1987
1937	2271
1937	2300
1937	2301
1937	1965
1886	2045
1889	1890
1889	2253
1889	2291
1889	2312
1946	2231
1946	2268
1946	1956
1946	1952
1946	2291
1946	2305
1946	2310
1946	2312
1946	1955
1946	1953
1946	2322
1945	2226
1945	2239
1945	2249
1945	2253
1945	2254
1945	2267
1945	2268
1945	2270
1945	2291
1945	2299
1945	2309
1945	2310
1945	2312
1945	2319
1945	1946
1945	2321
1444	1863
1444	1777
1893	2091
1894	2091
1895	2091
1955	2035
1955	2127
1955	2208
1955	2247
1955	2253
1955	2254
1955	2266
1955	2270
1955	2272
1955	2279
1955	2305
1955	2308
1955	2310
1955	2312
1955	2322
1899	1950
1899	1943
1822	1992
1904	1928
1904	2027
1904	1907
1905	1909
1906	1909
1912	2252
1912	2279
1912	2298
1912	2320
1913	2274
1913	2313
1914	2196
1914	1951
1919	2194
1921	1950
1921	2258
1777	1918
1923	1964
1923	2208
1924	2069
1924	2105
1925	2044
1925	2192
1926	1992
1927	1928
1953	2299
1953	2305
1953	2309
1953	2310
1953	2321
1953	2322
1953	1957
1953	1958
1953	1959
1932	2166
1938	1966
1938	1950
1944	2299
1944	2310
1949	2267
1949	2270
1960	2271
1960	2319
1961	2271
1961	2319
1962	1987
1963	2035
1963	2208
1965	2271
1965	2300
1971	2088
1971	2118
1972	2088
1972	2118
1518	1575
1976	1991
1977	2119
1977	2017
1979	2263
1979	2316
1980	1982
1980	2324
1981	1982
1981	2324
1986	2281
2020	2328
1989	2166
1998	2000
1998	2325
1999	2000
2005	2326
2326	2327
2006	2326
2006	2327
2007	2326
2007	2327
2008	2326
2008	2327
2009	2326
2009	2327
2010	2326
2010	2327
2011	2326
2011	2327
2012	2326
2012	2327
2013	2326
2013	2327
2014	2326
2014	2327
2015	2326
2015	2327
2016	2073
2019	2020
2019	2328
1519	1655
2023	2325
2024	2323
1909	2025
