1
1
1
2
2
2
2
2
1
2
2
2
2
2
1
2
1
1
2
2
1
2
1
1
1
1
1
2
1
1
3
2
4
1
1
5
1
1
1
2
1
6
2
1
2
2
141
1
1
2
2
2
7
9
2
1
8
2
2
1
2
1
1
2
1
1
1
2
2
9
2
2
2
208
9
2
2
2
2
2
127
9
9
9
2
9
2
2
2
218
2
2
2
61
10
9
2
2
9
9
36
2
2
2
58
9
2
2
9
2
2
9
2
2
79
2
9
9
2
9
9
2
64
2
9
2
9
652
2
2
653
2
2
249
309
2
2
2
654
2
655
2
2
2
2
2
656
2
2
657
2
2
144
2
265
2
2
2
2
2
2
2
2
2
658
81
2
2
2
2
67
115
2
13
140
2
2
257
2
2
2
2
2
2
2
2
2
2
659
30
368
2
2
660
2
2
2
2
2
2
2
2
2
98
2
2
2
2
2
2
503
2
11
2
2
12
2
2
2
2
2
2
2
2
2
2
2
2
2
2
13
2
2
2
2
39
2
2
597
2
2
661
108
2
2
2
2
2
2
2
2
2
2
2
2
82
137
33
341
2
2
2
2
293
506
2
2
2
2
2
2
2
2
203
662
663
2
277
2
2
2
664
527
2
219
2
15
2
2
665
2
666
224
2
2
2
16
2
2
667
2
52
2
2
2
2
668
2
2
2
2
463
14
669
2
2
2
2
2
565
670
671
2
2
672
2
364
14
2
21
673
2
674
558
2
2
54
2
2
2
273
2
2
466
2
2
2
17
47
2
2
2
2
2
2
2
190
2
2
2
2
2
2
2
2
2
2
2
675
676
2
15
677
2
90
678
679
117
2
2
2
16
16
2
680
2
2
185
2
681
2
2
2
2
2
2
2
682
16
300
2
2
2
683
266
2
2
2
2
2
624
2
2
17
17
684
531
2
2
2
2
2
2
458
2
685
2
2
2
17
86
2
2
2
2
686
2
2
2
2
2
2
2
2
2
687
2
688
2
2
2
2
389
689
2
2
2
2
2
2
2
2
2
23
2
2
2
28
2
2
2
557
690
106
2
2
2
2
2
444
2
2
2
2
2
691
2
2
2
461
18
2
27
692
2
2
2
442
2
2
237
2
2
563
2
2
2
475
693
2
19
19
19
2
471
2
2
2
2
2
2
2
438
20
2
2
2
2
2
2
45
21
2
2
2
2
2
2
2
694
2
2
2
329
2
258
2
327
2
22
25
2
2
2
337
2
2
246
2
2
2
2
2
2
2
2
2
2
2
2
2
2
2
2
2
2
2
23
245
2
479
2
2
138
2
2
2
2
216
2
695
2
24
646
2
2
2
25
2
2
53
2
2
2
2
2
2
26
26
2
2
2
2
2
2
2
696
2
628
2
697
2
2
2
2
2
698
2
2
2
2
699
2
2
2
2
2
2
2
2
2
2
2
2
2
2
2
2
210
2
2
2
2
2
2
2
2
2
2
2
2
2
2
2
700
2
2
2
2
2
2
11
11
2
2
2
539
2
2
2
2
2
361
261
418
2
412
2
2
163
2
375
701
338
2
27
2
591
702
703
2
2
2
2
2
382
2
177
704
2
491
2
2
2
705
2
2
2
493
2
2
2
2
553
222
2
2
2
2
2
2
2
2
2
2
2
706
2
2
2
339
2
2
2
2
2
707
2
708
2
709
710
2
2
2
2
2
2
365
28
28
28
495
165
2
2
437
711
2
2
2
540
712
2
2
2
2
174
2
578
462
2
2
2
2
2
2
171
429
431
89
2
2
456
2
2
2
2
2
2
616
2
307
288
2
454
2
2
2
2
2
27
2
554
473
2
363
2
29
2
2
2
2
2
2
2
169
2
2
2
2
2
713
2
2
132
2
2
2
2
2
2
2
30
2
2
2
2
2
2
2
2
2
2
2
2
2
2
2
2
2
2
2
2
2
2
2
2
2
2
2
2
2
2
2
2
2
2
2
2
714
2
2
2
2
2
2
2
715
2
391
2
2
564
2
2
2
2
2
716
717
92
2
2
2
718
2
76
414
2
2
2
2
2
2
522
2
2
2
2
719
2
2
2
2
2
2
2
2
2
184
2
2
2
2
2
2
2
31
31
2
2
2
2
2
720
721
2
2
2
38
2
2
2
2
2
2
2
2
2
2
2
63
2
18
722
2
2
2
2
2
2
2
2
2
2
2
2
723
2
2
2
2
2
2
724
2
2
366
2
725
55
2
2
234
2
2
2
2
2
2
2
726
2
2
2
32
2
33
2
2
2
34
2
2
35
35
233
2
2
2
2
303
2
2
2
151
2
2
2
2
2
2
2
2
2
2
2
2
2
2
2
2
2
2
2
2
727
2
2
2
2
2
2
36
728
2
2
37
2
2
2
729
2
2
2
2
2
2
38
2
2
2
2
2
2
2
625
2
2
2
2
2
2
39
2
730
731
2
2
2
40
732
407
2
2
2
2
2
2
2
2
733
2
112
2
2
41
2
734
42
2
43
735
736
2
2
44
2
2
2
2
45
2
2
2
2
2
2
2
2
2
2
2
46
2
298
2
47
2
2
2
2
2
2
2
2
2
2
2
2
48
2
2
260
737
2
2
2
263
2
2
2
2
2
2
49
196
2
2
2
50
2
51
2
2
2
52
2
2
2
2
2
2
53
2
2
2
2
524
2
2
2
2
2
2
738
2
2
47
2
2
2
54
55
56
2
2
2
2
739
2
2
740
2
38
2
11
2
2
57
57
741
2
2
742
2
331
743
2
2
2
2
346
2
2
2
332
744
65
2
2
2
2
745
2
2
2
2
2
2
2
2
2
2
2
2
2
2
2
2
2
2
746
2
2
2
747
453
748
2
2
2
2
2
2
2
2
2
2
2
199
2
2
2
2
2
2
749
750
2
2
2
2
2
2
2
2
2
2
2
2
2
2
2
2
2
433
751
2
2
2
752
2
2
2
2
753
2
2
2
148
2
2
406
754
202
2
2
2
2
2
2
2
2
2
2
2
755
2
2
2
501
2
2
2
2
756
58
2
2
2
2
2
757
2
2
2
80
2
2
2
2
2
2
2
2
2
758
2
2
2
759
2
2
2
370
760
2
2
2
2
2
59
2
494
2
2
2
2
59
2
761
2
2
59
173
256
2
2
2
2
2
2
2
2
2
2
2
2
2
2
60
2
2
2
762
2
2
2
2
2
2
2
2
2
2
2
2
2
11
11
2
2
59
2
2
2
2
59
763
764
250
2
765
2
2
2
2
2
485
766
2
2
2
767
2
2
61
2
768
2
2
2
769
770
61
2
2
771
2
772
2
2
2
2
2
2
426
2
2
2
2
2
2
2
62
2
2
2
2
2
2
2
2
2
2
2
2
63
2
2
2
2
2
2
2
2
2
2
2
2
2
85
2
371
2
2
2
2
2
2
2
2
2
2
2
2
2
2
2
2
2
2
2
2
2
2
773
313
2
2
2
2
2
2
328
2
774
2
2
2
775
2
2
379
2
2
2
2
592
122
776
2
64
777
124
2
2
2
2
2
212
66
2
284
2
2
2
2
2
2
2
2
2
2
2
2
778
2
2
65
2
66
2
2
2
2
2
2
2
2
67
2
67
2
2
2
2
2
2
2
2
2
68
2
2
2
2
2
2
2
69
2
70
2
2
2
2
2
2
2
2
2
2
2
71
2
2
2
2
2
2
2
2
2
2
2
2
2
2
2
2
2
2
2
333
135
779
2
2
780
2
2
781
2
782
72
72
2
593
783
2
2
2
2
2
784
2
2
2
2
2
2
785
2
2
2
2
2
270
2
2
2
786
351
334
2
2
2
2
2
2
2
2
2
248
2
2
2
2
2
2
2
2
2
2
2
2
2
13
243
2
2
2
2
2
787
2
2
2
788
2
2
2
2
107
164
2
93
2
2
602
2
2
235
2
2
2
2
2
2
2
2
2
2
544
2
2
2
2
2
2
2
157
2
2
2
2
2
2
2
789
790
2
134
2
2
2
2
2
2
2
2
2
2
2
2
2
231
2
2
73
73
2
2
83
2
2
2
2
2
2
87
791
792
793
2
2
2
2
2
2
2
2
2
2
91
2
2
2
2
2
2
2
2
2
2
2
2
2
2
2
794
2
2
74
74
795
2
2
2
2
2
2
2
2
2
2
2
2
2
2
2
2
2
2
2
2
796
75
75
797
76
2
2
2
76
76
2
2
367
2
2
2
2
2
2
76
76
2
50
2
2
2
2
2
2
2
2
590
2
2
2
77
2
396
2
2
2
2
2
2
2
2
77
2
2
2
2
798
2
2
2
2
2
2
2
2
2
2
2
2
2
2
2
2
2
2
2
2
2
2
2
2
2
78
2
2
2
2
2
78
2
2
2
2
2
2
799
800
2
2
79
2
78
2
2
2
113
78
78
2
2
2
2
2
2
2
2
2
2
2
2
2
2
2
2
2
2
2
2
2
2
2
80
801
2
2
2
154
2
217
2
802
2
2
2
803
2
2
2
2
2
2
804
805
806
2
2
807
2
2
808
2
2
2
2
2
2
2
809
2
2
2
810
2
2
2
2
2
2
2
2
2
2
2
2
811
2
2
81
812
2
2
2
2
2
82
2
2
2
2
2
2
2
2
2
2
2
2
2
2
813
2
2
397
814
2
2
2
2
2
2
2
2
2
2
2
2
2
419
2
2
2
83
2
264
552
2
2
2
84
2
2
2
2
2
2
2
2
2
2
2
2
2
85
85
815
2
2
2
86
2
87
2
2
2
2
2
2
88
468
2
2
2
816
2
2
2
2
2
2
2
2
2
2
85
817
2
89
2
2
2
2
2
2
818
381
2
2
2
2
2
90
2
819
2
2
2
85
508
2
2
2
2
2
2
2
2
2
2
2
2
2
2
2
2
2
2
2
2
2
2
2
2
2
2
2
2
2
2
2
2
2
91
2
2
2
2
2
2
2
2
84
92
2
2
2
93
2
2
614
2
2
2
93
2
2
2
820
2
2
2
2
515
2
2
49
2
2
2
2
2
2
2
2
821
2
2
2
2
2
2
2
2
2
2
2
2
133
2
2
2
94
2
2
97
2
2
2
588
2
2
2
822
2
2
2
2
2
52
2
2
2
2
2
2
94
2
2
2
2
2
95
2
2
2
95
96
96
96
96
2
2
2
2
2
2
2
823
2
2
2
2
2
2
641
2
2
2
824
2
825
2
2
2
2
2
2
2
251
2
2
2
2
2
2
2
2
2
2
2
2
2
49
2
2
105
2
2
2
2
2
2
2
2
2
2
2
2
2
388
826
2
2
2
2
2
2
2
2
2
2
2
2
2
2
827
2
2
2
2
2
2
2
2
2
2
2
2
2
2
2
2
2
2
2
2
94
2
2
2
2
2
2
2
2
2
2
2
2
2
2
2
2
2
2
2
2
2
2
2
2
2
2
2
2
2
97
2
2
95
2
2
2
2
2
2
2
2
98
2
2
2
2
2
2
2
95
2
2
2
2
2
2
2
2
2
828
2
2
2
2
2
2
2
99
2
2
95
2
2
2
97
2
2
2
2
2
2
2
2
2
2
2
2
2
2
2
2
2
2
2
2
2
2
2
2
2
2
2
2
2
97
2
2
2
2
2
2
207
2
2
2
2
2
2
2
2
2
2
2
2
2
2
2
2
2
2
2
2
2
2
2
2
2
2
2
2
2
2
2
2
2
2
2
100
100
2
2
2
2
2
2
2
2
2
2
2
2
2
2
2
2
2
2
2
101
2
2
2
2
2
2
2
2
2
2
2
102
2
2
2
2
2
2
2
103
103
2
2
2
2
2
2
2
2
2
2
2
2
2
2
2
2
2
2
2
2
2
2
2
2
2
2
2
2
2
2
2
2
2
2
2
2
2
2
2
2
2
2
2
2
2
2
2
2
2
92
2
104
2
2
2
2
2
2
829
2
2
2
2
2
830
2
230
2
2
2
2
2
2
2
2
2
2
2
2
2
2
2
2
2
2
2
2
2
2
2
2
2
2
2
2
2
2
2
2
2
2
2
2
2
2
105
2
2
2
2
2
2
2
2
2
2
2
2
2
2
2
2
2
2
2
2
2
2
2
2
2
2
2
2
2
2
2
2
2
2
2
2
2
2
2
2
2
2
2
2
2
2
2
2
2
2
2
2
2
2
2
106
2
74
74
74
2
2
2
2
2
2
2
2
2
2
2
2
2
2
52
2
2
2
2
2
831
2
832
2
2
2
2
91
2
2
2
2
15
2
2
2
2
2
2
2
2
2
833
2
2
2
2
2
2
2
2
2
2
2
2
97
2
2
2
2
2
2
2
107
107
2
2
2
2
2
2
2
2
2
2
2
2
2
2
2
2
834
2
2
2
2
2
2
470
2
2
2
108
2
2
2
2
2
2
2
2
2
2
2
2
2
2
2
2
2
2
2
2
2
2
2
2
2
2
2
2
2
2
2
2
2
2
2
109
2
2
2
2
2
2
2
2
2
350
2
2
2
2
2
2
2
2
2
211
2
2
2
2
2
2
2
2
2
306
2
2
2
2
2
434
2
2
2
2
835
2
2
2
2
2
2
2
2
2
836
2
2
2
2
2
2
837
2
2
838
2
2
2
839
2
2
2
2
2
2
2
436
2
2
2
2
428
110
2
2
2
2
2
111
2
2
2
2
2
2
112
840
2
113
516
2
2
2
2
2
394
2
2
41
2
2
626
2
2
2
2
2
2
2
2
2
2
2
2
2
2
2
2
2
2
114
2
2
2
2
2
2
2
2
2
2
2
2
2
2
2
2
2
2
2
2
2
2
2
2
2
841
2
115
2
2
2
2
2
2
2
2
116
2
2
2
2
2
2
2
2
2
842
2
2
2
2
2
2
2
2
843
2
2
2
2
2
2
2
2
2
2
417
117
2
2
2
2
2
2
2
2
2
2
2
2
2
2
2
2
2
2
2
2
2
2
844
2
2
2
2
2
2
2
845
2
2
2
413
2
2
2
2
2
2
2
2
2
846
2
2
2
2
847
2
2
2
848
118
2
2
119
2
120
849
119
119
98
121
2
2
2
119
2
122
2
119
119
2
2
2
119
119
119
2
2
850
2
2
2
2
2
2
2
2
2
2
2
2
2
2
2
2
2
2
2
2
2
2
2
2
2
2
2
2
2
2
2
2
2
2
2
2
2
359
2
2
2
2
2
344
2
2
2
2
2
2
2
2
2
2
2
2
2
2
2
2
2
2
2
2
2
2
2
2
2
2
449
2
2
2
2
2
2
2
851
2
2
2
2
2
2
2
269
2
2
2
2
2
2
2
2
2
2
2
2
2
2
2
2
852
2
2
853
2
123
2
854
2
2
2
2
2
2
2
2
2
2
2
2
2
2
2
2
2
2
2
2
2
2
2
2
2
2
2
2
2
2
2
2
2
2
2
2
2
2
2
2
2
2
2
2
2
2
398
2
855
2
2
2
2
124
856
2
2
2
521
2
2
125
2
2
2
2
2
2
126
126
126
2
2
2
2
2
2
127
126
127
2
2
127
128
126
2
126
127
127
2
126
126
126
126
126
127
2
127
126
127
2
127
127
127
127
130
2
129
492
2
2
302
2
2
287
2
2
2
2
857
2
858
2
2
525
2
2
2
2
2
2
859
2
2
2
2
130
130
130
131
2
2
2
2
2
860
2
2
2
2
514
2
2
2
2
2
2
2
2
81
2
2
2
2
209
2
2
2
2
2
2
132
132
132
132
2
861
2
862
542
863
126
2
133
2
2
2
2
2
2
2
2
2
2
2
2
2
2
2
2
2
2
2
83
134
2
2
2
2
2
2
2
2
2
2
2
2
2
2
2
2
2
2
2
2
2
2
2
2
2
2
2
2
2
2
2
2
504
864
135
135
2
2
2
2
2
2
2
594
2
2
2
865
2
2
2
866
2
136
2
2
2
2
2
2
2
2
867
2
2
2
98
2
868
2
2
2
2
2
2
2
2
2
2
2
292
2
2
2
137
2
2
153
2
2
2
2
2
2
2
2
2
2
2
2
2
2
2
2
2
2
2
2
2
2
2
138
138
138
138
2
2
2
2
2
2
2
2
2
138
2
2
2
2
2
2
2
2
139
2
2
138
2
2
2
2
2
138
138
2
2
2
138
138
2
11
11
2
2
869
138
2
2
140
138
2
2
138
2
2
2
2
2
2
2
2
2
2
2
2
2
2
2
141
2
2
141
142
2
119
2
2
2
2
2
2
2
244
310
11
141
141
141
2
2
141
141
2
141
141
2
143
2
2
2
2
2
2
2
2
2
2
2
2
2
2
2
2
2
2
2
2
2
2
2
2
2
2
2
2
2
2
2
2
2
2
2
2
2
2
2
2
2
2
2
2
2
2
2
2
2
2
2
2
2
2
2
2
376
2
2
2
2
2
2
285
2
242
2
2
2
2
2
2
2
2
2
2
144
2
2
2
2
2
2
2
2
2
2
2
144
145
2
2
2
2
144
2
2
2
2
2
2
2
2
2
2
2
2
2
2
870
2
2
2
2
146
2
402
2
2
2
2
2
2
2
2
2
2
2
871
2
2
872
2
147
291
2
2
2
2
2
2
2
2
2
2
2
2
2
2
2
2
2
2
2
2
2
2
873
2
2
2
2
147
2
874
2
2
2
2
2
575
149
148
2
2
2
2
2
574
2
149
2
2
2
2
2
2
2
2
2
2
2
2
2
2
2
2
2
2
2
2
2
2
2
2
2
2
2
2
2
2
2
2
2
2
2
2
150
150
2
2
2
2
2
2
2
2
2
2
2
2
2
2
2
2
2
151
2
2
152
152
152
2
2
45
2
2
2
2
2
2
2
875
2
876
2
2
2
2
2
2
2
2
2
153
2
2
2
2
2
2
2
2
2
2
2
2
2
2
2
2
2
2
2
2
2
2
877
2
2
2
2
2
2
2
2
2
2
2
2
2
2
2
2
2
2
2
2
2
2
2
2
2
2
878
2
2
2
2
879
2
2
2
154
2
2
572
2
2
2
2
2
2
2
2
2
2
2
2
2
2
2
2
2
2
546
2
2
2
880
2
2
2
2
2
301
2
2
2
2
881
2
2
155
2
2
2
2
2
2
2
2
2
156
2
2
2
2
2
2
2
520
2
2
2
2
2
2
2
2
2
2
2
2
2
2
2
2
2
2
2
2
2
2
157
2
2
2
2
2
2
2
2
2
2
2
2
2
158
158
2
2
2
2
2
2
2
2
2
2
2
159
2
2
2
2
2
2
85
2
2
2
2
2
2
2
2
882
612
2
2
2
2
2
2
2
2
2
2
2
2
883
2
2
2
2
2
2
2
2
2
2
2
2
2
2
2
2
2
2
2
2
2
2
2
2
2
2
2
2
2
2
2
172
2
2
2
2
2
2
2
2
2
2
2
2
2
2
2
2
2
2
2
2
2
2
884
2
2
2
2
2
2
2
2
2
2
2
2
2
2
2
2
2
2
2
2
2
2
2
160
2
2
2
2
2
2
2
2
161
2
2
2
2
2
2
2
2
2
2
2
2
2
2
2
2
2
2
2
2
2
2
2
2
2
162
2
348
2
87
156
156
2
2
2
163
2
2
2
2
2
164
164
164
164
2
2
2
2
2
2
2
2
2
165
2
2
2
2
2
2
2
2
2
2
163
2
2
2
2
2
2
166
2
2
2
2
2
2
2
2
2
2
2
2
2
2
2
2
2
615
2
2
2
2
2
2
2
2
2
2
2
2
2
2
2
2
2
2
167
2
2
2
2
2
2
168
2
408
2
2
2
2
2
2
169
2
2
2
2
2
2
2
2
2
2
2
2
2
2
2
2
2
2
2
2
2
2
2
2
2
2
2
2
2
2
2
2
2
885
2
170
2
171
2
172
172
2
2
886
11
2
2
2
175
2
2
2
2
2
2
2
2
2
2
2
2
2
2
445
2
2
2
2
2
2
2
2
2
2
2
2
2
2
2
2
2
2
2
2
173
173
2
2
2
2
2
2
2
2
2
174
2
2
2
2
2
2
887
2
2
2
2
2
2
2
2
2
2
2
2
2
2
2
2
2
2
2
2
175
2
2
2
2
2
2
2
2
2
2
2
2
2
2
2
2
2
2
2
2
2
2
2
2
2
2
378
11
2
2
176
2
2
2
2
2
2
2
2
2
2
2
177
2
2
2
178
178
2
179
2
2
169
180
2
2
2
2
2
888
2
2
181
2
2
2
2
2
182
2
2
2
2
2
2
2
2
2
2
2
2
2
2
176
2
2
183
2
2
2
184
184
2
2
2
2
2
2
2
2
2
2
2
2
2
2
2
2
2
2
2
2
2
185
2
2
2
2
2
2
2
186
2
2
172
2
2
380
2
2
2
2
2
2
2
2
119
187
2
2
2
2
2
172
2
2
2
2
2
2
188
2
2
2
189
2
179
179
2
2
2
2
2
2
2
2
190
190
2
2
2
2
2
2
2
184
2
2
2
2
191
2
2
2
2
2
2
2
169
2
2
2
2
2
2
176
2
2
192
2
2
2
2
2
2
2
193
194
2
2
2
2
2
2
2
2
2
2
2
2
2
2
2
2
2
2
2
2
2
2
172
2
2
2
2
2
2
2
2
2
2
2
2
2
2
2
176
2
2
2
2
2
2
2
2
195
195
2
196
2
2
2
2
2
889
2
2
2
2
197
197
2
2
2
2
2
2
2
140
2
2
2
2
2
2
2
2
2
197
197
2
2
2
198
2
2
2
2
2
2
2
2
2
2
2
2
197
2
2
199
2
2
2
2
2
2
2
2
2
2
2
2
2
2
2
2
200
2
2
2
2
2
200
2
2
2
2
2
2
2
2
2
201
2
196
2
2
2
196
2
2
2
2
2
2
2
2
2
2
2
2
2
202
2
2
2
2
203
2
2
202
2
2
2
200
200
2
2
2
2
2
2
2
2
2
204
2
2
2
2
2
2
2
2
2
2
2
2
2
2
2
205
205
2
2
2
2
2
2
2
2
2
2
2
2
2
2
2
2
2
2
2
2
2
2
2
2
2
2
2
2
2
2
60
2
2
262
2
358
2
2
2
108
890
2
2
206
206
2
2
2
2
2
2
2
2
2
2
2
2
2
2
2
2
2
2
2
2
2
2
2
2
2
2
2
2
2
2
2
2
2
2
2
2
2
2
2
2
2
2
2
2
2
2
2
2
2
2
2
2
207
2
2
2
2
2
2
2
2
2
891
208
2
2
2
2
2
611
2
2
2
2
2
2
892
2
2
2
209
209
2
2
2
2
2
2
2
2
2
2
2
2
2
559
2
2
2
2
2
2
2
2
210
893
2
2
2
567
2
2
2
2
2
2
2
2
894
2
2
2
2
2
580
895
2
2
2
2
2
896
2
2
897
2
2
2
2
2
2
2
2
2
2
2
2
2
2
2
2
2
2
2
2
2
2
2
2
2
2
2
211
211
211
2
2
2
2
2
2
212
2
2
2
2
2
2
2
2
898
2
2
2
2
2
2
2
2
2
2
2
2
2
2
2
2
2
2
2
2
2
2
899
2
2
900
2
2
2
2
2
213
2
2
2
2
2
2
2
2
2
534
2
2
2
214
2
2
2
2
2
119
2
901
2
2
2
2
2
2
2
2
2
2
2
2
2
2
2
2
2
2
2
2
2
2
2
2
2
2
2
2
2
215
215
2
130
130
130
2
2
2
2
2
2
2
2
2
2
2
130
130
2
2
2
2
2
2
2
2
2
2
2
2
2
2
2
902
2
2
2
2
2
2
2
2
2
2
2
2
216
2
2
2
2
2
2
2
2
2
2
2
2
2
2
2
2
2
2
2
2
2
2
2
2
2
2
2
2
2
2
2
2
2
2
2
2
2
2
2
903
2
2
2
2
2
2
2
2
2
217
2
2
2
2
2
2
2
2
2
2
2
2
2
2
2
218
2
2
2
2
2
2
2
219
2
904
2
2
2
2
2
2
2
2
2
2
2
2
274
2
2
2
2
220
2
2
2
2
2
2
2
2
2
2
2
188
2
2
2
2
2
2
2
2
2
2
2
2
214
214
2
2
2
2
2
2
2
2
2
2
2
259
2
2
2
2
2
2
2
2
2
2
217
2
2
2
2
2
2
2
2
2
2
2
2
2
2
2
2
2
2
2
2
2
2
2
2
2
2
2
2
905
2
2
2
2
2
221
221
2
906
907
2
221
2
467
2
2
2
2
2
2
2
2
2
223
2
2
2
2
2
422
2
2
2
2
908
2
2
2
2
2
2
2
2
2
2
2
2
2
2
2
2
2
2
2
2
2
2
222
2
2
2
2
222
2
2
2
2
2
2
2
2
2
2
2
2
2
2
2
2
223
223
2
2
2
2
2
2
2
2
2
2
2
2
224
2
2
2
2
225
2
2
226
2
2
2
2
2
2
2
2
2
2
2
2
2
2
229
2
132
2
2
409
2
2
2
2
2
2
2
2
2
2
2
2
2
2
2
2
2
160
2
2
227
2
2
2
160
160
2
2
2
2
2
2
2
2
2
2
2
2
2
91
228
229
2
2
2
2
2
2
91
2
2
2
160
2
2
2
2
2
2
2
2
2
2
2
2
2
2
2
2
2
230
2
2
2
2
2
2
2
2
231
2
2
160
2
2
2
2
2
2
2
2
2
2
2
2
2
2
2
2
2
31
31
31
31
2
2
2
2
2
2
2
2
2
160
160
2
2
2
2
2
2
2
2
2
2
2
2
2
2
15
2
232
2
233
2
2
2
2
2
160
2
2
234
2
2
2
2
2
235
2
2
2
2
2
2
2
2
2
2
2
2
2
2
2
2
2
2
2
2
2
2
2
2
2
2
2
2
2
2
2
2
2
2
2
2
2
2
2
2
2
236
2
2
2
2
2
2
2
2
2
2
2
2
2
2
2
2
2
2
2
2
2
2
2
2
2
2
2
2
237
2
2
2
2
2
238
2
237
2
2
2
45
45
2
2
2
2
2
2
2
2
2
2
2
2
555
2
2
2
2
2
239
239
2
2
2
2
240
2
2
2
576
2
2
2
2
2
2
2
2
2
2
2
2
2
2
2
2
2
2
2
2
2
2
509
2
2
239
2
2
2
240
240
2
2
2
2
2
2
2
2
2
2
2
2
2
2
2
2
2
2
2
2
2
241
2
2
2
2
2
2
2
455
2
2
2
2
2
2
2
2
2
2
2
2
2
2
2
2
2
2
2
2
2
2
2
242
2
2
2
2
2
25
243
2
244
245
245
2
2
2
2
2
2
2
2
2
2
2
2
2
2
2
2
2
2
2
244
2
2
2
2
2
246
2
2
2
2
247
2
2
2
2
2
2
2
2
2
2
2
2
2
2
2
2
2
2
2
2
2
2
2
2
2
2
2
2
2
2
2
2
2
2
2
2
248
2
2
2
2
197
2
2
2
140
2
2
219
2
2
2
2
2
2
2
2
2
249
250
2
2
2
2
2
2
2
2
2
2
2
2
620
2
2
2
2
2
2
2
2
2
909
2
2
2
2
56
2
2
621
910
2
2
2
2
2
2
2
2
2
2
2
2
2
2
2
2
2
2
2
2
130
2
2
2
2
2
2
2
2
2
2
2
2
2
2
2
2
2
2
2
2
2
2
2
2
2
2
2
2
2
2
2
2
2
2
251
2
2
252
2
2
2
2
2
2
2
2
2
2
2
2
253
254
2
2
254
2
2
2
911
2
68
2
2
2
2
2
2
2
2
2
2
2
2
254
2
2
254
2
2
2
2
2
255
2
2
2
2
2
2
2
2
2
2
200
156
315
2
279
2
2
286
2
2
2
2
2
2
2
2
2
2
2
2
2
2
2
256
2
2
2
2
2
2
912
257
2
2
2
68
2
2
258
2
68
2
2
2
2
2
2
2
2
2
2
2
2
2
2
2
2
2
2
259
2
2
2
2
617
913
2
2
2
2
2
2
2
2
2
2
2
2
2
2
2
2
2
2
2
2
2
2
2
2
2
2
2
2
2
2
2
2
2
2
2
2
2
2
2
2
2
2
2
2
2
117
2
2
2
2
2
2
260
2
2
261
261
261
2
2
261
261
2
261
261
2
2
2
914
2
2
2
2
2
2
2
2
2
2
2
2
2
2
2
2
2
2
2
2
2
2
236
2
25
200
2
2
262
25
244
2
2
2
244
244
2
2
2
244
2
2
236
76
244
2
2
2
244
25
236
244
2
2
2
244
2
2
25
25
2
2
2
25
151
2
25
2
2
25
25
236
236
2
2
2
2
242
2
2
2
2
2
2
2
2
2
2
2
2
2
2
87
242
2
263
2
2
2
2
14
2
2
2
2
2
2
2
2
2
2
2
2
2
2
2
2
2
2
2
173
242
2
2
2
2
2
264
2
2
2
2
2
2
2
2
2
2
173
2
2
2
2
2
2
2
2
2
2
2
2
2
2
2
2
2
2
2
2
2
2
2
2
242
2
2
2
2
2
2
47
2
2
2
265
2
2
2
266
2
2
2
2
2
2
2
2
2
2
2
511
2
2
2
2
2
78
2
109
119
2
68
2
915
2
2
2
2
2
2
267
2
2
2
2
2
2
2
2
2
268
2
2
2
31
31
31
269
2
2
2
2
2
2
2
2
2
2
2
2
2
2
2
2
2
2
2
2
2
2
270
271
2
2
2
272
2
2
2
2
2
2
2
2
273
2
2
2
2
2
2
2
2
2
2
2
2
2
2
2
2
2
2
916
274
2
2
2
2
2
2
2
2
2
2
2
275
2
2
2
276
2
2
2
277
277
2
2
2
2
2
2
917
2
2
2
2
2
2
2
2
2
2
2
2
2
2
650
2
2
2
2
278
2
11
2
2
2
2
2
2
2
2
2
2
2
2
2
2
2
2
2
2
279
2
280
2
2
2
2
2
2
2
2
2
25
2
2
2
2
2
2
2
2
2
278
2
25
2
2
2
2
2
2
2
2
2
2
2
2
281
282
2
2
2
2
2
2
2
2
2
2
2
2
2
2
2
2
2
2
2
2
2
2
2
2
2
2
2
2
2
2
2
2
2
2
2
2
2
2
2
2
2
2
2
2
2
918
2
2
66
2
2
2
2
2
283
2
2
2
2
2
2
919
2
2
2
2
2
2
2
2
2
2
2
2
2
2
2
2
2
2
284
2
2
2
2
2
2
2
2
2
2
2
2
2
285
285
2
2
284
2
2
284
11
2
2
2
2
2
2
2
2
2
2
2
2
2
2
2
2
2
2
2
2
2
2
2
2
2
2
2
2
2
2
286
2
2
2
2
2
287
2
353
2
2
2
2
2
2
2
2
2
2
288
243
243
243
243
2
2
2
2
2
2
2
2
2
2
2
289
243
243
244
2
2
2
2
2
2
2
2
2
78
2
244
2
2
2
2
2
2
2
2
2
2
2
2
2
2
2
2
2
2
290
2
2
2
2
2
2
2
2
2
2
2
2
2
2
2
2
2
291
2
2
2
2
292
2
2
2
2
2
2
2
2
2
2
2
2
2
2
2
2
2
2
2
2
2
2
2
2
2
2
920
2
2
2
2
2
2
2
2
2
2
2
2
2
293
2
2
2
2
2
2
2
2
2
236
236
2
2
2
2
2
2
126
2
2
2
212
2
2
2
2
2
2
2
2
2
2
2
2
2
2
2
2
2
2
2
2
2
2
2
2
921
2
2
2
2
2
2
2
2
2
2
2
922
2
2
2
294
2
2
2
2
2
2
2
2
193
2
2
2
2
2
2
2
2
2
2
2
2
2
2
2
2
2
2
2
2
2
2
2
2
2
2
2
2
2
2
2
2
2
2
2
25
295
2
2
2
199
199
2
2
2
99
2
296
199
199
199
199
2
2
2
11
2
2
2
297
2
2
2
2
2
2
2
2
2
2
2
2
265
2
2
2
2
2
2
2
2
2
2
2
2
2
2
2
2
2
2
2
2
2
2
2
2
2
2
2
2
2
2
298
2
2
2
299
2
2
300
2
2
2
2
2
2
2
2
2
2
301
2
2
2
2
2
2
2
2
2
2
2
2
2
170
300
300
300
302
2
2
2
2
2
2
2
292
2
2
2
2
303
2
2
2
2
2
2
2
2
2
300
2
2
2
2
2
304
2
2
2
2
2
2
2
2
305
2
2
2
2
2
2
2
2
2
2
2
2
2
2
2
2
37
2
2
2
2
2
37
2
2
2
2
2
2
306
2
2
2
2
2
2
2
307
307
2
2
2
2
2
2
2
2
2
2
2
2
2
2
308
2
307
307
2
2
2
2
288
2
2
307
307
307
2
2
2
2
2
2
2
2
2
2
2
2
2
2
2
2
181
181
2
2
2
2
2
2
2
2
2
2
31
2
2
2
2
2
2
2
2
2
2
2
2
2
2
2
2
31
2
2
2
2
2
2
2
2
2
2
2
2
2
2
2
2
2
2
2
2
2
2
2
2
2
309
2
2
2
2
2
2
2
2
2
2
2
2
2
2
2
2
2
2
2
2
2
2
2
2
2
2
2
2
2
2
2
2
2
2
2
2
193
41
41
41
41
41
2
2
2
2
923
2
2
41
41
2
2
2
924
2
41
2
41
41
2
2
2
925
2
2
2
41
2
2
926
41
41
41
41
41
2
2
2
2
2
2
2
2
310
2
311
2
310
310
2
2
2
311
310
2
2
2
2
2
2
2
2
2
2
2
2
2
2
2
2
2
2
2
2
2
2
2
2
2
2
2
2
2
2
2
2
2
2
2
2
2
2
2
2
2
2
2
2
2
2
2
2
2
2
2
2
2
2
2
2
345
927
312
2
2
313
313
2
2
2
2
2
2
259
2
2
2
2
2
2
259
2
2
2
2
2
2
2
2
2
2
2
2
259
2
2
2
2
2
2
2
2
2
2
2
2
928
374
2
2
314
2
2
2
2
2
2
2
2
2
2
2
2
2
2
2
2
2
2
2
2
2
2
2
2
2
2
2
2
2
2
2
2
2
2
2
2
2
2
2
2
2
2
2
2
2
2
2
2
2
2
2
2
2
2
2
2
2
2
2
2
2
2
2
2
2
2
2
2
2
2
2
2
2
2
2
2
2
2
2
297
297
2
2
13
297
13
200
13
2
2
2
2
315
2
2
2
2
2
2
2
2
2
450
2
307
2
2
2
2
2
2
2
2
2
2
210
2
316
2
317
2
2
2
2
2
2
307
307
307
307
2
2
2
2
2
2
2
2
2
2
2
2
2
2
85
85
85
2
2
262
2
2
2
2
2
2
2
2
2
2
2
2
2
2
2
2
2
2
2
2
2
2
2
2
2
2
2
2
2
2
2
307
2
2
2
2
307
170
2
2
2
2
236
236
2
307
2
2
2
2
2
2
2
2
2
2
2
2
2
2
2
2
2
2
2
2
2
2
2
2
2
2
2
2
2
2
2
2
2
2
2
2
2
188
2
2
318
318
2
2
2
2
2
2
2
2
2
2
2
2
2
2
2
2
2
2
2
2
2
2
2
2
2
2
2
2
2
2
2
2
2
2
2
2
2
2
2
2
2
2
2
2
2
2
2
2
2
2
2
2
31
25
25
236
236
25
25
25
25
25
25
25
319
25
25
25
25
25
2
2
2
2
320
2
321
2
2
2
2
2
2
2
25
2
2
2
322
2
2
25
2
298
176
2
2
2
2
2
298
298
2
2
2
2
2
2
2
2
2
2
2
44
44
2
2
2
2
2
2
2
2
2
2
2
2
2
23
2
2
2
2
23
2
2
2
2
2
2
2
2
2
2
2
2
2
929
2
2
2
2
2
2
2
2
2
2
154
2
2
2
2
2
2
2
2
25
25
25
25
2
2
2
2
2
2
245
2
323
2
2
2
2
2
2
2
930
2
2
2
2
2
244
244
244
244
244
244
324
325
244
244
244
2
2
244
244
244
244
244
244
244
244
244
244
2
2
2
2
2
2
2
2
2
2
2
2
2
2
2
2
2
2
2
37
37
165
165
165
165
165
2
2
2
2
2
236
236
2
2
2
2
2
2
2
2
2
2
2
2
2
2
2
2
2
2
2
2
2
2
2
2
2
2
2
2
2
326
2
2
2
2
2
2
2
2
2
2
2
2
2
2
2
2
2
2
2
2
2
2
2
2
2
2
2
2
2
2
2
2
2
2
2
2
2
2
2
2
2
2
2
327
2
2
2
2
2
2
291
2
2
2
2
328
2
329
2
2
2
2
2
257
2
2
2
2
2
2
2
2
2
25
25
2
2
2
2
2
2
2
2
2
2
236
2
78
2
31
2
2
2
2
2
2
330
2
2
2
2
2
2
2
2
2
2
2
2
2
2
2
288
2
2
2
2
2
2
2
2
2
2
2
2
2
331
331
2
2
2
2
2
2
2
2
2
332
2
2
2
2
26
2
2
333
334
2
2
2
2
2
2
335
2
2
336
2
2
2
2
2
2
2
2
2
2
2
2
2
2
2
2
2
2
2
2
2
2
2
2
2
2
2
2
2
2
2
2
2
2
2
2
2
2
2
2
2
2
2
2
2
262
262
262
2
2
2
337
337
2
2
2
2
2
2
2
2
2
2
2
2
2
2
2
2
338
2
2
2
2
2
2
2
339
2
2
2
2
2
2
260
260
260
2
2
176
2
2
2
2
931
2
2
2
2
2
2
2
2
2
2
2
2
2
2
243
2
2
2
2
2
2
2
2
2
560
2
208
208
2
2
2
208
208
208
2
208
340
2
2
2
31
2
2
2
2
2
2
2
26
26
26
26
26
2
2
2
2
2
2
2
2
2
341
342
2
341
341
341
2
341
341
341
2
341
2
2
2
2
2
2
2
2
2
2
2
2
288
2
2
2
2
2
2
2
2
2
2
2
2
2
2
2
343
2
2
288
2
2
2
344
2
2
2
345
2
2
2
346
2
2
2
2
2
2
2
347
346
348
343
2
345
345
2
193
2
2
2
288
2
2
343
349
2
2
2
2
2
2
2
2
346
2
2
2
2
2
350
2
2
343
2
2
2
2
2
2
2
2
2
347
2
351
2
2
2
2
2
2
145
259
288
345
2
2
2
352
2
2
2
2
2
2
2
2
2
353
354
2
2
2
2
2
2
2
355
2
2
2
2
2
2
2
2
2
2
2
348
356
2
2
145
2
2
343
2
2
2
2
2
2
343
2
2
2
2
2
2
2
2
2
2
2
2
2
2
2
2
2
2
2
2
2
2
2
2
2
2
345
345
2
2
452
92
303
303
303
193
2
2
2
345
2
2
2
2
353
345
345
2
357
2
2
358
359
2
2
2
2
2
359
2
2
2
2
2
2
2
2
2
360
2
2
2
2
2
2
2
2
2
2
2
2
2
200
2
2
2
56
2
2
361
2
2
2
2
2
2
2
2
2
2
2
59
2
2
2
362
2
2
2
2
2
2
54
2
2
2
2
2
2
2
2
2
2
59
2
2
2
2
2
2
59
59
2
2
2
2
2
2
2
2
2
2
2
2
2
2
2
2
2
2
2
2
2
2
2
2
2
2
2
2
2
2
932
2
2
2
247
2
359
344
2
2
363
2
2
2
2
2
2
2
2
2
2
2
2
2
2
2
2
2
2
2
2
2
2
2
2
2
2
2
2
2
2
2
2
2
2
2
2
2
2
2
2
2
2
2
2
2
2
2
2
2
2
2
2
2
2
2
2
2
2
2
2
2
2
2
257
257
257
2
257
257
2
257
257
2
257
257
257
257
257
2
2
2
2
2
2
364
2
2
2
2
2
2
933
934
535
2
2
2
2
2
2
2
2
2
2
2
2
2
2
2
2
260
2
2
2
365
2
2
2
2
2
2
2
2
2
2
2
2
2
2
2
2
2
2
2
2
2
236
236
236
236
236
236
236
236
2
2
2
2
2
236
2
2
2
2
2
2
366
2
2
2
2
2
2
2
2
2
2
2
2
2
2
2
2
2
2
2
2
2
2
2
2
2
2
2
2
367
2
2
2
2
2
2
2
2
2
2
2
2
368
368
2
2
2
2
2
2
2
2
2
2
2
935
2
2
2
2
2
2
2
2
2
321
2
2
2
2
2
2
2
2
140
138
2
2
2
369
2
2
2
2
279
138
2
370
2
256
2
2
109
371
202
2
2
2
2
138
2
2
2
2
2
2
2
2
2
2
2
2
2
2
2
2
2
2
2
2
2
2
2
2
2
126
126
2
2
2
2
2
2
176
2
176
2
2
2
2
2
2
2
2
2
343
2
2
2
2
2
2
146
2
2
2
257
257
2
2
2
2
2
2
2
2
2
2
2
2
2
2
2
2
76
76
76
76
76
76
76
202
372
202
202
2
202
2
2
2
2
2
2
2
2
2
2
2
2
2
2
2
2
2
2
2
2
373
2
2
2
2
2
2
2
2
2
2
374
2
2
2
2
2
2
2
2
2
2
375
2
2
2
2
2
2
375
375
2
2
2
2
2
2
2
2
2
2
2
2
2
2
2
2
2
2
2
2
2
2
2
2
2
2
2
2
2
375
375
376
376
2
2
75
75
75
75
75
75
75
75
75
75
75
75
75
75
75
75
75
75
75
75
75
2
2
75
2
2
2
2
2
2
2
2
2
2
2
2
2
2
2
2
2
258
2
2
2
2
25
25
2
2
2
2
2
2
2
2
2
2
2
2
2
2
2
2
2
2
2
2
2
155
155
2
2
25
25
250
250
250
250
250
2
250
250
2
250
250
250
250
2
250
250
250
2
2
2
2
2
2
2
936
2
2
2
2
2
2
2
2
2
2
2
2
2
2
2
2
2
2
2
2
2
2
2
2
2
377
2
2
2
2
2
2
2
243
2
2
2
112
2
2
2
2
2
2
2
2
2
2
2
2
2
2
2
2
2
2
2
2
2
378
2
2
2
2
2
2
2
2
2
2
2
2
2
2
2
2
2
2
2
2
2
2
2
2
2
2
2
2
2
2
2
2
2
2
2
2
2
2
2
2
2
2
2
2
2
2
2
2
211
379
379
379
2
2
2
2
363
363
2
2
2
211
211
2
2
2
2
2
2
2
379
211
2
2
2
2
2
2
2
2
2
211
2
2
2
210
2
380
2
2
2
2
379
2
2
2
2
2
2
2
379
379
2
2
2
2
2
2
2
2
2
2
2
2
2
2
2
381
2
2
2
2
2
2
2
2
2
2
2
2
211
2
2
937
2
2
2
2
2
2
2
2
2
2
2
2
2
2
2
2
2
2
2
2
2
2
2
2
2
2
2
2
2
2
2
2
2
2
2
2
2
138
2
2
2
2
2
2
2
2
2
2
2
2
2
2
2
2
2
2
2
2
2
2
2
2
2
68
2
2
2
2
2
2
2
286
2
2
2
2
2
2
2
2
2
2
2
2
2
2
2
2
2
2
2
2
211
2
2
2
2
2
2
119
2
2
2
2
2
2
2
2
2
2
2
2
2
2
2
2
2
2
2
2
2
2
2
2
2
2
2
2
2
2
2
2
2
2
2
2
2
2
2
2
2
2
2
2
2
2
2
2
2
2
2
2
2
2
2
2
2
380
2
2
2
2
2
2
2
2
380
2
2
2
2
2
2
2
2
2
2
382
2
2
2
2
2
2
2
2
2
2
379
379
2
210
2
2
2
380
2
2
2
286
2
2
2
2
2
2
2
383
384
2
2
2
2
2
2
2
2
2
2
2
2
2
2
2
2
2
119
2
2
2
2
2
2
2
2
2
2
385
138
138
138
2
2
2
2
138
138
138
138
138
2
138
138
138
138
2
2
2
2
2
2
386
327
2
2
2
2
11
11
11
2
11
11
11
11
11
11
11
11
11
2
11
2
387
2
2
2
2
2
2
2
2
2
2
2
2
9
2
9
9
2
2
2
9
2
2
2
2
2
2
2
2
2
2
2
2
388
2
2
2
2
2
2
2
2
2
2
2
2
2
2
2
2
2
2
2
2
2
2
2
2
2
2
2
2
2
2
2
2
2
2
2
2
2
2
2
2
2
2
2
2
2
2
2
2
2
2
2
2
2
2
2
2
243
2
243
243
243
243
243
243
243
2
2
2
2
2
2
2
2
2
2
2
2
2
2
2
2
2
2
2
2
2
2
566
2
571
2
2
2
2
2
2
2
2
2
393
2
2
2
2
2
2
2
2
2
389
390
390
2
390
2
2
2
2
2
2
2
2
391
2
390
392
390
390
390
2
392
392
2
2
2
2
2
2
389
2
390
390
390
2
2
2
2
2
2
2
2
2
2
2
2
2
2
2
2
2
2
2
390
2
390
390
2
2
2
2
2
2
2
2
2
2
2
2
2
2
2
2
2
390
2
2
2
391
2
2
2
2
2
393
2
2
2
2
2
2
2
2
33
2
2
2
2
390
390
2
390
2
2
2
119
2
2
2
2
2
2
394
379
379
389
2
2
2
2
2
2
2
2
2
2
2
2
2
2
393
2
2
395
2
2
2
2
2
2
2
2
2
2
2
2
2
2
2
2
2
2
2
2
2
2
2
2
2
2
2
2
2
2
2
2
2
2
2
2
2
2
2
2
2
2
2
2
2
2
2
2
2
396
2
606
2
2
2
2
2
2
2
2
2
2
2
2
2
2
2
2
2
2
2
2
2
2
2
2
2
2
397
398
2
2
2
2
2
2
2
2
2
2
2
2
2
2
2
2
2
348
2
2
2
310
310
2
2
2
2
310
2
2
2
2
2
2
2
2
2
2
2
2
235
235
2
2
2
2
2
2
2
2
150
2
2
2
2
2
2
2
2
2
181
181
2
2
2
2
2
2
229
2
2
2
2
2
2
181
181
2
2
938
2
2
2
2
2
2
2
2
2
399
400
2
2
2
2
2
2
2
2
2
2
2
2
2
2
2
2
2
2
2
2
2
2
2
348
2
310
310
310
2
310
401
2
2
2
2
2
2
2
2
2
2
2
310
2
2
2
2
2
2
2
2
2
2
402
21
2
2
2
2
2
2
403
2
2
2
331
2
2
2
31
350
2
2
2
2
2
2
2
2
2
331
331
343
404
2
2
31
2
2
2
355
2
2
2
2
347
403
31
31
2
2
2
355
355
359
2
193
2
2
2
239
2
2
345
2
2
2
2
288
345
2
2
2
355
2
2
2
2
345
2
2
145
350
2
2
2
2
264
2
2
2
2
2
2
405
2
2
2
2
2
2
2
406
406
2
2
2
2
2
2
2
2
2
2
2
2
2
2
2
2
407
2
2
2
2
2
2
2
407
2
2
2
2
2
2
2
2
2
2
408
2
2
2
2
408
2
2
2
409
2
2
410
410
2
411
411
411
2
2
2
412
2
2
2
2
2
2
2
2
2
2
2
2
2
2
2
2
2
2
2
2
2
2
413
2
2
2
2
2
2
2
2
2
2
2
2
2
2
2
2
2
2
181
31
31
2
2
2
2
2
2
2
2
2
2
2
2
2
2
2
2
2
2
2
2
2
2
2
2
2
2
2
2
2
2
2
2
2
2
2
2
2
2
2
2
2
2
2
2
2
2
2
2
2
2
2
2
414
414
2
2
414
414
2
2
2
2
2
2
2
2
2
2
2
2
2
2
2
2
2
2
2
2
2
2
2
2
2
2
2
2
2
2
2
2
2
2
2
2
2
2
2
2
2
2
2
2
2
2
2
2
2
2
2
2
2
249
249
249
2
2
2
2
2
2
2
2
2
2
2
2
2
2
2
2
2
2
2
2
2
2
2
2
2
2
2
2
2
2
2
2
2
2
2
2
2
2
2
2
2
2
2
415
2
2
2
2
2
2
2
2
2
2
2
2
416
2
2
2
2
117
117
2
2
2
2
417
2
418
418
2
2
419
419
419
419
420
2
2
421
2
2
2
2
2
2
2
2
2
2
2
2
2
2
2
2
2
2
2
2
2
2
2
2
2
2
2
2
2
2
2
2
371
371
2
2
2
2
939
2
2
2
2
2
2
2
2
2
2
2
2
2
2
2
2
2
2
2
2
2
2
2
2
422
2
2
2
2
423
2
2
2
2
2
2
2
2
2
2
2
2
2
2
424
2
2
367
423
2
2
2
2
2
2
2
2
2
2
2
2
2
2
2
2
2
2
2
2
2
2
2
2
2
2
2
2
2
2
2
425
113
113
113
113
426
113
427
2
2
2
2
2
2
2
2
2
2
2
2
2
2
253
2
159
2
2
2
2
2
2
2
2
2
2
428
428
428
428
2
2
2
2
2
2
2
2
2
2
2
2
428
428
2
2
2
2
2
2
2
2
2
2
2
2
2
2
2
2
2
2
2
2
2
2
2
2
2
2
2
2
2
2
2
2
2
2
2
2
2
429
2
2
2
430
430
2
431
431
2
2
2
2
2
2
2
2
2
2
2
2
2
2
2
2
2
2
2
2
2
432
432
2
96
96
96
96
2
2
2
2
2
2
96
2
2
2
2
2
2
2
2
2
2
2
2
2
2
2
2
2
2
2
2
2
2
2
2
2
2
2
2
2
2
2
2
2
2
2
2
2
2
2
2
2
2
2
2
2
313
313
313
313
313
2
2
2
2
2
2
2
2
2
2
2
2
2
2
2
2
2
2
2
2
2
2
2
2
2
2
2
2
2
2
2
2
2
2
2
2
2
2
2
2
2
2
2
2
433
2
2
2
2
2
434
435
2
2
2
2
2
2
2
2
2
2
428
428
2
2
2
2
2
2
436
2
2
2
2
2
2
2
2
2
2
2
2
436
428
2
2
2
2
436
2
2
2
2
2
2
2
2
2
2
247
247
437
2
2
2
2
2
2
2
2
2
2
2
2
2
2
2
197
2
2
2
2
2
2
2
2
2
2
2
2
2
2
437
2
438
2
2
2
2
439
2
2
2
2
2
2
175
2
2
2
2
437
2
2
2
2
2
940
2
2
301
2
2
2
2
2
2
2
2
2
2
2
2
35
2
2
2
2
2
2
2
2
2
2
2
2
2
2
2
2
2
2
2
2
440
441
2
2
2
2
2
2
2
2
2
2
2
2
2
2
2
2
2
2
2
2
442
2
2
2
2
2
2
2
2
443
2
2
2
2
2
2
2
2
440
2
248
248
2
2
2
2
371
371
371
2
2
2
2
2
2
2
2
2
2
2
2
2
2
2
2
2
2
2
2
2
2
2
2
2
2
444
444
2
2
2
2
2
2
2
2
2
2
2
2
445
2
2
2
2
2
2
2
2
2
2
2
2
2
2
2
2
2
2
2
2
2
2
2
2
446
2
2
2
2
2
2
31
2
2
2
262
262
2
262
2
2
2
2
298
298
2
2
2
298
2
2
2
2
2
2
2
2
2
2
2
2
2
2
2
2
2
2
2
2
2
2
2
2
447
447
2
2
2
2
2
2
2
2
2
2
2
2
2
2
2
2
2
2
2
2
2
2
2
260
438
2
443
2
2
2
371
2
2
2
2
2
2
2
2
2
2
2
2
2
2
2
2
2
2
448
2
2
2
2
2
2
261
2
2
2
2
2
2
2
449
2
2
2
2
2
2
2
2
2
2
2
2
2
2
2
450
450
450
2
2
2
2
2
2
2
2
2
2
2
2
2
2
2
2
339
339
2
2
2
2
2
2
2
2
2
262
2
2
2
2
2
2
2
2
2
2
451
452
2
2
2
371
2
2
2
2
2
2
2
443
2
2
453
2
2
371
2
2
2
2
2
2
2
2
2
2
2
2
2
2
2
2
2
2
2
2
2
2
2
2
2
2
2
2
2
454
2
2
2
2
2
2
2
2
2
2
2
2
2
2
2
2
2
455
298
298
176
176
2
2
2
2
2
298
2
2
456
2
2
2
2
2
2
2
2
2
2
2
2
457
110
110
110
2
2
2
2
2
2
2
2
2
2
2
458
458
47
2
2
298
2
197
2
2
2
2
2
2
2
2
2
2
2
2
2
2
2
2
2
2
2
2
2
459
2
2
460
2
2
2
2
2
2
2
461
2
2
2
2
2
2
2
2
2
2
222
2
462
2
2
2
2
2
2
2
2
2
2
2
2
2
2
2
2
2
221
2
2
2
2
2
2
2
463
2
2
2
464
2
2
2
2
2
2
2
2
2
2
2
2
2
437
2
2
465
465
2
2
2
460
2
2
2
2
2
2
2
2
2
2
2
2
2
2
466
2
2
2
467
2
2
222
2
2
2
2
2
2
2
2
2
2
2
2
2
2
2
2
2
2
2
2
463
463
2
2
2
2
2
2
2
2
2
2
2
468
463
2
2
222
2
222
2
2
2
2
2
2
2
2
2
2
2
222
2
2
2
2
2
2
2
463
2
2
2
2
437
2
2
2
2
2
2
2
2
2
2
2
2
2
2
2
2
2
222
222
2
2
2
2
2
2
2
82
82
82
2
2
2
2
2
2
2
2
2
2
2
2
2
2
2
2
2
2
2
2
2
2
2
2
2
2
2
2
469
2
2
2
2
2
2
2
2
2
2
2
2
2
2
2
2
2
2
2
2
2
2
2
2
2
2
2
2
2
2
2
2
455
2
2
2
2
2
242
2
2
455
2
2
2
2
2
2
2
2
2
2
455
2
470
2
2
2
2
2
2
242
2
2
2
2
455
2
2
2
2
2
2
455
471
2
2
2
2
2
2
2
2
2
2
2
470
2
2
176
2
2
2
2
2
2
472
2
2
2
2
2
2
2
2
2
49
2
242
242
2
2
2
2
2
2
2
473
473
2
2
2
2
470
2
2
2
2
2
2
2
2
470
2
2
2
2
2
2
2
2
2
2
2
2
2
242
2
2
2
2
2
2
2
2
2
2
2
455
455
2
2
2
2
2
2
2
2
474
2
2
2
2
2
2
2
2
2
2
2
2
2
2
2
2
458
2
2
2
2
2
2
2
2
475
475
475
475
476
476
2
2
2
2
2
2
2
2
2
2
2
2
2
2
2
2
2
2
2
2
2
2
2
2
476
2
2
121
2
477
2
2
478
478
2
2
2
2
2
2
2
2
176
176
2
140
2
479
480
479
479
479
479
479
2
2
2
481
2
2
2
2
2
2
2
2
2
482
2
483
2
2
2
2
2
2
2
2
2
2
2
2
2
2
2
2
2
2
2
2
2
2
2
2
2
2
176
2
176
176
2
2
2
2
2
2
2
2
2
2
2
941
2
2
2
2
499
2
2
2
2
2
2
2
2
2
2
2
484
2
2
2
2
2
485
485
942
485
485
2
2
2
2
2
2
2
486
68
486
486
486
486
2
2
2
2
2
2
2
2
2
2
2
2
2
2
68
486
2
2
2
2
2
2
486
2
2
315
2
486
486
486
2
2
2
2
292
486
2
2
68
396
486
487
2
2
2
2
2
2
2
2
2
2
2
66
66
66
2
66
66
2
2
2
2
2
2
2
2
315
2
2
60
2
2
2
2
2
2
2
2
2
2
2
2
2
2
2
2
2
2
284
284
2
2
2
2
2
2
2
2
2
2
2
65
65
65
2
2
2
2
2
2
2
2
2
2
2
488
2
2
2
2
193
2
2
489
193
2
193
2
2
2
2
315
2
2
315
2
2
2
490
2
315
315
2
2
315
315
315
2
2
315
2
315
315
2
2
315
2
2
2
2
2
491
2
492
2
2
2
2
2
2
2
2
2
17
2
2
2
2
2
2
2
474
2
2
2
474
2
2
2
493
2
2
2
2
2
190
2
2
2
494
495
496
2
2
2
2
2
2
2
2
2
2
2
2
2
2
2
2
2
2
2
497
2
2
2
2
2
2
2
2
2
2
2
2
2
2
2
2
2
2
2
2
2
2
2
2
2
2
2
2
498
2
2
2
2
2
109
109
109
60
2
2
2
60
2
60
109
2
2
2
2
109
109
2
2
2
2
109
2
2
2
2
2
2
2
2
499
499
2
2
2
2
500
2
109
2
2
2
2
109
109
109
2
2
2
501
501
2
2
2
2
2
2
502
2
2
2
2
2
2
2
2
2
2
2
2
2
497
2
2
2
2
2
2
2
2
413
2
2
2
2
2
2
2
2
2
2
2
2
2
2
2
2
2
503
500
13
2
13
13
13
2
2
2
2
2
256
256
256
256
256
256
256
256
256
2
2
2
256
256
256
256
256
256
256
256
2
2
2
2
2
2
2
49
49
49
49
49
2
2
2
2
2
2
2
2
2
2
642
2
2
2
2
2
2
2
2
2
2
504
2
199
199
2
2
2
2
2
109
109
499
2
109
2
2
2
2
2
2
2
2
2
2
2
2
2
2
2
2
2
2
2
2
2
2
2
2
2
2
2
2
2
2
2
2
2
2
2
2
2
2
2
2
2
156
2
156
156
156
156
2
156
156
156
156
156
156
156
156
156
156
156
156
156
2
156
156
156
156
156
156
156
156
156
156
156
156
156
156
156
156
156
156
156
156
156
2
2
2
2
2
2
2
2
2
2
2
2
2
2
2
2
2
2
2
2
2
2
2
2
2
2
2
2
2
2
2
2
2
2
2
2
2
2
2
2
2
2
2
2
2
2
2
2
2
2
2
2
2
2
2
2
2
2
2
2
2
2
109
2
2
2
2
2
109
2
2
2
2
2
2
2
2
2
2
2
2
2
2
2
109
109
257
2
2
2
2
2
2
2
2
2
2
2
2
286
2
2
2
2
2
2
2
2
2
2
2
2
2
2
2
2
2
2
2
2
2
2
2
2
2
59
2
2
2
2
2
2
2
2
2
2
2
2
2
2
2
2
2
2
2
2
2
2
2
2
2
2
2
2
2
2
2
2
2
2
2
2
2
2
2
2
2
2
2
2
2
2
2
505
2
2
2
2
2
2
2
2
2
2
2
2
2
2
2
2
2
2
506
2
2
2
2
2
2
2
2
68
367
367
367
367
367
367
367
367
367
367
367
2
2
367
367
367
367
367
367
367
367
367
367
2
2
2
2
2
2
2
2
2
2
2
2
2
2
2
2
2
2
507
508
2
2
2
2
2
2
2
2
2
2
2
2
2
2
2
2
2
2
2
2
2
2
2
99
2
2
2
2
2
2
2
2
297
2
2
2
2
2
2
2
2
2
2
2
2
2
2
2
2
2
2
2
297
2
2
2
2
2
2
297
2
2
2
2
2
2
2
2
2
2
2
2
2
2
2
2
2
2
2
2
2
2
2
2
2
2
2
2
2
2
2
2
2
2
2
2
2
2
2
561
2
2
2
2
2
2
2
2
509
2
2
2
2
2
2
2
2
2
2
2
2
2
2
2
2
2
2
2
2
2
2
2
2
2
2
2
2
2
2
2
2
2
2
2
2
2
2
2
2
2
2
2
2
2
2
2
2
2
2
2
2
2
2
2
2
2
2
2
2
2
2
2
510
2
2
2
2
2
2
2
2
511
2
2
2
2
394
2
122
297
297
2
2
99
512
2
99
2
2
2
2
2
2
2
2
2
2
2
2
513
2
2
943
2
570
2
569
2
514
2
2
2
2
2
2
2
2
2
2
2
2
2
2
2
2
2
2
2
2
2
2
2
2
2
2
2
2
2
2
2
2
2
2
2
2
2
2
2
2
2
2
2
2
2
2
2
2
2
2
2
2
2
2
2
2
2
2
2
2
2
262
2
2
2
2
2
2
2
2
2
2
2
2
2
2
59
2
2
2
2
2
2
2
2
2
68
2
2
2
2
78
2
2
2
321
2
2
2
2
2
2
2
2
2
2
2
2
321
2
2
515
515
2
2
2
2
2
2
2
2
2
2
516
2
517
518
2
2
2
2
2
2
519
519
2
2
2
2
2
2
2
2
520
520
520
520
2
2
2
2
2
2
2
2
2
2
2
2
2
2
2
2
2
2
2
2
2
2
2
2
2
2
2
2
2
2
2
2
2
2
2
2
2
2
2
2
2
2
2
2
2
2
2
2
2
2
291
2
2
2
2
2
2
2
2
2
2
2
2
2
521
2
2
2
2
2
2
2
2
2
2
2
2
2
2
2
2
2
2
2
2
2
2
2
2
2
2
2
2
2
2
2
2
2
2
2
2
2
2
2
2
2
2
2
2
2
2
2
2
2
2
2
2
2
2
2
2
2
2
2
2
68
2
2
2
2
2
2
2
2
393
2
2
2
2
2
2
2
2
2
2
2
2
2
2
2
2
2
2
2
2
2
2
2
2
2
2
25
25
2
2
25
25
25
297
99
99
99
99
99
99
99
99
99
99
297
99
99
99
99
99
2
99
99
297
2
2
2
2
2
2
2
2
2
2
2
2
2
522
2
2
2
2
2
2
2
2
2
2
2
2
2
2
2
2
944
2
2
2
579
2
2
2
2
2
2
2
2
2
2
2
2
523
2
2
2
2
2
2
2
2
2
2
2
2
2
2
2
2
524
2
2
2
2
2
525
2
2
2
375
375
375
2
2
2
2
2
2
2
2
2
2
2
526
2
2
2
2
2
2
2
2
2
2
2
2
2
2
2
2
2
2
2
2
2
2
2
2
2
527
2
2
2
2
2
2
2
446
446
2
2
2
2
2
2
2
2
2
310
528
651
528
528
151
307
307
2
2
2
529
528
16
528
528
2
529
2
2
181
181
2
181
528
310
2
2
2
2
2
2
2
530
528
528
310
2
310
2
2
310
2
2
181
529
2
16
16
529
2
2
2
2
2
2
2
16
16
16
2
143
310
2
310
2
310
2
2
531
2
2
529
532
2
2
311
311
311
311
311
264
264
2
310
264
533
310
2
2
2
2
2
534
2
2
2
2
535
2
2
2
536
536
2
2
2
2
536
2
2
2
2
2
2
2
2
2
2
2
2
2
2
2
2
2
2
2
2
2
2
2
2
2
2
2
537
2
2
2
2
2
2
2
2
2
2
2
2
2
2
2
2
2
2
2
2
2
2
2
2
2
2
2
407
2
2
2
2
2
2
2
2
2
2
2
2
2
2
2
2
538
538
538
538
2
2
2
2
2
2
2
2
2
45
2
2
2
2
2
2
2
2
2
539
539
539
2
2
2
2
2
2
2
2
2
2
2
17
2
2
2
2
2
2
2
2
2
2
2
2
2
2
2
2
2
2
2
2
2
2
2
2
540
541
2
2
945
2
2
2
2
2
2
2
542
2
542
542
542
2
542
542
543
2
544
544
2
2
2
2
2
2
2
2
2
2
2
2
2
2
2
2
2
2
2
2
2
2
2
2
536
545
2
2
2
2
2
2
148
2
2
2
2
2
2
2
2
2
2
2
2
2
2
2
2
2
2
2
2
2
2
2
2
2
2
2
2
2
2
2
546
2
2
2
2
2
401
2
2
542
2
2
2
2
2
2
2
2
2
2
2
2
2
2
2
2
2
2
547
2
2
2
2
2
2
2
2
2
2
2
2
2
2
2
2
2
2
2
2
2
2
2
2
2
2
2
2
2
2
2
2
2
2
2
2
2
2
2
2
2
2
2
2
2
189
2
2
2
2
2
2
2
2
2
2
2
2
2
2
2
548
2
2
2
2
2
2
2
549
2
2
2
2
2
2
2
2
2
2
2
2
2
2
2
550
2
2
2
2
2
2
2
2
2
2
2
2
2
551
552
552
552
552
552
2
2
345
2
2
2
577
2
2
2
2
2
2
2
2
2
2
2
2
2
2
2
2
2
2
2
2
2
2
2
2
2
553
2
2
2
2
2
2
2
2
2
2
2
2
2
2
2
2
2
2
554
2
2
2
2
2
2
2
2
2
2
2
2
2
2
2
2
2
2
2
2
2
2
2
2
2
2
2
2
555
2
2
2
2
2
2
2
2
2
2
2
2
2
2
2
2
2
2
2
2
2
2
2
355
2
2
2
2
2
2
2
2
2
2
2
2
2
2
2
2
2
2
2
2
2
2
2
2
151
151
151
151
151
2
2
348
556
2
2
2
2
2
2
348
348
2
2
2
2
2
2
2
2
2
2
2
2
2
2
2
2
2
2
2
2
2
2
2
2
2
2
2
2
2
2
2
2
2
2
2
2
2
2
2
2
2
2
2
2
2
2
2
2
2
259
259
259
259
557
558
2
2
2
2
2
2
2
2
2
2
475
475
2
2
2
2
2
2
2
2
2
2
2
2
2
2
2
2
2
2
2
2
2
2
2
2
2
2
2
2
2
2
2
78
2
2
279
394
2
2
2
2
2
78
2
2
2
2
2
2
2
2
2
2
2
2
2
2
2
2
2
2
2
2
2
2
2
2
2
2
2
2
2
2
2
2
2
2
150
2
150
2
2
2
2
559
559
2
2
2
2
2
2
2
2
2
2
2
2
2
2
2
2
150
2
2
2
2
2
2
2
2
2
2
2
2
2
2
2
2
2
2
2
2
2
2
2
2
2
2
2
2
2
2
2
2
2
2
2
2
560
121
2
2
2
2
2
2
2
2
2
2
2
2
2
2
2
2
193
2
2
2
2
2
2
2
2
2
2
2
2
2
2
2
561
2
2
2
2
2
511
2
343
2
35
35
2
2
2
2
2
2
2
2
2
562
2
2
2
563
563
2
2
2
2
2
373
2
2
75
2
2
2
2
2
564
564
564
2
2
2
2
2
2
2
2
2
2
2
2
2
2
2
2
153
153
153
153
2
153
153
2
565
2
2
2
2
2
2
2
566
2
946
2
2
2
2
2
2
2
2
2
2
2
2
2
2
2
2
2
2
2
2
2
2
2
2
2
2
2
2
2
2
567
2
2
2
2
2
2
2
2
568
568
2
2
2
2
2
2
2
2
569
569
2
2
2
2
2
2
570
2
2
2
571
2
2
2
2
2
2
2
2
2
2
2
2
2
2
572
572
2
2
2
2
2
2
2
2
2
2
2
2
2
2
2
2
2
2
2
2
2
2
2
2
2
2
2
2
2
2
2
2
2
2
2
2
2
569
291
291
2
2
2
291
291
291
291
573
2
291
2
291
2
2
291
291
291
574
2
291
2
291
575
291
193
2
576
291
536
536
2
2
2
2
291
291
2
2
2
577
2
2
2
2
2
2
2
2
2
2
2
2
2
2
2
2
2
2
577
2
2
2
2
2
2
2
2
2
2
2
2
2
2
2
2
2
520
520
2
520
520
2
578
578
2
2
2
2
2
2
2
2
2
2
2
2
2
2
2
2
579
2
2
2
2
2
2
2
2
2
2
2
2
2
2
2
2
2
2
2
2
2
2
2
2
2
2
2
2
2
580
2
2
2
2
2
2
2
2
2
2
2
2
2
2
2
2
2
2
2
2
2
2
2
571
581
2
2
582
2
2
2
2
2
583
2
2
2
576
584
585
2
2
2
2
2
2
2
2
2
2
2
2
2
2
2
2
2
2
2
2
2
2
2
2
2
193
577
2
2
2
2
2
193
2
193
2
2
2
210
2
2
542
561
2
2
2
2
586
2
577
577
2
577
2
2
2
2
2
2
2
2
509
195
195
2
2
2
2
2
2
2
2
2
2
2
2
2
2
2
2
2
2
2
2
2
2
2
561
561
2
2
2
2
2
2
2
2
2
2
2
2
2
2
2
2
2
2
2
2
2
2
2
2
2
2
2
2
2
2
2
2
2
2
2
2
2
2
2
2
2
2
2
2
587
401
2
2
2
2
2
2
2
2
2
2
2
2
2
2
2
2
2
2
2
2
2
2
2
2
588
2
2
589
2
2
511
511
2
2
2
2
193
2
590
2
2
2
2
2
2
2
2
2
2
2
2
2
2
402
402
2
2
2
2
2
2
2
2
2
2
2
2
2
2
2
2
578
2
2
2
2
2
2
2
2
2
2
2
2
2
2
2
2
2
2
2
2
2
2
2
257
257
257
257
2
2
2
2
2
2
2
2
2
2
2
2
2
591
2
592
2
2
2
2
2
2
2
2
2
2
2
2
327
135
593
2
2
2
2
594
2
2
2
2
2
2
2
2
595
2
2
2
2
135
2
2
2
2
2
2
2
2
596
2
2
2
596
597
2
2
2
2
2
2
2
2
2
2
2
2
2
2
2
2
2
2
2
2
2
2
122
122
122
142
122
122
122
122
122
598
142
122
122
122
122
598
122
2
2
2
2
2
2
2
307
2
2
2
2
11
2
2
2
199
199
199
598
2
2
199
598
199
199
199
199
199
2
2
2
2
599
2
2
2
2
2
2
2
2
2
2
2
2
2
2
2
2
2
2
2
2
2
2
2
2
2
2
2
2
2
2
2
2
2
2
2
2
2
2
2
2
600
2
2
2
381
2
2
2
2
338
2
361
159
2
381
2
2
2
2
558
2
2
2
2
2
2
2
2
2
2
2
2
2
2
2
2
264
264
601
601
601
2
2
2
2
2
2
2
2
2
2
2
2
2
2
2
602
602
602
2
2
2
528
528
528
528
2
2
2
2
2
2
2
2
2
2
2
2
2
2
2
2
2
2
2
2
2
2
2
2
2
2
2
2
2
2
2
2
2
2
603
603
2
603
2
2
2
2
2
2
2
2
2
260
260
260
260
2
2
2
2
2
2
2
2
2
2
2
2
2
2
2
2
2
2
2
947
2
2
2
2
2
2
2
2
2
2
2
2
2
2
2
448
448
448
448
2
2
2
2
2
2
2
2
2
2
2
2
2
2
2
2
2
2
2
2
156
156
156
156
156
2
2
2
2
2
2
2
2
2
2
2
948
2
2
2
2
2
2
2
2
2
2
2
2
2
2
2
2
2
2
2
2
2
2
2
2
2
2
2
604
2
2
2
2
2
2
2
2
2
605
605
605
2
2
2
2
2
2
2
2
2
2
2
2
2
606
606
607
606
2
608
609
2
2
2
2
606
606
606
2
606
2
393
2
2
2
2
2
2
393
2
393
393
393
99
99
99
99
99
99
99
99
99
99
99
297
297
297
297
297
297
297
297
297
297
2
2
2
2
2
2
99
2
2
2
2
2
2
2
610
610
210
2
2
2
2
2
297
297
297
297
297
297
297
297
297
297
297
297
297
297
297
297
297
297
297
297
2
2
611
239
239
239
2
2
239
239
239
239
239
441
239
2
239
239
239
239
239
2
2
239
441
505
505
505
2
2
2
2
2
2
2
122
122
2
2
2
2
239
239
239
2
2
2
2
2
2
2
2
2
2
2
2
2
401
401
401
401
68
68
401
401
68
68
68
68
68
68
2
68
68
2
68
401
401
68
68
68
68
68
68
68
68
68
68
68
68
401
401
68
68
401
68
68
68
2
68
68
68
68
68
68
68
68
68
68
2
2
2
2
2
2
2
2
2
2
2
2
2
2
2
68
2
2
2
2
2
2
2
2
2
2
2
2
2
2
2
2
2
2
2
2
2
2
2
2
2
2
2
2
2
2
2
2
2
2
2
2
2
644
2
2
2
297
2
2
2
2
2
2
99
99
99
99
2
2
2
2
2
2
2
2
2
2
2
2
2
2
2
2
2
2
2
2
2
2
2
2
2
2
2
2
2
2
2
2
2
2
2
2
2
2
2
2
2
2
2
2
2
2
2
2
2
2
2
2
2
2
2
2
2
2
2
2
2
2
2
2
2
2
2
2
2
2
2
2
2
2
2
2
2
2
2
2
2
2
2
2
2
2
2
2
2
2
2
2
300
300
300
2
2
2
2
2
2
2
2
2
2
612
2
2
2
613
613
614
615
2
2
2
2
2
300
300
2
2
2
2
2
2
2
2
2
2
2
2
2
2
2
2
2
2
2
2
2
616
2
2
2
2
2
2
2
2
2
2
2
2
2
2
2
2
2
617
617
617
617
617
2
2
2
2
2
2
2
2
2
2
2
2
394
394
394
394
394
394
394
394
2
2
2
2
2
2
2
2
2
2
2
291
291
291
291
291
291
291
291
291
2
2
2
2
2
2
2
2
2
2
2
2
2
2
2
2
2
2
2
291
291
291
291
291
291
291
291
291
291
291
542
2
291
291
291
291
291
291
291
291
291
291
291
291
2
2
2
618
2
2
2
2
2
2
2
2
2
2
2
2
2
2
2
2
2
619
2
2
2
2
2
2
2
2
2
2
2
2
2
2
2
2
2
2
2
2
2
119
2
2
2
2
2
2
2
2
2
2
2
2
2
2
2
2
2
2
2
2
2
2
49
2
2
2
402
2
2
2
2
2
2
2
2
2
2
949
2
2
2
2
2
2
2
2
2
2
620
2
2
2
2
2
2
620
2
2
2
2
2
2
2
2
2
2
2
2
2
2
2
2
2
621
2
2
2
2
622
2
621
2
2
620
2
2
2
2
2
2
623
2
2
2
624
2
2
2
2
2
2
2
2
2
2
2
2
2
2
2
2
2
2
2
2
2
2
2
2
2
2
2
2
2
2
2
2
2
2
2
2
2
2
2
2
2
2
625
2
626
626
2
2
2
2
2
2
417
417
417
522
522
2
2
2
420
2
2
2
2
2
2
2
2
2
2
2
2
2
2
2
2
2
2
2
68
68
68
68
2
2
2
2
2
2
2
2
2
2
2
2
2
2
2
2
2
2
2
2
2
2
2
2
2
2
2
2
2
2
2
2
2
2
2
2
2
2
2
2
2
2
2
2
96
96
96
96
96
2
2
2
2
2
160
2
2
2
2
2
2
2
2
2
2
2
2
2
2
2
2
2
2
2
2
2
2
2
2
2
2
2
2
2
2
2
2
2
2
2
2
2
2
2
2
627
2
2
2
2
2
2
97
2
2
2
2
2
2
2
2
2
2
2
2
2
2
2
2
94
2
2
2
2
2
2
2
2
2
2
2
254
150
2
2
2
2
2
2
2
2
2
2
2
2
2
2
2
2
2
2
2
2
2
2
2
2
2
2
2
2
2
2
2
2
2
2
2
2
2
2
2
2
2
2
2
2
2
2
2
2
2
2
2
2
2
2
2
2
2
2
2
2
2
2
2
629
2
2
2
2
2
2
2
2
2
2
2
91
2
2
2
2
2
251
2
2
2
2
2
2
2
2
2
2
2
2
2
2
2
2
2
2
2
2
2
2
2
2
2
2
2
2
2
2
2
2
2
2
2
2
2
2
2
2
2
2
2
2
2
95
2
95
95
95
95
95
95
95
95
2
2
2
2
2
2
2
2
2
2
2
2
2
2
2
2
2
2
2
2
2
628
628
628
2
2
2
2
2
251
251
251
2
2
165
2
2
200
2
368
2
2
2
629
629
2
629
2
2
2
2
2
2
2
2
2
2
2
2
97
97
2
2
2
2
629
629
2
2
2
2
2
2
2
2
2
2
2
2
2
950
2
2
2
2
2
2
629
2
2
629
2
2
2
2
2
2
2
2
2
2
2
2
2
2
2
2
2
2
2
2
2
2
2
2
2
2
92
951
2
2
2
2
2
2
2
2
2
2
2
2
2
2
2
2
2
2
2
630
2
2
2
631
2
632
633
634
635
2
2
636
637
638
639
2
2
2
2
2
2
2
2
2
2
2
2
2
2
2
2
2
2
2
2
2
2
2
2
2
2
2
2
2
2
2
97
97
97
2
2
97
97
97
2
97
2
2
2
2
2
2
2
2
2
2
2
2
2
210
210
210
210
210
210
210
210
210
210
210
210
210
210
210
210
210
210
2
2
2
2
2
2
2
2
2
2
2
2
2
2
2
2
2
2
2
2
2
2
2
2
2
2
2
2
2
2
2
2
2
2
2
2
2
2
2
2
2
2
629
2
2
2
2
2
2
2
2
2
2
2
2
2
2
2
2
2
2
2
2
2
2
2
2
2
2
640
2
2
2
2
2
2
2
2
2
2
105
105
105
105
105
2
2
2
2
2
2
2
2
2
2
2
2
2
2
2
2
2
2
2
2
2
2
2
132
2
2
2
2
2
2
2
2
2
2
2
2
2
85
85
85
85
85
85
85
85
85
85
85
85
85
85
85
85
85
85
85
85
2
2
2
2
2
2
2
96
96
96
96
96
96
96
96
2
2
2
2
2
2
2
2
2
2
2
2
134
134
134
134
2
2
2
2
2
2
2
2
2
2
2
2
2
2
2
2
2
2
2
2
2
2
2
2
2
2
2
198
198
2
2
2
2
2
2
2
2
2
2
2
2
2
96
96
96
96
96
96
2
2
2
2
2
2
254
254
254
254
254
2
2
2
2
2
2
2
2
2
2
2
2
2
2
2
2
2
2
2
2
641
2
2
2
2
2
2
2
2
2
2
2
2
2
2
2
2
2
2
2
2
2
2
2
2
2
2
2
2
2
2
2
2
2
2
2
96
96
2
2
2
2
178
178
2
578
2
2
2
2
2
2
2
2
2
2
2
2
2
95
95
95
95
95
95
95
95
95
95
95
2
2
2
2
2
2
2
2
2
2
2
2
2
2
2
2
2
2
2
2
2
2
2
2
2
2
2
2
2
2
2
952
2
2
2
2
2
2
95
2
2
2
2
2
2
2
2
2
2
2
2
2
2
2
2
2
2
97
97
97
193
193
193
193
254
2
2
2
2
478
478
2
176
176
176
176
2
2
2
2
2
176
176
2
2
2
2
2
2
2
2
2
2
2
2
2
2
2
2
2
2
2
2
2
2
2
2
2
2
2
2
376
376
2
2
2
2
2
2
2
2
2
2
2
2
2
2
2
2
2
2
2
2
2
2
2
2
2
2
2
77
77
2
2
2
2
2
2
2
2
2
2
2
642
642
642
642
2
2
2
642
2
2
2
2
2
2
2
2
2
2
2
2
2
642
2
2
2
2
642
2
2
2
2
2
2
2
2
2
2
2
2
2
2
2
2
2
2
2
2
2
2
2
2
2
2
2
2
2
2
2
2
2
2
2
2
2
2
2
2
2
2
2
2
2
2
2
2
516
516
516
516
516
516
516
516
516
516
516
516
516
76
76
76
76
76
76
76
76
76
76
394
2
2
2
2
2
2
2
2
2
2
2
2
2
2
2
2
2
2
2
2
2
2
2
643
2
2
2
2
2
2
2
2
2
2
2
2
2
2
2
2
644
2
2
2
2
2
2
2
644
2
2
644
2
2
2
2
2
2
2
343
2
2
2
2
2
359
2
2
2
2
2
2
2
2
2
2
2
2
2
2
2
2
2
2
2
2
2
2
2
2
2
2
2
2
2
2
2
2
2
206
2
2
2
2
2
2
2
2
2
2
2
2
2
2
2
2
2
2
2
2
2
2
2
2
2
2
2
2
2
2
2
2
2
2
2
2
2
2
2
2
2
2
2
2
2
2
493
2
542
2
2
2
2
2
2
2
2
2
2
2
2
2
2
2
2
2
2
2
2
2
2
2
2
2
2
2
68
2
2
2
2
2
2
2
2
2
2
2
2
2
2
2
2
2
2
2
2
2
2
2
2
2
2
2
200
200
200
200
645
200
2
2
2
200
200
200
2
2
200
2
200
200
200
2
2
200
196
2
2
2
2
2
2
2
2
2
2
2
2
60
2
2
2
2
2
2
2
2
60
60
60
109
109
109
109
2
646
646
646
2
646
2
109
2
2
2
2
2
2
109
109
2
2
2
2
2
2
2
2
2
2
2
2
2
2
2
2
2
2
2
2
2
2
2
2
2
2
2
2
2
2
2
2
2
2
2
2
2
2
109
109
109
109
109
109
109
109
2
109
109
109
109
109
109
109
2
2
109
2
109
2
109
109
109
109
2
109
2
109
109
109
109
109
109
109
109
109
109
109
109
109
109
109
2
109
109
2
109
109
109
2
2
2
2
2
2
2
2
2
109
109
109
2
2
109
109
109
109
109
2
2
2
2
2
2
2
2
2
2
2
2
2
49
109
109
109
109
109
109
109
109
109
109
109
109
109
109
109
109
109
109
109
109
109
320
109
109
2
2
2
2
2
2
2
2
2
143
143
2
143
2
2
2
2
2
2
2
143
2
2
2
2
647
647
647
2
2
2
2
2
2
2
2
2
2
2
647
647
2
2
2
2
2
2
2
2
2
2
2
2
2
2
2
2
2
2
2
2
2
2
2
2
2
2
2
2
2
2
2
2
2
2
2
2
2
2
2
2
2
2
2
2
2
2
2
2
2
2
2
2
2
2
2
206
206
206
2
2
2
2
2
2
2
2
2
2
2
2
2
2
2
2
2
2
2
2
2
2
2
2
2
2
2
2
2
2
2
2
2
2
2
2
2
2
2
2
2
2
2
2
2
2
2
2
2
2
2
2
2
2
2
2
2
2
2
2
2
2
2
2
2
2
2
2
2
2
2
2
2
428
428
428
428
2
2
2
2
2
2
2
2
2
2
2
2
2
2
2
2
2
2
2
2
2
2
2
2
2
2
2
2
2
2
2
2
2
2
2
2
2
2
2
2
2
2
2
2
2
2
2
2
2
2
2
2
2
2
2
2
193
2
2
2
193
193
193
2
2
2
2
2
2
2
2
2
2
2
2
2
2
2
2
2
2
2
2
2
2
2
2
2
2
2
2
2
2
2
2
2
2
2
2
2
2
2
2
2
2
2
2
2
2
2
2
2
2
2
2
2
2
2
2
2
2
2
2
2
2
2
2
2
2
2
2
2
2
2
2
2
2
2
2
2
336
2
2
2
2
2
2
2
2
2
2
2
2
2
2
2
2
2
2
2
2
2
2
2
2
2
2
2
2
2
2
2
2
2
2
2
2
2
2
2
2
2
2
2
2
2
2
2
286
286
286
286
286
286
286
286
286
286
2
2
2
2
2
2
2
2
2
2
2
2
2
2
2
2
2
2
2
2
2
2
2
2
2
2
2
2
2
2
2
2
2
344
2
2
2
2
379
321
321
321
321
2
2
2
2
2
2
2
2
2
2
2
2
2
2
2
2
2
2
2
2
2
2
2
2
2
2
2
2
2
2
2
2
2
2
2
2
2
2
262
2
2
2
2
2
2
2
2
2
2
2
175
2
2
2
2
2
2
178
178
2
2
2
2
2
2
2
2
2
2
2
2
2
2
2
2
648
2
2
2
2
2
2
2
2
2
2
2
2
2
2
2
2
2
2
2
2
2
2
2
2
2
2
2
2
2
2
2
2
2
2
2
2
2
2
2
2
2
2
2
2
2
2
2
2
2
2
2
2
2
2
2
171
2
2
2
2
2
2
2
2
2
2
2
2
2
2
2
2
2
2
2
2
2
2
2
2
2
2
2
2
2
2
446
446
446
446
446
446
2
2
2
2
2
2
2
2
2
2
2
2
2
2
2
2
2
2
2
2
2
2
2
2
2
2
2
2
2
2
2
2
2
2
2
2
2
2
2
2
2
2
2
2
2
2
2
2
2
2
2
2
2
2
2
2
2
2
2
2
2
2
2
2
2
2
2
348
348
348
348
348
348
2
2
2
2
2
2
2
2
2
2
119
292
292
292
292
292
292
2
292
292
292
292
292
292
292
292
292
292
292
292
292
292
292
292
292
292
292
292
292
292
292
2
2
2
2
2
2
2
2
2
2
2
2
2
2
2
2
2
2
2
2
2
2
2
2
2
2
2
2
2
2
2
2
2
2
2
2
2
2
2
2
2
2
2
2
33
33
2
2
2
2
143
143
143
143
143
2
2
2
2
2
2
2
2
2
2
2
2
2
2
2
146
2
146
146
146
146
146
146
146
2
2
2
2
2
2
2
2
2
2
2
2
2
2
2
2
2
2
2
401
401
401
401
401
401
401
401
401
2
2
2
2
2
2
2
2
2
2
2
68
68
68
68
68
68
68
2
2
68
68
2
2
2
2
2
2
2
2
2
2
2
2
2
2
2
2
2
2
2
2
2
2
2
2
2
2
2
2
2
2
2
2
2
2
176
176
176
176
478
176
176
176
2
2
2
2
2
2
2
2
2
2
2
2
2
2
2
2
2
2
2
2
2
2
145
145
145
2
341
345
345
345
2
345
145
343
355
355
345
2
335
2
355
348
348
348
355
355
355
355
2
2
2
2
355
355
2
2
2
2
2
2
2
355
355
355
2
2
355
341
341
341
2
2
2
2
2
2
341
2
355
2
2
2
341
355
341
2
2
2
2
2
2
343
2
2
2
355
2
2
2
2
2
2
2
2
2
2
2
331
331
2
2
2
2
2
2
2
2
2
2
2
2
2
2
2
2
2
345
345
345
345
2
2
343
343
343
343
2
343
343
2
2
343
343
343
2
2
2
2
2
2
2
2
2
2
2
2
2
2
2
193
193
2
2
343
343
343
343
2
2
2
2
2
2
2
2
2
2
2
2
345
355
355
355
2
2
2
2
2
2
2
2
2
2
2
2
2
2
2
2
2
2
2
2
2
2
2
2
2
2
2
2
355
355
355
355
355
355
355
355
355
355
2
2
2
2
2
2
2
2
2
2
2
2
2
2
2
2
2
2
2
31
31
31
31
2
31
31
31
31
31
31
31
31
2
91
2
2
2
2
2
2
2
2
2
2
2
2
2
2
2
2
2
2
2
2
2
2
2
2
2
2
2
2
2
2
2
2
2
2
2
2
2
2
348
348
2
2
2
2
2
2
2
2
2
2
2
2
2
2
2
2
2
2
2
2
2
2
2
2
2
119
2
2
119
119
2
2
2
2
311
311
311
311
311
311
311
311
311
311
2
2
2
2
2
2
78
78
78
78
78
78
2
78
340
340
340
78
78
78
78
78
78
78
340
78
78
78
78
78
78
2
2
2
2
2
2
2
2
2
2
2
2
2
2
2
2
2
340
2
2
2
2
2
2
2
2
2
2
2
2
2
2
2
2
2
2
2
2
2
2
2
2
2
2
2
2
2
2
2
2
2
2
2
2
2
2
2
2
2
2
2
2
2
2
223
223
2
2
2
2
2
2
2
2
2
2
2
2
2
2
2
2
2
2
2
2
2
2
2
2
2
2
2
2
2
2
2
2
2
2
2
2
2
2
2
2
2
2
2
2
2
2
2
2
2
2
2
2
2
2
2
2
2
2
2
2
2
2
2
2
2
2
2
2
2
2
2
2
2
2
2
2
2
2
2
2
2
2
2
2
2
2
2
2
2
2
2
2
2
2
2
2
2
2
154
154
154
154
154
154
2
2
2
2
2
2
2
2
2
2
2
2
2
2
528
529
310
310
310
528
311
310
310
310
310
310
649
528
310
528
310
310
310
310
310
2
2
2
348
348
348
2
2
2
2
2
2
2
2
2
2
2
2
2
2
2
2
2
2
2
2
2
2
2
348
2
2
2
2
2
2
59
59
2
2
59
59
2
2
2
2
59
59
59
2
59
59
59
59
59
59
59
59
59
59
59
59
59
59
59
59
59
59
59
59
59
59
59
59
59
59
59
2
59
59
59
59
59
59
59
59
59
59
59
59
59
59
59
59
59
59
59
2
2
2
2
2
2
2
2
2
2
2
2
2
2
2
2
2
2
2
2
2
2
2
2
2
2
2
2
2
2
2
2
2
2
2
2
2
2
2
2
2
2
2
2
2
2
2
2
2
2
2
2
2
2
2
2
2
2
2
2
2
2
2
2
2
2
2
2
2
2
2
2
2
200
200
200
200
200
200
200
200
200
200
200
200
200
200
200
200
200
200
200
200
200
200
200
2
200
200
200
200
200
200
200
200
200
2
2
2
2
2
2
2
2
2
2
2
2
2
2
2
2
2
2
2
2
279
143
279
279
279
279
143
279
279
279
279
279
279
279
2
2
2
2
2
2
2
2
25
25
25
2
2
2
2
2
2
2
2
2
2
2
2
2
2
2
2
2
141
141
141
2
2
2
2
2
2
2
2
2
2
2
2
2
2
2
2
2
2
2
2
2
2
2
2
2
2
2
2
2
2
2
2
2
2
2
2
2
2
2
2
2
2
2
2
2
2
2
2
2
2
2
2
2
2
2
2
2
2
2
2
2
2
2
2
2
2
2
2
2
2
2
2
2
2
2
2
2
2
2
2
2
2
2
2
2
2
2
2
2
2
2
2
2
2
2
2
2
2
2
2
2
2
2
2
2
2
2
2
2
2
2
2
2
2
2
2
2
2
2
2
2
2
2
2
2
2
2
2
2
2
2
122
122
122
199
2
2
2
2
2
2
2
2
2
2
2
2
2
2
2
2
2
2
2
250
250
2
2
2
2
2
2
2
2
2
2
2
2
2
2
2
2
2
2
2
2
2
2
2
2
2
2
2
2
2
2
2
2
2
2
2
2
2
2
2
2
2
2
2
2
650
650
650
2
2
2
2
2
2
2
2
2
2
2
2
2
2
2
2
2
511
511
511
511
511
511
511
511
511
511
511
2
511
511
511
511
511
511
511
511
511
511
511
511
511
511
511
511
511
511
511
511
511
511
511
511
511
511
511
511
511
511
511
511
511
511
511
511
511
511
511
511
511
511
2
2
2
2
2
2
2
2
2
2
2
2
2
2
2
2
2
2
2
2
2
2
2
2
2
2
2
2
2
2
2
2
2
2
2
2
2
2
2
2
2
2
2
2
2
2
2
2
2
2
2
390
2
2
2
2
2
2
2
2
2
2
2
2
2
2
2
2
2
2
2
2
2
2
2
2
2
2
2
2
2
2
2
2
2
2
2
2
2
2
2
2
2
2
2
2
2
2
2
2
2
2
2
2
2
2
2
2
2
2
2
2
2
2
2
2
291
291
291
291
291
291
291
291
291
2
2
2
2
2
2
2
2
2
2
2
2
2
2
2
2
438
438
438
2
438
438
438
438
2
2
2
2
2
2
2
2
2
2
2
2
2
2
2
126
126
126
127
127
127
127
2
2
2
2
2
2
2
2
2
2
2
2
2
2
2
2
2
2
2
2
2
2
2
2
2
2
2
2
2
2
2
2
2
2
2
2
2
2
2
2
2
2
2
2
2
2
2
2
2
2
2
2
2
2
2
2
2
2
2
2
2
2
2
2
2
2
2
2
68
68
68
2
2
2
2
2
2
2
2
2
2
2
2
2
2
2
2
2
2
2
2
2
2
2
2
2
2
2
2
2
2
2
2
2
2
2
2
2
2
2
2
2
2
2
2
2
2
2
2
2
2
2
2
2
2
2
2
2
2
2
210
210
210
210
210
210
210
2
2
2
2
2
2
2
2
2
2
2
2
2
2
2
2
2
2
2
2
2
2
2
2
2
2
2
2
2
2
2
2
2
2
2
2
2
2
2
2
262
262
262
262
262
262
262
262
262
262
262
262
262
262
2
2
2
2
2
2
2
2
2
2
2
2
2
2
2
2
2
2
2
2
2
2
2
2
2
2
2
2
2
2
2
2
2
2
2
2
2
2
2
2
2
2
2
2
2
2
2
2
2
528
528
528
528
528
528
528
528
528
528
528
528
528
528
528
528
528
528
651
651
651
528
528
528
528
528
528
528
528
528
528
528
528
528
528
528
530
530
530
533
528
528
310
310
310
310
310
311
311
311
311
311
311
311
311
311
310
310
529
529
529
529
529
529
529
529
529
529
529
529
529
529
529
529
529
529
529
529
529
529
529
529
529
529
529
529
529
529
529
528
528
528
528
528
528
528
154
154
154
154
533
533
533
533
533
533
533
529
533
529
533
533
533
533
533
533
533
533
533
533
529
533
533
533
533
533
533
310
310
310
310
310
310
528
528
533
533
533
76
516
516
516
516
516
119
119
2
2
2
143
143
143
143
143
143
143
143
143
143
143
143
143
143
159
159
159
159
159
159
159
159
159
159
159
159
159
159
159
159
159
159
159
159
159
159
159
159
159
159
159
159
159
159
159
159
159
159
159
159
159
159
159
159
159
159
159
159
2
2
2
2
2
2
2
2
2
2
2
2
2
2
2
2
2
2
2
2
2
2
2
2
2
2
2
2
2
2
2
2
2
2
2
2
2
2
2
2
2
2
2
2
2
119
119
119
2
2
2
2
2
2
2
2
2
2
2
2
2
2
2
2
2
2
2
2
2
2
2
2
2
370
370
2
138
2
2
2
2
2
2
2
2
2
2
2
2
2
2
2
2
2
2
2
2
2
2
2
2
2
2
2
2
2
2
2
2
2
2
2
2
2
2
2
2
2
2
2
2
2
2
2
2
2
2
2
2
2
2
2
2
2
2
2
2
2
2
2
2
2
2
2
2
2
486
486
486
486
2
2
2
2
2
2
2
2
2
2
2
2
2
2
2
2
