354	24287
354	24288
354	24289
354	24290
354	24295
354	24297
354	24300
354	24305
354	24306
354	24307
354	24310
354	24313
354	24315
354	24317
354	24318
354	24319
354	24320
354	24321
354	24322
354	24326
354	24327
354	24331
354	24332
354	24333
354	24336
354	24337
354	24341
354	24343
354	24344
354	24347
354	24348
354	24349
354	24350
354	24356
354	24359
354	24360
354	24361
354	24366
354	24369
354	24370
354	24371
354	24372
354	24373
354	24374
354	24376
354	24377
354	24379
354	24383
354	24384
354	24386
354	24388
354	24397
354	24401
354	24402
354	24403
354	24405
354	24409
24287	24288
24319	24320
24319	24321
24320	24321
24331	24332
24359	24360
24372	32912
24372	32913
24372	32914
32912	32913
32912	32914
32913	32914
