7831	10866
8165	8166
8165	26910
8165	26912
8165	26913
8165	26914
8166	10866
8166	26910
8166	26911
8166	26912
8166	26913
8166	26914
10866	21816
10866	21818
10866	21819
10866	21820
10866	21821
10866	21823
10866	21824
10866	21825
10866	21826
10866	21827
10866	21828
10866	21829
10866	21830
10866	21831
10866	21832
10866	21833
10866	21834
10866	21835
10866	21837
10866	21838
10866	21839
10866	21840
10866	21841
10866	21842
10866	21843
10866	21844
10866	21845
10866	21846
10866	21847
10866	21848
10866	21849
10866	21850
10866	21851
10866	21852
10866	21853
10866	21854
10866	21855
10866	21856
10866	21857
26910	26911
26912	26913
