0	286
1	23972
2	23973
3	23977
4	23978
5	23983
6	23985
7	23986
8	23990
9	23995
10	23996
11	23999
12	24000
13	24002
14	24004
15	24007
16	24010
17	24011
18	24013
19	24015
20	24016
21	24017
22	24021
23	24022
24	24023
25	24024
26	24025
27	24030
28	24032
29	24035
30	24038
31	24039
32	24040
33	24042
34	24043
35	24048
36	24049
37	24052
38	24053
39	24055
40	24060
41	24062
42	24063
43	24064
44	24066
45	24067
46	24068
47	24070
48	24071
49	24072
50	24073
51	24074
52	24076
53	24081
54	24082
55	24084
56	24089
57	24090
58	24093
59	24094
60	24095
61	24096
62	24097
63	24099
64	24101
65	24107
66	24109
67	24110
68	24112
69	24113
70	24117
71	24118
72	24119
73	24122
74	24123
75	24128
76	24129
77	24130
78	24137
79	24138
80	24140
81	24141
82	24142
83	24143
84	24144
85	24145
86	24147
87	24148
88	24150
89	24152
90	24155
91	24156
92	24157
93	24158
94	24159
95	24162
96	28563
97	28564
98	28527
99	28528
100	28529
101	28565
102	28566
103	28567
104	28568
105	28569
106	28540
107	29220
108	29221
0	286
1	23972
2	23973
3	23977
4	23978
5	23983
6	23985
7	23986
8	23990
9	23995
10	23996
11	23999
12	24000
13	24002
14	24004
15	24007
16	24010
17	24011
18	24013
19	24015
20	24016
21	24017
22	24021
23	24022
24	24023
25	24024
26	24025
27	24030
28	24032
29	24035
30	24038
31	24039
32	24040
33	24042
34	24043
35	24048
36	24049
37	24052
38	24053
39	24055
40	24060
41	24062
42	24063
43	24064
44	24066
45	24067
46	24068
47	24070
48	24071
49	24072
50	24073
51	24074
52	24076
53	24081
54	24082
55	24084
56	24089
57	24090
58	24093
59	24094
60	24095
61	24096
62	24097
63	24099
64	24101
65	24107
66	24109
67	24110
68	24112
69	24113
70	24117
71	24118
72	24119
73	24122
74	24123
75	24128
76	24129
77	24130
78	24137
79	24138
80	24140
81	24141
82	24142
83	24143
84	24144
85	24145
86	24147
87	24148
88	24150
89	24152
90	24155
91	24156
92	24157
93	24158
94	24159
95	24162
96	28563
97	28564
98	28527
99	28528
100	28529
101	28565
102	28566
103	28567
104	28568
105	28569
106	28540
107	29220
108	29221
