286	23972
286	23973
286	23977
286	23978
286	23983
286	23985
286	23986
286	23990
286	23995
286	23996
286	23999
286	24000
286	24002
286	24004
286	24007
286	24010
286	24011
286	24013
286	24015
286	24016
286	24017
286	24021
286	24022
286	24023
286	24024
286	24025
286	24030
286	24032
286	24035
286	24038
286	24039
286	24040
286	24042
286	24043
286	24048
286	24049
286	24052
286	24053
286	24055
286	24060
286	24062
286	24063
286	24064
286	24066
286	24067
286	24068
286	24070
286	24071
286	24072
286	24073
286	24074
286	24076
286	24081
286	24082
286	24084
286	24089
286	24090
286	24093
286	24094
286	24095
286	24096
286	24097
286	24099
286	24101
286	24107
286	24109
286	24110
286	24112
286	24113
286	24117
286	24118
286	24119
286	24122
286	24123
286	24128
286	24129
286	24130
286	24137
286	24138
286	24140
286	24141
286	24142
286	24143
286	24144
286	24145
286	24147
286	24148
286	24150
286	24152
286	24155
286	24156
286	24157
286	24158
286	24159
286	24162
23972	23973
23973	28563
23973	28564
24010	28527
24010	28528
24010	28529
24022	24035
24062	24063
24066	24067
24066	24068
24067	24068
24072	24073
24089	28565
24089	28566
24089	28567
24089	28568
24089	28569
24109	24110
24143	28540
28527	28528
28527	28529
28528	28529
28563	28564
28565	28566
28565	28567
28565	28568
28565	28569
28565	29220
28565	29221
28566	28567
28566	28568
28566	28569
28567	28568
28567	28569
28568	28569
28568	29220
28568	29221
29220	29221
286	23972
286	23973
286	23977
286	23978
286	23983
286	23985
286	23986
286	23990
286	23995
286	23996
286	23999
286	24000
286	24002
286	24004
286	24007
286	24010
286	24011
286	24013
286	24015
286	24016
286	24017
286	24021
286	24022
286	24023
286	24024
286	24025
286	24030
286	24032
286	24035
286	24038
286	24039
286	24040
286	24042
286	24043
286	24048
286	24049
286	24052
286	24053
286	24055
286	24060
286	24062
286	24063
286	24064
286	24066
286	24067
286	24068
286	24070
286	24071
286	24072
286	24073
286	24074
286	24076
286	24081
286	24082
286	24084
286	24089
286	24090
286	24093
286	24094
286	24095
286	24096
286	24097
286	24099
286	24101
286	24107
286	24109
286	24110
286	24112
286	24113
286	24117
286	24118
286	24119
286	24122
286	24123
286	24128
286	24129
286	24130
286	24137
286	24138
286	24140
286	24141
286	24142
286	24143
286	24144
286	24145
286	24147
286	24148
286	24150
286	24152
286	24155
286	24156
286	24157
286	24158
286	24159
286	24162
23972	23973
23973	28563
23973	28564
24010	28527
24010	28528
24010	28529
24022	24035
24062	24063
24066	24067
24066	24068
24067	24068
24072	24073
24089	28565
24089	28566
24089	28567
24089	28568
24089	28569
24109	24110
24143	28540
28527	28528
28527	28529
28528	28529
28563	28564
28565	28566
28565	28567
28565	28568
28565	28569
28565	29220
28565	29221
28566	28567
28566	28568
28566	28569
28567	28568
28567	28569
28568	28569
28568	29220
28568	29221
29220	29221
