19454	22533
19454	36295
22496	29237
22533	29237
22533	36295
22533	36534
22533	36535
22533	36536
22535	29237
22599	29237
29237	36274
29237	36275
29237	36287
29237	36294
29237	36301
29237	36302
29237	36315
29237	36317
29237	36334
29237	36338
29237	36339
29237	36354
29237	36400
29237	36416
29237	36443
29237	36534
29237	36535
29237	36536
29237	36585
29237	36586
29237	36587
29237	36588
29237	36589
29237	36590
29237	36591
29237	36592
29237	36593
29237	36594
36274	36275
36274	36589
36534	36535
36534	36536
36535	36536
36587	36588
