0	141
1	20119
2	20120
3	20130
4	20139
5	20157
6	20167
7	20168
8	20169
9	20176
10	20177
11	20178
12	20179
13	20180
14	20181
15	20182
16	20183
17	20187
18	20192
19	20195
20	20199
21	20204
22	20205
23	20206
24	20207
25	20209
26	20210
27	20211
28	20212
29	20213
30	20214
31	20215
32	20216
33	20217
34	20218
35	20219
36	20220
37	20221
38	20222
39	20223
40	20225
41	20226
42	20227
43	20228
44	20229
45	20230
46	20234
47	20235
48	20240
49	20241
50	20243
51	20244
52	20245
53	20246
54	20247
55	20248
56	20249
57	20250
58	20252
59	20254
60	20255
61	20256
62	20257
63	20258
64	20259
65	20261
66	20266
67	20267
68	20268
69	20270
70	20271
71	20273
72	20274
73	20275
74	20276
75	20277
76	20278
77	20279
78	20280
79	20281
80	20282
81	20286
82	20287
83	20288
84	20289
85	20290
86	21501
87	22082
88	29615
89	29619
90	29620
91	29621
92	21968
93	21990
94	21991
95	21967
96	21992
97	22013
98	22014
