406	2570
406	2571
406	2576
406	2579
406	2580
406	2581
406	2582
406	2583
406	2591
406	2592
406	2594
406	2595
406	2597
406	2601
406	2602
406	2607
406	2608
406	2609
406	2615
406	2617
406	2619
406	2624
406	2628
406	2629
406	2632
406	2633
406	2634
406	2635
406	2636
406	2637
406	2641
406	2642
406	2643
406	2646
406	2648
406	2651
406	2655
406	2656
406	2660
406	2664
406	2670
406	2674
406	2677
406	2680
406	2683
406	2685
406	2689
406	2693
406	2694
406	2699
406	2700
406	2701
406	2706
406	2707
406	2708
406	2711
406	2712
406	2713
406	2722
406	2724
406	2728
406	2730
406	2731
406	2733
406	2735
406	2736
406	2745
406	2746
406	2753
406	2754
406	2756
406	2757
2571	2670
2580	2581
2580	2582
2580	2595
2580	2700
2580	2701
2580	2728
2580	31882
2580	31883
2580	31884
2580	31885
2581	2582
2581	2595
2581	2693
2581	2728
2581	31882
2582	2595
2582	2693
2582	2700
2582	2701
2582	31882
2595	2655
2595	2728
2641	2642
2700	2701
2707	2708
31883	31884
31883	31885
31884	31885
