2427	3528
2428	6233
2429	9831
2430	9910
2431	9922
2432	11645
2433	12366
2434	13609
2435	13610
2436	13612
2437	13614
2438	13615
2439	13616
2440	13617
2441	13620
2442	13623
2443	13625
2444	13630
2445	13631
2446	13632
2447	13634
2448	13637
2449	13639
2450	13641
2451	13642
2452	13643
2453	13648
2454	13649
2455	13650
2456	13651
2457	13652
2458	13653
2459	13654
2460	13655
2461	13656
2462	13659
2463	13661
2464	13662
2465	13663
2466	13665
2467	13666
2468	13667
2469	13668
2470	13670
2471	13672
2472	13674
2473	13675
2474	13677
2475	13678
2476	13680
2477	13681
2478	13682
2479	13683
2480	13684
2481	11283
2482	21079
2483	21080
2484	24545
2485	26002
2486	22943
2487	35486
2488	35487
2489	35488
2490	35489
2491	18184
