11529	11530
11529	11531
11529	11532
11529	11533
11529	11540
11530	11531
11530	11532
11531	11532
11531	11533
11533	11534
11533	11536
11533	11537
11528	11534
11534	11536
11534	11537
11522	11535
11535	11538
11521	11522
11521	11535
11523	11524
11523	11536
11524	11528
11524	11534
11524	11536
11536	11537
11537	11538
11527	11535
11527	11537
11527	11538
11525	11535
11525	11527
11526	11538
11526	11527
11539	11540
11539	11541
11539	11542
11539	11544
11540	11541
11540	11542
11540	11543
11541	11542
11541	11543
11541	11544
11542	11543
11542	11544
