11814	11817
11814	11818
11814	11821
11814	11822
11814	26420
11817	11818
11817	11821
11818	11821
11818	11822
11822	11873
11822	15270
11822	26016
11849	11873
11849	15269
11849	32092
11849	32114
11873	15269
11873	15270
11873	26016
13061	13095
13061	13096
13061	13228
13095	13096
13095	26017
13095	26018
13095	26033
13228	13229
15268	15269
15268	15270
15269	15270
15269	15398
15270	26016
26016	26017
26016	26018
26017	26018
26017	26056
26018	26033
26018	26056
26018	29835
26018	30997
26411	26420
26411	26426
26411	26427
26411	35725
26420	26426
26420	26427
26420	26428
26426	26427
26426	26428
26426	35725
26427	26428
26427	35725
29835	30997
