13656	18919
13656	18921
13656	18923
13656	18932
13656	18933
13656	18934
13656	18937
13656	18939
13656	18941
13656	18951
13656	19943
13656	20031
13656	29051
13656	31373
13656	37210
13656	37211
13656	37212
18919	18932
18919	18937
18919	18951
18919	18952
18919	37209
18921	18923
18921	18939
18923	18939
18923	18943
18923	18944
18932	18937
18932	18951
18937	18951
18937	18952
18937	37204
18937	37205
18937	37206
18937	37207
18937	37208
18937	37209
18943	18944
18951	18952
18951	37209
19943	26205
20031	26205
21100	26205
24944	26205
26205	37224
26205	37225
37204	37205
37204	37206
37204	37207
37204	37208
37205	37206
37205	37207
37205	37208
37207	37208
