654	3610
655	6673
656	6708
657	6709
658	6738
659	6748
660	6758
661	6800
662	6836
663	7588
664	10358
665	10388
666	10843
667	10909
668	12957
669	15406
670	23634
671	27066
672	27196
673	27197
674	27198
675	27199
676	27200
677	27201
678	27202
679	27203
680	27204
681	27205
682	27206
683	27207
684	27209
685	27210
686	27211
687	27212
688	27213
689	27214
690	27215
691	27216
692	27217
693	27218
694	27219
695	27220
696	27221
697	27222
698	27223
699	27225
700	27226
701	27227
702	27228
703	27229
704	27230
705	27231
706	27232
707	27233
708	27234
709	27235
710	27236
711	27237
712	27238
713	27239
714	27240
715	27241
716	27244
717	27246
718	27247
719	27249
720	27250
721	27251
722	27252
723	27253
724	27254
725	34109
726	34110
727	34111
728	34112
729	34113
730	34114
731	34115
732	6801
733	25430
734	34118
735	34119
736	34120
