0	1
1	2
1	3
1	4
1	5
1	6
1	7
1	8
1	9
1	10
1	11
1	12
1	13
1	14
1	15
1	16
1	17
1	18
1	19
1	20
1	21
1	22
1	23
1	24
1	25
1	26
1	27
1	28
1	29
1	30
1	31
1	32
1	33
1	34
1	35
1	36
1	37
1	38
1	39
1	40
1	41
1	42
1	43
1	44
1	45
1	46
1	47
3	48
10	49
10	50
10	51
10	52
17	18
18	53
18	54
18	55
18	56
18	57
18	58
18	59
48	60
48	61
48	62
48	63
48	64
48	65
48	66
48	67
61	62
61	63
62	63
62	65
63	65
53	54
53	55
53	56
53	57
53	58
53	59
54	55
54	56
54	57
54	58
54	59
55	56
55	57
55	58
55	59
56	57
56	58
56	59
57	58
57	59
58	59
