11528	11529
11528	11530
11528	11531
11528	11532
11528	11539
11529	11530
11529	11531
11530	11531
11530	11532
11532	11533
11532	11535
11532	11536
11527	11533
11533	11535
11533	11536
11521	11534
11534	11537
11520	11521
11520	11534
11522	11523
11522	11535
11523	11527
11523	11533
11523	11535
11535	11536
11536	11537
11526	11534
11526	11536
11526	11537
11524	11534
11524	11526
11525	11537
11525	11526
11538	11539
11538	11540
11538	11541
11538	11543
11539	11540
11539	11541
11539	11542
11540	11541
11540	11542
11540	11543
11541	11542
11541	11543
