11807	11810
11807	11811
11807	11814
11807	11815
11807	26413
11810	11811
11810	11814
11811	11814
11811	11815
11815	11866
11815	15263
11815	26009
11842	11866
11842	15262
11842	32085
11842	32107
11866	15262
11866	15263
11866	26009
13054	13088
13054	13089
13054	13221
13088	13089
13088	26010
13088	26011
13088	26026
13221	13222
15261	15262
15261	15263
15262	15263
15262	15391
15263	26009
26009	26010
26009	26011
26010	26011
26010	26049
26011	26026
26011	26049
26011	29828
26011	30990
26404	26413
26404	26419
26404	26420
26404	35718
26413	26419
26413	26420
26413	26421
26419	26420
26419	26421
26419	35718
26420	26421
26420	35718
29828	30990
