5814	28881
5814	28882
5814	28883
5814	28884
5814	28885
5814	28886
5814	28887
5814	28888
5814	28889
5814	28890
5814	28891
5814	28892
5814	28893
5814	28894
5814	28895
5814	28896
5814	28897
5814	28898
5814	28899
5814	28900
5814	28901
5814	28902
5814	28903
5814	28904
5814	28905
5814	28906
5814	28907
5814	28908
5814	28909
5814	28910
5814	28911
5814	28912
5814	28913
5814	28914
5814	28915
5814	28916
5814	28917
5814	28918
5814	28919
5814	28920
5814	28921
5814	28922
5814	28923
5814	28924
5814	28925
5814	28926
5814	28927
5814	28928
5814	28929
5814	28930
5814	28931
5814	28932
5814	28933
5814	28934
5814	28935
5814	28936
5814	28937
5814	28938
5814	28939
5814	28940
5814	28941
5814	28942
5814	28943
5814	28944
5814	28945
28881	28887
28881	28919
28881	30496
28881	30497
28883	28887
28883	28889
28883	28912
28883	28936
28883	28937
28883	28939
28883	28944
28883	30457
28883	30458
28884	28926
28884	30511
28884	30512
28885	28892
28885	28893
28885	28942
28885	30483
28885	30484
28885	30485
28886	28900
28886	28933
28887	28937
28887	28939
28888	28890
28888	28913
28888	28914
28888	28925
28888	30452
28888	30453
28888	30454
28888	30455
28888	30456
28889	28905
28889	28906
28889	28910
28889	28912
28889	28916
28889	28935
28889	28944
28889	28945
28889	30458
28889	30477
28889	30478
28890	28914
28890	28925
28890	30452
28890	30453
28890	30454
28892	28893
28893	28942
28894	28928
28894	28929
28894	28940
28894	28941
28894	30443
28894	30444
28894	30445
28894	30446
28894	30447
28894	30448
28894	30449
28894	30450
28894	30451
28900	28933
28902	28903
28902	28904
28903	28904
28903	28917
28903	28918
28903	30476
28905	28906
28905	28907
28905	28910
28905	28935
28906	28907
28906	28910
28906	28916
28906	30469
28906	30471
28906	30474
28906	30475
28906	30486
28906	30487
28906	30488
28906	30489
28906	30490
28906	30491
28906	30492
28906	30493
28906	30494
28906	30495
28908	28909
28910	28916
28910	30469
28910	30472
28910	30473
28910	30486
28910	30487
28912	28936
28912	28944
28912	30459
28912	30460
28912	30461
28912	30462
28912	30463
28912	30464
28912	30465
28912	30466
28912	30477
28912	30478
28912	30479
28912	30480
28912	30481
28912	30482
28913	28914
28913	28925
28913	30453
28914	28925
28914	30453
28916	30469
28916	30471
28916	30486
28916	30487
28916	30488
28917	28918
28917	30463
28917	30476
28918	30463
28918	30467
28918	30468
28918	30469
28918	30470
28918	30476
28919	30496
28919	30497
28924	30476
28924	30498
28924	30499
28924	30500
28924	30501
28924	30502
28924	30503
28924	30504
28924	30505
28925	30452
28925	30453
28925	30454
28925	30455
28925	30456
28926	30511
28926	30512
28928	28929
28928	28940
28928	28941
28934	30507
28934	30508
28934	30509
28934	30510
28936	28937
28936	28939
28936	30457
28936	30459
28936	30460
28936	30461
28936	30462
28936	30463
28936	30464
28936	30465
28936	30466
28937	28939
28939	30457
28940	28941
28940	30443
28940	30444
28941	30443
28941	30444
28944	28945
28944	30458
28944	30477
28944	30478
30443	30444
30445	30446
30445	30447
30446	30447
30446	30448
30446	30449
30448	30449
30448	30450
30448	30451
30450	30451
30453	30455
30454	30456
30459	30460
30459	30461
30459	30462
30459	30463
30459	30464
30459	30465
30459	30480
30459	30481
30460	30461
30460	30462
30460	30463
30460	30464
30460	30465
30460	30466
30460	30479
30460	30480
30460	30481
30460	30482
30461	30462
30461	30463
30461	30464
30461	30465
30461	30466
30461	30479
30461	30480
30461	30481
30461	30482
30462	30463
30462	30464
30462	30465
30462	30466
30462	30479
30462	30480
30463	30464
30463	30465
30463	30476
30464	30465
30464	30466
30465	30466
30465	30479
30465	30480
30465	30481
30465	30482
30466	30479
30466	30480
30467	30468
30467	30469
30467	30470
30468	30469
30468	30470
30469	30470
30469	30471
30469	30472
30469	30473
30469	30474
30469	30475
30472	30473
30474	30475
30476	30500
30476	30503
30476	30504
30476	30505
30477	30478
30479	30480
30479	30481
30479	30482
30480	30481
30480	30482
30481	30482
30483	30484
30483	30485
30484	30485
30486	30487
30486	30517
30486	30519
30486	30520
30487	30488
30489	30490
30489	30491
30489	30492
30490	30491
30490	30492
30491	30492
30493	30494
30493	30495
30493	30504
30493	30517
30493	30518
30494	30495
30496	30497
30498	30499
30498	30500
30498	30501
30499	30500
30499	30501
30499	30502
30500	30501
30500	30502
30500	30503
30503	30504
30503	30505
30504	30505
30504	30517
30504	30518
30507	30508
30507	30509
30507	30510
30508	30509
30508	30510
30511	30512
30517	30518
30517	30519
30517	30520
30519	30520
