13458	13460
13458	13509
13458	13545
13458	24797
13458	26285
13458	27382
13458	27600
13458	28065
13458	29051
13458	36929
13458	38167
13458	39328
13458	39650
13458	41203
13458	41913
13459	13460
13459	13545
13459	29051
13459	36929
13459	39328
13459	39650
13460	13509
13460	13545
13460	24797
13460	26285
13460	27382
13460	27600
13460	28065
13460	29051
13460	36929
13460	38167
13460	39328
13460	39650
13460	41203
13460	41913
13509	13545
13509	24797
13509	26285
13509	27382
13509	27600
13509	28065
13509	29051
13509	36929
13509	38167
13509	39328
13509	39650
13509	41203
13509	41913
13545	24797
13545	26285
13545	27382
13545	27600
13545	28065
13545	29051
13545	36929
13545	38167
13545	39328
13545	39650
13545	41203
13545	41913
24797	26285
24797	27382
24797	27600
24797	28065
24797	29051
24797	36929
24797	38167
24797	39328
24797	39650
24797	41203
24797	41913
26285	27382
26285	27600
26285	28065
26285	29051
26285	36929
26285	38167
26285	39328
26285	39650
26285	41203
26285	41913
27382	27600
27382	28065
27382	29051
27382	36929
27382	38167
27382	39328
27382	39650
27382	41203
27382	41913
27600	28065
27600	29051
27600	36929
27600	38167
27600	39328
27600	39650
27600	41203
27600	41913
28065	29051
28065	36929
28065	38167
28065	39328
28065	39650
28065	41203
28065	41913
29051	36929
29051	38167
29051	39328
29051	39650
29051	41203
29051	41913
36929	38167
36929	39328
36929	39650
36929	41203
36929	41913
38167	39328
38167	39650
38167	41203
38167	41913
39328	39650
39328	41203
39328	41913
39650	41203
39650	41913
41203	41913
