11849	11850
11849	11856
11849	11857
11849	11858
11850	11856
11850	11857
11850	11858
11838	11851
11838	11853
11838	11854
11838	11855
11851	11853
11851	11854
11851	11855
11851	11860
11852	11862
11852	11863
11842	11844
11853	11854
11853	11855
11848	11852
11848	11861
11848	11862
11854	11855
11856	11857
11856	11861
11841	11849
11841	11850
11841	11858
11839	11851
11839	11844
11839	11859
11839	11860
11840	11843
11840	11863
11843	11863
11859	11860
11845	11856
11845	11861
11846	11859
11846	11860
11846	11862
11847	11852
