12654	12655
12654	26227
12654	26228
12654	26229
12654	26230
12655	26227
12655	26228
12655	26229
12655	26230
13039	13071
13039	13072
13039	13225
13039	14607
13039	18471
13039	18507
13071	13072
13225	14607
13225	18471
13225	18507
13225	26354
13225	26681
13471	14744
13471	26685
13471	26687
13471	35876
13555	26634
13555	26670
13555	36026
13555	36027
14607	18471
14607	18507
14744	26683
14744	26685
14744	36677
18471	18507
26227	26228
26227	26683
26227	26684
26229	26230
26230	26591
26230	26593
26354	26355
26354	26670
26354	26680
26354	26681
26386	26387
26386	26637
26386	26687
26635	26637
26637	26648
26637	26649
26637	26687
26648	26649
26680	26681
26680	26686
26681	26686
26683	26684
26685	26686
26686	26688
35875	35876
35876	35886
36026	36027
