1110	6666
1110	6727
1110	9704
1110	9705
1110	13273
1110	16086
1110	22018
1110	22020
1110	22022
1110	22023
1110	22025
1110	22027
1110	22028
1110	22029
1110	22031
1110	22032
1110	22033
1110	22034
1110	22037
1110	22039
1110	22040
1110	22041
1110	22042
1110	22043
1110	22044
1110	22045
1110	22049
1110	22051
1110	22055
1110	22056
1110	22057
1110	22058
1110	22059
1110	22060
1110	22062
1110	22063
1110	22066
1110	22067
1110	22068
1110	22069
1110	22071
1110	22072
1110	22073
1110	22075
9704	9705
13273	13274
22041	29655
22041	29656
22068	22069
