1157	1534
1158	4245
1159	4246
1160	4247
1161	4251
1162	4252
1163	4253
1164	4254
1165	4255
1166	4256
1167	4258
1168	4259
1169	4261
1170	4262
1171	4263
1172	4265
1173	4269
1174	4270
1175	4271
1176	4274
1177	4275
1178	4276
1179	4277
1180	4279
1181	4280
1182	4283
1183	4284
1184	4285
1185	4286
1186	4290
1187	4292
1188	4293
1189	4294
1190	4295
1191	4296
1192	4298
1193	4299
1194	4301
1195	4302
1196	4303
1197	4309
1198	4312
1199	4313
1200	4316
1201	4319
1202	4320
1203	4321
1204	4322
1205	4324
1206	4326
1207	4327
1208	4329
1209	4330
1210	4331
1211	4334
1212	4335
1213	4337
1214	4343
1215	4344
1216	4345
1217	4346
1218	4347
1219	4349
1220	4351
1221	4352
1222	4353
1223	4354
1224	4356
1225	4357
1226	4358
