1534	4245
1534	4246
1534	4247
1534	4251
1534	4252
1534	4253
1534	4254
1534	4255
1534	4256
1534	4258
1534	4259
1534	4261
1534	4262
1534	4263
1534	4265
1534	4269
1534	4270
1534	4271
1534	4274
1534	4275
1534	4276
1534	4277
1534	4279
1534	4280
1534	4283
1534	4284
1534	4285
1534	4286
1534	4290
1534	4292
1534	4293
1534	4294
1534	4295
1534	4296
1534	4298
1534	4299
1534	4301
1534	4302
1534	4303
1534	4309
1534	4312
1534	4313
1534	4316
1534	4319
1534	4320
1534	4321
1534	4322
1534	4324
1534	4326
1534	4327
1534	4329
1534	4330
1534	4331
1534	4334
1534	4335
1534	4337
1534	4343
1534	4344
1534	4345
1534	4346
1534	4347
1534	4349
1534	4351
1534	4352
1534	4353
1534	4354
1534	4356
1534	4357
1534	4358
4262	4271
4265	4283
4279	4301
4303	4343
4303	4344
4343	4344
4356	4357
4356	4358
4357	4358
