1	141
2	3249
3	3253
4	3256
5	3276
6	3281
7	3299
8	3300
9	3327
10	3342
11	3346
12	3352
13	3391
14	3392
15	3396
16	3402
17	3408
18	3415
19	3419
20	3428
21	3432
22	3455
23	3468
24	3492
25	3499
26	3500
27	3501
28	3502
29	3503
30	3504
31	3508
32	3533
33	3537
34	3544
35	3554
36	3556
37	3557
38	3561
39	3574
40	3575
41	3588
42	3589
43	3591
44	3601
45	3611
46	3613
47	3614
48	3619
49	3626
50	3627
51	3628
52	3636
53	3637
54	3647
55	3653
56	3655
57	3659
58	3663
59	3674
60	3685
61	3693
62	3705
63	3707
64	3717
65	3729
66	3750
67	3760
68	3763
69	3771
70	3774
71	3778
72	3782
73	3783
74	3786
75	3800
76	3804
77	3818
78	3821
79	3833
80	3836
81	3846
82	3851
83	3852
84	3853
85	3854
86	3855
87	3865
88	3873
89	3878
90	3882
91	3885
92	3887
93	3888
94	3890
95	3897
96	3901
97	3904
98	3909
99	3916
100	3920
101	3922
102	3927
103	3928
104	3930
105	3936
106	3952
107	3960
108	3961
109	3971
110	3973
111	3978
112	3979
113	3982
114	3985
115	3986
116	3988
117	3990
118	3992
119	3999
120	4004
121	4008
122	4023
123	4028
124	4035
125	4036
126	4039
127	4042
128	4043
129	4044
130	4051
131	26780
132	26781
133	26782
134	26783
135	26784
136	26785
137	26490
138	26491
139	26937
140	26938
141	26939
142	26980
143	26967
144	26968
145	26969
146	14763
147	26798
