141	3249
141	3253
141	3256
141	3276
141	3281
141	3299
141	3300
141	3327
141	3342
141	3346
141	3352
141	3391
141	3392
141	3396
141	3402
141	3408
141	3415
141	3419
141	3428
141	3432
141	3455
141	3468
141	3492
141	3499
141	3500
141	3501
141	3502
141	3503
141	3504
141	3508
141	3533
141	3537
141	3544
141	3554
141	3556
141	3557
141	3561
141	3574
141	3575
141	3588
141	3589
141	3591
141	3601
141	3611
141	3613
141	3614
141	3619
141	3626
141	3627
141	3628
141	3636
141	3637
141	3647
141	3653
141	3655
141	3659
141	3663
141	3674
141	3685
141	3693
141	3705
141	3707
141	3717
141	3729
141	3750
141	3760
141	3763
141	3771
141	3774
141	3778
141	3782
141	3783
141	3786
141	3800
141	3804
141	3818
141	3821
141	3833
141	3836
141	3846
141	3851
141	3852
141	3853
141	3854
141	3855
141	3865
141	3873
141	3878
141	3882
141	3885
141	3887
141	3888
141	3890
141	3897
141	3901
141	3904
141	3909
141	3916
141	3920
141	3922
141	3927
141	3928
141	3930
141	3936
141	3952
141	3960
141	3961
141	3971
141	3973
141	3978
141	3979
141	3982
141	3985
141	3986
141	3988
141	3990
141	3992
141	3999
141	4004
141	4008
141	4023
141	4028
141	4035
141	4036
141	4039
141	4042
141	4043
141	4044
141	4051
3342	26780
3342	26781
3342	26782
3342	26783
3342	26784
3342	26785
3346	26490
3346	26491
3419	26937
3419	26938
3419	26939
3499	3500
3499	3501
3499	3502
3500	3501
3500	3502
3501	3502
3504	3637
3574	3575
3627	3628
3855	26980
3887	3888
3897	26967
3897	26968
3897	26969
3927	3928
4023	14763
26490	26491
26490	26798
26491	26798
26780	26781
26780	26782
26780	26783
26780	26784
26780	26785
26781	26782
26781	26783
26781	26784
26781	26785
26782	26783
26782	26784
26782	26785
26783	26784
26783	26785
26784	26785
26937	26938
26937	26939
26938	26939
26967	26968
26967	26969
