0	1
0	2
0	3
0	4
0	5
0	6
0	7
0	8
0	9
0	10
0	11
0	12
0	13
0	14
0	15
0	16
0	17
0	18
0	19
0	20
0	21
0	22
0	23
0	24
0	25
0	26
0	27
0	28
0	29
0	30
0	31
0	32
0	33
0	34
0	35
0	36
0	37
0	38
0	39
0	40
0	41
0	42
0	43
0	44
0	45
0	46
0	47
0	48
0	49
0	50
1	47
1	51
1	52
1	53
1	54
1	55
4	14
4	25
14	25
14	34
14	35
34	35
51	52
51	56
51	57
51	58
51	59
52	60
52	61
52	62
56	57
56	58
56	59
56	63
56	64
56	65
56	66
56	67
56	68
56	69
57	58
58	59
60	61
60	70
60	71
60	72
62	73
62	74
63	75
63	64
63	65
63	66
63	67
64	75
64	67
64	68
65	66
65	67
65	69
66	67
66	69
67	68
53	54
53	55
53	76
53	77
53	78
53	79
53	80
53	81
53	82
53	83
53	84
53	85
53	86
53	87
53	88
53	89
53	90
54	55
70	71
70	72
70	91
70	92
70	93
71	72
76	77
76	78
76	79
77	78
77	79
81	82
81	83
82	83
88	94
88	95
88	96
91	97
91	98
91	99
91	92
97	98
97	99
97	100
98	99
94	95
94	96
95	96
