1294	3408
1295	13989
1296	14020
1297	14023
1298	14026
1299	14048
1300	14052
1301	14065
1302	14069
1303	14096
1304	14109
1305	14113
1306	14114
1307	14133
1308	14146
1309	14174
1310	14187
1311	14193
1312	14200
1313	14202
1314	14223
1315	14226
1316	14231
1317	14237
1318	14242
1319	14251
1320	14270
1321	14278
1322	14282
1323	14294
1324	14307
1325	14319
1326	14386
1327	28951
1328	28960
1329	31012
1330	31013
1331	31015
1332	31017
1333	31022
1334	31023
1335	31024
1336	31029
1337	31030
1338	31035
1339	31045
1340	31046
1341	31048
1342	31049
1343	31050
1344	31051
1345	31052
1346	31054
1347	31058
1348	31059
1349	31061
1350	31062
1351	31064
1352	14249
