4881	10118
4882	11286
4883	12711
4884	14237
4885	16486
4886	11215
4887	14102
4888	14298
4889	21678
4890	11285
4891	13057
4892	14465
4893	11502
4894	14540
4895	29239
4896	15621
4897	18673
4898	29587
4899	14141
4900	18452
4901	20145
4902	30687
4903	14299
4904	14335
4905	22156
4906	14529
4907	14530
4908	26614
4909	34480
4910	20633
4911	21048
4912	21677
4913	26326
4914	14941
4915	25100
4916	17715
4917	17134
4918	17135
4919	17150
4920	19306
4921	23528
4922	28039
4923	29246
4924	17250
4925	23955
4926	33023
4927	32005
4928	32423
4929	26301
4930	33428
4931	34744
4932	37774
4933	21023
4934	21024
4935	24790
4936	22157
4937	22158
4938	25058
4939	25521
4940	35023
4941	39299
4942	39300
4943	33883
4944	35045
4945	30774
4946	32006
4947	32007
4948	38238
4949	38239
4950	33290
4951	33291
4952	33292
4953	33578
4954	33881
4955	33882
