10118	11286
10118	12711
10118	14237
10118	16486
11215	14102
11215	14298
11215	21678
11285	11286
11285	13057
11286	14465
11502	14540
11502	29239
12711	16486
13057	15621
13057	18673
13057	29587
14102	14298
14102	21678
14141	14237
14237	18452
14237	20145
14237	30687
14298	14299
14298	20145
14298	21678
14335	18673
14335	22156
14529	14530
14529	26614
14529	34480
14530	20633
14530	21048
14540	21677
14540	26326
14540	29239
14941	25100
16486	17715
17134	17135
17134	17150
17134	19306
17134	23528
17134	28039
17134	29246
17150	17250
17150	19306
17150	23955
17715	28039
17715	33023
18452	32005
18452	32423
18673	22156
18673	26301
19306	33428
19306	34744
19306	37774
20633	23955
21023	21024
21023	24790
21023	30687
21677	21678
21677	26326
22156	22157
22156	22158
22157	22158
24790	25100
25058	30687
25521	33428
25521	35023
25521	37774
25521	39299
25521	39300
28039	33883
28039	35045
29587	30774
32005	32006
32005	32007
32005	38238
32005	38239
32006	32007
33290	33291
33290	33292
33290	33578
33291	33292
33291	33881
33291	33882
33291	33883
33428	34744
33428	37774
33881	33882
33881	33883
33882	33883
34744	37774
38238	38239
39299	39300
