12648	12940
12667	12940
12692	12713
12692	12940
12692	41775
12692	41776
12692	41777
12940	13806
12940	13808
12940	13810
12940	13811
12940	13812
12940	13813
12940	13814
12940	13816
12940	13817
12940	13818
12940	13819
12940	13821
12940	13822
12940	13823
12940	13824
12940	13825
12940	13826
12940	13827
12940	13828
12940	13829
12940	13830
12940	13831
12940	13832
12940	13833
12940	13834
12940	13835
13819	13829
13819	41772
13819	41773
13819	41774
13829	41772
13829	41773
13829	41774
13831	13832
13831	13833
13832	13833
13832	41778
13832	41779
13832	41780
41772	41773
41772	41774
41773	41774
41775	41776
41775	41777
41776	41777
41778	41779
41778	41780
41779	41780
