2752	7548
2752	10974
2752	10991
2752	11003
2752	14353
2752	21967
2752	21982
2752	22029
2752	23702
2752	23703
2752	23704
2752	23705
2752	23709
2752	23710
2752	23711
2752	23712
2752	23715
2752	23716
2752	23717
2752	23718
2752	23719
2752	23720
2752	23721
2752	23726
2752	23727
2752	23728
2752	23729
2752	23730
2752	23731
2752	23732
2752	23733
2752	23734
2752	23735
2752	23736
2752	23737
2752	23738
2752	23739
2752	23741
2752	23742
2752	23743
2752	23744
2752	23745
2752	23746
2752	23747
2752	23748
2752	23749
2752	23750
2752	23752
2752	23753
2752	23756
2752	23757
2752	23758
2752	23759
2752	23761
2752	23762
2752	23764
2752	23765
2752	23766
2752	23767
2752	23768
2752	23769
2752	23770
2752	23771
2752	23772
2752	23773
2752	23774
2752	23775
2752	23776
2752	23777
2752	23778
2752	23779
2752	23780
2752	23781
2752	23782
2752	23783
2752	23784
2752	23785
2752	23786
