5363	5364
5363	5365
5363	5366
5363	5367
5363	5368
5363	5369
5363	5370
5363	5371
5363	5372
5363	5373
5364	5365
5364	5366
5364	5367
5364	5368
5364	5369
5364	5370
5364	5371
5364	5372
5364	5373
5365	5366
5365	5367
5365	5368
5365	5369
5365	5370
5365	5371
5365	5372
5365	5373
5366	5367
5366	5368
5366	5369
5366	5370
5366	5371
5366	5372
5366	5373
5367	5368
5367	5369
5367	5370
5367	5371
5367	5372
5367	5373
5368	5369
5368	5370
5368	5371
5368	5372
5368	5373
5369	5370
5369	5371
5369	5372
5369	5373
5370	5371
5370	5372
5370	5373
5371	5372
5371	5373
5372	5373
