13547	13548
13547	34098
13548	24266
13548	25510
13548	25683
13548	26578
13548	31538
13548	32755
13548	34579
13548	34903
13548	36221
13548	36722
24266	25510
24266	25683
24266	26578
24266	31538
24266	32755
24266	34579
24266	34903
24266	36221
24266	36722
25510	25683
25510	26578
25510	31538
25510	32755
25510	34579
25510	34903
25510	36221
25510	36722
25683	26578
25683	31538
25683	32755
25683	34579
25683	34903
25683	36221
25683	36722
26578	31538
26578	32755
26578	34579
26578	34903
26578	36221
26578	36722
31538	32755
31538	34579
31538	34903
31538	36221
31538	36722
32755	34579
32755	34903
32755	36221
32755	36722
34579	34903
34579	36221
34579	36722
34903	36221
34903	36722
36221	36722
