443	23305
443	23317
443	23321
443	23323
443	23324
443	23326
443	23327
443	23330
443	23331
443	23332
443	23333
443	23334
443	23336
443	23337
443	23343
443	23345
443	23346
443	23348
443	23349
443	23350
443	23351
443	23352
443	23353
443	23354
443	23356
443	23357
443	23359
443	23360
443	23362
443	23365
443	23366
443	23367
443	23372
443	23374
443	23375
443	23376
443	23377
443	23378
443	23383
443	23384
443	23386
443	23389
443	23390
443	23391
443	23392
443	23393
443	23394
443	23395
443	23399
443	23400
443	23401
443	23403
443	23405
443	23406
23305	23365
23323	23324
23323	23359
23324	23359
23345	23346
23348	23349
23374	23375
23376	23377
23386	25568
23386	25569
23393	23394
23395	23403
23399	23400
23405	23406
25568	25569
