588	21415
588	21416
588	21417
588	21418
588	21419
588	21420
588	21421
588	21422
588	21423
588	21424
588	21425
588	21426
588	21427
588	21428
588	21429
588	21430
588	21431
588	21432
588	21438
588	21439
588	21440
588	21441
588	21442
588	21443
588	21444
588	21446
588	21447
588	21448
588	21449
588	21451
588	21452
588	21453
588	21454
588	21455
588	21456
588	21457
588	21458
588	21461
588	21462
588	21464
588	21465
588	21466
588	21469
588	21470
588	21471
588	21472
588	21473
588	21475
588	21476
588	21477
588	21479
588	21482
588	21483
588	21484
588	21485
588	21488
588	21489
588	21491
588	21499
588	21502
588	21503
588	21505
588	21506
588	21507
588	21508
588	21510
588	21511
588	21514
588	21515
588	21518
588	21519
588	21521
588	21522
588	21523
588	21524
588	21525
588	21526
588	21527
588	21530
588	21531
588	21536
588	21537
588	21538
588	21539
588	21540
588	21541
588	21544
588	21545
588	21546
588	21548
588	21549
588	21550
588	21552
588	21556
588	21558
588	21561
588	21563
588	21564
588	21565
588	21566
588	21567
588	21568
588	21569
588	21570
588	21571
588	21572
588	21573
588	21577
588	21578
588	21579
588	21580
588	21581
588	21582
588	21583
588	21584
588	21585
588	21586
588	21587
588	21588
588	21591
588	21593
588	21594
588	21596
588	21597
588	21603
588	21604
588	21607
588	21608
588	21611
588	21612
588	21614
588	21616
588	21618
588	21620
588	21621
588	21622
588	21623
588	21625
588	21626
588	21627
588	21628
588	21629
588	21630
588	21631
588	21632
588	21635
588	21636
588	21638
588	21640
588	21642
588	21643
588	21644
588	21645
588	21646
588	21648
588	21649
588	21650
588	21651
588	21654
588	21656
588	21658
588	21659
588	21660
588	21661
588	21662
588	21663
588	21664
588	21666
588	21667
588	21668
588	21669
588	21670
588	21671
588	21672
588	21673
588	21674
588	21675
588	21676
588	21677
588	21678
588	21679
588	21680
588	21685
588	21688
588	21690
588	21692
588	21693
588	21694
588	21695
588	21696
588	21697
588	21698
588	21700
588	21701
588	21703
588	21704
588	21705
588	21706
588	21707
588	21710
588	21711
588	21712
588	21716
588	21717
588	21719
588	21720
588	21721
588	21722
588	21724
588	21725
588	21726
588	21727
588	21728
588	21729
588	21730
588	21731
588	21732
588	21734
588	21735
588	21736
588	21737
588	21738
588	21739
588	21740
588	21741
588	21742
588	21744
588	21745
588	21746
588	21747
588	21748
588	21749
588	21751
588	21752
588	21754
588	21755
588	21756
588	21757
588	21758
588	21760
588	21761
588	21762
588	21763
588	21765
588	21766
588	21768
588	21769
588	21770
588	21771
588	21772
588	21773
588	21774
588	21775
588	21777
588	21778
588	21779
588	21780
588	21781
588	21782
588	21783
588	21785
588	21786
588	21788
588	21789
588	21790
588	21791
588	21793
588	21794
588	21796
588	21797
588	21798
21446	21447
21446	21448
21447	21448
21452	21453
21452	21454
21452	21455
21453	21454
21453	21455
21454	21455
21491	29004
21491	29005
21505	21506
21545	21546
21564	21565
21580	33295
21581	21582
21586	21735
21618	33345
21618	33346
21625	21626
21640	33343
21640	33344
21748	21749
21772	33255
21772	33256
21772	33257
21774	21775
21794	33296
21794	33297
21794	33298
21794	33299
29005	31557
29005	31558
29005	31559
31557	31558
33255	33256
33255	33257
33256	33257
33296	33297
33296	33298
33296	33299
33297	33298
33297	33299
33298	33299
33343	33344
33345	33346
588	21415
588	21416
588	21417
588	21418
588	21419
588	21420
588	21421
588	21422
588	21423
588	21424
588	21425
588	21426
588	21427
588	21428
588	21429
588	21430
588	21431
588	21432
588	21438
588	21439
588	21440
588	21441
588	21442
588	21443
588	21444
588	21446
588	21447
588	21448
588	21449
588	21451
588	21452
588	21453
588	21454
588	21455
588	21456
588	21457
588	21458
588	21461
588	21462
588	21464
588	21465
588	21466
588	21469
588	21470
588	21471
588	21472
588	21473
588	21475
588	21476
588	21477
588	21479
588	21482
588	21483
588	21484
588	21485
588	21488
588	21489
588	21491
588	21499
588	21502
588	21503
588	21505
588	21506
588	21507
588	21508
588	21510
588	21511
588	21514
588	21515
588	21518
588	21519
588	21521
588	21522
588	21523
588	21524
588	21525
588	21526
588	21527
588	21530
588	21531
588	21536
588	21537
588	21538
588	21539
588	21540
588	21541
588	21544
588	21545
588	21546
588	21548
588	21549
588	21550
588	21552
588	21556
588	21558
588	21561
588	21563
588	21564
588	21565
588	21566
588	21567
588	21568
588	21569
588	21570
588	21571
588	21572
588	21573
588	21577
588	21578
588	21579
588	21580
588	21581
588	21582
588	21583
588	21584
588	21585
588	21586
588	21587
588	21588
588	21591
588	21593
588	21594
588	21596
588	21597
588	21603
588	21604
588	21607
588	21608
588	21611
588	21612
588	21614
588	21616
588	21618
588	21620
588	21621
588	21622
588	21623
588	21625
588	21626
588	21627
588	21628
588	21629
588	21630
588	21631
588	21632
588	21635
588	21636
588	21638
588	21640
588	21642
588	21643
588	21644
588	21645
588	21646
588	21648
588	21649
588	21650
588	21651
588	21654
588	21656
588	21658
588	21659
588	21660
588	21661
588	21662
588	21663
588	21664
588	21666
588	21667
588	21668
588	21669
588	21670
588	21671
588	21672
588	21673
588	21674
588	21675
588	21676
588	21677
588	21678
588	21679
588	21680
588	21685
588	21688
588	21690
588	21692
588	21693
588	21694
588	21695
588	21696
588	21697
588	21698
588	21700
588	21701
588	21703
588	21704
588	21705
588	21706
588	21707
588	21710
588	21711
588	21712
588	21716
588	21717
588	21719
588	21720
588	21721
588	21722
588	21724
588	21725
588	21726
588	21727
588	21728
588	21729
588	21730
588	21731
588	21732
588	21734
588	21735
588	21736
588	21737
588	21738
588	21739
588	21740
588	21741
588	21742
588	21744
588	21745
588	21746
588	21747
588	21748
588	21749
588	21751
588	21752
588	21754
588	21755
588	21756
588	21757
588	21758
588	21760
588	21761
588	21762
588	21763
588	21765
588	21766
588	21768
588	21769
588	21770
588	21771
588	21772
588	21773
588	21774
588	21775
588	21777
588	21778
588	21779
588	21780
588	21781
588	21782
588	21783
588	21785
588	21786
588	21788
588	21789
588	21790
588	21791
588	21793
588	21794
588	21796
588	21797
588	21798
21446	21447
21446	21448
21447	21448
21452	21453
21452	21454
21452	21455
21453	21454
21453	21455
21454	21455
21491	29004
21491	29005
21505	21506
21545	21546
21564	21565
21580	33295
21581	21582
21586	21735
21618	33345
21618	33346
21625	21626
21640	33343
21640	33344
21748	21749
21772	33255
21772	33256
21772	33257
21774	21775
21794	33296
21794	33297
21794	33298
21794	33299
29005	31557
29005	31558
29005	31559
31557	31558
33255	33256
33255	33257
33256	33257
33296	33297
33296	33298
33296	33299
33297	33298
33297	33299
33298	33299
33343	33344
33345	33346
