10833	14460
10833	14461
10833	22867
10833	22918
10833	22919
10833	22920
10833	25064
10833	30643
10833	30644
14459	14460
14459	14461
14459	14462
14459	14501
14459	37606
14459	37614
14460	14461
14460	14462
14460	14478
14460	14505
14460	14506
14460	37605
14460	37606
14461	14462
14461	14501
14462	14478
14462	14500
14462	14501
14462	14502
14478	14505
14500	14501
14500	14502
14501	14502
14502	37612
14502	37616
14505	14506
14506	14540
22867	22918
22867	22919
22867	22920
22867	22934
22918	22919
22918	22920
22919	22920
30643	30644
37604	37605
37604	37606
37605	37606
37606	37613
37606	37614
37612	37616
37613	37614
