336	26707
252	17064
348	36845
212	9218
40	15296
90	3293
4	4895
211	9217
9	4412
114	4413
345	39101
335	35222
149	17086
12	29642
193	39565
346	29152
182	40163
58	35228
202	41821
80	32004
276	39613
245	22526
287	39610
344	29128
352	36889
236	29674
104	37434
281	23903
148	4358
33	25779
343	29120
299	18955
75	2215
282	40129
200	20033
229	10949
249	23893
238	34637
5	31013
60	1581
57	31490
217	35278
303	28279
184	30201
29	4472
321	26649
296	17121
239	25254
225	10924
91	41775
147	24735
191	6652
294	36988
83	38423
160	21927
25	5899
187	5898
101	20002
14	4460
279	31514
76	29092
113	4462
350	32593
124	40103
152	33088
166	17562
189	10915
170	34582
102	25224
123	29086
137	37480
347	30165
262	15274
285	33630
219	27158
248	36271
112	38432
141	39674
78	4441
223	21890
119	29061
205	30700
192	7156
68	2756
109	21899
195	7158
15	4974
331	36706
301	19669
130	31689
164	41425
177	25608
318	24513
88	3158
309	31206
295	32170
206	8933
159	25193
77	19124
266	28321
341	29998
283	37041
291	35646
50	12781
66	25623
122	25622
215	21859
24	27788
315	27787
95	37528
300	19663
85	2600
349	32670
41	29559
37	28315
69	25164
86	16427
74	11793
70	27345
23	16425
210	16913
47	33671
338	27340
103	27814
161	24690
185	5570
226	11309
82	37012
17	188
16	189
0	179
93	27333
243	11300
6	180
84	18648
183	41362
316	34744
322	34745
111	16204
171	5084
121	36107
271	16194
13	13818
329	34738
259	14636
256	13816
116	20863
290	32242
146	16219
275	16221
20	217
153	5069
270	36671
269	26753
175	10795
52	20819
351	35656
72	39006
277	41873
196	7979
135	16227
59	22321
81	23526
71	19159
273	32204
28	255
324	26203
34	16254
214	10753
340	36638
264	41868
230	28365
328	23536
323	24510
233	38738
26	11243
320	26946
180	22214
253	12864
220	10043
224	16016
213	16031
134	17882
231	10692
35	280
240	22216
298	40900
8	826
144	37160
176	10031
258	35491
30	262
140	40441
7	34420
254	21136
261	15532
197	8520
186	30829
198	8521
19	8522
194	29392
297	39844
222	19203
139	31349
131	18384
97	7934
38	12375
31	1385
39	293
257	42039
53	12924
45	300
46	9984
56	1377
54	12925
48	301
227	18747
43	17815
42	26612
133	35030
172	20267
178	18355
1	3462
158	26069
201	27982
327	28521
120	33801
151	18361
49	1846
208	31262
150	15609
304	22157
64	1840
325	23108
288	40860
129	26053
207	24971
247	12280
115	12281
332	23587
342	28848
334	23586
330	23585
284	38164
310	30750
27	1815
138	32372
216	29346
339	30447
118	41475
110	8509
126	33843
174	5145
21	16099
168	25485
267	24109
65	18315
337	41493
280	30462
87	19766
99	12863
127	37186
94	3406
181	28769
265	15900
125	39211
272	40289
2	3402
73	24272
286	31448
169	25882
244	31447
100	3398
145	11114
234	11113
274	41709
204	21606
203	22706
308	36476
260	37280
154	9600
235	36448
228	33461
326	23180
237	38863
10	4286
96	3418
165	22106
188	14923
55	384
22	14920
89	11133
313	32397
241	25449
190	15933
268	15926
32	434
314	34858
311	29727
106	3448
333	31466
51	19346
79	2360
136	31461
162	41213
132	34516
232	11100
242	40831
62	20387
289	38333
143	11040
278	26488
155	23728
218	14392
36	3328
173	21065
319	30899
61	21067
305	21066
255	21077
307	21078
263	39768
250	12475
142	4348
107	12477
117	4347
199	21075
67	35437
128	15939
156	11065
293	24207
157	11064
317	30877
18	4298
44	17722
108	9726
11	4294
92	16765
3	25373
209	9107
312	21110
251	22728
105	39263
302	21109
292	16741
63	33494
98	3391
163	5271
306	21105
246	27551
221	41631
167	15972
179	15426
