1
1
1
1
1
1
1
1
1
1
5
3
1
1
1
1
11
11
11
11
19
19
19
19
19
19
19
19
7
7
13
13
13
13
2
13
13
13
13
12
12
12
12
12
12
6
6
6
6
6
6
6
6
6
6
12
12
13
13
13
10
10
10
10
12
6
6
6
6
6
6
6
6
6
6
19
14
19
19
9
9
9
9
9
9
2
2
14
12
12
19
2
19
13
13
9
13
13
10
10
9
9
2
2
13
13
3
3
3
5
5
5
11
11
11
11
11
2
2
2
2
2
2
2
2
2
2
2
2
2
2
12
2
2
2
2
2
2
2
2
2
2
15
15
15
15
15
15
7
7
7
1
1
1
8
8
8
19
8
8
8
8
8
7
7
7
1
1
1
1
1
10
10
10
3
3
3
7
7
7
7
7
7
7
7
9
9
19
19
19
19
3
9
9
9
9
14
11
11
11
11
11
11
11
11
10
10
10
10
10
10
14
2
8
3
3
3
3
3
3
3
3
6
3
3
3
3
3
3
3
20
5
3
3
20
20
20
20
12
19
19
19
19
19
19
6
6
11
11
19
3
3
6
10
10
10
1
1
3
19
19
19
12
12
7
6
6
6
14
2
19
4
4
4
4
4
4
4
4
19
4
4
5
5
5
5
5
5
5
5
15
19
9
9
9
19
19
9
9
7
9
9
9
9
11
10
10
10
10
10
10
10
9
11
16
17
16
14
7
7
7
7
7
7
3
16
19
14
9
9
18
18
18
18
18
18
18
6
9
17
19
19
12
9
10
10
3
9
10
7
9
14
9
