0	1
0	2
0	3
0	4
0	5
0	6
0	7
0	8
0	9
0	10
0	11
0	12
0	13
0	14
0	15
6	4
6	0
6	9
6	16
6	10
17	18
17	16
16	6
16	18
16	17
16	19
20	21
20	22
20	23
20	24
20	25
20	26
20	27
28	29
30	31
30	32
30	33
30	34
35	36
35	37
35	2
35	38
35	31
39	40
39	41
39	42
39	43
39	44
45	46
45	47
45	48
45	49
48	46
48	45
48	50
48	51
48	52
48	49
48	53
48	54
55	43
55	40
32	30
8	0
56	42
31	57
31	30
31	35
31	58
31	59
31	33
60	61
60	62
60	63
27	20
64	44
64	4
49	46
49	65
49	51
49	66
49	45
49	48
49	67
49	68
49	69
49	70
49	52
49	71
49	72
49	73
49	50
49	74
49	53
49	54
75	76
75	77
75	78
79	80
79	81
79	82
79	83
79	84
85	86
85	87
68	52
68	49
88	40
88	89
90	91
90	92
36	93
36	94
36	95
36	10
36	35
36	96
36	97
98	99
100	84
100	101
100	83
2	102
2	15
2	35
2	4
2	103
2	0
2	18
2	14
2	13
94	36
94	104
94	97
94	105
96	36
106	107
106	108
1	0
10	36
10	109
10	0
10	6
10	110
10	9
10	111
10	34
11	0
11	107
18	112
18	2
18	113
18	114
18	115
18	17
18	16
18	116
117	118
117	119
117	102
117	120
117	121
117	86
117	122
117	123
117	124
117	125
117	126
117	77
117	127
117	128
117	129
117	130
117	131
117	132
117	133
117	134
117	135
117	136
117	137
117	138
117	139
117	140
117	141
117	142
117	34
142	143
142	117
142	144
142	145
142	146
142	147
148	9
148	149
148	29
148	150
9	148
9	0
9	6
9	151
9	10
9	152
9	153
114	112
114	18
114	113
114	116
78	154
78	75
78	23
78	155
78	156
78	157
78	158
78	21
78	159
78	160
78	161
78	162
14	0
14	2
14	15
14	13
113	112
113	18
113	114
113	116
29	148
29	163
29	164
29	165
29	135
29	28
4	166
4	64
4	0
4	6
4	2
4	167
15	0
15	168
15	169
15	2
15	170
15	14
15	13
153	9
171	172
171	173
171	61
174	175
174	176
163	177
163	178
163	179
163	180
163	165
163	181
163	182
163	183
163	29
163	184
185	186
185	83
187	25
25	21
25	23
25	187
25	188
25	24
25	26
25	189
25	20
25	190
191	176
192	193
192	194
192	195
195	192
97	36
97	94
196	190
110	10
197	198
197	19
197	199
198	200
198	197
198	19
198	201
198	199
198	202
19	203
19	16
19	200
19	197
19	198
19	201
19	199
19	132
19	202
19	204
19	205
206	207
206	208
209	205
209	210
211	212
212	211
212	86
154	21
154	160
154	155
154	158
154	156
154	157
154	78
154	213
108	214
108	215
108	23
108	216
108	217
108	176
108	218
108	219
108	106
108	220
108	107
108	221
46	222
46	47
46	45
46	48
46	51
46	49
176	214
176	223
176	224
176	219
176	174
176	221
176	216
176	23
176	225
176	226
176	218
176	227
176	107
176	220
176	215
176	191
176	108
220	214
220	219
220	221
220	216
220	23
220	176
220	228
220	218
220	107
220	229
220	230
220	215
220	108
231	111
214	216
214	215
214	23
214	176
214	219
214	218
214	220
214	107
214	108
214	221
175	174
189	25
225	176
229	220
143	144
143	142
143	147
157	154
157	21
157	160
157	156
157	78
156	154
156	160
156	159
156	161
156	157
156	78
156	162
232	40
232	226
232	233
234	235
234	236
234	230
234	237
145	142
89	131
89	238
89	88
26	25
26	24
26	239
26	240
26	20
26	21
26	241
26	23
26	242
243	244
243	92
226	176
226	233
226	232
74	179
74	245
74	49
74	246
247	115
247	248
115	247
115	18
115	248
38	249
38	35
250	107
107	214
107	216
107	250
107	11
107	23
107	176
107	251
107	218
107	215
107	219
107	106
107	220
107	108
107	221
50	252
50	48
50	51
50	52
50	49
50	53
50	54
99	253
99	254
99	61
99	255
99	98
253	99
53	54
53	52
53	48
53	49
53	50
54	52
54	53
54	48
54	49
54	50
256	13
13	257
13	14
13	15
13	256
13	0
13	2
218	214
218	216
218	258
218	219
218	23
218	215
218	176
218	220
218	107
218	108
218	221
259	260
259	23
259	261
259	188
22	21
22	20
188	23
188	25
188	259
188	44
262	40
40	55
40	263
40	43
40	39
40	262
40	77
40	88
40	232
179	74
179	163
179	165
261	260
261	259
150	264
150	148
265	266
265	267
265	66
268	190
190	196
190	25
190	268
128	118
128	119
128	102
128	120
128	121
128	86
128	122
128	123
128	124
128	125
128	126
128	127
128	129
128	130
128	132
128	133
128	134
128	135
128	136
128	137
128	138
128	139
128	140
128	141
128	117
128	34
167	4
224	176
213	154
21	154
21	269
21	25
21	20
21	23
21	157
21	270
21	22
21	24
21	78
21	26
271	272
271	23
271	273
271	274
271	275
271	276
271	277
271	278
271	279
271	280
271	281
111	282
111	231
111	283
111	284
111	285
111	286
111	287
111	288
111	289
111	10
146	290
146	142
275	271
275	273
275	274
275	277
275	278
275	276
275	280
275	281
135	269
135	118
135	119
135	102
135	120
135	121
135	86
135	122
135	123
135	124
135	125
135	126
135	127
135	128
135	129
135	130
135	132
135	133
135	134
135	136
135	137
135	138
135	139
135	29
135	140
135	141
135	117
135	34
34	125
34	119
34	30
34	102
34	120
34	121
34	86
34	118
34	122
34	123
34	124
34	126
34	10
34	127
34	128
34	129
34	130
34	135
34	132
34	133
34	134
34	136
34	137
34	138
34	139
34	140
34	141
34	117
23	214
23	25
23	24
23	219
23	78
23	279
23	221
23	216
23	125
23	259
23	176
23	77
23	218
23	220
23	107
23	291
23	271
23	188
23	21
23	20
23	215
23	26
23	92
23	108
86	212
86	118
86	119
86	102
86	120
86	121
86	122
86	123
86	124
86	85
86	125
86	126
86	127
86	128
86	129
86	130
86	132
86	133
86	134
86	135
86	136
86	137
86	138
86	139
86	140
86	141
86	117
86	34
292	193
292	293
292	294
92	244
92	243
92	23
92	295
92	90
210	205
210	209
252	50
149	148
296	77
166	4
44	188
44	131
44	41
44	64
44	42
44	39
43	55
43	40
43	39
134	86
134	119
134	102
134	120
134	121
134	118
134	122
134	123
134	124
134	125
134	91
134	126
134	127
134	128
134	129
134	130
134	61
134	132
134	133
134	135
134	136
134	137
134	138
134	139
134	140
134	141
134	117
134	34
65	70
65	71
65	69
65	67
65	49
65	72
178	163
178	165
151	9
131	77
131	44
131	117
131	89
84	101
84	80
84	100
84	83
84	82
84	79
84	297
84	81
84	298
227	223
227	176
299	165
77	40
77	75
77	23
77	131
77	249
77	296
77	117
71	65
71	69
71	67
71	70
71	49
71	72
222	46
51	46
51	48
51	50
51	49
300	83
301	83
301	302
301	303
87	85
101	100
101	83
101	84
200	203
200	198
200	19
200	304
172	171
62	60
62	63
52	68
52	48
52	50
52	49
52	53
52	54
116	112
116	18
116	114
116	113
173	305
173	207
173	171
173	61
305	173
305	61
305	207
61	173
61	305
61	207
61	205
61	60
61	306
61	134
61	171
61	99
199	197
199	198
199	19
199	201
199	202
255	307
255	99
307	255
306	61
306	308
306	309
306	310
306	311
302	301
302	312
302	83
312	302
254	99
204	19
204	313
215	214
215	216
215	23
215	219
215	176
215	218
215	220
215	107
215	108
215	221
223	176
223	227
109	314
109	315
109	316
109	317
109	10
160	154
160	159
160	161
160	156
160	157
160	78
160	162
165	299
165	163
165	178
165	318
165	179
165	319
165	180
165	29
165	184
304	200
180	320
180	182
180	177
180	319
180	321
180	163
180	322
180	165
180	323
240	241
240	26
59	31
245	74
245	246
203	200
203	19
251	324
251	107
325	316
326	327
326	279
81	79
81	84
81	80
81	83
328	329
328	298
330	331
330	332
330	333
330	334
330	335
334	330
334	331
334	332
334	333
334	336
334	335
332	330
332	331
332	334
332	333
332	336
332	335
155	154
155	78
155	158
249	77
249	38
281	271
281	273
281	274
281	275
281	277
281	278
281	276
281	280
267	265
267	337
293	292
73	49
323	320
323	182
323	180
323	177
323	321
323	322
318	165
161	162
161	78
161	160
161	156
147	143
147	144
147	142
207	206
207	173
207	305
207	61
207	208
69	65
69	67
69	70
69	49
69	71
69	72
159	78
159	160
159	156
102	118
102	119
102	120
102	121
102	122
102	123
102	103
102	124
102	125
102	126
102	127
102	128
102	129
102	130
102	2
102	132
102	133
102	134
102	135
102	136
102	86
102	137
102	138
102	139
102	140
102	141
102	117
102	34
239	26
239	242
3	0
3	5
241	240
241	26
168	15
177	320
177	182
177	180
177	321
177	163
177	322
177	323
122	118
122	119
122	102
122	120
122	121
122	86
122	123
122	124
122	125
122	126
122	127
122	128
122	129
122	130
122	132
122	133
122	134
122	135
122	136
122	137
122	138
122	139
122	140
122	141
122	117
122	34
66	49
66	141
66	265
33	30
33	31
169	15
129	86
129	119
129	102
129	120
129	121
129	118
129	122
129	123
129	124
129	125
129	126
129	127
129	128
129	130
129	132
129	133
129	134
129	135
129	136
129	137
129	138
129	139
129	140
129	141
129	117
129	34
158	154
158	78
158	155
324	251
278	271
278	273
278	274
278	275
278	277
278	276
278	280
278	281
42	56
42	39
42	41
42	44
321	320
321	182
321	180
321	177
321	322
321	323
336	332
336	334
336	335
269	21
269	135
320	182
320	180
320	177
320	321
320	322
320	323
219	214
219	216
219	215
219	23
219	176
219	218
219	220
219	107
219	108
219	221
93	36
338	194
70	65
70	69
70	67
70	49
70	71
70	72
246	74
246	245
315	109
315	339
24	25
24	340
24	23
24	341
24	20
24	21
24	26
103	102
103	2
201	198
201	19
201	199
201	202
303	301
37	35
266	265
230	235
230	234
230	236
230	237
230	220
327	326
181	163
342	263
119	118
119	102
119	120
119	121
119	86
119	122
119	123
119	124
119	125
119	126
119	127
119	128
119	129
119	130
119	132
119	133
119	134
119	135
119	136
119	137
119	138
119	139
119	140
119	141
119	117
119	34
123	118
123	119
123	102
123	120
123	121
123	86
123	122
123	124
123	125
123	126
123	127
123	128
123	129
123	130
123	132
123	133
123	134
123	135
123	136
123	137
123	138
123	139
123	140
123	141
123	117
123	34
76	75
343	297
343	83
344	205
344	345
346	217
216	214
216	215
216	23
216	176
216	219
216	218
216	220
216	107
216	108
216	221
194	338
194	192
41	39
41	42
41	44
12	0
236	235
236	234
236	230
236	237
311	306
311	308
311	310
311	309
341	24
347	298
184	183
184	163
184	165
339	315
280	271
280	273
280	274
280	275
280	277
280	278
280	276
280	281
205	210
205	344
205	19
205	61
205	348
205	209
310	306
310	308
310	309
310	311
186	185
317	109
319	180
319	165
319	349
5	0
5	3
309	306
309	308
309	310
309	311
208	207
208	206
139	86
139	119
139	102
139	120
139	121
139	118
139	122
139	123
139	124
139	125
139	126
139	127
139	128
139	129
139	130
139	132
139	133
139	134
139	135
139	136
139	137
139	138
139	140
139	141
139	117
139	34
244	243
244	92
286	282
286	283
286	111
286	284
286	287
286	288
286	289
286	285
136	118
136	119
136	102
136	120
136	121
136	193
136	86
136	122
136	83
136	123
136	124
136	125
136	126
136	130
136	127
136	128
136	129
136	132
136	133
136	134
136	135
136	137
136	138
136	139
136	140
136	141
136	117
136	34
333	330
333	334
333	332
333	331
333	335
57	31
279	23
279	271
279	326
130	118
130	119
130	102
130	120
130	121
130	86
130	122
130	123
130	124
130	125
130	126
130	127
130	128
130	129
130	132
130	133
130	134
130	135
130	136
130	137
130	138
130	139
130	140
130	141
130	117
130	34
80	79
80	84
80	81
80	83
295	92
273	271
273	274
273	275
273	277
273	278
273	276
273	280
273	281
290	146
138	118
138	119
138	102
138	120
138	121
138	86
138	122
138	123
138	124
138	125
138	126
138	127
138	128
138	129
138	130
138	132
138	133
138	134
138	135
138	136
138	137
138	139
138	140
138	141
138	117
138	34
313	204
350	83
349	319
152	9
228	220
63	62
63	60
285	282
285	111
285	283
285	284
285	286
285	287
285	288
285	289
47	46
47	45
120	118
120	119
120	102
120	121
120	86
120	122
120	123
120	124
120	125
120	126
120	127
120	128
120	129
120	130
120	132
120	133
120	134
120	135
120	136
120	137
120	138
120	139
120	140
120	141
120	117
120	34
126	86
126	119
126	102
126	120
126	121
126	118
126	122
126	123
126	124
126	125
126	127
126	128
126	129
126	130
126	132
126	133
126	134
126	135
126	136
126	137
126	138
126	139
126	140
126	141
126	117
126	34
7	0
132	125
132	119
132	102
132	120
132	121
132	118
132	122
132	123
132	124
132	86
132	126
132	127
132	128
132	129
132	130
132	19
132	133
132	134
132	135
132	136
132	137
132	138
132	139
132	140
132	141
132	117
132	34
170	15
238	89
329	328
329	298
316	325
316	314
316	109
322	320
322	182
322	180
322	177
322	321
322	323
314	109
314	316
133	86
133	119
133	102
133	120
133	121
133	118
133	122
133	123
133	124
133	125
133	126
133	127
133	128
133	129
133	130
133	132
133	134
133	135
133	136
133	137
133	138
133	139
133	140
133	141
133	117
133	34
335	330
335	334
335	332
335	333
335	336
335	83
58	31
217	346
217	108
67	65
67	69
67	70
67	49
67	71
67	72
258	218
291	23
351	91
121	118
121	119
121	102
121	120
121	86
121	122
121	123
121	124
121	125
121	126
121	127
121	128
121	129
121	130
121	132
121	133
121	134
121	135
121	136
121	137
121	138
121	139
121	140
121	141
121	117
121	34
248	247
248	115
235	234
235	236
235	230
235	237
308	306
308	310
308	309
308	311
340	24
270	21
331	330
331	333
331	332
331	334
348	205
352	298
294	193
294	292
82	79
82	84
82	83
283	282
283	111
283	284
283	286
283	287
283	288
283	289
283	285
144	143
144	142
144	147
127	118
127	119
127	102
127	120
127	121
127	86
127	122
127	123
127	124
127	125
127	126
127	128
127	129
127	130
127	132
127	133
127	134
127	135
127	136
127	137
127	138
127	139
127	140
127	141
127	117
127	34
260	261
260	259
104	94
104	105
137	118
137	119
137	102
137	120
137	121
137	86
137	122
137	123
137	124
137	125
137	126
137	127
137	128
137	129
137	130
137	132
137	133
137	134
137	135
137	136
137	138
137	139
137	140
137	141
137	117
137	34
95	36
95	83
284	282
284	111
284	283
284	286
284	287
284	288
284	289
284	285
289	282
289	111
289	283
289	284
289	286
289	287
289	288
289	285
83	80
83	193
83	82
83	335
83	95
83	101
83	297
83	79
83	343
83	185
83	298
83	100
83	300
83	350
83	301
83	84
83	81
83	136
83	302
112	18
112	114
112	113
112	116
233	232
233	226
237	235
237	234
237	236
237	230
72	65
72	69
72	67
72	70
72	49
72	71
345	344
125	118
125	119
125	102
125	120
125	121
125	122
125	123
125	124
125	23
125	86
125	126
125	127
125	128
125	129
125	130
125	132
125	133
125	134
125	135
125	136
125	137
125	138
125	139
125	140
125	141
125	117
125	34
105	104
105	94
193	136
193	192
193	83
193	294
193	292
287	282
287	111
287	283
287	284
287	286
287	288
287	289
287	285
276	271
276	273
276	274
276	277
276	278
276	275
276	280
276	281
141	118
141	119
141	102
141	120
141	121
141	86
141	122
141	66
141	123
141	124
141	125
141	126
141	127
141	128
141	129
141	130
141	132
141	133
141	134
141	135
141	136
141	137
141	138
141	139
141	140
141	117
141	34
263	342
263	40
297	343
297	83
297	84
124	118
124	119
124	102
124	120
124	121
124	86
124	122
124	123
124	125
124	126
124	127
124	128
124	129
124	130
124	132
124	133
124	134
124	135
124	136
124	137
124	138
124	139
124	140
124	141
124	117
124	34
282	111
282	283
282	284
282	286
282	287
282	288
282	289
282	285
182	320
182	180
182	177
182	321
182	163
182	322
182	323
272	271
140	118
140	119
140	102
140	120
140	121
140	86
140	122
140	123
140	124
140	125
140	126
140	127
140	128
140	129
140	130
140	132
140	133
140	134
140	135
140	136
140	137
140	138
140	139
140	141
140	117
140	34
242	26
242	239
288	282
288	111
288	283
288	284
288	286
288	287
288	289
288	285
298	83
298	352
298	329
298	347
298	84
298	328
162	78
162	161
162	160
162	156
183	163
183	184
164	29
118	86
118	119
118	102
118	120
118	121
118	122
118	123
118	124
118	125
118	126
118	127
118	128
118	129
118	130
118	132
118	133
118	134
118	135
118	136
118	137
118	138
118	139
118	140
118	141
118	117
118	34
337	267
221	214
221	216
221	215
221	23
221	176
221	219
221	218
221	220
221	107
221	108
274	271
274	273
274	275
274	277
274	278
274	276
274	280
274	281
91	351
91	134
91	90
202	198
202	19
202	199
202	201
264	150
277	271
277	273
277	274
277	275
277	278
277	276
277	280
277	281
257	13
