8530	8531
8530	8532
8530	8533
8530	8637
8530	8909
8531	8532
8531	8533
8531	8697
8531	31048
8532	8533
8532	8637
8532	8906
8532	8909
8532	31083
8587	8588
8587	8589
8587	8629
8587	8630
8587	8909
8587	8994
8587	28536
8588	8589
8588	8629
8588	8630
8588	8909
8589	8629
8589	8630
8589	8637
8589	8638
8589	8697
8589	8909
8589	8994
8589	9078
8589	28997
8589	28998
8589	28999
8589	31048
8589	31815
8629	8630
8629	8909
8630	8909
8630	8994
8630	28536
8637	8638
8637	8696
8637	8697
8637	8909
8637	31048
8638	8696
8638	8697
8638	31815
8696	8697
8696	8909
8697	8909
8697	31048
8697	31105
8697	31815
8905	8906
8906	31083
8909	8994
8909	31048
8994	28536
9078	16860
9078	16879
9078	28997
9078	28998
9078	28999
16849	16856
16849	16860
16849	37551
16849	38089
16849	38090
16849	38091
16849	38092
16856	16860
16856	38089
16856	38092
16860	16879
16860	38089
16860	38093
16860	38094
16860	38095
28997	28998
28997	28999
28998	28999
31048	31105
37550	37551
37550	37552
37551	38097
37551	38098
38089	38090
38089	38091
38089	38092
38090	38091
38093	38094
38093	38095
38094	38095
