8419	8421
8419	8428
8431	8432
8431	8433
8431	8434
8431	8435
8420	8431
8420	8432
8420	8433
8432	8433
8432	8434
8432	8436
8432	8437
8433	8434
8433	8435
8433	8436
8433	8437
8421	8428
8428	8435
8428	8437
8428	8438
8434	8435
8434	8437
8435	8436
8435	8437
8435	8438
8423	8432
8424	8432
8424	8433
8424	8436
8436	8438
8425	8432
8425	8433
8425	8435
8425	8437
8425	8438
8437	8438
8422	8433
8422	8434
8422	8435
8426	8433
8426	8434
8426	8437
8427	8428
8427	8435
8427	8437
8427	8438
8429	8434
8429	8435
8430	8435
8430	8436
