1377	6430
1378	11443
1379	15780
1380	21505
1381	21507
1382	21513
1383	21541
1384	21753
1385	30254
1386	30355
1387	30356
1388	30357
1389	30358
1390	30359
1391	30360
1392	30361
1393	30362
1394	30364
1395	30365
1396	30366
1397	30367
1398	30368
1399	30369
1400	30370
1401	30373
1402	30375
1403	30377
1404	30378
1405	30379
1406	30380
1407	30382
1408	30384
1409	30385
1410	30386
1411	30387
1412	30388
1413	30389
1414	30390
1415	30391
1416	30392
1417	30393
1418	30394
1419	30395
1420	30396
1421	30397
1422	30398
1423	30400
1424	30401
1425	30403
1426	30404
1427	30405
1428	21482
1429	21483
1430	21484
1431	21551
1432	30415
1433	30416
1434	30417
1435	21964
1436	22022
1437	22023
1438	21499
1439	21549
1440	21748
1441	30251
1442	30252
1443	30253
1444	21550
1445	30262
1446	21747
1447	30280
1448	30281
1449	30420
1450	30421
1451	30422
1452	30423
1453	30424
1454	21975
1455	30443
1456	30455
1457	30456
1458	30466
1459	30467
1460	30442
1461	30444
1462	30445
1463	30446
1464	30447
1465	30448
1466	30449
1467	30450
1468	30451
1469	30452
1470	30453
1471	30454
1472	30457
1473	30458
1474	30459
1475	30462
1476	30463
1477	30464
