6430	11443
11443	15780
11443	21505
11443	21507
11443	21513
11443	21541
11443	21753
11443	30254
11443	30355
11443	30356
11443	30357
11443	30358
11443	30359
11443	30360
11443	30361
11443	30362
11443	30364
11443	30365
11443	30366
11443	30367
11443	30368
11443	30369
11443	30370
11443	30373
11443	30375
11443	30377
11443	30378
11443	30379
11443	30380
11443	30382
11443	30384
11443	30385
11443	30386
11443	30387
11443	30388
11443	30389
11443	30390
11443	30391
11443	30392
11443	30393
11443	30394
11443	30395
11443	30396
11443	30397
11443	30398
11443	30400
11443	30401
11443	30403
11443	30404
11443	30405
21482	21483
21482	21484
21482	21551
21482	30415
21482	30416
21482	30417
21483	21484
21483	21964
21483	22022
21483	22023
21499	21549
21499	21748
21499	30251
21499	30252
21499	30253
21499	30254
21549	21550
21549	21551
21549	30254
21549	30262
21550	21551
21551	30415
21551	30416
21747	21748
21747	30280
21747	30281
21747	30420
21747	30421
21747	30422
21748	30251
21748	30252
21748	30253
21748	30281
21748	30420
21748	30421
21748	30422
21748	30423
21748	30424
21753	30359
21753	30375
21964	21975
21964	22022
21964	22023
22022	22023
30251	30252
30252	30253
30254	30401
30254	30443
30254	30455
30254	30456
30262	30466
30262	30467
30280	30281
30281	30422
30281	30424
30359	30375
30359	30387
30359	30388
30387	30388
30415	30416
30420	30421
30420	30422
30420	30423
30421	30422
30421	30423
30422	30424
30442	30443
30442	30444
30442	30445
30442	30446
30443	30444
30443	30445
30443	30446
30443	30447
30443	30448
30443	30449
30443	30450
30443	30451
30443	30452
30443	30453
30443	30454
30443	30455
30443	30456
30443	30457
30443	30458
30443	30459
30444	30445
30444	30446
30448	30449
30448	30450
30449	30450
30455	30456
30457	30462
30457	30463
30457	30464
30462	30463
30462	30464
30463	30464
