1224	6340
1224	9140
1224	12294
1224	12295
1224	12296
1224	12298
1224	12299
1224	12300
1224	12301
1224	12302
1224	12303
1224	12304
1224	12307
1224	12309
1224	12312
1224	12313
1224	12314
1224	12316
1224	12317
1224	12320
1224	12321
1224	12323
1224	12324
1224	12326
1224	12328
1224	12330
1224	12331
1224	12333
1224	12337
1224	12340
1224	12341
1224	12342
1224	12343
12312	32410
12312	32411
12312	32412
12312	32413
12312	32414
12317	12326
32410	32411
32411	32412
32411	32413
32411	32414
32412	32413
32412	32414
32413	32414
