4127	17514
4127	17544
4127	17550
4127	17602
4127	17822
4127	17824
4127	17827
4127	17829
4127	17830
4127	17832
4127	17833
4127	17834
4127	17839
4127	17841
4127	17842
4127	17843
4127	17844
4127	17845
4127	17846
4127	17848
4127	17849
4127	17850
4127	17852
4127	17856
4127	17857
4127	17858
4127	17859
4127	17860
4127	17861
4127	17862
4127	17863
4127	17866
4127	17867
4127	17868
4127	17870
4127	17871
4127	17872
4127	17874
4127	17876
4127	17877
4127	17886
4127	17887
4127	17891
4127	17892
4127	17897
4127	17898
4127	17901
4127	17902
4127	17904
4127	17905
4127	17906
4127	17907
17512	17513
17512	17514
17513	17514
17513	17552
17514	17552
17822	17830
17822	17852
17822	17887
17822	17905
17822	17906
17822	29174
17830	29174
17848	17849
17848	17850
17849	17850
17858	17859
17858	17860
17858	17861
17859	17860
17859	17861
17860	17861
17868	17904
17905	17906
