187	263
188	1561
189	1565
190	1573
191	1587
192	1604
193	1605
194	1627
195	1631
196	1633
197	1637
198	1643
199	1649
200	1667
201	1676
202	1684
203	1699
204	1705
205	1709
206	1717
207	1723
208	1727
209	1743
210	1744
211	1748
212	1764
213	1767
214	1769
215	1776
216	1797
217	1814
218	1823
219	1825
220	1831
221	1858
222	1881
223	1888
224	1902
225	1906
226	1911
227	1913
228	1918
229	1919
230	1920
231	1937
232	1938
233	1945
234	1953
235	1960
236	1961
237	1966
238	31547
239	31548
240	31550
241	31552
242	31554
243	31557
244	31558
245	31559
246	28006
247	31546
248	31549
249	28004
250	28005
251	28007
252	31551
253	31553
254	31555
255	31556
