376	3846
376	8111
376	8113
376	8117
376	8122
376	8129
376	8132
376	8133
376	8136
376	8140
376	8141
376	8142
376	8144
376	8149
376	8152
376	8154
376	8155
376	8156
376	8166
376	8169
376	8170
376	8176
376	8179
376	8180
376	8181
376	8182
376	8183
376	8185
376	8186
376	8187
376	8191
376	8192
376	8199
376	8203
376	8204
376	8207
376	8208
376	8209
376	8210
376	8213
376	8218
376	8224
376	8227
376	8234
376	8238
376	8245
376	8249
376	8250
376	8257
376	8261
376	8262
376	8263
8117	8203
8132	8133
8141	8142
8149	8227
8179	8180
8179	8181
8180	8181
8181	8191
8182	8203
8185	8186
8185	8187
8186	8187
8249	8250
8257	33763
8261	8262
8261	8263
8262	8263
