0	674
1	12265
2	12270
3	12289
4	12293
5	12295
6	12296
7	12300
8	12301
9	12302
10	12303
11	12304
12	12305
13	12306
14	12307
15	12308
16	12314
17	12325
18	12327
19	12328
20	12330
21	12331
22	12332
23	12333
24	12334
25	12335
26	12336
27	12337
28	12338
29	12340
30	12341
31	12342
32	12343
33	12345
34	12346
35	12347
36	12348
37	12349
38	12350
39	12353
40	12354
41	12356
42	12357
43	12358
44	12359
45	12360
46	12365
47	12366
48	12368
49	12369
50	12370
51	12371
52	12372
53	12373
54	12375
55	12376
56	12378
57	12379
58	12380
59	12381
60	12382
61	12383
62	12384
63	12385
64	12386
65	12387
66	12389
67	12390
68	12391
69	12393
70	12395
71	12396
72	12397
73	12398
74	12399
75	12400
76	12402
77	12403
78	12404
79	12405
80	12406
81	12409
82	12410
83	12411
84	12412
85	12413
86	12414
87	12415
88	12416
89	12417
90	12418
91	12419
92	12420
93	12421
94	12422
95	12423
96	12424
97	12425
98	12426
99	12428
100	12429
101	12430
102	12432
103	12433
104	12434
105	12435
106	12445
107	27839
108	27840
109	29084
110	29085
111	29086
112	29087
113	29088
114	27768
115	27769
116	27814
117	27815
118	27816
119	27820
120	27821
121	27822
122	27823
123	29089
124	29090
125	29091
126	29092
127	29093
128	29094
129	29095
130	29096
131	29097
132	29098
133	29099
134	29100
135	29101
136	29102
137	29107
138	29108
139	29109
140	27817
141	27818
142	27819
143	29110
144	29111
145	29112
146	29113
147	29114
148	29115
149	29116
150	29117
151	27813
152	29118
153	29119
154	29120
155	27767
156	27770
157	27824
158	27825
159	27826
160	27827
161	27828
162	27829
163	27830
164	27831
165	27832
166	30145
167	30146
168	30147
169	30148
170	30149
171	30150
172	30161
173	30162
174	30163
175	30164
176	30165
177	30166
178	30201
179	30154
180	30155
181	30111
182	30112
183	30113
