0	1
0	2
0	3
0	4
0	5
0	6
0	7
0	8
0	9
0	10
0	11
0	12
0	13
0	14
0	15
0	16
0	17
0	18
0	19
0	20
0	21
0	22
0	23
0	24
0	25
0	26
0	27
0	28
0	29
0	30
0	31
0	32
0	33
0	34
0	35
0	36
0	37
0	38
0	39
0	40
0	41
0	42
0	43
0	44
0	45
0	46
0	47
0	48
0	49
0	50
0	51
0	52
0	53
0	54
0	55
0	56
0	57
0	58
0	59
0	60
0	61
0	62
0	63
0	64
0	65
0	66
0	67
0	68
0	69
0	70
0	71
0	72
0	73
0	74
0	75
0	76
0	77
0	78
0	79
0	80
0	81
0	82
0	83
0	84
0	85
0	86
0	87
0	88
0	89
0	90
0	91
0	92
0	93
0	94
0	95
0	96
0	97
0	98
0	99
0	100
0	101
0	102
0	103
0	104
0	105
0	106
8	9
8	10
8	11
8	12
9	10
9	11
9	12
10	11
10	12
11	12
18	46
18	47
18	107
18	108
25	109
27	110
29	111
29	112
29	113
31	41
31	49
31	86
31	114
31	115
31	116
31	117
31	118
31	119
31	120
31	121
31	122
31	123
32	96
32	124
32	125
33	63
33	126
33	127
33	128
36	129
36	130
36	131
36	132
36	133
36	134
36	135
36	136
39	137
39	138
39	139
41	86
41	114
41	117
41	118
41	140
41	141
41	142
41	123
46	47
49	114
49	115
49	116
49	117
49	119
49	120
49	121
49	122
49	143
52	144
52	145
52	146
58	143
58	147
63	126
63	127
63	128
65	148
65	149
65	150
86	114
86	115
86	151
86	116
86	117
86	118
86	140
86	141
86	142
86	143
86	152
86	153
86	154
89	90
89	91
89	92
89	93
90	91
90	92
90	93
91	92
91	93
92	93
96	124
96	125
155	156
114	155
114	115
114	156
114	151
114	116
114	117
114	118
114	140
114	141
114	142
114	119
114	120
115	155
115	156
115	151
115	116
115	117
115	118
115	141
115	119
115	120
115	121
115	122
115	157
115	158
115	159
115	160
115	161
115	162
115	163
115	164
115	165
151	152
151	166
151	167
151	168
116	117
116	141
116	119
116	120
116	121
116	122
116	157
116	162
116	163
116	143
116	152
116	153
116	154
117	151
117	118
117	140
117	141
117	142
117	119
117	120
117	121
117	122
117	163
117	164
117	165
117	123
117	143
117	152
117	153
117	154
117	166
118	151
118	140
118	141
118	142
118	121
118	123
118	167
118	168
141	142
141	157
141	162
141	163
141	164
141	165
119	141
119	120
119	157
119	162
119	163
120	121
120	143
121	140
121	122
121	143
121	169
121	170
121	171
157	162
157	163
158	159
158	160
158	161
159	160
159	161
160	161
162	163
162	172
162	173
162	174
162	175
162	176
162	177
163	164
163	165
164	165
107	108
111	112
111	113
112	113
123	140
124	125
126	127
126	128
126	178
127	128
127	178
128	178
129	130
129	131
129	132
129	133
130	131
130	132
130	133
131	132
131	133
131	134
131	135
131	136
132	133
133	134
133	135
133	136
134	135
134	136
135	136
137	138
137	139
138	139
139	179
139	180
143	151
143	147
143	152
143	153
143	154
143	166
144	145
144	146
145	146
150	181
150	182
150	183
152	153
152	154
152	166
153	154
167	168
169	170
169	171
170	171
179	180
172	173
172	174
172	175
172	176
172	177
173	174
173	175
173	176
173	177
174	175
174	176
174	177
175	176
175	177
176	177
