2356	4871
2357	4872
2358	13931
2359	13932
2360	15094
2361	15095
2362	15097
2363	15101
2364	15102
2365	15104
2366	15106
2367	15107
2368	15108
2369	15109
2370	15115
2371	15117
2372	15118
2373	15119
2374	15120
2375	15121
2376	15122
2377	15125
2378	15126
2379	15127
2380	15129
2381	15130
2382	15132
2383	15134
2384	15135
2385	15136
2386	15137
2387	15139
2388	15140
2389	15143
2390	15144
2391	15145
2392	15147
2393	15149
2394	15150
2395	15153
2396	15154
2397	15158
2398	15159
2399	15161
2400	15162
2401	15163
2402	15164
2403	15166
2404	15167
2405	15170
2406	15171
2407	15172
2408	15173
2409	15174
2410	15175
2411	15176
2412	15177
2413	15178
2414	15179
2415	15180
2416	15181
2417	15183
2418	15184
2419	15185
2420	15186
2421	15187
2422	15188
2423	15189
2424	15191
2425	15192
2426	15193
2427	15194
2428	15196
2429	20006
2430	27153
2431	32345
2432	28388
2433	32342
