4871	4872
4871	13931
4871	13932
4871	15094
4871	15095
4871	15097
4871	15101
4871	15102
4871	15104
4871	15106
4871	15107
4871	15108
4871	15109
4871	15115
4871	15117
4871	15118
4871	15119
4871	15120
4871	15121
4871	15122
4871	15125
4871	15126
4871	15127
4871	15129
4871	15130
4871	15132
4871	15134
4871	15135
4871	15136
4871	15137
4871	15139
4871	15140
4871	15143
4871	15144
4871	15145
4871	15147
4871	15149
4871	15150
4871	15153
4871	15154
4871	15158
4871	15159
4871	15161
4871	15162
4871	15163
4871	15164
4871	15166
4871	15167
4871	15170
4871	15171
4871	15172
4871	15173
4871	15174
4871	15175
4871	15176
4871	15177
4871	15178
4871	15179
4871	15180
4871	15181
4871	15183
4871	15184
4871	15185
4871	15186
4871	15187
4871	15188
4871	15189
4871	15191
4871	15192
4871	15193
4871	15194
4871	15196
13931	13932
15115	20006
15118	20006
15121	27153
15129	32345
15139	15140
15174	15175
15174	15176
15175	15176
15180	28388
15183	15184
15183	15185
15184	15185
15192	32342
