607	1524
608	7974
609	11026
610	11034
611	11040
612	11041
613	11042
614	11054
615	11058
616	11061
617	11068
618	11070
619	11075
620	11076
621	11081
622	11086
623	11088
624	11096
625	11097
626	11099
627	11100
628	11102
629	11103
630	11107
631	11108
632	11112
633	11114
634	11115
635	11117
636	11118
637	11123
638	11130
639	11131
640	11132
641	11147
642	11151
643	11153
644	11154
645	11158
646	11162
647	11166
648	11167
649	11169
650	11170
651	11171
652	11178
653	11180
654	11186
655	11188
656	11195
657	11197
658	11203
659	11204
660	11205
661	11213
662	11214
663	11216
664	11217
665	11218
666	11219
667	11220
668	11221
669	11231
670	11232
671	11233
672	11237
673	11239
674	11240
675	11242
676	11246
677	11251
