14329	22313
14329	27391
14329	27392
14329	27393
22059	27079
22059	27384
22059	30353
22059	30354
22059	30355
22313	22314
22313	26906
22313	27384
22313	27385
22313	27391
22313	27392
22313	27393
22313	27754
22313	27783
22313	27837
22313	27838
22313	30304
22313	30305
22313	30306
22313	30319
22313	30320
22313	30321
22313	30322
22313	30323
22313	30324
22313	31241
22314	30304
22314	30305
26906	27384
26906	27385
27079	27384
27079	30353
27079	30354
27079	30355
27384	27385
27384	30353
27384	30354
27384	30355
27391	27392
27391	27393
27392	27393
27837	27838
30304	30305
30304	30306
30304	30319
30304	30320
30304	30321
30304	30322
30304	30323
30304	30324
30305	30306
30305	30319
30305	30320
30305	30321
30305	30322
30305	30324
30306	30319
30306	30321
30306	30322
30306	30323
30306	30324
30306	31241
30319	30320
30319	30321
30319	30322
30319	30324
30320	30321
30320	30322
30321	30322
30321	30323
30321	30324
30321	31241
30322	30323
30322	30324
30322	31241
30353	30354
30353	30355
30354	30355
