3523	6228
3523	9826
3523	9905
3523	9917
3523	11640
3523	12361
3523	13604
3523	13605
3523	13607
3523	13609
3523	13610
3523	13611
3523	13612
3523	13615
3523	13618
3523	13620
3523	13625
3523	13626
3523	13627
3523	13629
3523	13632
3523	13634
3523	13636
3523	13637
3523	13638
3523	13643
3523	13644
3523	13645
3523	13646
3523	13647
3523	13648
3523	13649
3523	13650
3523	13651
3523	13654
3523	13656
3523	13657
3523	13658
3523	13660
3523	13661
3523	13662
3523	13663
3523	13665
3523	13667
3523	13669
3523	13670
3523	13672
3523	13673
3523	13675
3523	13676
3523	13677
3523	13678
3523	13679
11278	13667
13612	21074
13612	21075
13638	24540
13656	13657
13656	25997
13657	25997
13658	22938
13667	35481
13667	35482
13667	35483
13667	35484
13677	18179
21074	21075
35481	35482
35481	35483
35481	35484
35482	35483
35482	35484
35483	35484
