2796	4960
2796	4974
2796	5116
2796	5218
2796	7217
2796	9097
2796	9104
2796	9164
2796	9303
2796	9304
2796	9305
2796	14432
2796	16716
2796	16799
2796	24094
2796	27569
2796	27570
2796	27571
2796	27573
2796	27574
2796	27575
2796	27576
2796	27577
2796	27578
2796	27579
2796	27580
2796	27581
2796	27582
2796	27583
2796	27584
2796	27585
2796	27587
2796	27588
2796	27589
2796	27591
2796	27592
2796	27595
2796	27597
2796	27598
2796	27600
2796	27601
2796	27603
2796	27604
2796	27605
2796	27607
2796	27608
2796	27609
2796	27610
2796	27611
2796	27613
2796	27615
2796	27616
2796	27617
2796	27618
2796	27619
2796	27620
2796	27621
2796	27622
2796	27625
2796	27626
2796	27627
2796	27628
2796	27629
9303	9304
9303	9305
9304	9305
27569	27570
27579	27580
27581	27582
27581	27583
27581	27584
27581	27585
27582	27583
27582	27584
27582	27585
27582	27610
27582	31287
27582	31288
27582	31289
27582	31290
27582	31294
27582	31295
27583	27584
27583	27585
27584	27585
27584	27610
27584	31287
27584	31288
27584	31289
27584	31290
27584	31291
27584	31292
27584	31293
27584	31294
27584	31295
27585	27610
27585	31287
27585	31288
27585	31289
27585	31290
27585	31294
27585	31295
27587	27588
27603	27604
27610	31287
27610	31289
27610	31290
27610	31291
27610	31292
27610	31293
27610	31294
27621	27622
31287	31288
31287	31289
31287	31290
31287	31291
31287	31292
31287	31293
31287	31294
31289	31290
31290	31291
31290	31292
31290	31293
31290	31294
31291	31292
31291	31293
31292	31293
