1170	2792
1171	4956
1172	4970
1173	5112
1174	5214
1175	7213
1176	9093
1177	9100
1178	9160
1179	9299
1180	9300
1181	9301
1182	14428
1183	16712
1184	16795
1185	24090
1186	27565
1187	27566
1188	27567
1189	27569
1190	27570
1191	27571
1192	27572
1193	27573
1194	27574
1195	27575
1196	27576
1197	27577
1198	27578
1199	27579
1200	27580
1201	27581
1202	27583
1203	27584
1204	27585
1205	27587
1206	27588
1207	27591
1208	27593
1209	27594
1210	27596
1211	27597
1212	27599
1213	27600
1214	27601
1215	27603
1216	27604
1217	27605
1218	27606
1219	27607
1220	27609
1221	27611
1222	27612
1223	27613
1224	27614
1225	27615
1226	27616
1227	27617
1228	27618
1229	27621
1230	27622
1231	27623
1232	27624
1233	27625
1234	31283
1235	31284
1236	31285
1237	31286
1238	31290
1239	31291
1240	31287
1241	31288
1242	31289
