2792	4956
2792	4970
2792	5112
2792	5214
2792	7213
2792	9093
2792	9100
2792	9160
2792	9299
2792	9300
2792	9301
2792	14428
2792	16712
2792	16795
2792	24090
2792	27565
2792	27566
2792	27567
2792	27569
2792	27570
2792	27571
2792	27572
2792	27573
2792	27574
2792	27575
2792	27576
2792	27577
2792	27578
2792	27579
2792	27580
2792	27581
2792	27583
2792	27584
2792	27585
2792	27587
2792	27588
2792	27591
2792	27593
2792	27594
2792	27596
2792	27597
2792	27599
2792	27600
2792	27601
2792	27603
2792	27604
2792	27605
2792	27606
2792	27607
2792	27609
2792	27611
2792	27612
2792	27613
2792	27614
2792	27615
2792	27616
2792	27617
2792	27618
2792	27621
2792	27622
2792	27623
2792	27624
2792	27625
9299	9300
9299	9301
9300	9301
27565	27566
27575	27576
27577	27578
27577	27579
27577	27580
27577	27581
27578	27579
27578	27580
27578	27581
27578	27606
27578	31283
27578	31284
27578	31285
27578	31286
27578	31290
27578	31291
27579	27580
27579	27581
27580	27581
27580	27606
27580	31283
27580	31284
27580	31285
27580	31286
27580	31287
27580	31288
27580	31289
27580	31290
27580	31291
27581	27606
27581	31283
27581	31284
27581	31285
27581	31286
27581	31290
27581	31291
27583	27584
27599	27600
27606	31283
27606	31285
27606	31286
27606	31287
27606	31288
27606	31289
27606	31290
27617	27618
31283	31284
31283	31285
31283	31286
31283	31287
31283	31288
31283	31289
31283	31290
31285	31286
31286	31287
31286	31288
31286	31289
31286	31290
31287	31288
31287	31289
31288	31289
