0	10338
1	24408
2	24409
3	24410
4	24411
5	24412
6	24413
7	24414
8	24415
9	24416
10	24417
11	24418
12	24419
13	24420
14	24421
15	24422
16	24423
17	24424
18	24425
19	24426
20	24427
21	24428
22	24429
23	24430
24	24431
25	24432
26	24433
27	24434
28	24435
29	24436
30	24437
31	24438
32	24439
33	24440
34	24441
35	24442
36	24444
37	24445
38	24447
39	24448
40	24449
41	24450
42	24451
43	24452
44	24453
45	24454
46	24455
47	24456
48	24457
49	24458
50	24459
51	24460
52	24461
53	24462
54	24463
55	24464
56	24465
57	24466
58	24467
59	24468
60	24469
61	24470
62	24471
63	24472
64	24473
65	24474
66	24475
67	24476
68	24477
69	24478
70	24479
71	24480
72	24481
73	24482
74	24483
75	24484
76	24485
77	24486
78	24487
79	24488
80	24489
81	24490
82	24491
83	24492
84	24493
85	24494
86	24495
87	24496
88	24497
89	24498
90	24499
91	24500
92	24501
93	24502
94	24503
95	24504
96	24505
97	24506
98	24507
99	24509
100	24510
101	24511
102	24512
103	24513
104	24514
105	24515
106	24517
107	24518
108	24519
109	24520
110	24521
111	24522
112	24523
113	24524
114	24525
115	24526
116	24527
117	24528
118	24529
119	24530
120	24531
121	24532
122	24533
123	24534
124	24535
125	24536
126	24537
127	24538
128	24539
129	24540
130	24541
131	24542
132	24543
133	24544
134	24545
135	26414
136	26415
137	26416
138	26417
139	26418
