67	161
68	6188
69	10744
70	10746
71	10747
72	10748
73	10749
74	10750
75	10751
76	10752
77	10757
78	10758
79	10759
80	10760
81	10761
82	10763
83	10764
84	10769
85	10771
86	10772
87	10774
88	10776
89	10777
90	10778
91	10782
92	10783
93	10784
94	10785
95	10786
96	10787
97	10789
98	10790
99	10791
100	10792
101	10795
102	10796
103	10797
104	10799
105	10800
106	10805
107	10807
108	10808
109	10810
110	10813
111	10816
112	32362
113	32363
114	32364
115	32365
116	32360
117	32355
118	32356
119	32357
120	32358
121	32359
122	32366
123	32367
124	32368
125	32369
126	32361
