1378	7365
1379	13192
1380	13194
1381	17520
1382	17521
1383	23965
1384	24104
1385	24182
1386	33821
1387	33822
1388	33823
1389	33826
1390	33827
1391	33828
1392	33829
1393	33830
1394	33833
1395	33835
1396	33836
1397	33837
1398	33838
1399	33839
1400	13178
1401	24087
1402	24115
1403	24187
1404	35551
1405	35552
1406	35553
1407	35554
1408	35555
1409	13208
1410	35660
1411	35661
1412	35662
1413	35663
1414	35664
1415	35665
1416	17528
1417	17811
1418	17812
1419	17813
1420	17824
1421	17867
1422	23742
1423	23862
1424	23917
1425	23938
1426	35565
1427	35573
