7365	13192
7365	13194
7365	17520
7365	17521
7365	23965
7365	24104
7365	24182
7365	33821
7365	33822
7365	33823
7365	33826
7365	33827
7365	33828
7365	33829
7365	33830
7365	33833
7365	33835
7365	33836
7365	33837
7365	33838
7365	33839
13178	24087
13178	24115
13178	24187
13178	33823
13178	35551
13178	35552
13178	35553
13178	35554
13178	35555
13208	24104
13208	35660
13208	35661
13208	35662
13208	35663
13208	35664
13208	35665
17520	17521
17520	17528
17520	17811
17520	17812
17520	17813
17520	17824
17520	17867
17811	17812
17811	17813
17812	17813
23742	23862
23742	24115
23862	23917
23862	23938
23862	24115
23862	35565
24087	24115
24087	35552
24087	35554
24087	35555
24104	33838
24115	35552
24115	35554
24115	35555
33822	33823
33823	35551
33823	35573
35551	35573
35552	35553
35552	35554
35552	35555
35554	35555
35660	35661
35660	35662
35660	35663
35660	35664
35660	35665
35661	35662
35661	35663
35661	35664
35661	35665
35662	35663
35662	35664
35662	35665
35663	35664
35663	35665
35664	35665
