67	961
68	14306
69	14307
70	24052
71	27572
72	27573
73	27574
74	27575
75	27576
76	27577
77	27578
78	27579
79	27580
80	27582
81	27583
82	27584
83	27585
84	27587
85	27588
86	27589
87	27590
88	27591
89	27592
90	27594
91	27595
92	27596
93	27597
94	27598
95	27599
96	27600
97	27601
98	27602
99	27603
100	27605
101	27606
102	27607
103	27608
104	27609
105	27610
106	27611
107	27612
108	27613
109	27614
110	27615
111	27616
112	27617
113	27618
114	27619
115	27620
116	27621
117	27622
118	27623
119	27624
120	27625
121	27626
122	27627
123	27628
124	27629
125	27630
126	27631
127	27632
128	27633
129	27634
130	27635
131	27636
132	27637
133	27639
134	27640
135	27641
136	27642
137	27644
138	27645
139	27646
140	27647
141	27648
142	27649
143	27650
144	27651
145	27652
146	27653
147	27654
148	27655
149	27656
150	27657
151	27658
152	27659
153	27660
154	27661
155	27662
156	27663
157	27664
158	27665
159	27666
160	27667
161	27669
162	27670
163	27671
164	27672
165	27673
166	27675
167	27676
168	27677
169	27678
170	27679
171	27680
172	27681
173	27682
174	27683
175	27684
176	27685
177	27686
178	27687
179	27688
180	27689
181	27690
182	27691
183	27692
184	27693
185	27694
186	27695
187	27696
188	27697
189	27698
190	27699
191	27700
192	27701
193	27702
194	27703
195	27704
196	27705
197	27706
198	27707
199	27708
200	27709
201	27710
202	27711
203	27712
204	27713
205	27714
206	27715
207	27716
208	27717
209	27718
210	27719
211	27720
212	27721
213	27722
214	27723
215	27724
216	27725
217	27726
218	27727
219	27728
220	27729
221	27730
222	27731
223	27732
224	27734
225	27735
226	27736
227	27737
228	27738
229	27739
230	27740
231	27741
232	27742
233	27743
234	27744
235	27745
236	27746
237	27748
238	27749
239	27750
240	27751
241	27752
242	27753
243	27754
244	27755
245	27756
246	27757
247	27758
248	27759
249	27760
250	27761
251	27762
252	27763
253	27764
254	27765
255	27766
256	27767
257	27768
258	27769
259	27770
260	27771
261	27772
262	27773
263	27774
264	27775
265	27776
266	27777
267	27778
268	27779
269	27780
270	27781
271	27782
272	27783
273	27784
274	27785
275	27786
276	27787
277	27788
278	27789
279	27790
280	27791
281	27792
282	27793
283	27794
284	27795
285	27796
286	27797
287	27798
288	27799
289	27800
290	27801
291	27803
292	27804
293	27805
294	27806
295	27807
296	27808
297	27809
298	27811
299	27813
300	27814
301	27816
302	27818
303	27819
304	27820
305	27821
306	27822
307	27823
308	27824
309	27825
310	27826
311	27827
312	27828
313	27829
314	27830
315	27833
316	27834
