14803	14804
14803	30364
14804	19460
14804	30364
15015	27890
15015	28017
19460	19461
19460	19462
19461	19462
19462	28006
19462	28076
19462	28077
19885	19942
19885	30364
19885	34713
19942	34713
27890	27908
27890	27976
27890	28006
27890	28007
27890	28017
27908	27976
27908	28006
27976	28006
28006	28007
28006	28076
28006	28077
28076	28077
30364	30391
30364	34714
30364	34715
30364	34716
34126	34127
34126	34128
34127	34128
34127	34713
34127	38450
34127	38457
34128	34713
34128	38450
34128	38457
34713	38450
34713	38457
34714	34715
34714	34716
34715	34716
38450	38457
