1231	16292
1231	16306
1231	22243
1231	23302
1231	23303
1231	23304
1231	23307
1231	23308
1231	23309
1231	23310
1231	23316
1231	23317
1231	23318
1231	23319
1231	23320
1231	23321
1231	23322
1231	23327
1231	23328
1231	23330
1231	23331
1231	23334
1231	23335
1231	23336
1231	23337
1231	23339
1231	23342
1231	23343
1231	23345
1231	23346
1231	23347
1231	23348
1231	23349
1231	23350
1231	23354
1231	23359
1231	23360
1231	23361
1231	23362
1231	23364
1231	23365
1231	23368
1231	23371
1231	23374
1231	23376
1231	23377
1231	23378
1231	23379
1231	23380
1231	23381
1231	23382
1231	23383
1231	23385
1231	23388
1231	23390
1231	23391
1231	23392
1231	23396
1231	23398
1231	23399
1231	23400
1231	23401
1231	23402
1231	23406
1231	23407
1231	23408
1231	23409
1231	23410
1231	23411
1231	23413
1231	23414
1231	23415
1231	23416
1231	23417
1231	23418
1231	23419
1231	23421
1231	23422
1231	23423
1231	23424
1231	23425
1231	23426
1231	23429
1231	23430
1231	23431
23302	23303
23309	23310
23310	23335
23321	23322
23321	28150
23327	23328
23359	23360
23359	23361
23359	23417
23359	23418
23360	23361
23360	23417
23360	23418
23361	23417
23361	23418
23377	23378
23377	23379
23378	23379
23380	23381
23380	23382
23381	23382
23392	23425
23399	23400
23399	23401
23399	23402
23400	23401
23400	23402
23401	23402
23406	28157
23406	28158
23406	28159
23406	28160
23406	28161
23406	28162
23406	28163
23417	23418
23426	28178
28150	28151
28150	28152
28150	28153
28150	28154
28150	28155
28157	28158
28157	28159
28157	28160
28157	28161
28157	28162
28157	28163
28158	28159
28158	28160
28158	28161
28158	28162
28158	28163
28159	28160
28159	28161
28159	28162
28159	28163
28160	28161
28160	28162
28160	28163
28161	28162
28161	28163
28162	28163
