1596	11530
1596	26239
1596	26272
1596	27679
1596	27680
1596	27681
1596	27683
1596	27685
1596	27686
1596	27687
1596	27688
1596	27689
1596	27690
1596	27691
1596	27692
1596	27693
1596	27694
1596	27695
1596	27696
1596	27697
1596	27698
1596	27699
1596	27700
1596	27701
1596	27702
1596	27703
1596	27704
1596	27705
1596	27706
1596	27707
1596	27708
1596	27709
1596	27710
1596	27711
1596	27712
1596	27713
1596	27714
1596	27715
27680	27685
27680	27687
27685	27687
27685	27706
27685	33755
27685	33756
27685	33757
27706	33755
27706	33757
33755	33756
33755	33757
33756	33757
