7596	10104
7596	17435
7596	21553
7596	28719
7596	28720
7596	28721
7596	28722
7596	28724
7596	28725
7596	28726
7596	28727
7596	28728
7596	28730
7596	28731
7596	28733
7596	28734
7596	28737
7596	28738
7596	28739
7596	28740
7596	28741
7596	28742
7596	28743
7596	28744
7596	28745
7596	28746
7596	28748
7596	28749
7596	28750
7596	28751
7596	28752
7596	28753
7596	28754
7596	28755
7596	28756
7596	28757
7596	28758
7596	28760
7596	28761
7596	28762
7596	28763
7596	28764
7596	28765
7596	28766
7596	28767
7596	28768
7596	28769
7596	28770
7596	28773
7596	28774
7596	28775
7596	28776
7596	28777
21553	28796
21553	28797
21553	28798
21553	28799
21553	28800
28721	28740
28730	28731
28742	28743
28756	28794
28796	28797
28796	28798
28796	28800
28797	28800
