1170	9047
1170	9053
1170	9150
1170	9151
1170	9193
1170	9632
1170	9643
1170	9644
1170	9645
1170	9650
1170	9651
1170	9652
1170	9653
1170	9659
1170	9660
1170	9664
1170	9666
1170	9668
1170	9670
1170	9671
1170	9673
1170	9674
1170	9675
1170	9676
1170	9677
1170	9681
1170	9682
1170	9686
1170	9690
1170	9691
1170	9694
1170	9697
1170	9699
1170	9700
1170	9703
1170	9707
1170	9708
1170	9710
1170	9711
1170	9712
1170	9713
1170	9717
1170	9718
1170	9719
1170	9722
1170	9723
1170	9725
1170	9728
1170	9730
1170	9731
1170	9732
1170	9733
1170	9737
1170	9738
9150	9151
9151	9643
9151	9644
9151	9718
9151	9719
9643	9644
9670	9671
9670	9682
9670	9728
9671	9682
9676	9677
9711	9712
9711	9713
9712	9713
9718	9719
