24950	32578
24950	39963
24950	32400
24950	25713
24950	26098
24950	35413
24950	25179
25179	32578
25179	32400
25179	25713
25179	26098
25179	35413
25179	24950
25179	39963
25713	32578
25713	25179
25713	32400
25713	26098
25713	35413
25713	24950
25713	39963
26098	32578
26098	25179
26098	32400
26098	25713
26098	35413
26098	24950
26098	39963
32400	32578
32400	39963
32400	25713
32400	26098
32400	35413
32400	24950
32400	25179
32578	25179
32578	32400
32578	25713
32578	26098
32578	35413
32578	24950
32578	39963
35413	32578
35413	39963
35413	32400
35413	25713
35413	26098
35413	24950
35413	25179
39963	32578
39963	32400
39963	25713
39963	26098
39963	35413
39963	24950
39963	25179
