3323	9277
3323	13507
3323	16431
3323	16815
3323	25907
3323	27074
3323	28822
3323	28823
3323	28824
3323	28825
3323	28826
3323	28827
3323	28828
3323	28829
3323	28830
3323	28831
3323	28832
3323	28833
3323	28834
3323	28835
3323	28836
3323	28837
3323	28838
3323	28839
28826	28827
28826	28828
28826	28829
28826	28830
28826	28833
28826	28834
28826	28835
28826	28836
28827	28828
28827	28829
28827	28833
28827	28834
28827	28835
28827	28836
28828	28829
28828	28830
28828	28833
28828	28834
28828	28835
28828	28836
28829	28830
28829	28833
28829	28834
28829	28835
28829	28836
28831	35360
28831	35361
28831	35362
28831	35363
28833	28834
28833	28835
28833	28836
28834	28835
28834	28836
28835	28836
35360	35361
35360	35362
35360	35363
35360	35364
35360	35365
35360	35366
35361	35362
35362	35363
35364	35365
35364	35366
35365	35366
