8752	10013
8752	22322
8752	22323
8752	25439
8752	25889
8752	26215
8752	26216
8752	26217
8752	26218
8752	26219
8752	26220
11340	11515
11340	11516
11340	11517
11340	31964
11340	31977
11378	11515
11378	22144
11378	22322
11378	22323
11378	22864
11378	22865
11515	11516
11515	11517
11515	22144
11515	22322
11515	22323
11515	26218
11515	26219
11516	11517
11516	22144
11516	22323
11516	26218
11516	26219
14412	15492
14412	26215
14412	26216
15492	26215
15492	26216
22144	22157
22144	22322
22144	22323
22144	26218
22144	26219
22157	22160
22157	29563
22157	29564
22157	29565
22242	26216
22242	28775
22242	28776
22322	22323
22322	26218
22322	26219
22322	26220
22323	26218
22323	26219
22323	26220
22864	22865
24825	24852
24825	24853
24825	24940
24825	25438
24825	25439
24825	25440
24825	25441
24825	25442
24825	25443
24825	25444
24825	25445
24825	25446
24825	25447
24825	25448
24825	25449
24825	25450
24825	25451
24825	25452
24852	24853
24853	24940
24853	25438
24940	25438
25438	25444
25438	25445
25439	25440
25439	25441
25439	25442
25439	25448
25439	25449
25439	25452
25439	25889
25440	25441
25440	25442
25440	25443
25441	25442
25442	25443
25443	25448
25443	25451
25444	25445
25446	25447
25446	25448
25447	25448
25448	25449
25448	25450
25448	25451
25449	25452
25450	25451
26215	26216
26215	26217
26216	26217
26216	28734
26216	28742
26216	28752
26216	28775
26216	28776
26216	28786
26216	32888
26216	32889
26216	32890
26218	26219
26218	26220
26219	26220
28734	28737
28734	37185
28734	37186
28734	37187
28734	37188
28734	37189
28734	37190
28734	37191
28734	37192
28736	28737
28737	37187
28737	37188
28775	28776
29563	29564
29563	29565
29564	29565
32888	32889
32888	32890
32889	32890
37185	37186
37185	37187
37186	37187
37186	37191
37186	37192
37187	37188
37188	37189
37188	37190
37189	37190
37191	37192
