14796	14797
14796	30357
14797	19453
14797	30357
15008	27883
15008	28010
19453	19454
19453	19455
19454	19455
19455	27999
19455	28069
19455	28070
19878	19935
19878	30357
19878	34706
19935	34706
27883	27901
27883	27969
27883	27999
27883	28000
27883	28010
27901	27969
27901	27999
27969	27999
27999	28000
27999	28069
27999	28070
28069	28070
30357	30384
30357	34707
30357	34708
30357	34709
34119	34120
34119	34121
34120	34121
34120	34706
34120	38443
34120	38450
34121	34706
34121	38443
34121	38450
34706	38443
34706	38450
34707	34708
34707	34709
34708	34709
38443	38450
