2571	11847
2572	13147
2573	13148
2574	13149
2575	13150
2576	13151
2577	13152
2578	13153
2579	13154
2580	13155
2581	13156
2582	13157
2583	13158
2584	13159
2585	13160
2586	13161
2587	13162
2588	13163
2589	13164
2590	13165
2591	13166
2592	13167
2593	13168
2594	13169
2595	13170
2596	13171
2597	13172
2598	13173
2599	13174
2600	13175
2601	13176
2602	13177
2603	13178
2604	13179
2605	13180
2606	13181
2607	13182
2608	13183
2609	13184
2610	13185
2611	13186
2612	13187
2613	13188
2614	13189
2615	13190
2616	13191
2617	13192
2618	13193
2619	13194
2620	13195
2621	13196
2622	13197
2623	13198
2624	13199
2625	13200
2626	13201
2627	13202
2628	13203
2629	13204
2630	13205
2631	13206
2632	13207
2633	13208
2634	13209
2635	13210
2636	13211
2637	13212
2638	13213
2639	13214
2640	13215
2641	13216
2642	13217
2643	13218
2644	13219
2645	13220
2646	13221
2647	13222
2648	13223
2649	13224
2650	13225
2651	13226
2652	13227
2653	13228
2654	13229
2655	13230
2656	13231
2657	13232
2658	13233
2659	13234
2660	13235
2661	13236
2662	13237
2663	13238
2664	13239
2665	13240
2666	13241
2667	13242
2668	13243
2669	13244
2670	13245
2671	36947
2672	36948
2673	36949
2674	32582
2675	32583
2676	32584
