11847	13147
11847	13148
11847	13149
11847	13150
11847	13151
11847	13152
11847	13153
11847	13154
11847	13155
11847	13156
11847	13157
11847	13158
11847	13159
11847	13160
11847	13161
11847	13162
11847	13163
11847	13164
11847	13165
11847	13166
11847	13167
11847	13168
11847	13169
11847	13170
11847	13171
11847	13172
11847	13173
11847	13174
11847	13175
11847	13176
11847	13177
11847	13178
11847	13179
11847	13180
11847	13181
11847	13182
11847	13183
11847	13184
11847	13185
11847	13186
11847	13187
11847	13188
11847	13189
11847	13190
11847	13191
11847	13192
11847	13193
11847	13194
11847	13195
11847	13196
11847	13197
11847	13198
11847	13199
11847	13200
11847	13201
11847	13202
11847	13203
11847	13204
11847	13205
11847	13206
11847	13207
11847	13208
11847	13209
11847	13210
11847	13211
11847	13212
11847	13213
11847	13214
11847	13215
11847	13216
11847	13217
11847	13218
11847	13219
11847	13220
11847	13221
11847	13222
11847	13223
11847	13224
11847	13225
11847	13226
11847	13227
11847	13228
11847	13229
11847	13230
11847	13231
11847	13232
11847	13233
11847	13234
11847	13235
11847	13236
11847	13237
11847	13238
11847	13239
11847	13240
11847	13241
11847	13242
11847	13243
11847	13244
11847	13245
13187	36947
13187	36948
13187	36949
13216	32582
13216	32583
32583	32584
36947	36948
36947	36949
36948	36949
