2111	3112
2111	11512
2111	11515
2111	11516
2111	11517
2111	11518
2111	11519
2111	11520
2111	11521
2111	11522
2111	11523
2111	11525
2111	11526
2111	11529
2111	11530
2111	11531
2111	11532
2111	11533
2111	11534
2111	11535
2111	11537
2111	11538
2111	11539
2111	11540
2111	11541
2111	11544
2111	11545
2111	11546
2111	11547
2111	11549
2111	11550
2111	11551
2111	11553
2111	11554
2111	11556
2111	11557
2111	11559
2111	11560
2111	11561
2111	11565
2111	11566
2111	11567
2111	11571
2111	11572
2111	11573
2111	11575
2111	11576
11515	11516
11515	11517
11515	11523
11515	11572
11515	11573
11515	34020
11516	11517
11516	34020
11517	34020
11518	11519
11520	11521
11544	11545
11544	11546
11544	11547
11545	11546
11545	11547
11546	11547
11572	11573
