1119	1489
1120	1601
1121	1610
1122	1612
1123	1619
1124	1620
1125	1621
1126	1622
1127	1627
1128	1633
1129	1658
1130	1659
1131	1667
1132	1669
1133	1673
1134	1677
1135	1679
1136	1689
1137	1696
1138	1705
1139	1709
1140	1714
1141	1715
1142	1721
1143	1736
1144	1739
1145	1743
1146	1745
1147	1748
1148	1762
1149	1763
1150	1767
1151	1770
1152	1772
1153	1805
1154	1821
1155	1822
1156	1823
1157	1825
1158	1842
1159	1844
1160	1846
1161	1864
1162	1871
1163	6038
1164	6202
1165	6207
1166	6203
1167	6204
1168	6205
1169	6206
1170	9950
1171	9951
1172	9952
