23903	33187
23903	33199
23903	33200
23903	33201
23903	33202
23903	33203
23903	33204
23903	33208
23903	33209
23903	33210
23903	33211
23903	33216
23903	42277
23903	42278
23903	42279
23903	42280
23903	42281
23903	42282
23903	42283
33187	33202
33187	33208
33187	33209
33187	33210
33187	33211
33187	42280
33187	42281
33199	33200
33199	33201
33199	33202
33199	33203
33199	33204
33200	33201
33200	33202
33200	33203
33200	33204
33201	33202
33201	33203
33201	33204
33202	33203
33202	33204
33203	33204
33208	33209
33208	33210
33208	33211
33208	42282
33208	42283
33209	33210
33209	33211
33210	33211
42277	42278
42277	42279
42278	42279
42280	42281
42282	42283
