11163	11168
11163	11173
11164	11180
11164	11207
11166	11188
11166	11190
11188	11190
11188	11199
11188	11200
11188	11203
11188	11211
11167	11184
11167	11191
11168	11169
11165	11202
11165	11178
11189	11201
11189	11202
11184	11187
11184	11212
11171	11184
11170	11189
11170	11182
11173	11186
11190	11196
11190	11197
11190	11198
11190	11199
11180	11207
11180	11208
11180	11209
11180	11210
11174	11191
11174	11192
11174	11193
11174	11194
11174	11195
11191	11194
11191	11195
11191	11204
11192	11193
11192	11205
11192	11206
11193	11205
11193	11206
11194	11195
11195	11213
11195	11214
11195	11215
11196	11197
11196	11198
11197	11198
11199	11200
11175	11207
11175	11185
11176	11184
11176	11203
11200	11203
11200	11211
11201	11202
11201	11212
11203	11211
11179	11191
11179	11204
11179	11183
11177	11179
11177	11204
11178	11202
11181	11203
11205	11206
11208	11209
11208	11210
11209	11210
11182	11189
11172	11173
11172	11203
11172	11181
11183	11204
11185	11186
11187	11212
11213	11214
11213	11215
11214	11215
