10953	10955
10955	10995
10955	13926
10960	10961
10960	11000
10961	11000
10961	24567
10961	36477
10963	10964
10963	10998
10964	10998
10966	10968
10966	17029
10968	17029
10968	26682
10968	35990
10968	35994
10968	36588
10979	13423
10979	26378
10995	10999
10995	26321
10998	35992
10998	36160
12690	13544
12690	26321
13290	13606
13290	35991
13290	35992
13290	36521
13423	13424
13423	34738
13423	36575
13423	36754
13423	36755
13424	13681
13424	26876
13543	13544
13606	13607
13606	36521
13607	13636
13847	36564
13926	17020
13926	36564
13926	36615
17029	26656
17029	26659
17029	26660
17029	26682
24567	36190
24567	36477
24567	36478
24567	36479
24567	36480
26321	26389
26377	26378
26377	26379
26377	26380
26377	26381
26377	26382
26377	26383
26378	26382
26378	26383
26378	36157
26378	36158
26379	36149
26380	26381
26380	36390
26380	36391
26381	36390
26381	36391
26382	26383
26383	36875
26383	36876
26383	36877
26656	26659
26656	26660
26659	26660
26682	35990
33717	33732
33717	36477
33717	36616
34738	35994
35990	35994
35990	36588
35991	35992
35991	36755
35992	36160
35994	36229
35994	36564
35994	36588
36157	36158
36157	36159
36157	36162
36157	36571
36158	36159
36158	36571
36229	36564
36390	36391
36478	36479
36478	36480
36479	36480
36615	36616
36615	36617
36754	36755
36875	36876
36875	36877
36876	36877
