615	773
616	9733
617	12150
618	12151
619	12152
620	12153
621	12156
622	12158
623	12159
624	12160
625	12161
626	12162
627	12164
628	12165
629	12166
630	12167
631	12168
632	12169
633	12171
634	12172
635	12173
636	12174
637	12176
638	12177
639	12179
640	12181
641	12182
642	12184
643	12185
644	12190
645	12191
646	12193
647	12195
648	12196
649	12197
650	12198
651	12199
652	12200
653	12201
654	12202
655	12203
656	12204
657	12205
658	12206
659	12209
660	12211
661	12212
662	12213
663	12214
664	12215
665	12216
666	12217
667	12218
668	12219
669	12220
670	12222
671	12224
672	12227
673	12228
674	12229
675	12231
676	12232
677	12234
678	12235
679	12236
680	12237
681	12238
682	12239
683	12240
684	12241
685	12243
686	12244
687	12246
688	12247
689	12248
690	12249
691	12250
692	12251
693	12252
694	12256
695	12260
696	29447
697	29448
698	29449
699	29394
700	29391
701	29392
702	29393
703	29401
