773	9733
773	12150
773	12151
773	12152
773	12153
773	12156
773	12158
773	12159
773	12160
773	12161
773	12162
773	12164
773	12165
773	12166
773	12167
773	12168
773	12169
773	12171
773	12172
773	12173
773	12174
773	12176
773	12177
773	12179
773	12181
773	12182
773	12184
773	12185
773	12190
773	12191
773	12193
773	12195
773	12196
773	12197
773	12198
773	12199
773	12200
773	12201
773	12202
773	12203
773	12204
773	12205
773	12206
773	12209
773	12211
773	12212
773	12213
773	12214
773	12215
773	12216
773	12217
773	12218
773	12219
773	12220
773	12222
773	12224
773	12227
773	12228
773	12229
773	12231
773	12232
773	12234
773	12235
773	12236
773	12237
773	12238
773	12239
773	12240
773	12241
773	12243
773	12244
773	12246
773	12247
773	12248
773	12249
773	12250
773	12251
773	12252
773	12256
773	12260
12172	29447
12172	29448
12172	29449
12184	12185
12197	12198
12200	29394
12224	29391
12224	29392
12224	29393
29391	29392
29391	29393
29391	29401
29392	29393
29392	29401
29393	29401
29447	29448
29447	29449
29448	29449
