10282	11894
10282	12453
10884	11894
11604	11605
11604	19485
11604	19497
11604	19528
11604	19584
11605	14775
11605	14784
11605	14813
11605	17246
11894	11900
11894	12453
11894	14813
11894	17324
12453	24476
14091	14813
14784	14813
14784	17246
14813	17246
14813	17324
17324	17400
17400	25942
19479	19480
19479	19520
19479	19541
19480	19506
19480	28684
19484	19485
19484	19486
19484	19497
19484	19521
19484	19593
19485	19486
19486	19493
19493	19497
19493	19541
19497	19501
19497	19537
19497	19582
19541	19567
20167	24476
20167	29672
