4688	14410
4688	19828
4688	19830
4688	19836
4688	19837
4688	19838
4688	19839
4688	19840
4688	19841
4688	19842
4688	19843
4688	19850
4688	19851
4688	19852
4688	19857
4688	19859
4688	19862
4688	19863
4688	19865
4688	19870
4688	19871
4688	19872
4688	19876
4688	19877
4688	19878
4688	19879
4688	19880
4688	19882
4688	19883
19836	28977
19836	28978
19836	28979
19836	28980
19836	28981
19836	28982
19841	19842
19841	19882
19870	19879
19870	19880
19870	19883
19876	19877
19879	19880
28977	28978
28977	28979
28978	28979
28980	28981
28980	28982
28981	28982
