8270	26974
8281	26974
8287	26974
8360	26974
8366	26974
19263	26974
19311	26974
19334	26974
19335	26974
26118	26974
26974	37967
26974	37970
26974	38037
26974	38046
26974	38080
26974	38081
26974	38082
26974	38084
26974	38085
26974	38086
26974	38087
26974	38088
26974	38089
26974	38090
26974	38091
26974	38092
26974	38093
26974	38094
26974	38095
26974	38096
26974	38097
26974	38098
26974	38099
26974	38100
26974	38101
26974	38102
26974	38103
26974	38104
26974	38105
26974	38106
26974	38107
26974	38108
26974	38109
26974	38110
26974	38112
26974	38113
26974	38114
26974	38115
26974	38116
26974	38117
26974	38118
26974	38119
26974	38120
26974	38121
26974	38122
26974	38123
26974	38124
26974	38125
26974	38126
26974	38127
26974	38128
26974	38129
26974	38130
