655	5187
655	5190
655	5200
655	5201
655	5206
655	5212
655	5214
655	5219
655	5227
655	5228
655	5229
655	5235
655	5242
655	5243
655	5246
655	5247
655	5248
655	5249
655	5250
655	5255
655	5260
655	5265
655	5266
655	5270
655	5274
655	5276
655	5280
655	5281
655	5287
655	5288
655	5289
655	5290
655	5291
5187	5219
5201	33653
5201	33654
5201	33655
5242	5243
5243	33240
5243	33241
5243	33242
5243	33243
5243	33244
5246	5247
5288	5289
33240	33241
33240	33242
33240	33243
33240	33244
33241	33242
33241	33243
33241	33244
33242	33243
33242	33244
33243	33244
33653	33654
33653	33655
33654	33655
