442	10308
442	10309
442	10310
442	10314
442	10315
442	10317
442	10318
442	10319
442	10320
442	10321
442	10322
442	10325
442	10328
442	10329
442	10330
442	10331
442	10332
442	10333
442	10335
442	10336
442	10341
442	10343
442	10344
442	10345
442	10347
442	10348
442	10349
442	10350
442	10351
442	10355
442	10356
442	10358
442	10359
442	10360
442	10361
442	10362
442	10364
442	10365
442	10366
442	10368
442	10370
442	10371
442	10372
442	10373
442	10374
442	10375
442	10376
442	10378
10308	10359
10309	10310
10314	25466
10325	10355
10325	10356
10331	10332
10331	10333
10332	10333
10343	10344
10355	10356
10375	10376
