17280	20205
17280	20737
17280	20741
17280	20744
20205	20206
20205	20207
20205	20208
20205	20209
20205	20210
20206	20741
20206	20742
20206	20744
20207	20212
20207	20213
20208	20744
20208	23598
20208	23599
20208	23600
20209	20735
20209	20738
20210	20734
20210	20741
20210	20745
20210	20752
20212	20213
20734	20735
20737	20738
20738	29342
20741	28155
20741	28156
20741	28157
20752	25055
23600	35360
23600	35361
23600	35362
26778	26779
26778	26780
26778	26781
26779	26780
26779	26781
26779	29342
26781	29342
35360	35362
35361	35546
35545	35546
35545	35547
35546	35547
