67	5084
68	12508
69	12530
70	12545
71	12577
72	12615
73	12639
74	12647
75	12777
76	12808
77	12850
78	12858
79	12874
80	12938
81	18276
82	18417
83	24184
84	29452
85	29453
86	29545
87	29546
88	29552
89	29553
90	29556
91	29558
92	29559
93	29560
94	29564
95	29567
96	29568
97	29570
98	29571
99	29573
100	29576
101	29578
102	29579
103	29580
104	29581
105	29582
106	29583
107	29587
108	29589
109	29592
110	29596
111	29597
112	29602
113	29604
114	29605
115	29606
116	29607
117	29608
118	29609
119	29610
120	29611
121	29612
122	29615
123	29616
124	29617
125	29623
126	29624
127	29625
128	29626
129	29627
130	29631
131	29632
132	29634
133	29635
134	29636
135	29638
136	29639
137	29640
138	29641
139	29642
140	29643
141	29644
142	29645
143	29646
144	29647
145	29648
146	29649
147	29650
148	29651
149	29652
150	29653
151	29654
152	29655
153	29656
154	29657
155	29659
156	29661
157	29662
158	29665
159	29666
160	29667
161	29668
162	29669
163	29670
164	29671
165	29674
166	29675
167	29680
168	29687
169	29688
170	29689
171	29693
172	29694
173	29695
174	29697
175	29698
176	29699
177	29700
178	29701
