5084	12508
5084	12530
5084	12545
5084	12577
5084	12615
5084	12639
5084	12647
5084	12777
5084	12808
5084	12850
5084	12858
5084	12874
5084	12938
5084	18276
5084	18417
5084	24184
5084	29452
5084	29453
5084	29545
5084	29546
5084	29552
5084	29553
5084	29556
5084	29558
5084	29559
5084	29560
5084	29564
5084	29567
5084	29568
5084	29570
5084	29571
5084	29573
5084	29576
5084	29578
5084	29579
5084	29580
5084	29581
5084	29582
5084	29583
5084	29587
5084	29589
5084	29592
5084	29596
5084	29597
5084	29602
5084	29604
5084	29605
5084	29606
5084	29607
5084	29608
5084	29609
5084	29610
5084	29611
5084	29612
5084	29615
5084	29616
5084	29617
5084	29623
5084	29624
5084	29625
5084	29626
5084	29627
5084	29631
5084	29632
5084	29634
5084	29635
5084	29636
5084	29638
5084	29639
5084	29640
5084	29641
5084	29642
5084	29643
5084	29644
5084	29645
5084	29646
5084	29647
5084	29648
5084	29649
5084	29650
5084	29651
5084	29652
5084	29653
5084	29654
5084	29655
5084	29656
5084	29657
5084	29659
5084	29661
5084	29662
5084	29665
5084	29666
5084	29667
5084	29668
5084	29669
5084	29670
5084	29671
5084	29674
5084	29675
5084	29680
5084	29687
5084	29688
5084	29689
5084	29693
5084	29694
5084	29695
5084	29697
5084	29698
5084	29699
5084	29700
5084	29701
12858	29638
18276	18417
18276	29452
18276	29453
18417	29452
18417	29453
29452	29453
29567	29568
29580	29581
29580	29582
29581	29582
29624	29625
29624	29626
29625	29626
29653	29654
