3993	8264
3994	26968
3995	8275
3996	8281
3997	8354
3998	8360
3999	19257
4000	19305
4001	19328
4002	19329
4003	26112
4004	37961
4005	37964
4006	38031
4007	38040
4008	38074
4009	38075
4010	38076
4011	38078
4012	38079
4013	38080
4014	38081
4015	38082
4016	38083
4017	38084
4018	38085
4019	38086
4020	38087
4021	38088
4022	38089
4023	38090
4024	38091
4025	38092
4026	38093
4027	38094
4028	38095
4029	38096
4030	38097
4031	38098
4032	38099
4033	38100
4034	38101
4035	38102
4036	38103
4037	38104
4038	38106
4039	38107
4040	38108
4041	38109
4042	38110
4043	38111
4044	38112
4045	38113
4046	38114
4047	38115
4048	38116
4049	38117
4050	38118
4051	38119
4052	38120
4053	38121
4054	38122
4055	38123
4056	38124
