0	1028
1	18195
2	18199
3	18200
4	18201
5	18203
6	18204
7	18213
8	18222
9	18225
10	18226
11	18227
12	18228
13	18229
14	18230
15	18231
16	18236
17	18239
18	18240
19	18241
20	18242
21	18243
22	18244
23	18246
24	18249
25	18250
26	18252
27	18253
28	18255
29	18256
30	18260
31	18261
32	18266
33	18267
34	18268
35	18270
36	18271
37	18281
38	18282
39	18283
40	18284
41	18285
42	18286
43	18287
44	18289
45	18292
46	18293
47	18294
48	18297
49	18298
50	18301
51	18303
52	18306
53	18309
54	18310
55	18313
56	18314
57	18318
58	18322
59	18329
60	18332
61	18333
62	18335
63	18342
64	18345
65	18346
66	18350
67	18351
68	18356
69	18358
70	18360
71	18362
72	18366
73	18368
74	18369
75	18370
76	18371
77	18373
78	18375
79	18376
80	18379
81	18384
82	18393
83	18395
84	18396
85	18397
86	18398
87	18404
88	18405
89	18412
90	18413
91	18415
92	18416
93	18419
94	18420
95	18421
96	18422
97	18424
98	18425
99	18426
100	18427
101	18428
102	18430
103	18432
104	18437
105	18438
106	18439
107	18442
108	18443
109	18444
110	18446
111	18448
112	18449
113	18450
114	18452
115	18460
116	18462
117	18467
118	18468
119	18470
120	18475
121	18476
122	18480
123	18481
124	18483
125	18486
126	18487
127	18488
128	18492
129	18496
130	18499
131	18500
132	18501
133	18506
134	18509
135	18511
136	18512
137	29404
138	29405
139	29412
140	29413
141	29414
142	29415
143	29390
144	29391
145	29392
146	29393
147	29394
