1288	1708
1289	13085
1290	13120
1291	20283
1292	20284
1293	20286
1294	20287
1295	20289
1296	20294
1297	20295
1298	20298
1299	20302
1300	20303
1301	20304
1302	20305
1303	20306
1304	20309
1305	20310
1306	20311
1307	20314
1308	20317
1309	20320
1310	20321
1311	20323
1312	20324
1313	20326
1314	20327
1315	20329
1316	20330
1317	20331
1318	20332
1319	20333
1320	20334
1321	20335
1322	20336
1323	20337
1324	20341
1325	20344
1326	20345
1327	20346
1328	20349
1329	20350
1330	20351
1331	20352
1332	20353
1333	20354
1334	20355
1335	20356
1336	20357
1337	20358
1338	20359
1339	20361
1340	20362
1341	20363
1342	20364
1343	20365
1344	20368
1345	20371
1346	20374
1347	20375
1348	20377
1349	20378
1350	20379
1351	20381
1352	20382
1353	20383
1354	20385
1355	20386
1356	20387
1357	20388
1358	20389
1359	20390
1360	20392
1361	20393
1362	20396
1363	20397
1364	20398
1365	20399
1366	20400
1367	20402
1368	20403
1369	20406
1370	20407
1371	20409
1372	20410
1373	20411
1374	20413
1375	20415
1376	20420
1377	20421
1378	20422
1379	20423
1380	13118
1381	21343
1382	35236
1383	35237
1384	35238
1385	35230
1386	35231
1387	35232
1388	35233
1389	35234
1390	35235
1391	35239
1392	35240
1393	35241
1394	35242
1395	35243
1396	35244
1397	35245
1398	35246
1399	35251
1400	35252
1401	35221
1402	35222
1403	35223
1404	35224
1405	35225
1406	35253
1407	35254
1408	35255
1409	35256
1410	35249
1411	35250
