67	802
68	16960
69	16961
70	16962
71	16963
72	16964
73	16967
74	16969
75	16979
76	16980
77	16981
78	16982
79	16983
80	16984
81	16985
82	16986
83	16987
84	16988
85	16989
86	16990
87	16991
88	16992
89	16993
90	16994
91	16995
92	16996
93	17000
94	17001
95	17002
96	17004
97	17005
98	17007
99	17008
100	17009
101	17013
102	17015
103	17018
104	17019
105	17023
106	17024
107	17025
108	17026
109	17027
110	17028
111	17033
112	17036
113	17039
114	17046
115	17049
116	17050
117	17057
118	17058
119	17068
120	17069
121	17070
122	17072
123	17073
124	17075
125	17079
126	17081
127	17083
128	17085
129	17086
130	17087
131	17095
132	17096
133	17098
134	17100
135	32890
136	32894
137	32895
138	32896
139	32897
140	32898
141	32907
142	32908
143	32909
144	32910
145	32911
146	32912
147	32913
148	32914
149	32915
150	32916
151	32917
152	32891
153	32892
154	32918
155	32931
156	32932
157	32933
158	32928
