802	16960
802	16961
802	16962
802	16963
802	16964
802	16967
802	16969
802	16979
802	16980
802	16981
802	16982
802	16983
802	16984
802	16985
802	16986
802	16987
802	16988
802	16989
802	16990
802	16991
802	16992
802	16993
802	16994
802	16995
802	16996
802	17000
802	17001
802	17002
802	17004
802	17005
802	17007
802	17008
802	17009
802	17013
802	17015
802	17018
802	17019
802	17023
802	17024
802	17025
802	17026
802	17027
802	17028
802	17033
802	17036
802	17039
802	17046
802	17049
802	17050
802	17057
802	17058
802	17068
802	17069
802	17070
802	17072
802	17073
802	17075
802	17079
802	17081
802	17083
802	17085
802	17086
802	17087
802	17095
802	17096
802	17098
802	17100
16963	16990
16963	16994
16963	17005
16963	17019
16963	32890
16964	17039
16964	17075
16964	32894
16964	32895
16964	32896
16964	32897
16964	32898
16969	16985
16979	32907
16979	32908
16979	32909
16979	32910
16979	32911
16979	32912
16979	32913
16979	32914
16979	32915
16979	32916
16979	32917
16987	17007
16990	16994
16990	17001
16990	17005
16990	17019
16990	32890
16990	32891
16990	32892
16995	32918
17001	32891
17001	32892
17005	32890
17024	17057
17027	17028
17039	32894
17039	32895
17086	32931
17086	32932
17086	32933
17095	17096
17095	32928
17096	32928
32891	32892
32894	32895
32896	32897
32896	32898
32897	32898
32907	32908
32909	32910
32909	32911
32910	32911
32912	32913
32912	32914
32913	32914
32915	32916
32915	32917
32916	32917
32931	32932
32931	32933
32932	32933
