613	3449
613	7703
613	15202
613	15219
613	15234
613	15242
613	15263
613	15269
613	15270
613	15271
613	15272
613	15273
613	15277
613	15283
613	15286
613	15334
613	15562
613	15600
613	21520
613	22473
613	22474
613	22475
613	22476
613	22477
613	22478
613	22479
613	22480
613	22481
613	22483
613	22484
613	22485
613	22486
613	22488
613	22489
613	22490
613	22491
613	22492
613	22493
613	22496
613	22497
613	22499
613	22500
613	22501
613	22502
613	22503
613	22508
613	22509
613	22511
613	22512
613	22513
613	22514
613	22515
613	22516
613	22518
613	22519
613	22521
613	22522
613	22523
613	22524
613	22525
613	22526
613	22527
613	22528
613	22529
613	22530
613	22532
613	22533
613	22534
613	22536
613	22538
613	22539
613	22540
613	22541
613	22542
613	22543
613	22545
613	22546
613	22547
613	22548
613	22549
613	22552
613	22553
613	22554
613	22555
613	22556
613	22557
613	22558
613	22559
613	22560
613	22561
613	22562
613	22563
613	22564
613	22565
613	22566
613	22567
613	22568
613	22569
613	22571
613	22572
613	22573
613	22575
613	22576
613	22577
613	22578
613	22588
15261	15493
15261	15494
15261	15495
15269	15270
15269	15271
15269	15272
15269	15273
15270	15271
15270	15272
15270	15273
15271	15272
15271	15273
15272	15273
15493	15494
15493	15495
15493	22485
15493	22499
15493	22512
15493	22557
15493	29898
15493	29912
15493	29913
15493	29919
15493	29976
15493	30044
15493	30045
15493	31101
15493	31119
15494	15495
15494	22485
15494	22512
15494	22557
15494	29898
15494	29912
15494	29913
15494	29914
15494	29915
15494	29919
15494	30044
15494	30193
15494	30320
15494	30321
15494	30322
15494	30323
15494	31101
15494	31102
15494	31103
15494	31119
15494	31438
15494	31439
15600	15601
15600	15602
15600	22508
15600	22509
15601	15602
22478	31434
22480	31430
22483	31431
22483	31432
22483	31433
22485	22499
22485	22512
22485	22557
22485	29912
22485	29913
22485	29914
22485	29915
22485	29919
22485	30337
22485	31101
22485	31119
22486	22567
22486	31435
22486	31436
22488	22528
22488	31424
22488	31425
22488	31426
22491	31519
22491	31520
22491	31521
22491	31522
22491	31523
22491	31524
22491	31525
22491	31526
22496	29986
22496	29987
22496	29988
22499	22557
22499	29913
22499	29919
22499	29976
22499	30044
22499	30045
22499	30337
22508	22509
22512	29912
22512	29913
22512	29914
22512	29915
22512	30663
22512	31101
22512	31119
22515	31516
22515	31517
22515	31518
22523	30663
22523	30664
22528	31424
22528	31425
22528	31426
22530	29256
22530	29257
22530	29258
22557	29898
22557	29912
22557	29913
22557	29919
22557	29976
22557	30044
22557	30045
22557	30663
22557	31427
22557	31428
22557	31429
22560	22561
22560	22562
22560	22563
22560	22564
22561	22562
22561	22563
22561	22564
22562	22563
22562	22564
22563	22564
22567	31435
22567	31436
29258	33246
29258	33247
29258	33248
29898	29899
29898	29913
29898	29919
29898	30663
29898	31427
29898	31440
29898	31441
29899	29913
29899	30663
29899	31427
29912	29913
29912	29914
29912	29915
29912	30044
29912	30193
29912	30663
29912	31101
29912	31102
29912	31103
29912	31119
29912	31427
29912	31428
29912	31429
29913	29914
29913	29915
29913	29919
29913	29976
29913	30044
29913	30045
29913	30337
29913	30663
29913	31101
29913	31103
29913	31119
29913	31427
29913	31428
29913	31429
29913	31438
29913	31439
29914	29915
29914	29919
29914	29976
29914	30198
29914	30199
29914	30200
29914	30663
29914	31119
29919	29976
29919	30044
29919	30045
29919	30337
29919	31440
29919	31441
29976	30337
29986	29987
29986	29988
29987	29988
29988	31489
29988	31490
30044	30045
30044	30193
30044	31101
30044	31102
30044	31103
30044	31438
30044	31439
30193	31101
30193	31102
30193	31103
30198	30199
30198	30200
30199	30200
30320	30321
30320	30322
30320	30323
30321	30322
30321	30323
30322	30323
30663	30664
30663	31119
30663	31427
30663	31428
30663	31429
31101	31102
31101	31103
31101	31119
31102	31103
31102	31582
31102	31583
31102	31584
31102	31585
31102	31586
31102	31587
31103	31438
31103	31439
31424	31425
31424	31426
31424	31482
31425	31426
31425	31482
31426	31482
31427	31428
31427	31429
31428	31429
31431	31432
31431	31433
31432	31433
31435	31436
31438	31439
31440	31441
31489	31490
31516	31517
31516	31518
31517	31518
31519	31520
31519	31521
31519	31522
31519	31523
31520	31521
31520	31522
31520	31523
31521	31522
31521	31523
31521	31524
31521	31525
31521	31526
31522	31523
31523	31524
31523	31525
31523	31526
31524	31525
31524	31526
31525	31526
31582	31583
31582	31584
31582	31585
31582	31586
31582	31587
31583	31584
31583	31585
31583	31586
31583	31587
31584	31585
31584	31586
31584	31587
31585	31586
31585	31587
31586	31587
