8307	9877
8307	34611
8307	34612
8307	34613
8307	34614
8307	34615
8307	34616
8307	34617
8307	34618
8307	34619
8307	34620
8307	34621
8307	34622
8307	34623
8307	34624
8307	34625
8307	34626
8307	34627
8307	34628
8307	34629
8307	34630
8307	34631
8307	34633
8307	34634
8307	34635
8307	34636
8307	34637
8307	34638
8307	34639
8307	34641
8307	34642
8307	34643
8307	34644
8307	34646
8307	34647
8307	34648
8307	34649
8307	34650
8307	34651
8307	34654
8307	34655
34616	34622
34616	34644
34634	34635
34636	34646
34636	36946
34648	34649
34648	34650
34649	34650
