0	654
1	11238
2	11239
3	11252
4	11265
5	11266
6	11267
7	11270
8	11271
9	11272
10	11273
11	11279
12	11280
13	11281
14	11282
15	11283
16	11284
17	11285
18	11290
19	11291
20	11293
21	11294
22	11297
23	11298
24	11299
25	11300
26	11302
27	11305
28	11306
29	11308
30	11309
31	11310
32	11311
33	11312
34	11313
35	11317
36	11322
37	11323
38	11324
39	11325
40	11327
41	11328
42	11331
43	11334
44	11337
45	11339
46	11340
47	11341
48	11342
49	11343
50	11344
51	11345
52	11346
53	11348
54	11351
55	11353
56	11354
57	11355
58	11359
59	11361
60	11362
61	11363
62	11364
63	11365
64	11369
65	11370
66	11371
67	11372
68	11373
69	11374
70	11376
71	11377
72	11378
73	11379
74	11380
75	11381
76	11382
77	11384
78	11385
79	11386
80	11387
81	11388
82	11389
83	11392
84	11393
85	11394
86	29132
87	29133
88	29134
89	29135
90	29136
91	29137
92	29138
93	29139
94	29140
95	29954
96	29955
97	29956
98	29957
99	29958
