2882	12816
2882	27525
2882	27558
2882	28965
2882	28966
2882	28967
2882	28969
2882	28971
2882	28972
2882	28973
2882	28974
2882	28975
2882	28976
2882	28977
2882	28978
2882	28979
2882	28980
2882	28981
2882	28982
2882	28983
2882	28984
2882	28985
2882	28986
2882	28987
2882	28988
2882	28989
2882	28990
2882	28991
2882	28992
2882	28993
2882	28994
2882	28995
2882	28996
2882	28997
2882	28998
2882	28999
2882	29000
2882	29001
28966	28971
28966	28973
28971	28973
28971	28992
28971	35041
28971	35042
28971	35043
28992	35041
28992	35043
35041	35042
35041	35043
35042	35043
