1	567
2	15158
3	15164
4	15165
5	15166
6	15167
7	15172
8	15173
9	15179
10	15180
11	15183
12	15186
13	15187
14	15188
15	15192
16	15195
17	15198
18	15202
19	15206
20	15207
21	15212
22	15218
23	15219
24	15221
25	15223
26	15224
27	15225
28	15232
29	15234
30	15238
31	15239
32	15240
33	15241
34	15242
35	15244
36	15245
37	15246
38	15247
39	15254
40	15255
41	15257
42	15258
43	15263
44	15266
45	15268
46	15276
47	15277
48	15279
49	15280
50	15281
51	15282
52	15288
53	15296
54	15299
55	15300
56	15301
57	15302
58	15303
59	15305
60	15306
61	15307
62	15313
63	15314
64	15316
65	15317
66	15318
67	15320
68	15321
69	15322
70	15323
71	15326
72	15327
73	15329
74	15330
75	15331
76	15333
77	15336
78	15337
79	15341
80	15342
81	15343
82	15344
83	15347
84	15351
85	15352
86	15354
87	15355
88	15356
89	15357
90	15359
91	15360
92	15361
93	15363
94	15364
95	15365
96	15366
97	15369
98	15370
99	15372
100	15374
101	15375
102	15376
103	15377
104	15378
105	15379
106	15381
107	15383
108	15384
109	15387
110	15388
111	15389
112	15390
113	15399
114	15400
115	15401
116	15402
117	15404
118	15406
119	15410
120	15411
121	15412
122	15413
123	15414
124	15415
125	15419
126	15420
127	15423
128	15424
129	15428
130	15429
131	15430
132	15431
133	15432
134	15433
135	15434
136	15437
137	15438
138	15439
139	15440
140	15443
141	15445
142	15447
143	15448
144	15450
145	15458
146	15459
147	15466
148	15467
149	15468
150	15469
151	15470
152	15471
153	15472
154	15473
155	15474
156	15475
157	15476
158	15478
159	15480
160	15482
161	15483
162	15487
163	15489
164	15490
165	15491
166	15493
167	15498
168	15499
169	15500
170	15501
171	15503
172	15505
173	15507
174	15509
175	15511
176	15513
177	15514
178	15515
179	15516
180	15517
181	15518
182	15519
183	15521
184	15523
185	15524
186	15527
187	15528
188	15529
189	15531
190	15532
191	15535
192	15538
193	15539
194	15542
195	15543
196	15544
197	15545
198	15546
199	15547
200	15548
201	15551
202	15555
203	15557
204	15559
205	15561
206	15562
207	15564
208	15565
209	15567
210	15572
211	15573
212	15574
213	15576
214	15577
215	15578
216	15580
217	15581
218	15584
219	15585
220	15587
221	15588
222	15589
223	15590
224	15591
225	15593
226	15596
227	15598
228	15599
229	15600
230	15604
231	15605
232	15609
233	15610
234	31562
235	31530
236	31513
237	31514
238	31515
239	31561
240	31563
241	31564
