567	15158
567	15164
567	15165
567	15166
567	15167
567	15172
567	15173
567	15179
567	15180
567	15183
567	15186
567	15187
567	15188
567	15192
567	15195
567	15198
567	15202
567	15206
567	15207
567	15212
567	15218
567	15219
567	15221
567	15223
567	15224
567	15225
567	15232
567	15234
567	15238
567	15239
567	15240
567	15241
567	15242
567	15244
567	15245
567	15246
567	15247
567	15254
567	15255
567	15257
567	15258
567	15263
567	15266
567	15268
567	15276
567	15277
567	15279
567	15280
567	15281
567	15282
567	15288
567	15296
567	15299
567	15300
567	15301
567	15302
567	15303
567	15305
567	15306
567	15307
567	15313
567	15314
567	15316
567	15317
567	15318
567	15320
567	15321
567	15322
567	15323
567	15326
567	15327
567	15329
567	15330
567	15331
567	15333
567	15336
567	15337
567	15341
567	15342
567	15343
567	15344
567	15347
567	15351
567	15352
567	15354
567	15355
567	15356
567	15357
567	15359
567	15360
567	15361
567	15363
567	15364
567	15365
567	15366
567	15369
567	15370
567	15372
567	15374
567	15375
567	15376
567	15377
567	15378
567	15379
567	15381
567	15383
567	15384
567	15387
567	15388
567	15389
567	15390
567	15399
567	15400
567	15401
567	15402
567	15404
567	15406
567	15410
567	15411
567	15412
567	15413
567	15414
567	15415
567	15419
567	15420
567	15423
567	15424
567	15428
567	15429
567	15430
567	15431
567	15432
567	15433
567	15434
567	15437
567	15438
567	15439
567	15440
567	15443
567	15445
567	15447
567	15448
567	15450
567	15458
567	15459
567	15466
567	15467
567	15468
567	15469
567	15470
567	15471
567	15472
567	15473
567	15474
567	15475
567	15476
567	15478
567	15480
567	15482
567	15483
567	15487
567	15489
567	15490
567	15491
567	15493
567	15498
567	15499
567	15500
567	15501
567	15503
567	15505
567	15507
567	15509
567	15511
567	15513
567	15514
567	15515
567	15516
567	15517
567	15518
567	15519
567	15521
567	15523
567	15524
567	15527
567	15528
567	15529
567	15531
567	15532
567	15535
567	15538
567	15539
567	15542
567	15543
567	15544
567	15545
567	15546
567	15547
567	15548
567	15551
567	15555
567	15557
567	15559
567	15561
567	15562
567	15564
567	15565
567	15567
567	15572
567	15573
567	15574
567	15576
567	15577
567	15578
567	15580
567	15581
567	15584
567	15585
567	15587
567	15588
567	15589
567	15590
567	15591
567	15593
567	15596
567	15598
567	15599
567	15600
567	15604
567	15605
567	15609
567	15610
15165	15166
15186	15187
15246	15247
15254	15255
15320	15321
15320	15322
15320	15323
15321	15322
15321	15323
15322	15323
15329	15330
15352	31562
15354	31530
15365	31513
15365	31514
15365	31515
15419	15420
15429	15430
15437	15438
15437	15439
15438	15439
15523	31561
31513	31514
31513	31515
31514	31515
31561	31563
31561	31564
