1268	4276
1269	11105
1270	16575
1271	16588
1272	22566
1273	22567
1274	22569
1275	22570
1276	22571
1277	22572
1278	22573
1279	22574
1280	22576
1281	22577
1282	22578
1283	22579
1284	22580
1285	22585
1286	22586
1287	22588
1288	22589
1289	22591
1290	22592
1291	22593
1292	22594
1293	22595
1294	22597
1295	22598
1296	22599
1297	22600
1298	22601
1299	22602
1300	22603
1301	22604
1302	22606
1303	22608
1304	22609
1305	22610
1306	22611
1307	22613
1308	22614
1309	22615
1310	22616
1311	22618
1312	22619
1313	22620
1314	22621
1315	22622
1316	22623
1317	22624
1318	22626
1319	22627
1320	22628
1321	22629
1322	22630
1323	22631
1324	22632
1325	22633
1326	22634
1327	22635
1328	22636
1329	22637
1330	22639
1331	22640
1332	22641
1333	22642
1334	22644
1335	22645
1336	22647
1337	22648
1338	22649
1339	22650
1340	22651
1341	34426
1342	34427
1343	35088
1344	35089
1345	35090
1346	35091
1347	35087
1348	35086
