4276	11105
4276	16575
4276	16588
4276	22566
4276	22567
4276	22569
4276	22570
4276	22571
4276	22572
4276	22573
4276	22574
4276	22576
4276	22577
4276	22578
4276	22579
4276	22580
4276	22585
4276	22586
4276	22588
4276	22589
4276	22591
4276	22592
4276	22593
4276	22594
4276	22595
4276	22597
4276	22598
4276	22599
4276	22600
4276	22601
4276	22602
4276	22603
4276	22604
4276	22606
4276	22608
4276	22609
4276	22610
4276	22611
4276	22613
4276	22614
4276	22615
4276	22616
4276	22618
4276	22619
4276	22620
4276	22621
4276	22622
4276	22623
4276	22624
4276	22626
4276	22627
4276	22628
4276	22629
4276	22630
4276	22631
4276	22632
4276	22633
4276	22634
4276	22635
4276	22636
4276	22637
4276	22639
4276	22640
4276	22641
4276	22642
4276	22644
4276	22645
4276	22647
4276	22648
4276	22649
4276	22650
4276	22651
22569	34426
22569	34427
22571	22604
22571	22621
22571	22622
22571	22627
22572	35088
22572	35089
22572	35090
22572	35091
22585	35087
22604	22621
22621	22622
22621	22627
22633	35086
34426	34427
35088	35089
35088	35090
35088	35091
35089	35090
35089	35091
35090	35091
