516	9157
516	9158
516	9159
516	9164
516	9169
516	9170
516	9171
516	9172
516	9173
516	9176
516	9178
516	9179
516	9181
516	9182
516	9184
516	9190
516	9192
516	9193
516	9197
516	9199
516	9200
516	9201
516	9202
516	9203
516	9207
516	9209
516	9214
516	9216
516	9217
516	9220
516	9221
516	9223
516	9224
516	9225
516	9226
516	9229
516	9230
516	9239
516	9242
516	9244
516	9250
516	9251
516	9253
516	9257
516	9260
516	9262
516	9263
516	9266
516	9267
516	9270
516	9274
516	9279
516	9281
516	9300
516	9304
516	9306
516	9309
516	9313
516	9315
9164	9173
9173	9181
9173	9300
9181	9306
9229	9230
9267	32057
9267	32058
9267	32059
9274	21613
32057	32058
32057	32059
32058	32059
