0	292
1	5145
2	5146
3	5147
4	5151
5	5152
6	5154
7	5157
8	5158
9	5160
10	5161
11	5162
12	5165
13	5168
14	5169
15	5171
16	5172
17	5173
18	5175
19	5176
20	5177
21	5178
22	5179
23	5180
24	5181
25	5184
26	5186
27	5187
28	5188
29	5189
30	5190
31	5191
32	5192
33	5194
34	5195
35	5196
36	5197
37	5198
38	5199
39	5200
40	5201
41	5202
42	5203
43	5204
44	5205
45	5207
46	5208
47	5209
48	5210
49	5211
50	5212
51	5215
52	5216
53	5218
54	5219
55	5220
56	5221
57	5222
58	5223
59	5224
60	5227
61	5228
62	5232
63	5233
64	5235
65	5236
66	5240
67	5241
68	5247
69	5248
70	5251
71	5254
72	5255
73	5256
74	5258
75	5260
76	5261
77	5262
78	5263
79	5264
80	5265
81	5268
82	5269
83	5272
84	5275
85	5279
86	5280
87	5285
88	26003
89	26004
90	26005
91	26006
92	26007
93	26013
94	26014
95	26015
96	26030
