11831	26111
11831	26112
11831	26113
11831	26114
11831	32990
11831	32991
11831	37093
11831	37094
11831	37095
11831	37096
26111	26112
26111	26113
26111	26114
26111	37096
26113	26114
26114	37096
26114	37097
26114	37098
26114	37099
32989	32990
32989	33003
32989	37075
32990	32991
32990	37075
37093	37094
37093	37095
37093	37136
37093	37137
37094	37095
37094	37135
37095	37132
37095	37133
37095	37134
37095	37135
37095	37136
37095	37137
37097	37098
37097	37099
37098	37099
37132	37133
37132	37134
37133	37134
37136	37137
