208848
0
74
0
0
0
0
6
0
138
0
0
0
0
0
0
50
18
2
0
86
4
12
0
0
0
254
0
4
0
2
0
158
0
188
0
34
138
0
0
124
0
0
0
2
8
76
0
0
0
0
0
2
0
96
0
0
30
0
2
156
128
0
70
0
326
310
0
0
0
0
0
0
108
12
2
0
380
0
0
158
0
196
14
0
2
2
2
14
0
0
0
0
0
0
0
0
72
0
0
44
16
0
0
0
92
58
2
0
0
0
100
0
0
96
138
138
0
26
0
0
0
0
0
0
2
0
0
0
0
0
4
0
12
0
0
0
0
2
0
0
50
0
0
2
110
0
0
74
46
78
0
2
2
106
58
0
140
0
0
0
82
202
0
0
48
178
90
30
190
98
0
748
10
2
0
2
0
118
18
0
44
0
0
6
304
0
12
0
20
0
12
22
116
0
34
0
2
0
4
4
0
130
6
54
0
0
0
0
2
0
0
4
6
80
0
0
0
6
0
0
0
16
2
2
24
12
8
2
0
4
16
20
2
0
24
18
0
6
0
18
32
2
2
6
0
6
0
0
2
22
84
98
0
0
0
66
0
8
14
2
8
2
16
0
8
0
0
0
0
0
0
8
0
10
2
0
0
0
16
2
8
2
0
6
0
4
10
36
0
2
0
0
10
18
2
0
4
0
138
90
20
26
18
2
116
46
54
22
74
22
38
246
154
4
304
0
0
0
0
0
0
0
0
0
0
0
0
0
0
0
0
0
0
0
0
0
0
0
0
0
0
0
0
0
0
0
