0	2
0	9
0	16
0	17
0	20
0	26
0	32
0	34
0	37
0	40
0	46
0	54
0	57
0	316
0	60
0	61
0	63
0	65
0	66
0	73
0	77
0	80
0	82
0	317
0	97
0	100
0	105
0	106
0	111
0	114
0	115
0	116
0	141
0	145
0	148
0	149
0	150
0	154
0	155
0	157
0	161
0	162
0	165
0	166
0	167
0	168
0	169
0	170
0	172
0	173
0	176
0	318
0	319
0	178
0	179
2	16
2	17
2	20
2	316
2	60
2	73
2	77
2	80
2	82
2	317
2	97
2	100
2	115
2	141
2	148
2	161
2	162
2	166
2	167
2	168
2	176
2	318
2	319
2	178
2	179
2	181
2	320
2	185
2	189
2	321
2	192
2	193
2	197
2	199
2	200
2	202
2	322
2	203
2	323
2	204
2	3
2	4
2	5
2	6
2	7
9	16
9	316
9	82
9	317
9	97
9	100
9	105
9	162
9	165
9	167
9	176
9	178
9	320
9	192
9	197
9	199
9	204
9	228
9	324
9	325
9	300
9	302
9	10
16	17
16	20
16	316
16	60
16	61
16	63
16	65
16	80
16	82
16	317
16	100
16	115
16	141
16	161
16	162
16	173
16	176
16	318
16	319
16	178
16	181
16	185
16	189
16	192
16	197
16	200
16	202
16	228
16	209
16	326
16	222
16	225
16	327
16	238
16	243
16	244
16	328
16	329
0	300
0	330
17	54
17	316
17	63
17	65
17	73
17	317
17	97
17	100
17	141
17	148
17	161
17	165
17	166
17	167
17	173
17	176
17	318
17	321
17	192
17	197
17	200
17	202
17	204
17	228
17	225
17	327
17	238
17	244
17	330
17	213
17	331
17	246
17	332
17	249
17	250
17	251
17	18
17	19
0	181
0	192
0	204
0	225
0	185
0	200
0	202
0	228
0	302
0	329
0	212
0	333
0	334
0	236
0	252
0	335
0	259
0	263
0	301
0	304
0	305
0	306
0	189
0	197
0	322
0	328
0	213
0	336
0	297
0	299
0	307
20	60
20	73
20	82
20	100
20	148
20	165
20	178
20	204
20	228
20	209
20	335
20	232
20	337
20	290
20	293
20	21
26	106
26	209
26	326
26	212
26	333
26	334
26	252
26	232
26	214
26	218
26	230
26	235
26	261
26	295
26	312
26	27
26	28
26	29
26	30
26	31
0	327
0	256
32	40
32	57
32	150
32	200
32	222
32	308
32	309
32	311
32	313
0	323
34	37
34	115
34	149
34	176
34	322
34	329
34	35
37	46
37	176
37	322
37	329
37	281
37	38
37	39
40	57
40	150
40	155
40	176
40	308
40	309
40	311
40	313
40	241
40	41
40	42
40	43
40	44
40	45
46	111
46	115
46	149
46	168
46	189
46	322
46	243
46	328
46	47
46	48
0	326
0	261
0	249
0	295
0	279
54	316
54	82
54	100
54	105
54	141
54	148
54	318
54	323
54	330
54	332
54	338
57	150
57	155
57	308
57	309
57	311
57	313
316	317
316	318
316	319
316	324
316	328
316	330
316	331
316	339
316	340
316	341
0	230
0	227
0	321
0	324
0	337
0	241
0	193
60	73
60	77
60	80
60	317
60	100
60	145
60	162
60	167
60	176
60	178
61	63
61	73
61	317
61	115
61	168
61	173
61	176
61	318
61	189
61	192
61	322
61	225
61	238
61	244
61	328
61	213
61	263
61	297
61	256
61	241
61	340
61	258
61	260
61	62
63	316
63	73
63	97
63	166
63	173
63	318
63	319
63	179
63	320
63	189
63	321
63	192
63	199
63	200
63	202
63	228
63	222
63	327
63	244
63	328
63	331
63	259
63	297
63	295
63	339
63	227
63	258
63	260
63	224
63	282
65	316
65	100
65	161
65	165
65	167
65	169
65	176
65	179
65	251
66	67
66	68
66	69
66	70
66	71
66	72
73	80
73	317
73	97
73	162
73	173
73	176
73	319
73	179
73	181
73	320
73	185
73	189
73	321
73	192
73	193
73	197
73	209
73	326
73	222
73	243
73	213
73	246
73	212
73	333
73	252
73	335
73	259
73	263
73	214
73	218
73	261
73	256
73	274
73	258
73	260
73	342
73	74
73	75
0	320
0	332
0	338
0	303
77	82
77	317
77	100
77	141
77	162
77	318
77	320
77	321
77	204
77	251
77	338
77	78
0	251
80	317
80	161
80	162
80	165
80	167
80	176
80	178
80	193
80	209
80	293
80	81
0	250
82	316
82	317
82	100
82	148
82	149
82	165
82	319
82	193
82	323
82	302
82	329
82	301
82	274
82	83
82	84
82	85
82	86
82	87
82	88
82	89
82	90
82	91
82	92
82	93
82	94
82	95
317	322
317	324
317	339
97	316
97	100
97	161
97	165
97	166
97	176
97	179
97	320
97	185
97	321
97	192
97	202
97	238
97	244
97	330
97	332
97	250
97	335
97	337
97	282
97	303
97	98
100	316
100	105
100	141
100	162
100	167
100	176
100	318
100	179
100	181
100	320
100	192
100	323
100	204
100	325
100	329
100	330
100	332
100	250
100	251
100	338
100	340
100	260
100	342
100	288
100	101
100	102
100	103
100	104
0	246
0	284
0	343
0	331
105	317
105	141
105	167
105	176
105	318
105	320
105	192
105	204
105	324
105	330
105	332
105	251
105	263
105	338
105	342
105	303
105	314
106	199
106	326
106	252
106	304
106	293
106	261
106	231
106	240
106	107
106	108
106	109
111	114
111	154
111	170
111	172
111	181
111	193
111	329
111	212
111	301
111	304
111	305
111	306
111	337
111	112
111	113
114	149
114	154
114	168
114	170
114	172
114	176
114	181
114	189
114	202
114	203
114	228
114	243
114	212
114	252
114	304
114	305
114	306
114	337
114	281
114	258
115	316
115	149
115	157
115	166
115	168
115	173
115	319
115	189
115	197
115	202
115	322
115	228
115	302
115	225
115	244
115	328
115	329
115	213
115	333
115	304
115	336
115	218
115	340
115	231
0	238
0	243
116	192
116	299
116	295
116	241
116	117
116	118
116	119
116	120
116	121
116	122
116	123
116	124
116	125
116	126
116	127
116	128
116	129
116	130
116	131
116	132
116	133
116	134
116	135
116	136
116	137
116	138
116	139
116	140
141	316
141	148
141	161
141	162
141	167
141	318
141	181
141	192
141	323
141	324
141	330
141	332
141	338
141	142
141	143
141	144
145	316
145	148
145	169
145	321
145	199
145	323
145	324
145	250
145	337
145	338
148	316
148	161
148	165
148	167
148	169
148	318
148	321
148	197
148	199
148	203
148	323
148	228
148	324
148	325
148	302
148	326
148	246
148	249
148	236
148	336
148	293
148	218
148	281
148	279
148	274
148	340
148	258
148	224
148	282
148	303
148	240
148	310
148	344
149	154
149	168
149	181
149	322
149	328
149	305
149	336
149	314
150	324
150	308
150	309
150	313
150	151
150	152
0	281
154	170
154	172
154	228
154	325
154	243
154	212
154	252
154	304
154	305
154	306
154	337
155	200
155	222
155	327
155	213
155	331
155	334
155	312
155	308
155	309
155	311
155	313
155	339
155	227
155	156
157	166
157	173
157	176
157	189
157	197
157	202
157	300
157	302
157	243
157	244
157	328
157	329
157	333
157	301
157	336
157	158
161	316
161	317
161	162
161	165
161	166
161	167
161	173
161	179
161	320
161	321
161	192
161	251
162	317
162	166
162	176
162	178
162	181
162	185
162	192
162	323
162	251
162	338
162	258
165	317
165	167
165	319
165	321
165	192
165	197
165	302
165	246
165	249
165	301
165	256
165	281
165	274
165	284
165	341
165	282
165	303
166	316
166	317
166	167
166	168
166	176
166	185
166	189
166	200
166	202
166	322
166	238
166	333
166	337
167	316
167	317
167	176
167	318
167	179
167	320
167	321
167	192
167	197
167	322
167	325
167	244
167	330
167	332
167	251
167	259
167	288
168	316
168	317
168	173
168	176
168	179
168	189
168	192
168	322
168	228
168	302
168	328
168	329
168	331
168	333
168	336
168	307
168	293
168	281
168	241
168	258
168	343
168	231
0	222
0	313
0	258
0	274
0	199
0	290
0	232
0	218
169	316
169	178
169	192
169	199
169	324
169	332
169	249
169	338
170	172
170	176
170	228
170	329
170	212
170	304
170	306
170	281
170	171
172	193
172	202
172	212
172	304
172	305
0	312
0	214
0	282
0	203
0	231
0	209
0	235
0	240
173	316
173	317
173	176
173	318
173	319
173	179
173	320
173	189
173	321
173	197
173	200
173	202
173	322
173	228
173	300
173	222
173	225
173	244
173	330
173	332
173	236
173	335
173	259
173	297
173	261
173	279
173	339
173	286
173	227
173	258
173	224
173	282
173	223
173	174
173	175
0	345
0	342
0	341
0	346
176	179
176	185
176	321
176	192
176	202
176	322
176	204
176	302
176	328
176	329
176	246
176	250
176	251
176	263
176	306
176	256
176	281
176	341
176	303
176	343
176	314
176	310
176	345
0	325
0	340
0	310
0	339
0	224
0	286
0	288
0	244
0	344
0	314
0	260
0	308
0	309
0	315
318	319
318	321
318	322
318	323
318	325
318	328
318	329
318	330
318	332
318	338
318	340
319	326
319	328
319	331
319	333
319	335
319	336
319	339
319	343
178	316
178	317
178	326
178	243
178	212
178	333
178	334
178	336
178	338
179	317
179	320
179	192
179	322
179	204
179	225
179	331
179	246
179	335
179	342
179	180
181	317
181	192
181	228
181	302
181	209
181	243
181	212
181	252
181	335
181	263
181	301
181	304
181	305
181	306
181	336
181	232
181	218
181	230
181	261
181	182
181	183
181	184
320	323
320	325
320	330
320	332
320	338
320	339
320	342
320	346
185	202
185	209
185	332
185	212
185	334
185	252
185	305
185	186
185	187
185	188
0	293
0	223
189	317
189	319
189	192
189	199
189	200
189	202
189	322
189	203
189	300
189	222
189	225
189	243
189	244
189	328
189	329
189	331
189	249
189	333
189	334
189	252
189	335
189	259
189	304
189	337
189	295
189	281
189	241
189	279
189	339
189	340
189	258
189	260
189	231
189	190
189	191
321	322
321	323
321	325
321	336
321	338
321	342
321	346
192	318
192	320
192	202
192	322
192	225
192	244
192	329
192	330
192	246
192	332
192	301
192	297
192	338
192	341
1	2
1	73
193	324
193	302
193	209
193	252
193	335
193	263
193	301
193	256
193	284
193	194
197	318
197	319
197	202
197	323
197	228
197	325
197	302
197	326
197	222
197	225
197	238
197	244
197	329
197	330
197	331
197	246
197	332
197	236
197	259
197	263
197	301
197	336
197	297
197	293
197	218
197	256
197	274
197	339
197	340
197	284
197	341
197	286
197	260
197	224
197	282
197	303
197	288
197	343
197	240
197	310
199	316
199	317
199	200
199	323
199	324
199	325
199	222
199	225
199	244
199	213
199	331
199	246
199	249
199	259
199	290
199	293
199	308
199	338
199	339
199	286
199	258
199	224
199	342
199	231
199	346
200	322
200	228
200	222
200	225
200	238
200	244
200	328
200	213
200	331
200	236
200	259
200	214
200	230
200	295
200	312
200	339
200	227
200	260
200	224
200	282
200	231
200	223
200	201
202	318
202	322
202	238
202	244
202	328
202	329
202	332
202	335
202	340
202	260
202	282
202	303
202	343
322	325
322	328
322	329
322	333
322	334
322	336
322	337
203	316
203	318
203	228
203	324
203	325
203	302
203	238
203	328
203	249
203	236
203	335
203	336
203	290
203	293
203	218
203	256
203	281
203	279
203	274
203	284
203	341
203	258
203	282
203	303
203	343
203	231
203	240
203	310
203	344
323	324
323	325
323	332
323	340
323	342
204	320
204	323
204	325
204	330
204	331
204	332
204	250
204	251
204	338
3	82
3	168
4	80
5	141
5	181
6	60
7	65
7	161
7	169
228	319
228	322
228	325
228	302
228	238
228	244
228	328
228	236
228	259
228	263
228	301
228	304
228	305
228	306
228	337
228	235
228	256
228	339
228	258
228	282
228	303
324	330
324	331
324	338
324	341
325	329
325	330
325	331
325	332
325	336
325	337
325	338
325	340
325	342
325	343
325	346
8	9
8	299
300	318
300	320
300	321
300	324
300	325
300	330
300	332
300	335
300	305
300	337
300	338
300	339
300	340
300	342
300	314
300	346
302	318
302	319
302	322
302	328
302	329
302	331
302	333
302	335
302	304
302	306
302	336
302	341
302	303
10	66
10	315
209	228
209	326
209	243
209	212
209	333
209	334
209	252
209	304
209	336
209	232
209	214
209	218
209	230
209	235
209	261
209	295
209	308
209	258
209	240
326	328
326	331
326	333
326	334
326	336
326	337
222	324
222	225
222	327
222	244
222	330
222	331
222	332
222	333
222	236
222	259
222	263
222	297
222	290
222	293
222	230
222	295
222	312
222	311
222	279
222	339
222	340
222	286
222	227
222	224
222	282
222	342
222	231
222	223
225	317
225	319
225	228
225	300
225	327
225	238
225	244
225	331
225	332
225	236
225	259
225	232
225	230
225	312
225	279
225	339
225	286
225	227
225	260
225	282
327	330
327	332
327	333
327	335
327	342
327	345
238	317
238	318
238	321
238	322
238	325
238	300
238	327
238	244
238	329
238	259
238	263
238	295
238	241
238	279
238	274
238	303
238	240
238	310
238	345
238	239
11	16
11	73
243	316
243	321
243	322
243	325
243	326
243	328
243	331
243	249
243	333
243	334
243	252
243	335
243	304
243	305
243	290
243	293
243	295
243	281
243	340
243	258
243	344
12	16
12	73
13	16
13	73
14	16
14	73
15	16
15	73
244	316
244	317
244	320
244	325
244	300
244	330
244	332
244	335
244	259
244	297
244	261
244	312
244	281
244	279
244	339
244	286
244	258
244	282
244	345
0	311
328	330
328	331
328	333
328	334
328	336
328	340
329	330
329	332
329	337
329	340
330	332
330	340
330	341
330	342
330	345
330	346
213	321
213	322
213	228
213	325
213	300
213	222
213	225
213	327
213	238
213	244
213	330
213	331
213	236
213	259
213	263
213	297
213	230
213	295
213	312
213	281
213	279
213	274
213	340
213	286
213	224
213	303
213	310
213	223
213	345
213	346
331	332
331	333
331	335
331	336
331	339
331	346
246	316
246	323
246	324
246	325
246	302
246	327
246	335
246	301
246	297
246	290
246	256
246	281
246	274
246	284
246	341
246	260
246	282
246	303
246	288
246	343
246	314
246	344
246	345
246	247
246	248
332	338
332	340
332	342
249	316
249	322
249	323
249	324
249	328
249	331
249	335
249	259
249	301
249	290
249	293
249	281
249	279
249	258
249	282
249	303
250	316
250	320
250	321
250	323
250	324
250	300
251	320
251	323
251	325
251	332
251	338
251	346
18	167
19	225
212	316
212	319
212	321
212	228
212	326
212	243
212	333
212	334
212	252
212	301
212	304
212	305
212	306
212	336
212	232
212	337
212	214
212	230
212	235
212	261
212	295
212	258
212	224
212	240
333	334
333	335
333	336
334	336
236	316
236	319
236	324
236	244
236	331
236	259
236	293
236	311
236	279
236	274
236	282
236	303
236	343
236	240
236	310
236	344
236	345
236	237
252	322
252	325
252	326
252	331
252	333
252	334
252	301
252	304
252	305
252	306
252	337
252	261
252	295
252	340
252	253
252	254
335	339
335	341
335	343
335	345
259	317
259	318
259	319
259	322
259	323
259	325
259	300
259	327
259	328
259	330
259	331
259	297
259	337
259	290
259	279
259	339
259	340
259	286
259	342
259	288
259	314
259	346
263	318
263	321
263	325
263	302
263	327
263	332
263	335
263	301
263	297
263	293
263	295
263	281
263	274
263	341
263	342
263	303
263	343
263	310
263	345
263	264
263	265
263	266
263	267
263	268
263	269
263	270
263	271
263	272
263	273
301	302
301	328
301	329
301	330
301	334
301	335
301	304
301	305
301	337
301	341
301	303
301	343
301	345
304	319
304	326
304	328
304	333
304	334
304	335
304	305
304	306
304	337
304	343
305	322
305	325
305	328
305	329
305	306
305	307
305	337
305	340
306	322
306	325
306	337
297	318
297	300
297	327
297	330
297	332
297	335
297	299
297	311
297	342
297	346
297	298
299	327
307	325
307	326
307	328
307	336
307	337
232	326
232	327
232	244
232	333
232	334
232	252
232	336
232	235
232	261
232	295
232	279
232	339
232	233
337	340
290	337
290	293
290	338
290	303
290	310
290	344
290	346
293	323
293	328
293	304
293	341
293	303
214	326
214	222
214	225
214	327
214	333
214	334
214	252
214	335
214	232
214	230
214	235
214	295
214	312
214	339
214	227
214	231
214	223
214	215
214	216
214	217
218	319
218	302
218	326
218	328
218	331
218	236
218	252
218	335
218	301
218	304
218	336
218	297
218	232
218	235
218	261
218	274
218	286
218	224
218	282
218	303
218	231
218	240
218	344
218	223
230	326
230	327
230	331
230	333
230	334
230	236
230	252
230	232
230	235
230	295
230	312
230	240
235	326
235	333
235	334
235	252
235	261
235	295
235	312
235	279
235	339
235	240
261	326
261	335
261	304
261	279
261	339
295	300
295	326
295	327
295	333
295	334
295	297
295	312
295	311
295	310
295	296
312	327
312	339
22	26
22	214
22	235
23	26
23	214
24	26
24	214
25	26
25	82
25	214
27	230
28	230
29	230
30	230
31	235
256	316
256	302
256	335
256	301
256	304
256	281
256	274
256	340
256	284
256	341
256	286
256	282
256	303
256	288
256	343
256	314
256	310
256	344
256	345
256	257
308	326
308	333
308	334
308	309
308	311
308	313
309	333
309	311
309	313
311	325
311	327
311	334
311	313
311	342
311	345
313	334
33	34
33	61
35	305
35	307
281	317
281	325
281	302
281	301
281	304
281	341
281	303
281	343
281	310
281	344
281	345
36	37
36	168
38	46
39	66
241	327
241	335
241	259
241	297
241	299
241	295
241	311
241	260
41	309
42	204
43	46
43	251
44	308
47	106
47	231
48	149
48	322
279	317
279	334
279	335
279	304
279	290
279	293
279	339
279	284
279	282
279	303
279	310
279	344
279	345
279	280
338	340
338	342
338	346
49	54
49	204
49	251
50	54
50	204
51	54
51	204
52	54
52	204
53	54
53	204
55	57
55	309
56	57
56	309
274	316
274	335
274	301
274	290
274	293
274	295
274	281
274	279
274	284
274	282
274	303
274	343
274	310
274	345
340	342
340	346
284	316
284	302
284	335
284	301
284	304
284	297
284	290
284	341
284	303
284	288
284	343
284	314
284	310
284	344
284	345
341	343
286	316
286	318
286	319
286	320
286	325
286	300
286	328
286	330
286	331
286	332
286	305
286	297
286	337
286	338
286	340
286	341
286	342
286	288
286	314
286	346
58	316
58	324
58	236
227	300
227	327
227	331
227	236
227	259
227	290
227	230
227	295
227	312
227	339
227	260
227	231
59	60
59	65
59	179
258	322
258	324
258	331
258	334
258	335
258	293
258	344
260	327
260	330
260	332
260	335
260	297
260	311
260	279
260	338
260	284
260	286
260	342
260	288
260	343
260	314
260	345
62	241
224	300
224	225
224	327
224	238
224	243
224	244
224	331
224	236
224	252
224	259
224	297
224	232
224	230
224	279
224	339
224	227
224	258
224	260
224	282
224	346
282	302
282	335
282	301
282	304
282	290
282	284
282	303
282	343
282	314
282	310
282	345
64	65
64	162
67	315
68	315
69	315
70	315
71	315
72	315
342	346
75	179
75	279
303	318
303	320
303	324
303	325
303	328
303	335
303	304
303	341
303	343
303	314
303	310
303	344
303	345
76	77
76	145
76	170
78	82
79	80
79	167
74	80
81	170
84	193
85	193
86	193
87	193
88	193
83	193
89	193
90	193
91	165
92	165
93	306
94	315
95	315
96	317
96	178
98	238
288	320
288	325
288	300
288	330
288	331
288	332
288	335
288	297
288	338
288	339
288	340
288	341
288	342
288	314
288	345
288	346
288	289
99	100
99	161
102	323
103	141
104	105
104	141
343	345
314	332
314	335
314	340
314	341
314	342
314	343
314	344
314	345
231	324
231	302
231	328
231	331
231	334
231	236
231	252
231	304
231	232
231	290
231	293
231	261
231	279
231	339
231	282
231	240
231	310
231	344
240	302
240	326
240	246
240	249
240	335
240	259
240	305
240	336
240	337
240	293
240	261
240	279
240	274
240	341
240	286
240	282
240	303
240	343
240	344
107	231
108	231
109	293
110	111
110	165
112	114
113	114
117	299
21	116
118	192
119	299
120	241
121	241
122	241
123	299
124	299
125	299
126	322
127	241
128	241
129	241
130	299
131	299
132	299
133	299
134	299
135	299
136	299
137	299
138	299
139	299
140	299
142	251
143	251
144	251
310	341
310	343
310	345
344	345
146	148
146	197
146	246
147	148
147	246
151	308
151	309
152	307
153	154
153	305
45	154
156	311
158	329
159	161
159	162
160	161
160	179
163	165
163	319
164	165
164	256
171	172
223	300
223	225
223	327
223	244
223	330
223	236
223	335
223	259
223	297
223	230
223	295
223	312
223	339
223	286
223	227
223	260
223	224
223	342
223	346
174	244
175	279
177	319
177	189
177	328
180	312
182	212
182	301
183	213
184	304
186	202
187	202
188	202
190	192
191	322
194	344
195	197
196	197
196	228
196	303
198	199
198	244
201	231
205	209
205	235
206	209
206	230
206	235
207	209
207	261
208	209
208	235
210	212
210	252
211	212
211	252
22	326
215	232
215	235
216	312
217	339
219	333
219	252
220	243
220	333
221	333
221	336
226	243
226	336
229	230
229	295
233	258
234	300
234	235
234	279
237	279
195	238
239	263
242	243
242	252
245	246
245	256
245	288
247	284
248	284
253	261
254	261
255	335
255	314
257	310
262	263
262	274
262	310
264	310
265	310
266	341
266	310
267	310
268	310
269	310
270	281
271	310
272	310
273	310
275	305
275	337
276	305
276	337
277	305
277	337
278	305
278	337
280	312
283	284
283	288
285	300
285	286
287	325
287	307
289	314
291	343
291	310
292	303
292	343
294	295
294	310
296	312
298	300
294	312
101	315
