4250	13238
4251	15115
4252	13245
4253	13308
4254	13309
4255	34475
4256	15343
4257	17712
4258	19466
4259	32872
4260	34436
4261	34439
4262	34442
4263	34444
4264	34446
4265	34454
4266	34455
4267	34458
4268	34462
4269	34467
4270	34468
4271	34471
4272	38514
4273	38515
4274	38516
4275	38517
4276	38518
4277	38519
4278	38520
4279	38521
4280	38522
4281	38523
4282	38524
4283	38525
4284	38526
4285	38527
4286	38528
4287	38529
4288	38530
4289	38531
4290	38532
4291	38533
4292	38534
4293	38535
4294	38536
4295	38538
4296	38539
4297	38540
4298	38541
4299	38542
4300	38543
4301	38544
4302	38545
4303	38546
