6003	15725
6003	21143
6003	21145
6003	21151
6003	21152
6003	21153
6003	21154
6003	21155
6003	21156
6003	21157
6003	21158
6003	21165
6003	21166
6003	21167
6003	21172
6003	21174
6003	21177
6003	21178
6003	21180
6003	21185
6003	21186
6003	21187
6003	21191
6003	21192
6003	21193
6003	21194
6003	21195
6003	21197
6003	21198
21151	30292
21151	30293
21151	30294
21151	30295
21151	30296
21151	30297
21156	21157
21156	21197
21185	21194
21185	21195
21185	21198
21191	21192
21194	21195
30292	30293
30292	30294
30293	30294
30295	30296
30295	30297
30296	30297
