1150	1642
1151	3560
1152	3564
1153	3567
1154	3569
1155	3570
1156	3571
1157	3572
1158	3573
1159	3577
1160	3579
1161	3580
1162	3583
1163	3586
1164	3587
1165	3590
1166	3591
1167	3593
1168	3594
1169	3595
1170	3596
1171	3599
1172	3602
1173	3603
1174	3604
1175	3606
1176	3608
1177	3609
1178	3610
1179	3611
1180	3612
1181	3613
1182	3614
1183	3619
1184	3620
1185	3621
1186	3622
1187	3623
1188	3626
1189	3627
1190	3631
1191	3637
1192	3638
1193	3641
1194	3642
1195	3643
1196	3644
1197	3645
1198	3646
1199	3648
1200	3649
1201	3652
1202	3660
1203	3661
1204	3665
1205	3666
1206	3667
1207	3670
1208	3671
1209	3672
1210	3673
1211	3675
1212	3676
1213	3678
1214	3679
1215	3680
1216	3681
1217	3682
1218	3684
1219	3685
1220	3686
1221	3687
1222	3689
1223	34077
1224	34075
1225	34076
1226	34039
1227	34040
1228	34041
1229	34043
1230	34048
1231	34058
1232	34067
1233	34069
1234	34070
1235	34044
1236	34045
1237	34046
1238	34047
1239	34049
1240	34050
1241	34051
1242	34052
1243	34053
1244	34054
1245	34055
1246	34056
1247	34057
1248	34059
1249	34060
1250	34061
1251	34062
1252	34063
1253	34064
1254	34065
1255	34066
1256	34068
1257	34071
1258	34072
1259	34073
1260	34074
1261	34038
1262	34042
