1642	3560
1642	3564
1642	3567
1642	3569
1642	3570
1642	3571
1642	3572
1642	3573
1642	3577
1642	3579
1642	3580
1642	3583
1642	3586
1642	3587
1642	3590
1642	3591
1642	3593
1642	3594
1642	3595
1642	3596
1642	3599
1642	3602
1642	3603
1642	3604
1642	3606
1642	3608
1642	3609
1642	3610
1642	3611
1642	3612
1642	3613
1642	3614
1642	3619
1642	3620
1642	3621
1642	3622
1642	3623
1642	3626
1642	3627
1642	3631
1642	3637
1642	3638
1642	3641
1642	3642
1642	3643
1642	3644
1642	3645
1642	3646
1642	3648
1642	3649
1642	3652
1642	3660
1642	3661
1642	3665
1642	3666
1642	3667
1642	3670
1642	3671
1642	3672
1642	3673
1642	3675
1642	3676
1642	3678
1642	3679
1642	3680
1642	3681
1642	3682
1642	3684
1642	3685
1642	3686
1642	3687
1642	3689
3570	34077
3571	34075
3571	34076
3580	3622
3608	3626
3608	34039
3608	34040
3608	34041
3608	34043
3608	34048
3608	34058
3608	34067
3608	34069
3608	34070
3609	3686
3609	3687
3619	3621
3626	34040
3626	34043
3626	34044
3626	34045
3626	34046
3626	34047
3626	34048
3626	34049
3626	34050
3626	34051
3626	34052
3626	34053
3626	34054
3626	34055
3626	34056
3626	34057
3626	34058
3626	34059
3626	34060
3626	34061
3626	34062
3626	34063
3626	34064
3626	34065
3626	34066
3626	34067
3626	34068
3626	34069
3627	34071
3627	34072
3627	34073
3631	3646
3665	3666
3665	3667
3666	3667
3666	34074
3686	3687
34038	34039
34038	34040
34039	34040
34039	34041
34039	34042
34039	34043
34040	34042
34040	34044
34043	34069
34045	34046
34045	34047
34049	34050
34051	34052
34052	34061
34052	34066
34054	34055
34054	34068
34056	34057
34059	34060
34062	34063
34062	34064
34063	34064
34071	34072
34071	34073
34072	34073
34075	34076
