655	12602
655	12604
655	12606
655	12641
655	12643
655	12651
655	12654
655	12658
655	12668
655	12675
655	12688
655	12692
655	12696
655	12697
655	12701
655	12716
655	12725
655	12728
655	12736
655	12737
655	12742
655	12743
655	12747
655	12749
655	12757
655	12761
655	12763
655	12764
655	12773
655	12774
655	12788
655	12812
655	12813
655	12815
655	12821
655	12822
655	12824
655	12836
655	12844
655	12846
655	12851
655	12854
655	12858
655	12871
655	12872
655	12884
655	12892
655	12897
655	12898
655	12899
655	12901
655	12905
655	12912
655	12914
655	12916
655	12922
655	12923
655	12925
655	12931
655	12932
655	12934
655	12936
655	12945
655	12946
655	12948
655	12960
655	12961
655	12962
655	12975
655	12978
655	12980
655	12981
655	12982
655	12991
655	12993
655	12997
655	12998
655	13000
655	13004
655	13006
655	13007
655	13008
655	13010
655	13019
655	13025
655	13026
655	13029
655	13030
655	13036
655	13037
655	13046
655	13048
655	13049
655	13050
655	13054
655	13056
655	13057
655	13060
655	13065
655	13068
12836	13025
12898	12899
