226	5347
227	8780
228	27817
229	32421
230	32422
231	32423
232	32424
233	32425
234	32426
235	32427
236	32428
237	32429
238	32430
239	32431
240	32432
241	32433
242	32434
243	32435
244	32436
245	32437
246	32438
247	32439
248	32440
249	32441
250	32442
251	32443
252	32444
253	32445
254	32446
255	32447
256	32448
257	32449
258	32450
259	32451
260	32452
261	32453
262	32454
263	32455
264	32456
265	32457
266	32458
267	32459
268	32460
269	32461
270	32462
271	32463
272	32464
273	32465
274	32466
275	32467
276	32468
277	32469
278	32470
279	32471
280	32472
281	32473
282	32474
283	32475
284	32476
285	32477
286	32478
287	32479
288	32480
289	32481
290	32482
291	32483
292	32484
293	32485
294	32486
295	32487
296	32488
297	32489
298	32490
299	32491
300	32492
301	32493
302	32494
303	32495
304	32496
305	32497
306	32498
307	32499
308	32500
309	32501
310	32502
311	32503
312	32504
313	32505
314	32506
315	32507
316	32508
317	32509
318	32510
319	32511
320	32512
321	32513
322	32514
323	32515
324	32516
325	32517
326	32518
327	32519
328	32520
329	32521
330	32522
331	32523
332	32524
333	32525
334	32526
335	32527
336	32528
337	32529
338	32530
339	32531
340	32532
341	32533
342	32534
343	32535
344	32536
345	32537
346	32538
347	32539
348	32540
349	32541
350	32542
351	32543
352	32544
353	32545
354	32546
355	32547
356	32548
357	32549
358	32550
359	32551
360	32552
361	32553
362	32554
363	32555
364	32556
365	32557
366	32558
367	32559
368	32560
369	32561
370	32562
371	32563
372	32564
373	32565
374	32566
375	32567
