5347	8780
5347	27817
5347	32421
5347	32422
5347	32423
5347	32424
5347	32425
5347	32426
5347	32427
5347	32428
5347	32429
5347	32430
5347	32431
5347	32432
5347	32433
5347	32434
5347	32435
5347	32436
5347	32437
5347	32438
5347	32439
5347	32440
5347	32441
5347	32442
5347	32443
5347	32444
5347	32445
5347	32446
5347	32447
5347	32448
5347	32449
5347	32450
5347	32451
5347	32452
5347	32453
5347	32454
5347	32455
5347	32456
5347	32457
5347	32458
5347	32459
5347	32460
5347	32461
5347	32462
5347	32463
5347	32464
5347	32465
5347	32466
5347	32467
5347	32468
5347	32469
5347	32470
5347	32471
5347	32472
5347	32473
5347	32474
5347	32475
5347	32476
5347	32477
5347	32478
5347	32479
5347	32480
5347	32481
5347	32482
5347	32483
5347	32484
5347	32485
5347	32486
5347	32487
5347	32488
5347	32489
5347	32490
5347	32491
5347	32492
5347	32493
5347	32494
5347	32495
5347	32496
5347	32497
5347	32498
5347	32499
5347	32500
5347	32501
5347	32502
5347	32503
5347	32504
5347	32505
5347	32506
5347	32507
5347	32508
5347	32509
5347	32510
5347	32511
5347	32512
5347	32513
5347	32514
5347	32515
5347	32516
5347	32517
5347	32518
5347	32519
5347	32520
5347	32521
5347	32522
5347	32523
5347	32524
5347	32525
5347	32526
5347	32527
5347	32528
5347	32529
5347	32530
5347	32531
5347	32532
5347	32533
5347	32534
5347	32535
5347	32536
5347	32537
5347	32538
5347	32539
5347	32540
5347	32541
5347	32542
5347	32543
5347	32544
5347	32545
5347	32546
5347	32547
5347	32548
5347	32549
5347	32550
5347	32551
5347	32552
5347	32553
5347	32554
5347	32555
5347	32556
5347	32557
5347	32558
5347	32559
5347	32560
5347	32561
5347	32562
5347	32563
5347	32564
5347	32565
5347	32566
5347	32567
32467	32468
32467	32469
32467	32470
32468	32469
32468	32470
32469	32470
