1059 2285
1 3
1 4
1 5
1 6
1 7
8 1
9 1
8 9
10 1
9 10
11 1
10 11
12 1
11 12
13 1
12 13
14 1
13 14
15 1
14 15
16 1
15 16
17 1
16 17
18 1
17 18
19 2
19 1
19 5
20 2
20 1
20 5
21 22
21 1
21 23
24 22
24 1
24 23
25 22
25 1
25 23
26 22
26 1
26 23
27 22
27 1
27 23
28 22
28 1
28 23
29 22
29 1
29 23
30 22
30 1
30 23
31 22
31 1
31 23
32 22
32 1
32 23
33 22
33 1
33 23
34 22
34 1
34 23
35 22
35 1
35 23
36 22
36 1
36 23
37 22
37 1
37 23
38 22
38 1
38 23
39 22
39 1
39 23
40 22
40 1
41 42
41 1
43 44
43 1
43 45
46 44
46 1
47 22
47 1
47 23
48 49
48 1
48 50
51 52
51 1
51 53
54 22
54 1
54 23
55 22
55 1
55 23
56 22
56 1
56 23
57 22
57 1
57 23
3 22
3 1
3 1
3 23
58 22
58 1
58 23
59 22
59 1
60 22
60 1
60 23
61 22
61 1
61 23
62 22
62 1
62 1
62 23
63 22
63 1
63 64
65 22
65 1
65 23
66 22
66 1
66 23
67 22
67 1
67 23
68 22
68 1
68 23
69 22
69 1
69 23
70 22
70 1
70 71
70 23
71 22
71 1
71 70
71 23
72 2
72 1
1 72
72 5
72 6
73 72
74 72
73 74
75 72
74 75
76 72
75 76
77 72
76 77
78 72
77 78
79 72
78 79
80 72
79 80
81 2
81 5
81 6
82 2
82 5
82 6
83 22
83 1
1 83
83 84
85 86
85 1
1 85
85 87
88 89
88 1
1 88
90 1
1 90
91 92
91 1
1 91
93 22
93 1
1 93
93 23
94 95
94 1
1 94
94 96
97 95
97 1
1 97
97 96
98 1
1 98
99 100
99 1
1 99
99 101
102 100
102 1
1 102
102 101
103 100
103 1
1 103
103 101
104 100
104 1
1 104
104 101
105 106
105 1
1 105
105 101
107 1
1 107
108 109
108 1
1 108
108 110
111 1
1 111
112 1
1 112
113 114
113 1
1 113
113 115
116 1
1 116
117 114
117 1
1 117
117 115
118 22
118 95
118 1
1 118
118 23
119 120
119 1
1 119
121 2
121 1
1 121
122 2
122 1
1 122
123 1
1 123
124 1
1 124
125 1
1 125
126 127
126 1
1 126
128 114
128 1
1 128
128 115
129 114
129 1
1 129
129 115
130 131
130 1
1 130
132 1
1 132
133 134
133 1
1 133
4 22
4 1
4 1
135 22
135 1
135 23
136 22
136 1
136 23
137 22
137 1
137 23
138 22
138 1
138 23
139 140
139 1
139 23
141 22
141 1
141 23
142 22
142 1
142 23
143 22
143 1
143 23
144 4
145 70
146 71
147 62
147 148
2 5
100 2
2 100
86 87
1 86
86 1
149 150
1 149
149 1
22 149
149 22
1 151
151 1
22 151
151 22
89 152
1 89
89 1
3 89
89 3
95 96
1 95
95 1
100 95
95 100
100 101
1 100
100 1
153 100
100 153
154 100
100 154
22 100
100 22
1 92
92 1
155 156
1 155
155 1
22 23
1 157
157 1
106 101
1 106
106 1
109 110
154 158
159 160
1 131
131 1
161 23
1 161
161 1
22 161
161 22
162 23
1 162
162 1
22 162
162 22
1 120
120 1
163 164
1 163
163 1
22 163
163 22
114 115
1 114
114 1
62 114
114 62
22 114
114 22
49 50
1 165
165 1
61 165
165 61
8 595
19 595
24 595
21 595
596 595
596 1
1 596
8 597
19 597
24 597
21 597
100 597
595 597
597 595
8 598
19 598
24 598
21 598
597 598
598 597
8 599
19 599
24 599
21 599
600 599
600 1
1 600
598 599
599 598
8 601
19 601
24 601
21 601
133 601
599 601
601 599
8 602
19 602
24 602
21 602
603 602
603 1
1 603
601 602
602 601
8 604
19 604
24 604
21 604
605 604
605 1
1 605
602 604
604 602
8 606
19 606
24 606
21 606
607 606
607 1
1 607
608 606
608 1
1 608
604 606
606 604
8 609
19 609
24 609
21 609
606 609
609 606
8 610
19 610
24 610
21 610
100 610
609 610
610 609
8 611
25 611
24 611
21 611
610 611
611 610
8 612
25 612
24 612
21 612
611 612
612 611
8 613
19 613
24 613
21 613
612 613
613 612
8 614
19 614
24 614
21 614
613 614
614 613
8 615
19 615
24 615
21 615
100 615
614 615
615 614
8 616
19 616
24 616
21 616
26 616
100 616
615 616
616 615
8 617
25 617
26 617
82 617
82 1
1 82
616 617
617 616
8 618
25 618
26 618
619 618
619 1
1 619
617 618
618 617
618 620
620 618
8 621
25 621
26 621
27 621
620 621
621 620
8 622
26 622
27 622
28 622
100 622
621 622
622 621
8 623
29 623
26 623
622 623
623 622
8 624
29 624
26 624
623 624
624 623
8 625
29 625
26 625
626 625
626 1
1 626
624 625
625 624
8 627
29 627
26 627
625 627
627 625
8 628
29 628
26 628
627 628
628 627
8 629
29 629
26 629
30 629
630 629
630 1
1 630
628 629
629 628
8 631
30 631
31 631
629 631
631 629
8 632
9 632
30 632
31 632
631 632
632 631
9 633
30 633
31 633
100 633
632 633
633 632
9 634
30 634
31 634
32 634
633 634
634 633
9 635
30 635
31 635
32 635
636 635
636 1
1 636
634 635
635 634
9 637
30 637
31 637
32 637
95 637
635 637
637 635
9 638
30 638
31 638
32 638
639 638
639 1
1 639
637 638
638 637
9 640
30 640
31 640
32 640
638 640
640 638
9 641
32 641
34 641
100 641
640 641
641 640
9 642
32 642
34 642
95 642
641 642
642 641
9 643
32 643
34 643
642 643
643 642
9 644
32 644
34 644
155 644
643 644
644 643
9 645
32 645
34 645
644 645
645 644
9 646
32 646
34 646
645 646
646 645
9 647
32 647
34 647
646 647
647 646
9 648
32 648
34 648
95 648
647 648
648 647
9 649
32 649
35 649
650 649
650 1
1 650
651 649
651 1
1 651
648 649
649 648
9 652
32 652
35 652
72 652
649 652
652 649
9 653
32 653
35 653
652 653
653 652
9 654
32 654
35 654
655 654
655 1
1 655
653 654
654 653
9 656
32 656
35 656
155 656
654 656
656 654
9 657
32 657
35 657
658 657
658 1
1 658
659 657
659 1
1 659
656 657
657 656
9 660
32 660
35 660
100 660
661 660
661 1
1 661
657 660
660 657
10 662
36 662
149 662
660 662
662 660
10 663
36 663
162 663
662 663
663 662
10 664
36 664
665 664
665 1
1 665
663 664
664 663
10 666
36 666
664 666
666 664
10 667
37 667
149 667
72 667
666 667
667 666
10 668
37 668
72 668
667 668
668 667
10 669
37 669
151 669
72 669
668 669
669 668
10 670
37 670
72 670
669 670
670 669
10 671
37 671
91 671
72 671
670 671
671 670
10 672
37 672
100 672
671 672
672 671
10 673
37 673
672 673
673 672
10 674
37 674
161 674
72 674
673 674
674 673
10 675
37 675
676 675
676 1
1 676
674 675
675 674
10 677
37 677
72 677
675 677
677 675
10 678
9 678
8 678
37 678
122 678
677 678
678 677
10 679
37 679
678 679
679 678
10 680
37 680
100 680
72 680
679 680
680 679
10 681
37 681
100 681
680 681
681 680
10 682
37 682
683 682
683 1
1 683
681 682
682 681
10 684
38 684
117 684
682 684
684 682
10 685
38 685
684 685
685 684
10 686
38 686
100 686
685 686
686 685
10 687
38 687
688 687
688 1
1 688
686 687
687 686
10 689
11 689
38 689
687 689
689 687
11 690
38 690
39 690
116 690
689 690
690 689
11 691
38 691
39 691
690 691
691 690
11 692
38 692
39 692
129 692
691 692
692 691
11 693
38 693
39 693
100 693
105 693
692 693
693 692
11 694
38 694
39 694
95 694
97 694
693 694
694 693
11 695
38 695
39 695
696 695
696 1
1 696
697 695
697 1
1 697
694 695
695 694
11 698
38 698
695 698
698 695
11 699
38 699
130 699
698 699
699 698
11 700
38 700
52 700
52 1
1 52
699 700
700 699
11 701
38 701
702 701
702 1
1 702
703 701
703 1
1 703
700 701
701 700
11 704
38 704
705 704
705 1
1 705
701 704
704 701
11 706
38 706
707 706
707 1
1 707
708 706
708 1
1 708
704 706
706 704
11 709
38 709
108 709
706 709
709 706
11 710
72 710
709 710
710 709
11 711
40 711
712 711
712 1
1 712
710 711
711 710
11 713
40 713
711 713
713 711
11 714
40 714
715 714
715 1
1 715
713 714
714 713
11 716
40 716
714 716
716 714
11 717
40 717
41 717
718 717
718 1
1 718
716 717
717 716
11 719
40 719
112 719
717 719
719 717
11 720
40 720
41 720
721 720
721 1
1 721
719 720
720 719
11 722
40 722
41 722
723 722
723 1
1 723
720 722
722 720
11 724
40 724
41 724
114 724
128 724
722 724
724 722
11 725
20 725
41 725
726 725
726 1
1 726
90 725
724 725
725 724
11 727
20 727
41 727
728 727
728 1
1 728
725 727
727 725
11 729
20 729
41 729
730 729
730 1
1 730
731 729
731 1
1 731
727 729
729 727
11 732
20 732
41 732
733 732
733 1
1 733
729 732
732 729
11 734
20 734
735 734
735 1
1 735
732 734
734 732
11 736
20 736
41 736
737 736
737 1
1 737
90 736
734 736
736 734
11 738
20 738
100 738
736 738
738 736
11 739
20 739
126 739
738 739
739 738
11 740
20 740
41 740
741 740
741 1
1 741
742 740
742 1
1 742
739 740
740 739
11 743
20 743
41 743
744 743
744 1
1 744
740 743
743 740
11 745
20 745
41 745
746 745
746 1
1 746
743 745
745 743
11 747
20 747
41 747
745 747
747 745
11 748
20 748
41 748
749 748
749 1
1 749
747 748
748 747
11 750
20 750
41 750
43 750
751 750
751 1
1 751
748 750
750 748
11 752
20 752
41 752
43 752
753 752
753 1
1 753
754 752
754 1
1 754
755 752
755 1
1 755
750 752
752 750
11 756
20 756
41 756
43 756
752 756
756 752
11 757
43 757
72 757
756 757
757 756
11 758
43 758
46 758
47 758
72 758
757 758
758 757
12 759
43 759
46 759
47 759
72 759
758 759
759 758
12 760
43 760
46 760
47 760
759 760
760 759
12 761
43 761
46 761
47 761
762 761
762 1
1 762
760 761
761 760
12 763
43 763
46 763
47 763
132 763
761 763
763 761
12 764
43 764
46 764
47 764
763 764
764 763
12 765
43 765
46 765
47 765
95 765
764 765
765 764
12 766
46 766
47 766
72 766
765 766
766 765
12 767
46 767
47 767
122 767
766 767
767 766
12 768
46 768
47 768
762 768
767 768
768 767
12 769
46 769
47 769
48 769
770 769
770 1
1 770
90 769
768 769
769 768
12 771
46 771
47 771
48 771
772 771
772 1
1 772
769 771
771 769
12 773
47 773
48 773
90 773
771 773
773 771
12 774
47 774
48 774
51 774
72 774
773 774
774 773
776 1
776 775
8 775
9 775
10 775
11 775
12 775
47 775
48 775
19 775
38 775
20 775
100 775
72 775
774 775
775 774
12 777
47 777
48 777
162 777
161 777
775 777
777 775
12 778
47 778
48 778
779 778
779 1
1 779
777 778
778 777
12 780
47 780
48 780
781 780
781 1
1 781
778 780
780 778
12 782
47 782
48 782
100 782
780 782
782 780
12 783
47 783
48 783
54 783
72 783
782 783
783 782
12 784
13 784
54 784
72 784
783 784
784 783
13 785
54 785
784 785
785 784
13 786
54 786
785 786
786 785
13 787
54 787
786 787
787 786
13 788
54 788
72 788
81 788
81 1
1 81
787 788
788 787
13 789
9 789
54 789
32 789
790 789
790 1
1 790
791 789
791 1
1 791
792 789
792 1
1 792
788 789
789 788
13 793
54 793
794 793
794 1
1 794
789 793
793 789
13 795
54 795
100 795
793 795
795 793
13 796
54 796
795 796
796 795
13 797
54 797
796 797
797 796
13 798
55 798
797 798
798 797
13 799
55 799
72 799
798 799
799 798
13 800
14 800
55 800
81 800
799 800
800 799
14 801
55 801
802 801
802 1
1 802
800 801
801 800
14 803
55 803
804 803
804 1
1 804
801 803
803 801
14 805
55 805
56 805
806 805
806 1
1 806
803 805
805 803
14 807
56 807
100 807
105 807
805 807
807 805
14 808
56 808
83 808
807 808
808 807
14 809
56 809
95 809
808 809
809 808
14 810
56 810
809 810
810 809
14 811
56 811
810 811
811 810
14 812
56 812
813 812
813 1
1 813
811 812
812 811
14 814
56 814
815 814
815 1
1 815
812 814
814 812
14 816
56 816
72 816
814 816
816 814
15 817
14 817
57 817
72 817
816 817
817 816
16 818
3 818
149 818
817 818
818 817
16 819
3 819
93 819
818 819
819 818
16 820
3 820
821 820
821 1
1 821
819 820
820 819
16 822
3 822
163 822
820 822
822 820
16 823
3 823
163 823
822 823
823 822
16 824
3 824
100 824
823 824
824 823
16 825
3 825
826 825
826 1
1 826
824 825
825 824
16 827
3 827
825 827
827 825
16 828
3 828
59 828
827 828
828 827
16 829
3 829
59 829
828 829
829 828
16 830
3 830
59 830
163 830
829 830
830 829
16 831
3 831
59 831
100 831
830 831
831 830
16 832
17 832
3 832
59 832
100 832
831 832
832 831
17 833
3 833
834 833
834 1
1 834
832 833
833 832
17 835
3 835
833 835
835 833
17 836
3 836
835 836
836 835
17 837
3 837
60 837
38 837
41 837
838 837
838 1
1 838
836 837
837 836
17 839
3 839
60 839
840 839
840 1
1 840
837 839
839 837
17 841
3 841
60 841
95 841
839 841
841 839
17 842
3 842
60 842
95 842
841 842
842 841
17 843
3 843
844 843
844 1
1 844
842 843
843 842
17 845
3 845
88 845
843 845
845 843
17 846
3 846
88 846
845 846
846 845
17 847
3 847
85 847
846 847
847 846
17 848
3 848
847 848
848 847
17 849
3 849
95 849
100 849
848 849
849 848
17 850
3 850
95 850
100 850
849 850
850 849
17 851
61 851
111 851
850 851
851 850
17 852
62 852
853 852
853 1
1 853
851 852
852 851
17 854
62 854
855 854
855 1
1 855
852 854
854 852
17 856
62 856
639 856
854 856
856 854
17 857
62 857
100 857
856 857
857 856
17 858
62 858
100 858
857 858
858 857
17 859
62 859
860 859
860 1
1 860
858 859
859 858
17 861
62 861
859 861
861 859
17 862
62 862
863 862
863 1
1 863
861 862
862 861
17 864
62 864
863 864
862 864
864 862
17 865
62 865
866 865
866 1
1 866
864 865
865 864
17 867
62 867
59 867
72 867
865 867
867 865
17 868
62 868
59 868
72 868
867 868
868 867
17 869
62 869
59 869
72 869
868 869
869 868
17 870
63 870
869 870
870 869
17 871
61 871
872 871
872 1
1 872
870 871
871 870
17 873
61 873
124 873
871 873
873 871
17 874
61 874
873 874
874 873
17 875
61 875
62 875
113 875
874 875
875 874
17 876
61 876
62 876
113 876
875 876
876 875
17 877
61 877
62 877
878 877
878 1
1 878
876 877
877 876
17 879
61 879
877 879
879 877
17 880
61 880
4 880
4 1
165 880
879 880
880 879
17 881
61 881
4 881
165 881
880 881
881 880
17 882
61 882
881 882
882 881
17 883
61 883
3 883
882 883
883 882
17 884
61 884
3 884
62 884
59 884
38 884
100 884
883 884
884 883
17 885
61 885
3 885
62 885
59 885
38 885
41 885
100 885
884 885
885 884
17 886
65 886
66 886
95 886
118 886
885 886
886 885
17 887
67 887
886 887
887 886
17 888
68 888
887 888
888 887
17 889
18 889
69 889
72 889
890 889
890 1
1 890
888 889
889 888
18 891
70 891
892 891
892 1
1 892
889 891
891 889
18 893
70 893
892 893
891 893
893 891
18 894
70 894
100 894
893 894
894 893
18 895
70 895
866 895
894 895
895 894
18 896
70 896
866 896
895 896
896 895
18 897
70 897
898 897
898 1
1 898
896 897
897 896
18 899
70 899
71 899
900 899
900 1
1 900
897 899
899 897
18 901
70 901
71 901
162 901
899 901
901 899
18 902
70 902
71 902
162 902
901 902
902 901
18 903
70 903
902 903
903 902
18 904
70 904
903 904
904 903
18 905
70 905
71 905
100 905
149 905
95 905
114 905
906 905
906 1
1 906
834 905
907 905
907 1
1 907
162 905
908 905
908 1
1 908
904 905
905 904
18 909
70 909
71 909
905 909
909 905
18 910
70 910
71 910
911 910
911 1
1 911
909 910
910 909
18 912
70 912
71 912
4 912
913 912
913 1
1 913
914 912
914 1
1 914
915 912
915 1
1 915
910 912
912 910
18 916
70 916
71 916
4 916
913 916
912 916
916 912
18 917
70 917
71 917
918 917
918 1
1 918
916 917
917 916
18 919
70 919
71 919
920 919
920 1
1 920
917 919
919 917
18 921
70 921
71 921
919 921
921 919
18 922
70 922
71 922
921 922
922 921
18 923
70 923
71 923
4 923
95 923
924 923
924 1
1 924
925 923
925 1
1 925
926 923
926 1
1 926
927 923
927 1
1 927
928 923
928 1
1 928
906 923
906 1
1 906
162 923
162 1
1 162
922 923
923 922
18 929
70 929
71 929
4 929
4 1
1 4
923 929
929 923
18 930
70 930
71 930
931 930
931 1
1 931
932 930
932 1
1 932
929 930
930 929
18 933
70 933
71 933
934 933
934 1
1 934
930 933
933 930
18 935
70 935
71 935
936 935
936 1
1 936
933 935
935 933
18 937
938 937
938 1
95 937
935 937
937 935
18 939
70 939
71 939
4 939
913 939
100 939
924 939
940 939
940 1
1 940
941 939
941 1
1 941
928 939
937 939
939 937
18 942
943 942
943 1
1 943
939 942
942 939
944 597
945 944
946 945
945 946
947 945
945 947
948 944
949 948
948 949
950 948
948 950
951 944
952 951
951 952
953 951
951 953
954 944
955 954
954 955
956 954
954 956
957 610
945 957
948 957
951 957
954 957
958 957
959 958
958 959
960 958
958 960
961 957
962 961
961 962
963 961
961 963
964 615
945 964
965 616
945 965
948 965
958 965
961 965
966 965
967 966
966 967
968 966
966 968
969 622
945 969
948 969
958 969
961 969
970 633
945 970
948 970
971 970
971 962
971 960
966 970
972 641
973 972
973 949
973 947
974 972
974 959
974 963
971 972
966 972
975 972
976 975
975 976
977 975
975 977
950 972
978 660
979 978
979 967
979 977
980 672
981 980
981 967
981 950
982 980
982 946
982 960
983 980
983 962
983 968
947 980
984 680
981 984
982 984
983 984
985 681
982 985
981 985
983 985
986 985
987 988
986 987
989 988
986 989
990 985
991 990
990 991
992 990
990 992
993 985
994 993
993 994
995 993
993 995
996 985
997 996
996 997
998 996
996 998
999 985
1000 999
999 1000
1001 999
999 1001
1002 985
1003 1002
1002 1003
1004 1002
1002 1004
1005 985
1006 1005
1005 1006
1007 1005
1005 1007
1008 985
1009 1008
1008 1009
1010 1008
1008 1010
1011 686
1012 1011
1012 946
1012 968
981 1011
971 1011
990 1011
1008 1011
996 1011
1013 693
1012 1013
981 1013
971 1013
990 1013
993 1013
999 1013
1014 1013
1014 1003
1014 1007
1015 738
971 1015
1016 1015
1016 967
1016 995
1017 1015
1017 1000
1018 1019
1017 1018
1014 1015
1020 775
1012 1020
1021 782
1012 1021
1022 1021
1022 962
1022 1018
1023 1021
1023 967
1023 1004
1024 1021
1024 1003
1024 960
1025 795
1012 1025
1022 1025
1023 1025
1024 1025
1026 1025
1027 1026
1026 1027
1028 1026
1026 1028
1029 1025
1030 1029
1029 1030
1031 1029
1029 1031
1032 1025
1033 1032
1032 1033
1034 1032
1032 1034
1035 807
1012 1035
1023 1035
1036 1035
1037 1036
1036 1037
1038 1036
1036 1038
1039 1035
1040 1039
1039 1040
1041 1039
1039 1041
1042 1035
1043 1042
1042 1043
1044 1042
1042 1044
1045 1035
1046 1045
1045 1046
1047 1045
1045 1047
1048 1035
1049 1048
1048 1049
1050 1048
1048 1050
1051 1035
1052 1051
1051 1052
1053 1051
1051 1053
1054 1035
1055 1054
1054 1055
1056 1054
1054 1056
1057 1035
1058 1057
1057 1058
1059 1057
1057 1059
