3131 6665
0	1
0	2
0	3
0	4
0	5
0	6
0	7
0	8
0	9
0	10
0	11
0	12
0	13
0	14
0	15
0	16
0	17
0	18
0	19
0	20
0	21
0	22
0	23
0	24
0	25
0	26
0	27
0	28
0	29
0	30
0	31
0	32
0	33
0	34
0	35
0	36
0	37
0	38
0	39
0	40
0	41
0	42
0	43
0	44
0	45
0	46
0	47
0	48
0	49
0	50
0	51
0	52
0	53
0	54
0	55
0	56
0	57
0	58
0	59
0	60
0	61
0	62
0	63
0	64
0	65
0	66
0	67
0	68
0	69
0	70
0	71
0	72
0	73
0	74
0	75
0	76
0	524
0	418
0	746
0	482
0	829
0	775
0	887
0	1050
0	1194
0	332
0	1365
0	676
0	1512
0	131
0	1569
0	1054
0	1577
0	1207
0	334
0	295
0	709
0	1136
0	1839
0	1918
0	2078
0	770
0	2131
0	2170
0	393
0	599
0	1335
0	2260
0	2318
0	2392
0	2459
0	2546
0	342
0	668
0	430
0	669
0	2828
0	1999
0	1551
0	1980
0	2909
0	521
0	432
0	3058
0	2036
0	1265
0	3082
0	785
1	257
1	258
1	259
1	260
1	261
1	262
1	263
1	264
1	265
1	266
1	267
1	268
1	269
1	270
1	271
1	272
1	273
1	274
1	144
1	469
1	622
1	826
1	1595
1	1645
1	1861
1	1232
1	202
1	825
1	1151
1	1616
1	926
1	2681
1	1606
1	40
1	1068
2	447
2	448
2	415
2	449
2	450
2	451
2	452
2	453
2	454
2	524
2	701
2	1006
2	1967
2	2192
2	364
2	2417
2	2942
3	615
3	7
3	616
3	617
3	618
3	619
3	355
3	620
3	621
3	13
3	285
3	2630
3	2033
3	280
3	1878
3	3127
5	524
5	827
5	828
5	679
5	468
5	2507
6	917
6	596
6	918
6	919
6	574
6	847
6	679
7	417
7	76
7	130
7	1086
7	1087
7	335
7	574
7	483
7	800
7	1088
7	1089
7	230
7	297
7	718
7	269
7	750
7	825
7	29
7	2511
7	288
7	1021
7	407
7	1744
8	1127
8	1128
8	1129
8	1097
8	2365
8	678
8	2764
8	316
8	1977
9	1794
9	1249
9	1632
10	112
10	751
10	211
10	967
11	469
11	690
11	1252
11	1253
11	1049
12	1198
12	676
12	87
12	2619
13	130
13	628
13	482
13	328
13	372
13	1099
13	16
13	787
13	1011
13	1458
13	1459
13	1460
13	1461
13	725
13	1462
13	1463
13	1112
13	1382
13	161
13	898
13	897
13	2484
13	280
13	2958
13	3045
14	1820
14	2366
16	143
16	633
16	319
16	671
16	879
16	331
16	1258
16	1261
16	696
16	1594
16	1367
16	813
16	77
16	303
16	1811
16	321
16	1115
16	1152
16	1206
16	527
16	1812
16	1813
16	164
16	855
16	1814
16	280
16	35
16	1815
16	1816
16	1817
16	432
16	1409
16	778
16	608
16	1561
16	1107
16	1818
16	1819
16	1820
16	1821
16	1822
16	859
16	2161
16	2202
16	364
16	428
16	62
16	132
16	2392
16	1579
16	2510
16	229
17	698
17	1175
17	1214
17	332
17	1097
17	940
17	76
17	1146
17	660
17	428
17	1842
17	1843
17	1844
17	1845
17	1846
17	1847
17	1848
17	1849
17	1850
17	1721
17	1431
17	2409
17	2681
17	853
17	211
17	1249
17	3083
17	3125
18	664
18	1878
18	1606
21	676
23	571
23	2080
23	518
24	629
24	1332
24	1961
24	2139
24	661
24	2140
24	211
24	1546
24	87
24	1464
24	1052
24	2712
25	77
25	363
25	829
25	905
25	237
25	591
25	1687
25	628
25	615
25	1471
25	2293
25	1833
25	280
25	1490
25	2813
25	3021
25	3113
26	1563
26	2234
26	521
27	1547
27	888
27	2695
28	123
28	1202
28	721
28	1769
28	630
28	200
28	213
28	328
28	629
28	1225
28	1241
28	85
28	880
28	1768
28	399
28	2681
28	956
29	426
29	112
29	2445
29	1107
29	123
29	2446
29	434
29	2447
29	2448
29	668
29	274
32	245
32	2026
32	363
32	246
32	1098
34	739
34	1086
34	113
34	1768
34	2097
34	1151
34	2555
34	2577
34	210
34	1218
34	2436
34	2008
34	1138
34	2540
34	1554
34	1487
34	591
34	1746
34	2756
34	2429
34	2095
34	3036
34	3076
35	1652
35	2532
35	752
35	445
35	1074
35	1752
35	223
35	2761
35	779
35	286
35	55
35	126
35	1112
35	1527
36	220
36	1602
37	1880
39	174
39	1156
39	1813
40	1797
40	1359
40	419
40	2903
40	2904
40	1487
40	662
40	3002
41	130
41	1727
41	1806
41	1232
41	1243
41	126
41	689
41	795
41	215
41	2829
42	134
42	1150
42	1489
42	2937
44	246
44	2989
44	488
44	2990
44	2286
44	1568
45	76
46	905
46	218
47	1652
47	1511
47	237
48	1640
48	3034
48	895
50	1524
51	1240
51	628
51	1380
51	1696
51	1697
51	87
51	1698
51	280
51	1750
51	2130
51	1431
51	1677
51	856
51	110
51	3116
52	2150
52	2504
53	1175
53	1274
53	371
55	77
55	1243
55	2871
55	2924
55	407
56	1476
57	964
61	2008
61	988
61	829
61	2529
61	718
61	2530
61	1061
62	77
62	424
64	280
67	1525
67	1256
68	629
68	1762
69	189
69	137
70	920
70	1164
71	131
71	598
71	3089
71	3090
71	537
76	77
76	78
76	79
76	80
76	81
76	82
76	83
76	84
76	85
76	86
76	87
76	88
76	89
76	90
76	91
76	92
76	93
76	94
76	95
76	96
76	97
76	98
76	99
76	100
76	101
76	102
76	103
76	104
76	105
76	106
76	107
76	108
76	109
76	110
76	111
76	328
76	1145
76	283
76	629
76	1731
76	1918
76	1926
76	1169
76	574
76	2351
76	906
76	1489
76	277
76	2536
76	254
76	2670
76	1408
76	2539
76	468
76	2287
76	1496
76	3082
76	2646
77	112
77	113
77	114
77	115
77	116
77	117
77	86
77	118
77	119
77	120
77	121
77	122
77	123
77	124
77	125
77	126
77	127
77	128
77	129
77	441
77	573
77	592
77	628
77	526
77	766
77	331
77	304
77	1633
77	338
77	1899
77	750
77	1343
77	2131
77	1285
77	1523
77	691
77	752
77	280
77	276
77	730
77	2840
77	737
77	3002
77	1021
77	3036
77	500
77	1131
78	143
78	478
78	392
78	479
78	480
78	1731
78	786
78	2858
79	825
79	345
79	1779
79	359
79	432
81	112
81	1232
81	164
81	448
81	825
81	229
82	696
82	574
84	926
85	278
85	1143
85	1287
85	887
85	1048
85	2096
85	731
85	432
86	821
86	1046
86	338
86	542
86	329
86	775
86	906
86	2193
86	2194
86	1195
86	1398
86	1891
86	817
86	1236
86	2599
87	469
87	112
87	269
87	131
87	1916
87	1877
87	686
87	689
87	1092
87	151
87	2273
87	2274
87	2275
87	1702
87	384
87	428
87	2544
87	824
87	2820
87	432
88	1030
88	676
88	977
88	1453
88	564
89	1199
89	186
89	611
89	1185
89	2493
89	583
89	120
90	389
90	425
90	123
91	1712
91	2718
91	366
92	112
92	988
92	736
92	147
92	1769
92	1622
92	908
92	964
92	2276
92	2945
92	1395
93	1722
94	1805
94	2908
94	427
96	1552
97	2675
98	952
99	1225
99	663
99	2130
99	3118
102	698
102	1381
102	1440
103	1099
103	630
106	470
106	1100
107	200
107	468
107	2887
107	1519
107	419
107	1256
108	1640
109	148
109	664
109	2166
109	1127
109	2357
109	1481
110	689
110	829
110	1664
110	1456
110	776
110	2863
110	2227
112	290
112	372
112	670
112	469
112	526
112	947
112	948
112	598
112	949
112	950
112	951
112	952
112	953
112	954
112	121
112	851
112	955
112	956
112	957
112	958
112	944
112	959
112	908
112	960
112	961
112	962
112	963
112	964
112	965
112	254
112	966
112	967
112	968
112	969
112	970
112	676
112	1594
112	1201
112	1890
112	338
112	247
112	909
112	2137
112	786
112	392
112	787
112	2013
112	2417
112	1543
112	2439
112	2193
112	2464
112	274
112	705
112	3001
112	3035
112	3074
113	363
113	478
113	1532
113	164
113	1533
113	1534
113	856
113	1535
113	1093
113	1536
113	609
113	235
113	153
113	2261
113	1669
114	417
114	1601
114	1602
114	1603
114	1604
114	1671
114	2645
114	781
115	458
115	1526
115	428
115	383
115	1796
115	386
115	1797
115	1798
115	541
115	1799
115	914
115	161
115	1572
115	690
115	2608
115	494
115	668
115	1979
115	2912
115	1253
115	559
115	2530
116	1950
116	1974
116	1583
117	850
119	642
119	823
119	761
119	1352
119	1306
119	1243
119	1213
119	1907
119	2538
119	2539
119	1289
120	245
120	2277
121	410
121	1702
123	681
123	682
123	683
123	684
123	685
123	1097
123	1095
123	1706
123	690
123	459
123	2521
124	573
124	328
124	1060
126	352
126	1171
126	448
126	743
126	2109
126	2497
126	2498
126	2499
126	2500
126	2526
127	393
130	131
130	132
130	133
130	134
130	135
130	136
130	137
130	138
130	139
130	140
130	141
130	142
130	782
130	887
130	1863
130	767
130	1568
130	2166
130	2298
130	1447
130	669
130	802
130	541
130	3122
131	1258
131	391
131	1541
131	533
131	1192
131	756
131	1542
131	195
131	1543
131	1544
131	1545
131	1546
131	560
131	1193
131	895
131	2084
131	2188
131	2260
131	2601
131	276
131	498
131	399
132	939
132	1138
132	332
132	1511
132	134
132	2343
132	704
132	1246
133	1510
133	1626
133	2443
134	1636
134	1664
134	171
134	731
134	2542
134	2681
134	2813
137	615
138	144
138	1111
138	715
138	1114
138	161
139	971
140	598
141	2639
143	144
143	145
143	146
143	147
143	148
143	149
143	150
143	151
143	152
143	153
143	154
143	155
143	156
143	157
143	158
143	159
143	160
143	161
143	162
143	163
143	164
143	165
143	166
143	167
143	168
143	169
143	170
143	171
143	172
143	173
143	174
143	175
143	176
143	177
143	178
143	179
143	180
143	181
143	182
143	183
143	184
143	185
143	220
143	414
143	201
143	1214
143	1537
143	1679
143	1107
143	504
143	1970
143	1343
143	1344
143	1824
143	2365
143	1222
143	2589
143	3016
143	3024
143	2598
143	2034
144	401
144	402
144	403
144	448
144	1415
144	778
144	1723
146	303
146	424
146	670
146	487
146	708
146	736
146	737
146	738
146	739
146	740
146	741
146	411
146	2030
146	574
146	1572
146	873
146	1222
146	405
146	2614
146	2542
146	376
147	786
147	787
147	788
147	789
147	625
147	790
147	2015
147	988
147	1489
147	1550
147	2346
148	328
148	319
148	766
148	372
148	843
148	844
148	845
148	398
148	846
148	847
148	1358
148	1365
148	393
148	466
148	384
148	2184
149	1529
149	1530
151	389
151	246
151	526
152	1256
152	679
152	410
152	1876
153	1229
153	1086
153	525
153	615
153	995
153	1205
153	470
153	1552
153	1761
153	1684
153	844
153	954
153	1762
153	407
153	536
153	891
153	1763
153	1764
153	1765
153	1766
153	1131
153	1767
153	1916
153	1582
153	274
153	1061
154	976
154	2010
156	779
156	468
156	2108
157	389
157	1092
157	415
157	1116
160	668
161	469
161	1155
161	283
161	630
161	1696
161	278
161	689
161	998
161	2301
161	2302
161	1337
161	1040
161	1772
161	749
161	2303
161	2304
161	2305
161	2306
161	2307
161	2406
161	1183
161	1213
161	757
161	2979
161	1881
162	676
162	425
162	460
162	2326
162	1407
162	398
162	2205
162	2327
162	2328
162	1080
163	334
163	411
163	2221
163	978
163	2652
163	956
164	298
164	664
164	1079
164	215
164	1018
164	995
164	1274
164	1084
164	1412
164	844
164	2360
164	2361
164	757
164	450
164	1356
164	2362
164	370
164	789
164	2363
164	273
164	211
164	384
164	764
164	2085
164	1249
164	1134
164	1800
164	2994
167	1696
167	2225
167	646
167	2459
167	2654
167	2470
168	1793
168	2063
168	646
169	461
169	1380
170	1646
170	1199
170	1127
170	2835
170	2298
174	245
174	220
174	615
174	1400
174	1401
174	1240
174	571
174	1402
174	419
174	1403
174	1264
174	1404
174	1405
174	1367
174	1343
174	2155
174	574
174	1523
174	1336
174	2677
174	2923
174	3016
175	1229
175	630
175	1528
175	399
175	667
175	2231
176	1171
176	969
178	611
178	897
178	898
178	793
178	1258
178	1086
178	1785
178	1364
178	2066
178	2871
180	328
180	672
180	1372
180	1364
180	2450
180	2368
184	1164
184	667
185	1272
186	186
186	187
186	188
186	189
186	190
186	191
186	192
186	193
186	194
186	195
186	196
186	197
186	198
186	199
186	207
186	1843
186	1637
186	1217
186	1428
186	2547
187	1890
187	1895
187	1896
187	1897
187	1151
187	1898
187	1566
187	2915
189	1285
189	593
190	743
190	1596
190	2013
193	689
194	213
194	469
194	628
194	933
194	1048
194	654
194	1152
194	1471
194	813
194	1858
194	1415
194	2037
194	576
194	596
194	2038
194	2039
194	397
194	2040
194	2041
194	2042
194	2043
194	394
194	2292
194	2419
194	501
195	1586
200	201
200	202
200	203
200	204
200	205
200	206
200	207
200	208
200	209
200	210
200	211
200	212
200	887
200	536
200	1044
200	1963
200	1294
200	248
200	1880
201	298
201	524
201	525
201	526
201	527
201	471
201	528
201	529
201	530
201	531
201	532
201	533
201	534
201	535
201	536
201	537
201	538
201	539
201	540
201	541
201	796
201	2008
201	767
201	483
201	869
201	272
201	678
201	668
201	500
201	1420
202	1145
202	333
202	1774
202	598
202	1086
202	1221
202	1986
202	1652
202	1971
202	681
202	1987
202	1988
202	1989
202	1846
202	444
202	1990
202	1763
203	564
203	3108
204	659
204	1092
204	2516
204	377
205	1192
205	3103
205	3104
206	576
206	1754
207	1863
207	2123
207	1341
207	1606
209	246
209	280
210	629
210	2019
210	2626
211	469
211	829
211	2294
211	897
211	2609
211	1218
211	319
211	920
211	1152
211	2301
211	1359
211	409
211	392
211	2037
211	1843
211	2898
211	1937
211	2843
211	1410
211	2530
213	214
213	215
213	216
213	217
213	218
213	219
213	303
213	1521
213	1611
213	223
213	1997
213	2909
214	561
214	1397
214	1398
214	271
214	1561
214	2593
214	311
215	417
215	1086
215	1923
215	279
215	1304
215	1494
215	849
215	262
216	2130
216	392
218	390
218	2009
218	2863
218	2744
220	221
220	222
220	223
220	224
220	225
220	226
220	227
220	228
220	229
220	230
220	231
220	232
220	233
220	234
220	235
220	236
220	237
220	238
220	239
220	240
220	241
220	242
220	243
220	244
220	469
220	1255
220	629
220	1712
220	1304
220	1751
220	1781
220	690
220	1052
220	2231
220	1349
220	2824
220	2844
220	992
220	543
220	2932
220	501
221	1152
221	1327
221	1328
221	1329
221	923
221	1330
221	1331
221	1903
222	573
222	1195
223	975
223	1637
223	280
223	1759
223	1760
223	2357
223	873
223	952
223	1183
223	1784
223	1619
224	978
224	1274
225	1856
225	2184
226	1569
226	1519
226	2192
226	376
226	756
226	1772
227	254
228	977
228	278
228	1805
229	670
229	322
229	1209
229	373
229	526
229	776
229	1309
229	2860
229	699
230	328
230	1359
230	1413
230	910
230	3030
232	2171
233	1262
233	749
235	1631
235	1632
235	825
235	943
236	2522
237	1121
237	280
237	801
237	1122
237	1123
237	1124
237	1098
237	1125
237	1126
237	449
237	1732
240	1005
240	1138
240	756
242	608
244	393
245	246
245	247
245	248
245	249
245	250
245	251
245	252
245	253
245	254
245	255
245	256
245	390
245	949
245	1950
245	2150
245	2498
245	3064
246	389
246	487
246	488
246	300
246	448
246	489
246	490
246	491
246	483
246	492
246	493
246	494
246	495
246	496
246	497
246	498
246	499
246	500
246	501
246	366
246	502
246	503
246	504
246	505
246	506
246	507
246	508
246	509
246	510
246	511
246	512
246	513
246	514
246	515
246	516
246	517
246	633
246	698
246	1258
246	1095
246	402
246	478
246	1656
246	1287
246	1758
246	1201
246	630
246	1891
246	1926
246	909
246	2180
246	419
246	2417
246	2541
246	1850
246	2599
246	738
246	2945
246	2125
246	3096
246	732
247	415
247	1064
247	280
248	286
248	418
248	1086
248	1149
248	1851
248	557
248	2296
248	1524
248	2297
248	1477
249	372
249	536
249	1363
250	372
250	2142
250	2354
250	1501
250	2932
250	370
250	1388
251	294
253	2601
254	303
254	532
254	1349
254	2762
255	925
255	1230
257	278
257	319
257	1079
257	1080
257	1081
257	1082
257	767
257	2155
257	2422
257	1192
258	410
258	1647
258	1648
258	1649
258	1515
258	1650
258	379
258	2173
258	383
258	2977
259	2106
259	2107
259	1207
259	2108
259	851
259	1265
261	676
261	2341
261	1585
261	2329
262	1116
262	389
262	2533
262	2587
263	305
263	3076
266	410
268	1306
269	689
269	1145
269	1274
269	1464
269	1465
269	1466
269	342
270	1213
271	628
271	998
271	319
271	458
271	1446
271	1142
271	1296
271	2062
271	1585
272	747
272	1303
274	642
274	1437
274	392
274	428
274	2373
274	571
274	2896
274	2897
274	2979
275	276
275	277
275	1240
275	1437
275	751
275	1465
275	2605
275	1479
275	1550
276	1475
276	1054
276	665
276	1730
276	1002
276	382
276	1337
276	405
276	2641
276	1040
276	328
276	424
276	1018
276	2774
276	1464
276	2775
276	481
276	979
276	2776
276	2777
276	2778
276	1643
276	2779
277	1805
277	1489
277	278
277	520
277	968
278	279
278	280
278	281
278	282
278	283
278	284
278	285
278	286
278	287
278	288
278	289
278	1266
278	1506
278	1755
278	472
278	1602
278	655
278	1762
278	541
278	1723
278	732
279	1171
279	1172
279	1173
279	1174
279	990
279	521
280	417
280	677
280	1037
280	1083
280	1090
280	1146
280	902
280	1352
280	676
280	1095
280	536
280	1786
280	1930
280	750
280	2022
280	703
280	2114
280	2170
280	2173
280	419
280	2219
280	2037
280	1532
280	372
280	2722
280	2134
280	933
280	1074
280	1274
280	1230
280	1676
280	1552
280	2723
280	2724
280	2079
280	2199
280	2551
280	1920
280	2202
280	2233
280	712
280	2080
280	1073
280	1579
280	2725
280	2726
280	402
280	2224
280	2727
280	2728
280	861
280	2729
280	2730
280	2731
280	1001
280	2732
280	2733
280	1395
280	2734
280	2735
280	2507
281	457
281	2691
281	448
281	2081
282	742
282	374
282	2389
282	2550
283	425
283	672
283	998
283	1229
283	1230
283	1231
283	1232
283	1233
283	1234
283	419
283	1073
283	1235
283	1236
283	297
283	1237
283	1238
283	1239
283	591
283	2079
283	1813
283	2243
283	346
283	3022
284	1407
284	1573
285	1696
286	468
286	2312
286	1040
287	332
288	687
288	629
288	1258
288	665
288	2165
288	383
288	2644
288	1887
290	291
290	292
290	293
290	1577
290	1748
290	1200
290	1496
291	1013
291	591
291	1916
291	1967
291	923
291	1170
291	425
291	939
291	1770
291	629
291	1484
291	448
291	2462
291	1479
291	2267
291	2463
291	2464
291	696
291	2391
291	988
291	1643
291	514
291	2465
291	1527
291	2466
291	2467
291	756
291	1419
291	1955
291	2597
291	2851
291	1393
291	1395
291	3083
291	785
292	951
292	3048
292	1047
293	425
293	338
294	295
294	296
294	297
294	298
294	978
294	1206
294	1413
294	2198
294	2687
295	1705
296	591
298	318
298	319
298	320
298	321
298	322
298	323
298	324
298	325
298	326
298	327
298	657
298	905
298	949
298	1020
298	543
299	300
299	301
299	302
299	2820
300	1689
300	1151
300	1690
300	1696
301	1240
301	303
301	1771
301	2014
301	564
302	2242
302	2472
302	738
302	481
303	304
303	305
303	306
303	307
303	308
303	309
303	310
303	311
303	312
303	313
303	314
303	315
303	316
303	317
303	469
303	1727
303	529
303	1970
303	1601
303	1020
303	2045
303	2361
303	1038
303	451
303	2786
304	696
304	1605
304	410
304	2197
304	2553
304	1210
304	2507
305	900
305	1679
305	372
305	1294
305	500
305	1757
305	2760
305	748
306	1442
306	875
306	1994
306	2055
306	1341
306	2368
307	1303
309	1340
309	591
311	370
311	1516
311	635
311	2616
311	707
312	1343
312	2037
313	1031
313	2202
313	3087
314	795
314	663
314	2924
316	417
316	2816
317	696
318	344
319	469
319	670
319	707
319	708
319	709
319	710
319	711
319	667
319	492
319	712
319	713
319	714
319	715
319	716
319	717
319	521
319	718
319	719
319	720
319	721
319	697
319	633
319	722
319	723
319	724
319	725
319	726
319	727
319	742
319	696
319	1367
319	335
319	591
319	813
319	1947
319	1584
319	1981
319	786
319	2157
319	2174
319	1127
319	690
319	2419
319	2633
319	2773
319	2941
319	1378
319	1876
319	2049
319	3101
320	542
320	866
320	867
320	559
320	868
320	390
320	364
320	1210
321	869
321	870
321	871
321	668
321	1490
321	1068
322	800
322	697
322	899
322	1130
322	1002
323	1157
323	1158
323	1159
323	521
323	1160
323	1161
323	1162
323	1163
323	1240
323	534
323	2915
324	329
324	774
324	1110
324	1359
324	589
324	528
324	493
324	668
324	344
324	2005
324	2202
324	1344
324	781
324	783
325	677
325	1097
325	410
325	472
325	2174
325	2958
328	329
328	330
328	331
328	332
328	333
328	334
328	335
328	336
328	337
328	338
328	339
328	340
328	341
328	342
328	343
328	344
328	345
328	346
328	347
328	348
328	349
328	350
328	351
328	352
328	353
328	354
328	355
328	356
328	357
328	358
328	359
328	360
328	361
328	362
328	386
328	589
328	628
328	805
328	1953
328	2386
328	2495
328	1336
328	620
328	2640
328	2337
328	1027
328	1098
328	2920
328	3015
328	3102
328	3126
329	392
329	1590
330	335
330	750
330	751
330	348
330	752
330	1510
331	574
331	1057
331	1303
332	597
332	835
332	1305
332	1306
332	392
332	1307
332	1308
332	1309
332	1310
332	1451
332	1950
332	508
332	2643
332	2484
332	2681
332	851
332	1573
333	599
333	644
333	371
333	446
334	805
334	1641
334	2189
335	1606
335	1630
335	1462
335	2677
336	668
338	1251
338	1076
338	756
340	455
340	634
340	1857
340	1030
340	1140
340	2342
340	705
342	1336
342	2702
342	1097
342	2703
344	363
344	1240
344	1340
344	1491
344	699
344	2398
344	678
344	1946
344	668
344	2187
344	445
344	1175
344	2864
344	1758
344	364
344	2550
344	2865
344	2866
344	2867
344	2868
344	1211
344	2869
344	1648
344	2856
344	2870
345	2219
345	2344
345	1937
345	1236
345	417
345	2096
345	612
345	1261
345	2954
345	2955
346	1153
346	2931
347	1070
347	1225
347	2037
347	2150
347	1036
347	3007
347	696
347	3008
348	2389
348	566
348	706
350	696
350	2378
350	664
350	1202
350	1444
350	1888
350	1926
350	3119
352	390
352	1045
352	797
352	1399
352	598
353	372
353	570
353	571
353	572
354	1511
354	2906
354	957
355	939
355	2762
356	1437
356	1343
358	2033
359	417
359	1358
359	2060
359	2404
359	2367
359	1080
359	1230
359	2845
359	2846
359	2847
359	2848
363	364
363	365
363	366
363	367
363	368
363	369
363	1205
363	1752
363	738
363	2049
364	1197
364	1326
364	1492
364	1516
364	1712
364	524
364	742
364	1412
364	708
364	1696
364	1889
364	450
364	2276
364	1556
364	2277
364	704
364	2755
364	1897
366	408
366	526
366	1005
366	1512
366	1749
366	1855
366	2016
366	2852
366	594
366	2623
366	3085
366	504
366	593
368	1583
370	371
370	779
371	583
371	1651
371	393
371	1364
371	1676
371	2649
371	1903
371	2650
371	1151
371	2298
372	373
372	374
372	375
372	376
372	377
372	378
372	379
372	1072
372	1086
372	1357
372	779
372	1745
372	1568
372	599
372	1341
372	1028
373	1044
373	909
373	1652
373	1785
373	2235
373	2773
373	2366
374	696
374	2388
374	1569
376	1624
376	1151
376	756
376	2605
376	1635
376	2803
377	457
377	2073
377	1976
377	2044
377	399
377	2818
377	545
377	421
377	3043
378	441
378	795
379	638
380	381
380	382
380	383
380	384
380	385
380	1335
380	1456
380	713
380	2484
381	1484
381	926
382	689
383	469
383	615
383	1240
383	1973
383	2451
383	2592
383	678
383	1241
383	427
383	451
384	812
384	1484
384	1652
384	1855
384	392
384	1423
384	2901
384	579
386	387
386	388
386	598
386	1233
389	390
389	391
389	392
389	393
389	394
389	395
389	396
389	397
389	398
389	399
389	400
389	465
389	425
389	747
389	923
389	839
389	2474
389	736
389	2193
389	2842
389	990
389	1711
390	689
390	629
390	411
390	974
390	975
390	976
390	719
390	977
390	978
390	979
390	980
390	981
390	1255
390	1334
390	470
390	1160
390	419
390	1040
390	926
390	2762
390	3002
391	696
391	808
391	1322
391	2021
392	654
392	628
392	672
392	1039
392	739
392	1095
392	608
392	977
392	1567
392	708
392	1691
392	1304
392	1752
392	1891
392	762
392	2073
392	2137
392	2142
392	573
392	1360
392	796
392	1157
392	2262
392	1534
392	2263
392	2264
392	2265
392	2266
392	2267
392	1289
392	1955
392	430
392	638
392	2268
392	2269
392	1615
392	895
392	2152
392	652
392	1765
392	2270
392	867
392	810
392	2271
392	2272
392	2339
392	496
392	484
392	2631
392	435
392	3022
392	2429
393	1045
393	1712
393	1805
393	489
393	672
393	2082
393	2203
393	596
393	460
393	1054
393	1513
393	1421
393	1490
393	468
393	2840
393	2947
394	761
394	1293
394	1514
394	2871
396	1407
396	2107
397	566
397	1730
397	2540
398	925
398	1380
398	799
398	1341
398	738
398	1454
398	1455
398	1456
398	1457
398	2315
398	2389
398	2517
398	2536
398	2550
398	2631
398	557
398	2153
398	2581
399	690
399	989
399	2603
399	1976
399	837
399	902
399	2195
399	862
401	2484
402	1579
402	1580
402	460
402	1190
402	1857
402	2037
404	405
404	406
404	407
404	1086
406	418
406	784
406	2950
406	2209
407	882
407	607
407	670
407	1471
407	1696
407	2804
407	800
407	2353
408	409
408	410
408	411
408	412
408	413
408	1104
408	471
408	690
408	2824
408	2123
408	3000
409	1195
410	1010
410	526
410	1823
410	940
410	1525
410	1824
410	646
410	730
410	1100
410	1825
410	1826
410	1827
410	1828
410	559
410	2238
410	1073
410	1162
410	2523
410	1061
410	501
411	660
411	1622
411	521
411	1981
411	2021
411	2695
414	415
414	416
414	1152
415	1651
415	1679
415	2219
415	1957
415	2298
415	469
415	1683
415	2285
415	2747
415	2748
415	2749
415	2750
415	2751
415	2752
416	2536
417	418
417	419
417	420
417	421
417	422
417	423
417	676
417	2276
417	2498
417	541
418	705
418	706
418	1303
418	3020
419	1058
419	948
419	761
419	1568
419	592
419	425
419	1978
419	2035
419	2207
419	2208
419	1535
419	2209
419	2210
419	2211
419	2212
419	2451
419	2632
419	496
419	1878
419	521
420	875
420	550
420	679
420	876
420	500
420	2925
421	1947
421	689
421	2432
421	1206
421	1209
421	2433
421	2434
421	1671
421	2435
421	2045
424	425
424	426
424	427
424	428
424	429
424	430
424	431
424	432
424	433
424	434
424	435
424	436
424	437
424	438
424	439
424	440
424	791
424	813
424	1965
424	1431
424	1027
424	773
424	3000
425	850
425	851
425	852
425	853
425	664
425	529
425	2168
426	1153
426	1189
426	1190
426	1352
426	1451
426	1493
426	975
426	2037
426	1606
426	757
427	542
427	2084
427	746
427	2283
427	813
427	2284
427	2285
427	2286
427	1479
427	2287
427	2288
427	1678
427	2289
427	2290
427	990
427	1256
428	628
428	1636
428	1143
428	813
428	1308
428	982
428	2310
428	676
428	1340
428	1774
428	2311
428	540
428	1759
428	2981
430	800
430	2809
432	900
432	1037
432	1585
432	776
432	1883
432	2079
432	1295
432	1602
432	524
432	589
432	611
432	2082
432	1132
432	3056
432	669
432	3057
432	1679
432	2776
432	2682
433	451
433	2357
433	2286
433	2743
434	1274
434	1484
434	2226
435	823
435	1606
437	2956
441	442
441	443
441	774
441	1164
443	1444
443	1356
443	572
443	2532
444	445
444	446
444	1363
445	1785
445	2632
445	1406
445	2780
447	1201
447	676
447	2146
447	856
448	1310
448	755
448	1800
448	1801
448	662
448	1802
448	1803
448	454
448	1804
448	1052
449	665
449	1710
449	1218
449	1552
449	2770
450	2182
450	1592
450	851
450	676
451	1185
451	1753
451	558
451	2965
451	1881
451	1356
451	2966
452	708
452	521
453	671
453	1591
453	1749
453	1306
453	3099
455	456
456	1924
456	3023
457	458
457	459
457	460
457	461
457	462
457	463
457	464
457	633
457	708
457	1675
457	895
457	2687
457	3115
458	1097
458	1710
458	505
459	1242
459	574
459	2365
460	589
461	1217
461	1218
461	1219
461	1220
461	796
461	1928
461	1987
461	757
461	2530
463	1352
463	1936
463	1241
463	2484
463	2485
463	2486
463	1030
463	623
463	669
463	2979
464	1138
464	836
464	1136
464	1707
464	532
464	3080
465	466
465	467
465	1447
465	1250
466	1136
466	468
466	679
467	665
467	926
467	1578
468	689
468	935
468	697
468	706
468	1751
468	1970
468	1344
468	2494
468	855
468	2544
468	894
468	2798
468	2238
468	2616
468	2799
468	959
468	2800
468	2801
468	2802
468	3029
469	470
469	471
469	472
469	473
469	474
469	475
469	476
469	477
469	1230
469	600
469	1547
469	1367
469	1995
469	750
469	712
469	1256
469	500
469	1131
470	905
470	1152
470	1175
470	629
470	528
470	1467
470	1345
470	1019
470	1468
470	1469
470	1470
470	1975
470	1388
471	1358
471	603
471	1737
471	1587
471	1372
471	1738
471	1739
471	1251
471	1740
471	1741
471	781
471	1742
471	1916
471	962
471	1336
471	1551
472	573
472	1240
472	1127
472	1984
472	1080
472	1955
472	1597
472	1522
472	1151
472	1985
472	1073
472	2474
472	2838
472	866
473	686
473	1912
473	2465
474	1241
478	643
478	546
481	482
481	483
481	484
481	485
481	486
481	599
481	771
482	823
482	792
482	824
482	780
482	608
482	1464
482	1183
482	1341
482	2587
482	992
483	630
483	1079
483	775
483	1794
483	2369
483	679
483	1080
483	2370
483	2640
484	1181
484	779
484	1085
484	796
484	2262
484	2347
484	1987
484	1112
484	2427
484	1502
487	1023
487	1024
487	1025
487	855
487	1026
487	1027
487	1028
487	1029
487	1030
487	1031
487	662
487	1032
487	1033
487	1034
487	1518
487	1727
487	1981
487	574
487	1151
487	2367
487	521
489	1206
489	591
491	762
491	1006
491	1992
492	1444
492	1101
492	2371
494	717
494	1931
495	847
496	2611
496	2719
497	742
497	2422
497	2797
497	576
497	591
498	2761
499	1452
499	1853
500	1256
500	1805
500	2922
501	835
501	1055
501	1671
501	895
501	2638
501	3072
501	3073
501	850
501	2036
501	1550
501	2682
504	528
504	1595
504	1799
506	1939
506	2056
508	1005
508	1070
508	855
508	2426
511	746
511	1258
511	1220
513	1506
513	836
515	2549
515	1344
515	2671
516	1888
518	519
518	520
518	521
518	522
518	523
518	1152
518	676
518	1710
520	721
520	1561
520	2112
520	747
520	1971
520	1383
520	1186
520	1345
520	1489
520	2781
520	2782
520	543
521	1156
521	1508
521	1489
521	926
521	668
521	1289
521	746
521	1547
521	792
521	750
521	1085
521	2959
521	1987
521	2601
521	986
521	2960
521	2961
521	2962
521	2963
521	1162
521	2294
521	2964
523	1104
524	555
524	556
524	557
524	558
524	559
524	560
524	1274
524	1706
524	1812
524	2026
524	1415
524	1073
524	982
524	2463
524	3106
524	3123
525	566
525	567
525	568
525	569
525	887
525	598
525	1878
525	3123
526	753
526	747
526	754
526	755
526	756
526	757
526	758
526	759
526	760
526	676
526	761
526	762
526	763
526	764
526	765
526	1805
526	2003
526	1273
526	844
526	2449
526	2616
526	2464
526	738
526	2941
526	3015
526	3087
527	1517
527	608
527	591
527	699
527	773
528	610
528	670
528	1018
528	1736
528	805
528	1510
528	755
529	633
529	1035
529	1140
529	1160
529	1581
529	998
529	1152
529	690
529	1616
529	1040
529	944
529	857
529	848
529	896
529	891
529	1853
529	2034
532	900
532	2074
532	1805
532	1083
532	1568
532	2227
532	1609
533	1772
533	2287
533	2430
534	561
534	2603
534	1583
534	1643
534	2604
534	1788
534	2932
535	2222
535	2417
535	939
535	1497
536	920
536	629
536	1574
536	1575
536	665
536	1073
536	1370
536	1372
536	1556
536	1576
536	1340
536	1638
536	630
536	1199
536	2057
536	770
536	1011
536	891
536	1815
536	757
537	795
537	634
537	926
537	1587
537	1588
537	1589
537	708
537	751
537	713
537	1256
537	3061
538	795
538	1334
538	2045
538	2046
539	1824
540	2541
540	2772
540	2387
541	2030
541	604
541	856
541	745
541	1289
541	1296
541	2471
541	738
541	3088
542	543
542	544
542	545
542	546
542	547
542	2614
542	1550
542	793
543	2219
543	2245
545	939
545	1315
545	1316
546	1241
546	2694
548	549
548	550
548	551
548	1041
548	2452
550	2016
551	1131
552	553
552	554
552	905
554	1329
555	935
555	1379
555	1963
557	1107
557	927
557	939
557	1514
557	979
557	2877
557	2346
558	615
558	608
558	1138
558	1095
559	779
559	1696
559	1343
559	730
561	562
561	1157
561	1256
561	3064
563	564
563	565
563	686
563	1319
563	1479
564	1164
564	1380
564	1729
564	1446
564	855
564	1173
564	2757
564	2758
564	2197
564	2759
564	3105
565	896
566	700
566	775
566	776
566	777
566	778
566	779
566	591
566	780
566	781
566	1679
566	875
568	633
571	1652
571	1156
571	1904
571	1761
571	1905
571	1906
571	1706
571	1530
571	1907
571	1908
571	1909
571	1910
571	1911
571	1912
571	574
571	2312
571	2396
571	2365
571	927
571	1979
571	2951
571	748
571	3061
572	743
572	895
572	2623
573	574
573	575
573	576
573	577
573	578
573	579
573	580
573	581
573	582
573	583
573	584
573	585
573	586
573	587
573	588
573	633
573	700
573	598
573	1916
573	1467
573	2320
573	2755
573	2900
573	683
573	3108
574	1146
574	1941
574	671
574	1805
574	2280
574	856
574	1479
574	2281
574	1634
574	608
574	652
574	867
574	2282
574	1489
574	2268
576	1083
576	1471
576	952
576	908
576	1016
576	1778
576	668
577	2337
579	787
579	1407
580	642
580	3049
580	3050
583	1571
583	1572
583	1573
583	1585
583	708
583	1287
583	2018
583	1127
583	1987
583	738
584	797
587	2520
589	590
589	591
589	689
589	1398
589	2347
589	2464
589	1195
590	883
590	1073
590	1937
590	1938
590	1939
590	1940
591	761
591	1365
591	1230
591	1682
591	1683
591	1684
591	801
591	1685
591	1619
591	1686
591	1687
591	1688
591	1918
591	974
591	1932
591	2535
591	2546
591	2619
591	850
591	1329
591	705
591	3020
591	1481
592	593
593	873
594	595
594	596
595	628
595	1230
595	1552
595	1679
596	633
596	1618
596	2023
596	2534
596	1645
596	952
596	1616
596	2536
596	2207
596	1624
596	1641
596	2711
597	598
597	599
597	600
597	601
597	2021
597	2653
598	610
598	766
598	1716
598	792
598	888
598	1002
598	676
598	608
598	1624
598	1873
598	1874
598	1453
598	1875
598	1876
598	1415
598	873
598	1465
598	2699
598	830
598	3067
599	1083
599	2155
599	2204
599	1039
599	1119
599	1760
599	2205
599	741
600	1500
600	1664
600	1073
600	3064
600	3101
602	603
602	604
602	605
602	606
602	898
602	1477
604	2177
604	856
606	796
606	646
607	608
607	609
607	633
607	1127
607	2299
607	3081
608	881
608	1430
608	1431
608	1432
608	1433
608	669
608	1434
608	851
608	837
608	1435
608	1436
608	1232
608	825
608	952
608	3015
608	768
610	611
610	612
610	613
610	614
610	2587
610	3012
610	1021
610	3047
611	1138
611	1139
611	1038
612	2022
613	1824
615	642
615	985
615	986
615	987
615	979
615	988
615	989
615	990
615	780
615	991
615	992
615	993
615	994
615	1590
615	1519
615	1011
615	2423
615	2087
615	1592
615	943
615	1093
616	1606
616	3084
617	1794
617	2646
620	1149
621	1703
621	1028
621	1097
622	623
622	624
622	625
622	626
622	1625
622	2513
622	1167
622	990
623	795
623	1266
623	1183
623	2793
623	1222
623	702
623	2794
625	1185
625	2112
625	2188
626	726
627	628
627	629
627	630
627	631
627	632
627	1152
627	2430
627	1951
627	2049
628	633
628	728
628	729
628	730
628	731
628	732
628	733
628	734
628	735
628	1135
628	1618
628	1645
628	1768
628	949
628	3006
629	880
629	1074
629	1240
629	805
629	1274
629	775
629	707
629	1293
629	1294
629	1295
629	1121
629	926
629	1296
629	638
629	927
629	1297
629	738
629	1298
629	1299
629	1300
629	1301
629	1160
629	1302
629	630
629	1888
629	1948
629	1981
629	2147
629	1127
629	2400
629	2449
629	2459
629	2513
629	2535
629	2611
629	2698
629	2813
629	1286
629	2833
629	1850
629	943
629	1732
629	2957
630	1051
630	1829
630	1830
630	1831
630	956
630	732
630	1832
630	1973
630	1877
630	1765
630	2452
630	2573
630	2120
630	1059
630	1893
633	634
633	635
633	636
633	637
633	638
633	639
633	640
633	641
633	2045
633	3018
633	2811
634	1077
634	1078
634	977
634	1935
635	1101
638	1164
638	1086
638	1132
638	2392
638	1484
638	1805
638	2475
638	1060
638	2655
638	1602
638	898
638	1042
638	866
638	749
638	2656
638	2657
638	2658
638	1220
638	790
639	1613
639	712
639	2418
639	1132
639	2987
639	1130
642	643
642	644
642	645
642	646
642	647
642	648
642	649
642	650
642	651
642	652
642	653
642	1046
642	1132
642	2340
642	2278
642	943
642	1021
644	2052
644	926
644	757
646	855
646	2627
646	2628
646	2629
646	2694
646	1898
646	2216
647	676
647	2396
648	896
649	823
649	1524
651	1596
651	927
652	900
652	1043
652	1115
652	1793
652	1274
652	1900
653	1157
653	1893
654	655
654	656
654	2222
655	2542
655	2565
656	1130
656	1509
657	658
657	1339
659	660
659	661
659	1172
660	707
660	1311
660	978
660	1312
660	1313
660	2164
661	1156
661	2833
661	2873
662	663
662	664
662	665
662	666
662	667
662	668
662	669
662	1526
662	1337
662	2595
662	785
663	863
663	864
663	865
663	1225
663	926
663	717
664	1002
664	1003
664	676
664	741
664	1004
664	1068
665	796
665	1232
665	1626
665	1976
665	952
665	1977
665	696
665	1545
665	2473
665	1912
665	1822
665	1061
667	1511
667	2366
668	892
668	1076
668	828
668	792
668	690
668	2136
668	1824
668	2554
668	1987
668	920
668	750
668	2452
668	738
668	2721
668	2736
668	1066
668	2737
668	2738
668	2066
669	2826
669	1125
670	671
670	672
670	673
670	674
670	675
670	676
670	1270
670	1407
670	1765
670	853
671	692
671	768
671	769
671	770
671	771
671	772
671	745
671	773
671	2982
672	971
672	972
672	973
672	1137
673	899
673	1999
673	2531
673	1223
674	1934
676	920
676	1046
676	1164
676	1240
676	1355
676	1175
676	1191
676	1380
676	1381
676	1382
676	1368
676	1025
676	1383
676	869
676	751
676	1384
676	1385
676	1267
676	1386
676	1387
676	1388
676	1389
676	1107
676	1390
676	1391
676	1392
676	1393
676	1323
676	1394
676	1395
676	1396
676	1148
676	747
676	2081
676	767
676	988
676	2312
676	2330
676	2417
676	952
676	2045
676	2762
676	2926
676	3013
676	1409
677	678
677	679
677	680
678	1115
678	1774
678	2146
678	1409
678	1587
679	1202
679	1360
679	1932
679	2704
679	2780
681	1950
681	1378
683	3069
686	687
686	688
686	1080
687	795
687	1060
687	1061
687	1062
687	1063
687	1064
687	1570
687	3074
688	769
689	690
689	691
689	692
689	693
689	694
689	695
689	696
689	697
689	1691
689	1899
689	2365
689	1987
689	1815
689	943
689	2646
690	848
690	1531
690	1687
690	2128
690	813
690	1383
690	2323
690	2324
690	962
690	2085
690	2325
690	2501
690	1955
690	2066
691	1406
696	1087
696	1367
696	1199
696	1368
696	1369
696	1142
696	1370
696	1371
696	1372
696	1373
696	1374
696	1375
696	1376
696	1098
696	1377
696	1378
696	1857
696	2398
696	2275
696	1582
697	1215
697	1216
698	699
698	1261
698	2643
699	1747
699	2315
699	836
699	802
699	738
701	702
701	703
701	704
701	939
701	2150
701	726
701	2849
701	2507
701	3113
702	749
702	2631
703	2059
703	2060
703	2061
704	1045
704	1077
704	2935
705	1201
705	1898
706	1266
706	1267
706	1229
706	1368
706	2337
707	792
707	1065
707	1066
707	1067
707	1068
707	1069
707	2032
707	2681
707	1703
707	1893
708	1326
708	1642
708	1643
708	1644
708	1928
708	2027
708	2135
708	2555
708	1955
708	1573
709	1192
709	1711
711	2419
712	1524
712	766
712	2375
712	988
712	1878
712	2376
714	1343
714	2645
714	1955
715	1897
717	751
718	939
720	1146
720	1230
720	898
720	2814
721	829
721	1474
723	1164
725	1372
726	1294
726	2534
727	905
728	817
728	818
728	819
728	820
728	779
728	767
728	1028
728	1744
729	1572
730	1359
730	1709
730	2545
730	2633
730	2821
730	1097
730	2822
730	1456
730	2823
731	1369
731	2518
732	1743
732	2886
732	3098
736	1502
736	2602
737	826
737	1334
737	2956
738	813
738	2615
738	1045
738	2434
738	1579
738	2702
738	851
739	1251
741	1221
741	1229
741	1733
741	1397
741	1186
741	875
741	2029
741	1464
741	2899
741	2101
741	1239
742	743
742	744
742	745
742	2178
742	862
743	1002
743	1922
743	1453
744	1207
745	939
745	1901
745	905
745	1962
745	1696
745	2247
745	2373
745	1447
745	1672
745	2540
745	2535
745	2767
745	2768
745	2769
745	1441
746	747
746	748
746	749
746	2275
747	1357
747	1771
747	1772
747	1773
747	1134
747	2599
748	1687
748	1199
748	895
748	2084
748	2013
748	2982
748	2740
748	1274
748	3053
748	2923
748	3054
748	1125
748	3055
749	1597
749	1599
749	800
749	1600
749	1700
750	1572
750	2006
750	1878
750	2007
751	2084
751	785
751	2394
751	2395
751	2589
753	1453
755	2163
756	1343
756	2665
756	1779
756	1898
757	1975
757	1781
757	2595
757	2883
757	2884
757	2885
757	855
757	2886
758	1857
759	1994
761	1254
761	1051
762	1146
762	793
763	1186
763	844
763	859
763	2922
765	1086
766	767
766	1197
766	1334
766	1970
766	1286
766	2287
766	2036
766	2341
767	1344
767	2098
767	3058
768	995
768	1274
769	1427
769	1061
769	1953
769	2150
769	1579
770	2087
770	2088
770	2089
770	1129
770	982
771	1171
771	1110
771	2431
771	1711
774	1167
775	836
775	837
775	838
775	839
775	840
775	841
775	842
775	860
775	2579
776	1187
776	1091
776	1731
776	1869
776	1132
776	1285
776	1870
776	1591
776	1871
776	1872
776	1001
776	3064
776	783
778	3028
779	1428
779	1429
779	1406
780	1141
780	2373
780	1073
780	1276
780	1490
780	1256
780	2881
781	1046
782	783
783	1986
783	3092
783	3093
783	3094
784	785
785	3120
786	2138
786	1675
786	2522
787	1372
788	1561
791	792
791	793
791	794
792	1877
792	1878
792	2597
793	1522
793	962
793	2192
793	905
793	825
795	796
795	797
795	798
795	799
795	800
795	801
795	802
795	803
795	804
795	805
795	806
795	807
795	808
795	809
795	810
795	811
795	1160
795	1947
795	2149
795	2518
795	2549
795	2555
795	2331
795	856
795	2844
795	1822
795	2786
796	1006
796	1659
796	1347
796	1660
796	1661
796	1662
796	1663
796	2083
796	2557
796	827
797	2076
797	2077
797	1406
799	2204
799	1897
799	2552
799	1999
800	2613
800	1770
800	1406
800	2634
800	2635
800	2636
800	1822
800	1555
801	920
801	959
801	977
801	1085
801	1295
801	2047
801	1883
801	1519
801	1347
801	2891
801	2543
801	1452
801	2892
801	1687
802	2008
802	1897
802	2895
802	846
802	2620
803	1339
805	1257
805	1601
805	2390
805	837
805	2997
808	1248
812	813
812	814
812	815
812	816
812	1950
813	1704
813	1295
813	1674
817	2149
817	3081
818	1167
821	822
822	2357
823	982
823	983
823	984
823	1193
823	2554
823	1239
824	1723
825	1041
825	1225
825	2020
825	1226
825	977
825	1927
825	2006
827	1656
827	1797
827	1234
827	1295
828	905
828	1075
828	1783
828	1784
828	2828
829	830
829	831
829	832
829	833
829	834
829	1824
829	1860
829	2681
830	1699
830	2400
832	940
832	1563
834	2182
835	920
836	1230
836	1792
836	1025
836	1059
836	2336
836	2337
836	2338
837	2454
837	1431
837	2930
838	1525
838	1590
839	1201
839	1260
844	2019
844	2411
847	974
847	2084
847	2334
847	2420
847	2009
847	3088
848	849
849	895
849	875
849	1785
849	1916
849	2861
849	942
849	2862
850	2195
850	2225
850	2450
850	996
850	873
850	2668
850	1693
851	1268
851	974
851	1759
851	905
851	1017
851	1534
851	2967
851	1031
851	1706
851	963
851	2968
851	2969
852	1590
854	855
854	856
854	857
854	858
854	859
854	2995
855	1232
855	1860
855	982
855	2044
855	2021
855	2720
856	861
856	1138
856	1781
856	2083
856	2521
856	1222
856	1336
856	2739
856	2740
856	1285
856	2060
856	2478
856	2741
856	2742
856	2743
856	2149
856	1996
856	2744
856	2745
856	2746
856	2216
857	1675
860	861
860	862
860	1599
860	3003
861	1519
861	2380
862	1099
865	880
866	926
866	943
866	1291
867	1274
869	1398
869	2070
869	969
869	1019
870	2011
870	2133
870	2040
872	873
872	874
872	959
873	1137
873	909
873	2412
873	2367
873	2413
873	2414
873	2415
873	2416
875	1079
875	2256
875	1853
875	3006
877	878
877	879
877	1039
878	1210
879	1001
880	1755
880	2833
881	882
882	2630
883	884
883	885
883	886
883	1020
883	2923
883	2925
883	2598
884	888
884	2185
884	2186
884	2187
887	888
887	889
887	890
887	891
887	1733
887	2612
888	1164
888	1368
888	1754
888	1673
888	1496
888	2406
888	2670
888	1192
888	2973
888	3065
891	2257
891	2674
892	893
894	895
894	896
894	1009
895	1175
895	2033
895	2034
895	1153
895	1616
895	2785
897	1140
897	952
900	901
900	902
900	903
900	904
900	1785
900	3108
902	1289
902	1290
902	1291
902	1292
902	1521
905	906
905	907
905	908
905	909
905	910
905	911
905	912
905	913
905	914
905	915
905	916
905	1031
905	2230
905	2958
906	1407
906	1720
906	2219
906	2519
907	2593
908	1156
908	1489
908	1490
908	1679
908	1783
909	2035
910	2127
915	2531
920	921
920	922
920	923
920	924
920	2152
920	1920
920	2474
920	3039
920	944
923	1058
923	1397
923	2047
923	1652
923	2048
923	2049
923	1846
923	2050
923	2051
925	926
925	927
925	928
925	929
925	930
925	931
925	932
925	2130
926	1283
926	1537
926	962
926	2168
926	1652
926	1786
926	2705
926	2462
926	2706
926	1506
926	960
926	2707
927	1206
927	2131
927	1294
927	2685
927	962
927	2686
928	1438
929	1977
930	1258
933	934
933	1351
935	936
935	937
935	938
935	952
938	1508
938	1743
938	1348
939	940
939	941
939	942
939	943
939	944
939	945
939	946
939	1076
939	2032
939	2487
939	1490
939	2581
940	1438
940	1498
940	1499
940	1516
940	1675
940	1696
940	1710
942	1095
943	2173
943	1052
943	2949
944	979
944	1367
948	1132
948	1133
948	1134
948	1156
948	1441
948	1987
949	1866
949	1867
949	1868
949	2232
949	1788
950	1846
951	1258
952	1718
952	1206
952	1981
952	2468
952	2469
952	2838
952	1195
954	1625
955	1824
955	1289
956	1669
957	2867
959	1441
959	1196
959	1506
959	3027
959	2102
960	1233
962	1366
962	2054
962	1446
962	2599
962	1939
963	1039
963	1721
963	3084
964	1167
966	2594
966	990
969	1863
969	1887
971	2315
972	1262
972	1519
974	1920
974	1921
974	1550
974	1922
974	1993
974	2786
975	1045
975	2068
975	1637
975	1711
976	1970
977	1155
977	1495
977	1496
977	1497
977	2147
977	2639
978	1020
978	1021
978	1022
978	1199
978	2510
978	2515
979	1905
979	1073
982	2715
982	2540
982	2716
982	2717
982	1594
983	1513
984	1341
988	2117
988	2118
988	2119
988	2120
988	1078
988	2121
988	2122
988	2390
988	1172
989	2429
990	1165
990	2430
990	2000
990	2882
992	2292
992	2517
992	2998
992	2999
995	996
995	997
995	2545
995	2674
996	2631
996	1080
997	2439
998	999
998	1000
998	1924
998	2006
998	2957
1001	1797
1001	2244
1002	2011
1002	1334
1002	1056
1002	2267
1002	1933
1002	2329
1002	1059
1002	1550
1002	1551
1002	1393
1005	1006
1005	1007
1005	1008
1005	1009
1006	1359
1006	1777
1006	1778
1006	2501
1006	2920
1006	1756
1009	2406
1009	1274
1009	1888
1009	1930
1009	2442
1009	2378
1010	1011
1010	1012
1011	1706
1012	1509
1012	2112
1012	2790
1012	2791
1012	1218
1012	2792
1013	1014
1013	1015
1013	1016
1013	1276
1015	1202
1016	1397
1017	1018
1017	1019
1017	3021
1018	1060
1018	2006
1018	2553
1019	1086
1019	2988
1020	1877
1020	2653
1021	1181
1021	2133
1021	1574
1021	3032
1021	3033
1023	1522
1023	1304
1023	2018
1024	1132
1024	1572
1025	1444
1025	1521
1026	1030
1027	1051
1027	2037
1027	1585
1028	1108
1028	2739
1028	1512
1028	1763
1029	2320
1029	1164
1029	2985
1029	1677
1029	1294
1029	2986
1030	1205
1030	1444
1030	1445
1030	1383
1030	1446
1030	1447
1030	1448
1030	1449
1030	1450
1030	2178
1030	2267
1030	2981
1031	1043
1031	1224
1031	1091
1031	1552
1031	2012
1031	2653
1035	1036
1035	1191
1035	1936
1036	2198
1036	2220
1037	1038
1038	1273
1038	2807
1038	2808
1038	3129
1039	1040
1039	1240
1039	1732
1040	1950
1040	1273
1040	1200
1040	1353
1040	3012
1041	1042
1041	2916
1043	1044
1044	1980
1044	2912
1045	1046
1045	1047
1045	1687
1045	1294
1045	2346
1046	1878
1048	1049
1049	2115
1049	2116
1050	1051
1050	1052
1050	1053
1050	1054
1051	1233
1051	1953
1051	3114
1052	2501
1052	1248
1052	1860
1052	1985
1053	2771
1054	1167
1054	1748
1054	1963
1054	2339
1054	2712
1055	1056
1055	3076
1056	1306
1057	1266
1058	1059
1061	1153
1061	3040
1062	1289
1063	1879
1063	1812
1068	1501
1070	1071
1071	1160
1072	1073
1072	1488
1072	1711
1073	1110
1073	2454
1073	2455
1073	2456
1073	1494
1073	1738
1073	2457
1073	2458
1073	1348
1073	3001
1074	1075
1074	3110
1077	1671
1079	1892
1079	1893
1079	1894
1079	2509
1079	2087
1079	1372
1079	2125
1080	1667
1080	2128
1080	2783
1080	2804
1080	2614
1080	2805
1080	2806
1080	3122
1081	1485
1081	2922
1083	1084
1083	1085
1084	1283
1085	1947
1085	1898
1086	1317
1086	1318
1086	1319
1086	1320
1086	1321
1086	1322
1086	1323
1086	1324
1086	1325
1086	1499
1086	1119
1086	1947
1086	1533
1086	2540
1086	2700
1086	2681
1086	2040
1086	2598
1086	3041
1089	1136
1089	2858
1090	1091
1090	1824
1091	1120
1091	1515
1092	1093
1092	1094
1092	1095
1092	1146
1093	3052
1095	1232
1095	1975
1095	1294
1095	1853
1096	1097
1096	1098
1096	2418
1097	1411
1097	1412
1097	1413
1097	1414
1097	1415
1097	1416
1097	1417
1097	1418
1097	1419
1097	1420
1097	1421
1097	1422
1097	1471
1097	2072
1097	1336
1097	2605
1097	2194
1097	3107
1098	1852
1098	1395
1098	2928
1099	1100
1099	1101
1099	1102
1099	1103
1099	1240
1099	1499
1099	1730
1099	2682
1099	3041
1099	3100
1100	1444
1100	1645
1100	2233
1100	2509
1100	2878
1100	1590
1104	1105
1104	1106
1104	1107
1104	1490
1107	1481
1108	1109
1108	1310
1110	1164
1111	1112
1111	1113
1112	1365
1112	2992
1112	2129
1113	2995
1115	1116
1115	1117
1115	2236
1115	2942
1115	2865
1116	1564
1116	1565
1116	1566
1116	1533
1116	1218
1118	1119
1118	1120
1119	1852
1119	1853
1119	1854
1123	2078
1123	2144
1124	1720
1124	2072
1127	1140
1127	1206
1127	1352
1127	1407
1127	2249
1127	2250
1127	1625
1127	2251
1127	1343
1127	2252
1127	2253
1127	1476
1127	2254
1127	2031
1127	2613
1127	2977
1128	1785
1130	1131
1130	1696
1131	1182
1131	1521
1131	2631
1132	1610
1132	1724
1132	2229
1132	2285
1132	1582
1132	2291
1132	1772
1135	1136
1138	2095
1141	1142
1143	1144
1143	2043
1144	1702
1144	2607
1146	1147
1146	1148
1146	1153
1146	2620
1146	1732
1146	2341
1149	1150
1149	1151
1149	1863
1149	2557
1150	1758
1150	2312
1150	2905
1151	1537
1151	1625
1151	1924
1151	1937
1151	2165
1151	2477
1151	2591
1151	2820
1151	2872
1151	2977
1152	1153
1152	1154
1152	1657
1153	1270
1153	1585
1153	1432
1153	2321
1153	2322
1153	1909
1155	1210
1156	1572
1156	2947
1157	1419
1160	1479
1160	1480
1160	1481
1160	1482
1160	1483
1162	2506
1162	2507
1164	1165
1164	1166
1164	1167
1164	1168
1164	1169
1164	1170
1164	2191
1164	2710
1164	2913
1165	1699
1167	1261
1167	1355
1167	1607
1167	2581
1167	2582
1167	1846
1167	2583
1167	2584
1167	2585
1167	1583
1168	2377
1168	2563
1169	2069
1169	2070
1169	2071
1169	1342
1169	1875
1169	1192
1169	1248
1170	1558
1171	1267
1171	1494
1171	1531
1171	1898
1172	1306
1172	2508
1172	1329
1175	1176
1175	1177
1175	1178
1175	1179
1175	1180
1175	2146
1176	1710
1178	1976
1178	2429
1182	1183
1182	1184
1183	1319
1183	2470
1184	1991
1185	1186
1186	1645
1186	2228
1187	1188
1189	1492
1191	1192
1191	1193
1191	1241
1191	1602
1191	2872
1192	1547
1192	1993
1192	1510
1192	2542
1192	1640
1192	2810
1192	1370
1192	2265
1192	2811
1192	2812
1193	1620
1193	2579
1194	1195
1194	1196
1195	1863
1195	1697
1195	1402
1195	3059
1195	2069
1195	3060
1197	1266
1197	2153
1198	1199
1198	1200
1199	1607
1199	1805
1199	1833
1199	1834
1199	1351
1199	1591
1199	1835
1199	1836
1199	2241
1199	2390
1200	2600
1201	1810
1201	1934
1202	1203
1202	1204
1205	3078
1206	1207
1206	1208
1207	1583
1207	1584
1208	1217
1209	1210
1210	2516
1211	1212
1211	1213
1211	3061
1212	1775
1212	1616
1212	1776
1213	1799
1215	1624
1217	2427
1218	2348
1218	2637
1218	1289
1220	1337
1221	1222
1221	1223
1221	2232
1221	2541
1222	1712
1222	2562
1222	2563
1222	2564
1223	2029
1223	1580
1223	2162
1223	3126
1225	1226
1225	1227
1225	1228
1225	1485
1225	2114
1225	1922
1225	2276
1225	3106
1227	2124
1227	2125
1227	2126
1229	1314
1230	1343
1230	1344
1230	1345
1230	1346
1230	1347
1230	1348
1230	1349
1230	1350
1230	1351
1230	2029
1230	2097
1230	2189
1230	1443
1230	1939
1230	3114
1232	1646
1232	1913
1232	1914
1232	1915
1232	2478
1232	2760
1232	2361
1233	1367
1233	1523
1233	1340
1233	1671
1233	1250
1233	1282
1233	2229
1234	2474
1234	2631
1240	1241
1240	1242
1240	1243
1240	1244
1240	1245
1240	1246
1240	1247
1240	1248
1240	1249
1240	1250
1240	1506
1240	1981
1240	2167
1240	2233
1241	2099
1241	2184
1242	1516
1242	1572
1243	1888
1243	2314
1246	2037
1246	2535
1246	2936
1248	1521
1250	1582
1251	2340
1253	1552
1254	1356
1255	1256
1255	3025
1256	1584
1256	2063
1256	1494
1256	2567
1256	2568
1256	2569
1256	2392
1256	2570
1256	2571
1256	2699
1256	2700
1256	2681
1258	1259
1258	1260
1260	1430
1260	1791
1260	1553
1260	2835
1260	2836
1260	2837
1262	1263
1262	1264
1262	1265
1263	2460
1263	1485
1263	2910
1266	1406
1268	1269
1270	1271
1270	1640
1272	1273
1273	1819
1273	2308
1273	2309
1274	1275
1274	1276
1274	1277
1274	1278
1274	1279
1274	1280
1274	1281
1274	1282
1274	1863
1274	1843
1274	1372
1274	2710
1283	1284
1283	1285
1283	1286
1283	1287
1283	1288
1283	1581
1283	2202
1283	2518
1285	2259
1285	1370
1285	2163
1287	1703
1289	2783
1289	2784
1293	2183
1293	2184
1294	1664
1294	1769
1294	2213
1294	1534
1294	2214
1294	1466
1294	2215
1294	2216
1295	2364
1295	2926
1296	1544
1299	1413
1300	1352
1303	1304
1303	1704
1303	1685
1303	1356
1304	1732
1304	2380
1306	1851
1306	2633
1306	3025
1307	2255
1307	2378
1307	2379
1307	3108
1308	2575
1310	1744
1310	1696
1310	1406
1316	3039
1319	1694
1319	1695
1319	2851
1320	1711
1322	1945
1322	2553
1325	2142
1328	1667
1332	1333
1333	1407
1334	1335
1334	1336
1334	1337
1334	1338
1334	1339
1334	1481
1335	1430
1335	1484
1336	2572
1337	2543
1337	1615
1337	2544
1339	1484
1340	1341
1340	1342
1341	2474
1341	2817
1341	1794
1341	1409
1341	2729
1342	2581
1343	2093
1343	2094
1344	1924
1344	1510
1344	2278
1344	2279
1344	2057
1344	2406
1348	1799
1349	2097
1349	2080
1351	1975
1351	1356
1352	1353
1352	1354
1352	1501
1352	2591
1352	1800
1352	1669
1353	1675
1355	1356
1356	1903
1356	1935
1356	2136
1359	1360
1359	1361
1359	1362
1359	1363
1359	1364
1359	2247
1359	2858
1359	2043
1364	2463
1365	1366
1365	1805
1367	1583
1367	1430
1368	2025
1370	2580
1370	1624
1372	1633
1372	2223
1372	2450
1372	2659
1372	1792
1372	2647
1372	2231
1372	2120
1372	2660
1372	2661
1372	2662
1372	2663
1372	2664
1372	1884
1373	1691
1378	1398
1378	2824
1378	1499
1379	1696
1380	1593
1382	1724
1382	1885
1382	1886
1382	2036
1384	2523
1388	2612
1388	3038
1392	2400
1395	1652
1396	3027
1397	2044
1397	2386
1398	1511
1398	1606
1400	2026
1400	2494
1400	1582
1402	1439
1406	2422
1406	1519
1406	2542
1406	1970
1406	3005
1407	1408
1407	1409
1407	1410
1407	1750
1407	1453
1407	2900
1407	3018
1408	2692
1409	2941
1409	1947
1409	2088
1409	1675
1409	3044
1410	2439
1411	1669
1412	1758
1413	1680
1413	1841
1415	2190
1415	2191
1419	2544
1419	2674
1419	1437
1419	2795
1419	2796
1419	1669
1420	3124
1423	1424
1423	1425
1423	1426
1425	2319
1428	2528
1430	1670
1430	2036
1431	1953
1431	2217
1431	2218
1433	3029
1437	1438
1437	1439
1438	1788
1439	1638
1439	1572
1439	1534
1439	1583
1440	2847
1441	2037
1442	1443
1442	2614
1443	2332
1444	1540
1444	2083
1446	2349
1446	1615
1446	2350
1447	1491
1447	2353
1447	2028
1447	2631
1448	2450
1452	1453
1452	1633
1452	2133
1453	2267
1454	2476
1456	2333
1456	1511
1456	2334
1456	2335
1456	1778
1456	1801
1464	2367
1464	2368
1467	1982
1467	1983
1467	1797
1471	1472
1471	1473
1471	1599
1472	1797
1472	3121
1472	2974
1475	1476
1475	1477
1475	1478
1475	1582
1476	2827
1477	2946
1479	1485
1479	3035
1481	1555
1481	1823
1484	1485
1484	1486
1484	1487
1484	1488
1485	1676
1485	1656
1485	1837
1485	1838
1485	2542
1488	2839
1488	3017
1489	1880
1489	2524
1489	2525
1490	2402
1490	2001
1492	1493
1492	1494
1492	2858
1492	1619
1493	1919
1495	1842
1496	1924
1496	1912
1499	2166
1501	1502
1501	1503
1501	1504
1501	1505
1502	1943
1502	3037
1504	1734
1504	1735
1506	1507
1506	2357
1508	1509
1508	1510
1508	1671
1508	2012
1509	1970
1509	1837
1510	2037
1510	2090
1510	2054
1510	2091
1510	2092
1510	2540
1510	3078
1513	1514
1516	1521
1516	1932
1518	1519
1518	1520
1518	2459
1519	1522
1522	1523
1522	2923
1522	2507
1523	1714
1523	2381
1523	2382
1524	1987
1526	1527
1527	2991
1527	2526
1528	2418
1528	2855
1528	2856
1528	2847
1529	2146
1529	2669
1531	1572
1531	2554
1532	2257
1532	2258
1533	2383
1537	1538
1537	1539
1537	2460
1537	2607
1541	3096
1543	2556
1543	1955
1543	2429
1547	1548
1547	1549
1547	1550
1547	1551
1547	2229
1547	2638
1550	1947
1550	2888
1550	2319
1550	2889
1550	2890
1551	1916
1551	2893
1552	1553
1552	1554
1552	1555
1552	1556
1552	1557
1552	2605
1552	2681
1553	2112
1553	2141
1553	2120
1554	2873
1554	1844
1556	1624
1558	1559
1558	1560
1558	2487
1558	3047
1558	1723
1560	2452
1561	1562
1561	1563
1566	2146
1567	1568
1568	2150
1568	2151
1568	2459
1569	1570
1569	1583
1570	2980
1572	2135
1572	2317
1573	1805
1573	1987
1579	2471
1579	2268
1579	2943
1581	1582
1582	1980
1583	1786
1583	2520
1583	2586
1583	2753
1583	2754
1584	2817
1585	1586
1585	1755
1585	3116
1586	2083
1586	2168
1586	2938
1586	2780
1586	2939
1587	2644
1587	1616
1588	2408
1590	1981
1590	1717
1591	1592
1595	1596
1596	2113
1596	2408
1596	2762
1597	1598
1599	2346
1602	1619
1602	2515
1606	1667
1606	1675
1606	1753
1606	2874
1606	2593
1606	1706
1606	2875
1606	1781
1606	2876
1607	1608
1607	1609
1607	2373
1608	1610
1609	3066
1611	1612
1611	1613
1611	1614
1613	1699
1613	2366
1615	1616
1615	1617
1616	2522
1616	1927
1618	1619
1619	2003
1619	2437
1619	2983
1619	2984
1621	1622
1621	1623
1624	1625
1624	1626
1624	1627
1624	1628
1624	1629
1624	2214
1624	1844
1625	1680
1625	1929
1632	1922
1632	2970
1632	2136
1633	1634
1633	1635
1636	1637
1636	2631
1637	2267
1638	1639
1639	1888
1640	2114
1643	2473
1647	3065
1652	1653
1652	1654
1652	1655
1652	2476
1653	2507
1656	1657
1656	1658
1657	1958
1664	1665
1664	1666
1664	2131
1667	1668
1667	1669
1667	2202
1667	1677
1667	3105
1671	1672
1671	1673
1671	1674
1674	2724
1675	1676
1675	1677
1675	1678
1675	2107
1677	2332
1679	2478
1680	1681
1680	1957
1680	1945
1685	2013
1691	1692
1691	1693
1696	2100
1696	2101
1696	2102
1696	2103
1696	1749
1696	2104
1696	2105
1696	2355
1696	2107
1699	1708
1699	1709
1699	3065
1700	1701
1700	1702
1702	2421
1703	2911
1704	2542
1704	2841
1706	1707
1706	3100
1709	1941
1709	1968
1709	2489
1709	2490
1710	1932
1710	2558
1710	2559
1710	2560
1710	2561
1710	2026
1711	2060
1713	1714
1713	1715
1714	1865
1716	1717
1717	1805
1718	1719
1720	1721
1721	3071
1722	1723
1722	1878
1723	2418
1723	3002
1723	3051
1723	2415
1724	1725
1724	1726
1724	1977
1727	1728
1729	1730
1729	2311
1729	2646
1732	2068
1744	3046
1745	1746
1752	1753
1753	1952
1755	1756
1756	2605
1756	3079
1763	2441
1763	2094
1765	2397
1769	1770
1769	1878
1770	1813
1770	3009
1771	1961
1771	2544
1772	1987
1772	2502
1774	2771
1776	2478
1778	2021
1779	1780
1779	1781
1779	1782
1779	2102
1783	2491
1783	2492
1783	2549
1784	2509
1784	2250
1785	1786
1785	1787
1785	1788
1785	1789
1785	1790
1785	2975
1788	1812
1788	2666
1788	2667
1791	1792
1794	1795
1794	1846
1795	2019
1797	1932
1797	2036
1800	1978
1801	2178
1801	2633
1801	2830
1801	3125
1805	1806
1805	1807
1805	1808
1805	1809
1805	2243
1806	1862
1812	1887
1813	3095
1820	2354
1824	2357
1824	2436
1824	2437
1824	2438
1824	2439
1824	2440
1824	2465
1827	1959
1827	1960
1835	2001
1838	1971
1839	1840
1839	1841
1840	2060
1842	2206
1843	2973
1845	1865
1846	2008
1848	1943
1850	2331
1854	1991
1855	1856
1856	1953
1856	2693
1857	1858
1857	1859
1857	1860
1857	3024
1858	2261
1859	3095
1861	1862
1863	1864
1863	2319
1866	2001
1869	2268
1877	2226
1878	2766
1879	1880
1879	1881
1879	1882
1879	2384
1880	1981
1880	2427
1880	2428
1880	2928
1881	2166
1883	1884
1887	2616
1888	1889
1888	2414
1893	1954
1899	2278
1901	1902
1904	2608
1904	3023
1909	2043
1912	2562
1912	2894
1912	2643
1912	2906
1913	2785
1916	1917
1920	2339
1922	2854
1924	1925
1924	2631
1926	1927
1926	3086
1930	1931
1930	2933
1932	1933
1932	1934
1937	2444
1941	1942
1944	1945
1944	1946
1945	2596
1945	2129
1946	2648
1947	2229
1948	1949
1948	2536
1950	1951
1950	2402
1951	2716
1952	2197
1953	1954
1953	1955
1953	1956
1953	1957
1953	2545
1953	2163
1962	1963
1962	1964
1965	1966
1967	1968
1967	1969
1971	1972
1975	2055
1977	3062
1977	3063
1978	1979
1978	2298
1980	2824
1981	2320
1981	2553
1986	2581
1987	2245
1987	2599
1990	2193
1991	1992
1994	2370
1995	1996
1997	1998
1999	2850
2000	2001
2000	2002
2001	2831
2001	2832
2003	2004
2006	2900
2008	2009
2008	2563
2009	2484
2013	2178
2013	2331
2015	2016
2015	2017
2016	2639
2016	2708
2021	2063
2021	2244
2021	2672
2021	2673
2023	2024
2027	2028
2028	2063
2028	2406
2030	2031
2033	2696
2033	2697
2033	2267
2036	2970
2036	2085
2037	2146
2037	2255
2040	2347
2044	2834
2045	2678
2052	2053
2057	2058
2057	2423
2063	2064
2063	2065
2063	2066
2063	2067
2072	2786
2074	2075
2081	2082
2081	2083
2083	2372
2084	2085
2084	2086
2085	2919
2085	2518
2094	2902
2109	2110
2109	2111
2109	2977
2117	3107
2118	2646
2120	2494
2120	2865
2123	2191
2128	2129
2131	2132
2133	2134
2133	2330
2135	2136
2136	2401
2136	2566
2142	2143
2144	2145
2146	2159
2147	2148
2149	2463
2152	2153
2152	2154
2152	2278
2155	2156
2157	2158
2159	2160
2161	2162
2163	2377
2163	2971
2163	2972
2164	2165
2165	2192
2165	2322
2167	2168
2167	2169
2171	2172
2174	2175
2174	2176
2178	2179
2180	2181
2184	2921
2187	2502
2187	2857
2190	2320
2191	2483
2194	2647
2195	2196
2198	2199
2198	2200
2198	2201
2202	3091
2204	2932
2208	2517
2214	2879
2223	2224
2230	2231
2236	2237
2238	2239
2238	2240
2241	2242
2241	2243
2245	2246
2247	2248
2259	2340
2260	2261
2261	2418
2267	3019
2268	2674
2278	2880
2283	2599
2284	2912
2292	2592
2294	2295
2298	2299
2298	2300
2299	2929
2307	2348
2311	2893
2312	2313
2315	2316
2318	2319
2324	2615
2326	2450
2331	2515
2344	2345
2347	2788
2351	2352
2355	2356
2357	2358
2357	2359
2357	2682
2365	2780
2366	2800
2368	2948
2373	2374
2378	2566
2378	2923
2382	2849
2384	2385
2386	2387
2390	2391
2392	2393
2395	2424
2395	2425
2398	2399
2402	2403
2404	2405
2406	2407
2409	2410
2412	2994
2413	2841
2414	2940
2418	3097
2424	2841
2425	3115
2426	2539
2427	3004
2429	3077
2437	2833
2451	2566
2452	2453
2460	2461
2465	2718
2465	2838
2465	3036
2474	2475
2475	2698
2478	2479
2478	2480
2478	2481
2478	2482
2487	2488
2495	2496
2498	2957
2502	2503
2504	2505
2511	2512
2513	2514
2513	2873
2514	3023
2526	2527
2529	2771
2531	2912
2536	2537
2536	2780
2540	2652
2542	2689
2542	2690
2547	2548
2550	2551
2550	2587
2573	2574
2575	2576
2577	2578
2577	2579
2579	2651
2586	2587
2588	2589
2588	2590
2596	2597
2596	2598
2597	2702
2605	2606
2605	2760
2605	2811
2609	2610
2616	2617
2616	2618
2619	2917
2620	2621
2622	2623
2622	2624
2622	2625
2623	2683
2623	2684
2630	2695
2641	2642
2646	2916
2669	2973
2674	2769
2675	2676
2675	3080
2679	2680
2679	2681
2679	2682
2681	2709
2687	2688
2700	2701
2712	2713
2712	2714
2714	3102
2720	2721
2762	2763
2762	3019
2764	2765
2785	2786
2785	2787
2788	2789
2798	3024
2814	2815
2817	2818
2817	2819
2824	2825
2838	2839
2842	2843
2852	2853
2858	2859
2868	3091
2880	3005
2900	2993
2906	2907
2913	2914
2915	3003
2917	2918
2926	2927
2932	3070
2933	2934
2943	2944
2951	2952
2951	2953
2956	2979
2973	2974
2975	2976
2977	2978
2978	2997
2995	2996
3009	3010
3009	3011
3009	3086
3013	3014
3025	3026
3030	3031
3041	3042
3045	3046
3067	3068
3071	3115
3074	3075
3097	3098
3108	3109
3110	3111
3110	3112
3116	3117
3127	3128
3129	3130
