1325	1845
1326	17643
1327	17647
1328	17648
1329	17656
1330	17658
1331	17659
1332	17660
1333	17662
1334	17663
1335	17665
1336	17666
1337	17667
1338	17668
1339	17680
1340	17681
1341	17682
1342	17683
1343	17685
1344	17690
1345	17691
1346	17692
1347	17693
1348	17695
1349	17696
1350	17697
1351	17698
1352	17700
1353	17702
1354	17703
1355	17704
1356	17706
1357	17709
1358	17712
1359	17713
1360	17714
1361	17715
1362	17717
1363	17718
1364	17719
1365	17720
1366	17721
1367	17722
1368	17724
1369	17725
1370	17732
