1845	17643
1845	17647
1845	17648
1845	17656
1845	17658
1845	17659
1845	17660
1845	17662
1845	17663
1845	17665
1845	17666
1845	17667
1845	17668
1845	17680
1845	17681
1845	17682
1845	17683
1845	17685
1845	17690
1845	17691
1845	17692
1845	17693
1845	17695
1845	17696
1845	17697
1845	17698
1845	17700
1845	17702
1845	17703
1845	17704
1845	17706
1845	17709
1845	17712
1845	17713
1845	17714
1845	17715
1845	17717
1845	17718
1845	17719
1845	17720
1845	17721
1845	17722
1845	17724
1845	17725
1845	17732
17714	17715
17718	17719
17718	17720
17719	17720
