0	5016
1	12440
2	12462
3	12477
4	12509
5	12547
6	12571
7	12579
8	12709
9	12740
10	12782
11	12790
12	12806
13	12870
14	18208
15	18349
16	24116
17	29384
18	29385
19	29477
20	29478
21	29484
22	29485
23	29488
24	29490
25	29491
26	29492
27	29496
28	29499
29	29500
30	29502
31	29503
32	29505
33	29508
34	29510
35	29511
36	29512
37	29513
38	29514
39	29515
40	29519
41	29521
42	29524
43	29528
44	29529
45	29534
46	29536
47	29537
48	29538
49	29539
50	29540
51	29541
52	29542
53	29543
54	29544
55	29547
56	29548
57	29549
58	29555
59	29556
60	29557
61	29558
62	29559
63	29563
64	29564
65	29566
66	29567
67	29568
68	29570
69	29571
70	29572
71	29573
72	29574
73	29575
74	29576
75	29577
76	29578
77	29579
78	29580
79	29581
80	29582
81	29583
82	29584
83	29585
84	29586
85	29587
86	29588
87	29589
88	29591
89	29593
90	29594
91	29597
92	29598
93	29599
94	29600
95	29601
96	29602
97	29603
98	29606
99	29607
100	29612
101	29619
102	29620
103	29621
104	29625
105	29626
106	29627
107	29629
108	29630
109	29631
110	29632
111	29633
