226	2017
227	23906
228	23907
229	23909
230	23910
231	23914
232	23916
233	23917
234	23918
235	23919
236	23920
237	23922
238	23925
239	23926
240	23927
241	23928
242	23930
243	23931
244	23932
245	23933
246	23934
247	23935
248	23936
249	23938
250	23940
251	23943
252	23944
253	23945
254	23946
255	23947
256	23949
257	23950
258	23951
259	23954
260	23955
261	23957
262	23958
263	23959
264	23960
265	23964
266	23965
267	23966
268	23967
269	23968
270	23970
271	23971
272	32365
273	32381
274	32382
275	32383
276	32384
277	32380
278	32368
279	32369
280	32370
281	32371
282	32364
283	32366
284	32367
