2017	23906
2017	23907
2017	23909
2017	23910
2017	23914
2017	23916
2017	23917
2017	23918
2017	23919
2017	23920
2017	23922
2017	23925
2017	23926
2017	23927
2017	23928
2017	23930
2017	23931
2017	23932
2017	23933
2017	23934
2017	23935
2017	23936
2017	23938
2017	23940
2017	23943
2017	23944
2017	23945
2017	23946
2017	23947
2017	23949
2017	23950
2017	23951
2017	23954
2017	23955
2017	23957
2017	23958
2017	23959
2017	23960
2017	23964
2017	23965
2017	23966
2017	23967
2017	23968
2017	23970
2017	23971
23906	32365
23909	23949
23909	23954
23931	32381
23931	32382
23931	32383
23931	32384
23951	32380
23957	23958
23957	23959
23958	23959
23968	23970
23968	23971
23968	32368
23968	32369
23968	32370
23968	32371
23970	23971
23970	32368
23971	32368
32364	32365
32364	32366
32365	32366
32365	32367
32366	32367
32369	32370
32369	32371
32370	32371
32381	32382
32381	32383
32381	32384
32382	32383
32382	32384
32383	32384
