2973	22357
2973	22358
2973	22361
2973	22364
2973	22367
2973	22368
2973	22370
2973	22372
2973	22377
2973	22378
2973	22379
2973	22380
2973	22381
2973	22382
2973	22383
2973	22385
2973	22386
2973	22387
2973	22388
2973	22392
2973	22394
2973	22396
2973	22398
2973	22399
2973	22401
2973	22402
2973	22404
2973	22409
2973	22410
2973	22416
2973	22417
2973	22418
2973	22420
2973	22422
22377	22378
22377	22379
22377	22380
22377	35275
22378	22379
22378	22380
22378	35275
22378	35276
22378	35277
22379	22380
22379	35275
22385	34597
22409	22410
35276	35277
