273	17239
273	17240
273	17243
273	17248
273	17250
273	17253
273	17264
273	17265
273	17266
273	17270
273	17272
273	17273
273	17274
273	17275
273	17279
273	17283
273	17289
273	17295
273	17296
273	17297
273	17299
273	17300
273	17302
273	17307
273	17309
273	17316
273	17317
273	17321
273	17322
273	17324
273	17325
273	17330
273	17332
273	17333
273	17334
273	17337
273	17339
273	17341
273	17343
273	17344
273	17347
273	17348
273	17350
273	17351
273	17356
273	17363
273	17364
273	17365
273	17368
273	17371
273	17372
273	17373
273	17374
273	17375
273	17376
273	17377
273	17378
273	17382
273	17383
273	17384
273	17385
273	17387
273	17390
273	17392
273	17393
273	17395
273	17396
273	17397
273	17398
273	17399
273	17401
273	17403
273	17404
273	17408
273	17409
273	17410
273	17413
273	17415
273	17417
273	17418
273	17419
273	17421
273	17426
273	17427
273	17428
273	17439
273	17457
273	17462
273	17464
273	17466
273	17467
273	17468
273	17469
273	17470
273	17471
273	17473
273	17475
273	17479
273	17480
273	17481
273	17482
273	17483
273	17485
273	17487
273	17490
273	17491
273	17492
273	17493
273	17494
273	17499
273	17500
273	17502
273	17503
273	17507
273	17508
273	17510
273	17512
273	17513
273	17514
273	17515
273	17517
273	17520
273	17521
273	17522
273	17525
273	17533
273	17535
273	17538
273	17540
273	17543
273	17544
273	17545
273	17547
273	17548
273	17549
273	17551
273	17552
273	17553
273	17554
273	17556
273	17557
273	17558
273	17562
273	17563
273	17569
273	17571
273	17572
273	17573
273	17580
273	17583
273	17586
273	17587
273	17595
273	17598
273	17599
273	17600
273	17604
273	17606
273	17607
273	17608
273	17609
273	17611
273	17612
273	17615
273	17617
273	17620
273	17624
273	17626
273	17634
273	17641
273	17643
273	17644
273	17645
273	17646
273	17647
273	17652
273	17655
273	17657
273	17658
273	17661
273	17666
273	17676
273	17677
17243	17297
17243	17363
17243	17470
17272	17273
17272	17274
17273	17274
17279	17617
17297	17363
17297	17364
17297	17470
17337	17508
17347	33107
17347	33108
17347	33109
17347	33110
17347	33111
17347	33112
17363	17364
17363	17470
17368	17624
17374	17375
17374	17376
17375	17376
17396	17397
17396	17398
17397	17398
17403	33113
17467	17468
17502	17503
17512	33117
17543	17544
17543	17545
17544	17545
17547	17600
17553	17554
17606	17607
17643	17644
17645	17646
33107	33108
33107	33109
33108	33109
33108	33110
33108	33111
33108	33112
33110	33111
33110	33112
33111	33112
