14861	14870
14861	19293
14861	21090
14861	31995
14870	17749
14870	18945
14870	19246
14870	19293
15284	17414
15284	17619
15284	32724
15284	32725
15705	15706
15705	17619
16832	17854
16832	20369
16832	20548
17414	20548
17619	17749
17619	18945
17619	21072
17749	18945
17749	21382
17749	28168
17854	20369
18945	21072
18945	31285
20548	30626
21090	31995
28168	28169
28169	29455
28169	29456
28169	29457
29455	29456
29455	29457
29455	29458
29456	29457
29456	29458
29457	29458
29457	29459
29457	29460
29458	29459
32724	32725
