226	1799
227	13968
228	13972
229	13973
230	13977
231	13983
232	13985
233	13988
234	13989
235	13991
236	13993
237	13996
238	13999
239	14001
240	14005
241	14011
242	14014
243	14015
244	14016
245	14017
246	14020
247	14022
248	14023
249	14024
250	14027
251	14032
252	14035
253	14036
254	14037
255	14041
256	14042
257	14043
258	14045
259	14047
260	14050
261	14051
262	14052
263	14053
264	14060
265	14061
266	14062
267	14063
268	14064
269	14067
270	14068
271	14069
272	14072
273	14073
274	27383
275	27384
276	27385
277	27386
278	27387
279	27388
