1799	13968
1799	13972
1799	13973
1799	13977
1799	13983
1799	13985
1799	13988
1799	13989
1799	13991
1799	13993
1799	13996
1799	13999
1799	14001
1799	14005
1799	14011
1799	14014
1799	14015
1799	14016
1799	14017
1799	14020
1799	14022
1799	14023
1799	14024
1799	14027
1799	14032
1799	14035
1799	14036
1799	14037
1799	14041
1799	14042
1799	14043
1799	14045
1799	14047
1799	14050
1799	14051
1799	14052
1799	14053
1799	14060
1799	14061
1799	14062
1799	14063
1799	14064
1799	14067
1799	14068
1799	14069
1799	14072
1799	14073
13977	14023
13977	14024
13977	14068
14014	27383
14014	27384
14014	27385
14023	14063
14024	14072
14035	14036
14036	27386
14036	27387
14036	27388
14042	14043
14045	14064
14052	14053
14060	14061
27383	27384
27383	27385
27384	27385
27386	27387
27386	27388
27387	27388
