60
88354
0
0
0
0
0
0
0
4
30
4
180
52
0
80
0
36
2
10
78
0
74
0
0
2
0
2
62
6
122
0
48
0
114
60
0
14
0
8
0
24
2
64
296
0
4
0
0
0
38
28
30
106
0
118
2
140
52
52
64
0
0
306
12
0
106
168
0
190
0
62
0
64
50
2
2
0
10
6
0
0
0
0
6
8
0
0
2
2
0
14
4
2
8
2
36
4
14
0
0
6
164
2
2
2
226
18
0
2
24
2
0
4
0
0
0
0
8
2
2
0
26
2
10
0
0
32
10
0
2
0
6
12
66
0
8
6
4
0
2
0
0
2
0
2
58
4
14
0
2
0
8
14
0
12
0
98
0
16
0
2
6
0
58
0
2
0
2
8
2
0
66
0
2
2
0
0
2
16
0
6
0
2
16
0
16
70
0
2
0
2
0
2
46
4
0
144
2
0
2
2
2
6
12
0
2
188
24
48
0
10
20
2
0
12
6
14
4
0
10
2
0
6
0
10
26
22
4
76
52
0
0
2
16
2
2
6
12
2
2
6
20
0
0
6
0
12
0
6
2
4
28
30
2
0
2
0
2
2
2
0
0
0
98
4
0
22
0
50
316
0
38
0
4
4
2
60
4
6
36
0
4
8
2
6
34
4
28
0
0
2
2
0
8
10
12
2
2
2
2
0
0
10
6
4
0
0
0
2
0
0
0
2
6
60
2
6
8
6
8
0
26
0
2
6
8
2
2
0
4
0
6
28
0
8
0
2
20
0
0
4
8
4
2
2
0
0
0
2
4
2
2
12
12
2
0
8
2
2
2
8
2
2
2
2
44
6
0
2
0
0
2
4
0
8
8
2
0
0
0
0
2
0
2
2
16
2
0
0
10
12
0
2
2
2
0
2
0
2
6
0
6
2
16
8
2
4
0
2
0
14
0
0
6
78
8
2
8
8
2
22
0
2
2
2
0
2
0
2
46
30
4
2
60
4
0
12
0
0
2
12
12
10
2
2
12
4
0
22
56
4
0
0
2
0
0
0
2
2
2
2
4
4
0
4
0
2
6
6
2
2
6
2
0
0
52
0
4
0
2
0
0
18
106
0
14
0
0
6
6
12
0
6
2
12
2
22
24
22
6
6
2
2
50
4
10
32
4
14
2
2
2
2
2
4
0
0
0
4
0
6
94
126
8
10
6
4
2
6
56
6
2
6
2
62
0
0
2
2
2
20
0
12
2
4
12
6
4
4
2
24
10
40
2
0
2
2
0
30
12
2
20
0
2
4
2
0
2
2
6
4
16
14
12
2
14
74
26
2
12
20
14
12
28
0
0
8
2
2
4
2
2
2
88
2
2
6
22
0
6
0
0
0
32
6
2
2
12
0
2
0
2
0
0
12
2
4
200
2
2
2
2
12
0
0
0
4
10
0
2
2
6
2
14
26
70
0
6
0
0
0
0
0
0
0
0
0
0
18
40
0
0
0
0
0
0
0
0
0
0
0
0
0
0
0
0
0
0
0
0
0
0
0
0
0
0
0
0
0
0
0
0
0
0
0
0
0
0
0
0
0
0
0
0
0
0
0
0
0
0
0
0
0
0
0
0
0
0
0
0
0
0
0
0
0
0
0
0
0
0
0
0
0
0
0
0
0
0
0
0
0
0
0
0
0
0
0
0
0
0
0
0
0
0
0
0
0
0
0
0
0
0
0
0
0
0
0
0
0
0
0
0
0
0
0
0
0
0
0
0
0
0
0
0
0
0
0
0
0
0
0
0
0
0
0
0
0
0
0
0
0
0
0
0
0
0
0
0
0
0
0
0
0
0
0
0
0
0
0
0
0
0
0
0
0
0
0
0
0
0
0
0
0
0
0
0
0
0
0
0
0
0
0
0
0
0
0
0
0
0
0
0
0
0
0
0
0
0
0
0
0
0
0
0
0
0
0
0
0
0
0
0
0
0
0
0
0
0
0
0
0
0
0
0
0
0
0
0
0
0
0
0
0
0
0
0
0
0
0
0
0
0
0
0
0
0
0
0
0
0
0
0
0
0
0
0
0
0
0
0
0
0
0
0
0
0
0
0
0
0
0
0
0
0
0
0
0
0
0
0
0
0
0
0
0
0
0
0
0
0
0
0
0
0
0
0
0
0
0
0
0
