0	1
0	2
0	3
0	4
0	5
0	10
0	6
0	13
0	7
1	15
1	19
1	20
1	25
1	27
1	28
1	30
1	32
1	34
1	35
1	39
1	41
1	43
2	44
3	44
4	44
1	50
1	51
1	52
5	44
1	53
10	15
10	20
10	55
10	57
10	58
10	59
10	11
10	60
10	67
10	71
10	12
6	44
13	25
13	74
13	75
13	76
13	91
13	92
13	14
13	93
13	95
1	13
1	95
1	96
7	44
15	174
15	651
15	178
15	16
15	17
19	159
19	195
19	197
19	200
19	201
19	203
19	204
1	10
20	237
20	21
20	22
20	23
20	24
25	652
25	653
25	138
25	654
25	240
25	241
25	655
25	656
25	247
25	657
25	249
25	658
25	250
25	659
25	251
25	252
25	253
25	254
25	187
25	256
25	26
27	660
27	97
27	140
27	661
27	662
27	663
27	258
27	259
27	664
27	665
1	249
1	658
1	659
1	260
1	60
28	29
30	52
30	666
30	31
32	51
32	33
35	36
35	37
35	38
1	74
1	667
1	153
1	668
1	669
1	75
1	653
1	101
1	670
1	671
1	672
39	98
39	146
39	673
39	297
39	299
39	230
39	674
39	40
39	675
39	676
39	677
39	678
39	304
1	318
1	228
41	233
41	679
41	42
1	78
1	286
50	667
52	666
53	54
55	91
55	93
55	96
55	652
55	675
55	109
55	111
55	680
55	681
55	283
55	309
55	320
55	56
55	327
57	200
57	157
57	682
57	683
8	10
8	345
9	10
9	20
1	254
1	350
1	351
1	684
58	59
58	661
58	685
59	685
59	686
59	316
59	352
59	353
1	71
1	259
60	61
67	354
67	68
67	69
67	70
71	96
71	653
71	671
71	166
1	687
1	240
1	357
1	688
1	361
74	97
74	667
74	689
74	690
74	298
74	691
74	692
74	693
74	694
1	253
1	695
1	111
1	362
1	652
1	276
1	285
1	76
1	696
75	101
75	677
75	283
75	118
75	697
75	698
75	193
75	264
75	699
75	700
75	701
75	702
1	703
1	364
76	146
76	673
76	297
76	230
76	676
76	298
76	169
76	704
76	300
76	705
76	365
76	366
76	367
76	706
76	369
1	305
1	377
1	382
1	678
1	332
1	432
1	208
1	407
1	441
91	93
91	98
91	146
91	235
91	274
91	437
1	689
1	91
1	660
1	98
1	166
1	85
1	235
1	342
92	93
92	252
92	665
92	233
92	111
92	305
92	715
92	727
92	359
92	235
92	437
92	744
92	234
92	745
92	746
92	446
92	447
92	747
92	748
92	749
14	102
1	146
1	104
1	750
1	442
93	138
93	240
93	657
93	251
93	252
93	187
93	689
93	103
93	716
93	446
93	751
93	94
1	93
1	386
1	449
1	59
1	395
1	341
1	450
1	92
1	233
1	234
1	698
1	752
95	96
95	258
95	98
95	673
95	752
1	88
1	711
1	183
1	184
1	132
1	712
1	122
1	739
1	740
1	136
1	753
1	754
1	443
1	172
1	451
1	654
1	690
1	726
96	240
96	666
96	166
96	103
96	726
1	191
174	651
174	659
174	694
174	462
174	804
174	820
174	460
174	478
174	855
174	409
174	856
174	277
1	174
1	651
1	710
1	732
1	782
1	827
1	849
1	857
1	617
1	858
651	668
651	782
651	827
651	849
651	850
651	857
651	858
651	859
651	860
178	250
178	432
178	446
178	403
178	861
178	862
178	863
1	178
1	345
1	859
1	862
1	863
16	594
1	446
1	791
1	828
1	463
1	577
1	405
1	551
17	576
1	229
1	434
1	272
159	197
159	201
159	203
159	204
159	208
159	823
159	835
159	836
159	837
159	607
159	838
159	160
159	608
195	259
195	304
195	704
195	759
195	770
195	469
195	498
195	565
195	881
195	882
195	564
195	196
1	195
1	469
1	376
197	201
197	357
197	770
197	498
197	883
197	198
1	884
1	159
1	197
1	201
1	203
1	204
1	618
18	19
18	200
18	812
200	204
200	663
200	682
200	351
200	357
200	365
200	395
200	443
200	451
200	764
200	781
200	515
200	812
200	813
200	406
1	445
1	885
1	161
201	793
201	556
201	833
201	484
203	399
203	562
203	835
203	837
203	838
203	618
203	885
204	208
204	407
204	472
204	783
204	576
204	566
204	205
204	206
1	399
1	200
1	365
1	838
1	211
1	814
1	582
1	594
237	241
237	327
237	688
237	694
237	431
237	325
237	798
237	810
237	816
237	402
237	335
237	883
237	513
237	552
21	55
22	55
23	32
24	50
1	140
1	103
1	269
1	57
1	579
1	523
1	67
1	164
1	366
1	288
1	394
1	291
1	128
1	538
1	148
1	287
1	375
1	852
1	876
1	615
1	543
1	415
1	716
652	653
652	670
652	671
652	672
652	680
652	707
652	708
652	709
652	710
653	671
653	676
653	680
653	703
653	710
653	711
653	724
1	97
1	666
1	724
1	525
138	240
138	656
138	657
138	252
138	254
138	256
138	283
138	688
138	774
138	470
138	808
138	809
138	404
138	810
138	139
1	655
1	656
1	187
1	256
1	328
1	721
1	573
1	363
1	460
1	662
1	284
1	718
1	719
1	267
1	727
1	241
1	693
1	735
1	431
1	774
654	662
654	669
654	689
654	690
654	708
654	724
1	138
1	801
1	816
240	241
240	249
240	251
240	254
240	350
240	688
240	328
240	411
240	747
240	756
240	774
240	529
240	808
1	283
1	186
241	656
241	253
241	688
241	735
241	431
241	403
241	242
655	657
655	828
655	829
655	890
656	657
656	658
247	656
247	657
247	249
247	658
247	252
247	256
247	774
247	363
247	840
247	403
247	862
657	658
657	712
657	760
657	774
657	800
657	828
249	655
249	659
249	254
249	256
249	350
249	791
249	403
249	504
249	896
1	247
1	657
1	390
1	804
1	559
1	403
1	560
658	659
658	756
658	783
658	804
250	656
250	659
250	595
250	335
250	861
250	888
250	902
659	804
659	820
659	897
251	656
251	657
251	252
251	254
251	256
251	386
251	774
251	529
251	363
251	862
251	494
251	616
252	656
252	657
252	254
252	256
252	259
252	328
252	411
252	447
252	529
252	526
1	251
1	425
253	260
253	688
253	695
253	499
253	809
253	844
253	852
253	853
253	513
1	700
1	470
1	471
254	655
254	657
254	350
254	328
254	756
254	363
254	460
254	565
1	113
1	756
187	656
187	247
187	657
187	249
187	250
187	252
187	256
187	703
187	328
187	386
187	774
187	829
187	592
187	597
187	255
1	511
1	888
256	655
256	657
256	774
256	529
256	829
256	592
1	465
1	856
1	868
1	889
1	250
1	519
1	861
1	483
1	616
1	526
26	249
1	404
1	119
1	717
660	662
660	718
660	719
660	720
97	101
97	111
97	283
97	166
97	441
1	506
1	118
1	661
1	663
1	316
1	278
1	512
140	661
140	663
140	259
140	189
140	411
140	208
140	451
140	773
140	781
140	809
1	223
1	759
1	682
1	763
1	765
1	781
1	812
1	813
1	369
1	397
1	580
661	663
661	671
661	685
661	707
661	716
661	764
661	766
661	773
661	823
1	744
1	584
1	304
1	352
1	820
1	840
1	855
1	869
662	669
662	690
662	708
662	719
1	665
1	529
1	252
1	706
1	411
1	808
1	809
663	682
663	706
663	763
663	764
663	766
663	781
663	812
663	813
1	758
1	787
1	322
1	673
1	152
1	664
1	708
1	713
1	800
258	670
258	672
258	675
258	681
258	686
258	702
258	274
258	752
258	760
258	471
258	784
258	476
258	391
1	258
1	811
259	663
259	369
259	714
259	411
259	432
259	737
259	404
259	812
259	818
259	580
259	862
259	903
1	423
1	476
664	685
664	750
664	796
664	814
664	823
665	679
665	727
665	730
665	745
665	747
665	778
665	786
665	866
665	867
665	874
665	877
1	327
1	313
1	725
1	400
1	556
1	833
1	420
1	823
1	309
1	805
1	904
1	897
260	514
260	844
260	853
260	873
260	483
260	898
260	905
260	906
260	550
260	907
260	908
260	261
260	630
260	262
260	263
1	709
1	909
1	55
1	107
1	621
1	207
1	630
1	631
29	615
29	901
1	527
666	727
666	778
666	821
666	865
666	866
666	867
1	264
31	34
1	680
33	51
1	610
36	50
37	71
37	91
38	57
667	677
667	691
667	700
667	761
1	677
1	810
1	900
153	662
153	708
153	267
153	727
153	437
153	282
153	238
153	445
153	154
668	669
668	710
668	719
668	732
668	849
668	850
1	676
1	320
1	279
1	728
1	391
1	497
669	671
669	690
669	696
669	719
1	681
1	686
1	707
1	784
1	866
1	530
1	581
1	873
1	908
1	729
1	730
1	731
1	433
101	652
101	672
101	677
101	118
101	698
101	193
101	700
101	701
101	720
101	433
101	762
670	672
670	675
670	677
670	708
670	724
670	726
670	728
670	731
670	752
670	771
670	772
670	777
670	780
670	784
670	785
1	297
1	193
1	699
1	701
671	676
671	680
671	703
671	710
671	711
671	724
671	768
671	792
671	864
1	704
672	675
672	679
672	708
672	730
672	731
672	749
672	784
672	786
672	865
672	866
672	867
672	870
672	871
672	877
672	878
672	879
1	427
98	101
98	146
98	677
98	111
98	352
98	166
98	284
98	107
98	431
98	235
98	342
98	751
98	755
98	179
98	164
98	292
98	500
98	545
98	99
98	100
146	668
146	673
146	297
146	305
146	284
146	390
146	726
146	825
146	826
1	230
1	767
1	775
1	845
1	720
1	762
1	294
1	785
1	878
1	353
1	225
1	757
1	705
1	679
1	437
1	745
1	755
1	847
1	877
1	338
1	751
673	691
673	699
673	700
673	718
673	767
673	771
673	846
673	851
673	879
297	673
297	299
297	674
297	298
297	691
297	700
297	300
297	726
297	728
297	545
297	767
297	771
297	772
297	826
297	846
299	673
299	674
299	691
299	692
299	699
299	300
299	726
299	771
299	772
299	845
299	846
299	851
230	673
230	297
230	298
230	715
230	274
230	292
230	771
230	294
230	846
230	301
674	691
674	692
674	724
674	758
674	772
674	826
674	845
674	851
40	146
675	681
675	702
675	707
675	748
675	752
675	753
675	811
1	685
1	515
1	848
1	890
1	568
1	865
676	703
676	710
676	724
676	828
677	691
677	698
677	701
677	705
677	728
677	748
677	767
677	772
677	826
677	851
677	865
1	298
1	691
1	692
1	300
1	170
1	746
1	771
1	295
1	846
1	851
1	565
678	714
678	737
678	809
678	815
678	897
304	694
304	305
304	717
304	328
304	425
304	498
304	789
304	799
304	820
304	497
1	788
1	299
1	674
1	406
318	678
318	705
318	714
318	737
318	539
318	787
318	809
318	815
318	820
318	373
318	319
1	736
1	505
228	654
228	682
228	685
228	316
228	695
228	725
228	763
228	766
1	337
1	766
1	929
233	665
233	672
233	679
233	437
233	234
233	778
233	786
233	865
233	867
233	524
233	878
233	879
679	715
679	729
679	730
679	731
679	745
679	747
679	749
679	778
679	786
679	847
679	865
679	867
679	870
679	877
679	878
679	879
1	715
1	747
1	778
1	786
1	867
1	879
1	359
1	524
1	870
1	871
42	233
78	660
78	264
78	85
78	88
78	123
78	127
78	711
78	280
78	284
78	390
78	79
78	80
78	81
78	82
286	671
286	710
286	425
286	292
286	768
286	528
286	420
286	417
286	419
1	215
1	575
1	44
45	50
45	74
46	50
46	55
47	50
47	52
48	50
48	666
48	233
48	235
48	749
48	786
49	50
49	52
12	52
1	821
1	417
1	127
1	134
54	207
1	723
1	598
1	634
1	930
1	722
109	652
109	258
109	677
109	680
109	681
109	276
109	703
109	364
109	274
109	480
109	282
109	777
109	405
109	471
111	352
111	166
111	701
111	745
111	756
111	414
111	294
1	169
1	292
1	733
1	414
1	430
680	719
681	697
681	708
681	726
681	740
681	760
681	784
681	799
283	665
283	669
283	305
283	288
283	433
283	294
283	505
283	841
283	866
283	867
283	504
309	661
309	423
309	341
309	506
309	764
309	515
309	573
309	805
309	313
309	310
1	385
1	325
320	671
320	676
320	703
320	710
320	450
320	525
320	391
320	547
320	549
320	321
56	675
56	681
327	377
327	719
327	423
327	386
327	798
327	816
157	833
157	604
157	605
157	834
157	158
682	753
682	763
682	781
682	797
682	813
1	854
1	593
1	633
1	940
1	587
1	544
1	590
1	683
1	622
1	157
1	608
1	454
1	550
1	941
1	942
1	943
683	941
683	942
683	943
683	944
1	604
1	944
345	678
345	432
345	737
345	472
345	792
345	813
345	855
345	858
345	406
345	860
345	862
345	868
345	547
345	889
345	926
345	346
345	347
345	348
345	349
350	655
350	783
350	565
350	504
351	663
351	357
351	369
351	407
351	781
351	812
351	813
351	406
1	367
1	459
1	737
1	789
1	844
1	557
1	421
1	569
1	189
1	373
684	814
684	827
684	833
684	901
1	566
1	58
1	317
1	818
1	761
1	824
1	743
1	539
685	695
685	725
685	763
685	764
685	781
1	102
1	773
1	143
1	798
686	689
686	700
686	707
686	740
686	759
686	764
686	777
686	780
686	787
686	790
686	795
316	678
316	318
316	353
316	705
316	725
316	432
316	756
316	766
316	512
316	344
316	862
1	764
1	790
1	480
1	472
1	850
1	549
1	926
1	742
352	685
352	756
352	766
1	776
353	678
353	432
353	736
353	737
353	759
353	512
353	818
353	373
1	903
11	230
11	164
61	687
62	67
62	229
62	434
354	561
354	560
63	67
63	354
63	560
64	67
64	636
65	67
65	576
66	67
63	561
68	560
70	636
166	230
166	718
166	235
166	342
166	755
166	294
166	785
1	675
1	783
687	842
687	899
687	912
687	915
687	918
687	919
687	922
357	651
357	365
357	367
357	770
357	397
357	498
357	399
357	535
357	858
357	406
357	619
357	881
357	564
357	883
357	358
688	783
688	808
688	810
688	883
1	468
1	227
1	895
1	748
1	528
1	887
361	407
361	441
361	819
361	553
361	900
1	123
1	280
1	137
1	792
1	793
1	486
1	796
1	825
72	74
72	91
689	690
689	771
73	74
1	238
1	714
1	179
690	771
690	785
690	865
1	282
298	666
298	670
298	673
298	299
298	674
298	691
298	692
298	699
298	300
298	705
298	726
298	728
298	746
298	767
298	771
298	772
298	846
691	692
691	700
691	728
691	746
691	767
691	771
691	772
691	785
691	845
1	794
692	699
692	746
692	771
692	772
692	845
693	735
693	839
1	109
1	274
694	717
694	760
694	761
694	799
694	855
694	856
694	866
1	535
1	910
1	554
1	927
695	781
695	812
1	738
1	802
1	574
1	803
1	596
1	734
1	795
1	797
362	707
362	712
362	713
362	738
362	753
362	754
362	755
362	797
362	800
276	652
276	286
276	680
276	686
276	689
276	285
276	697
276	708
276	709
276	716
276	740
276	441
276	758
276	795
276	797
285	694
285	707
285	709
285	738
285	740
285	760
696	715
696	718
696	727
696	729
696	852
696	865
696	877
1	779
1	780
118	660
118	698
118	264
118	699
118	700
118	701
118	711
118	152
118	718
118	720
118	170
118	775
697	699
697	738
697	740
697	742
697	773
697	790
698	702
698	708
698	742
698	752
698	762
698	777
698	779
698	780
193	299
193	674
193	698
193	699
193	700
193	701
193	702
193	300
193	762
193	772
193	778
193	780
264	660
264	280
699	700
699	746
699	767
699	771
699	772
699	780
699	845
1	772
700	718
700	726
700	772
700	780
700	846
700	851
701	720
701	725
701	730
701	762
701	778
701	785
701	847
701	870
701	931
1	697
702	748
702	752
702	760
702	777
702	779
702	780
702	797
702	811
1	831
1	915
1	702
703	728
703	792
364	671
364	688
364	703
364	525
364	758
364	480
364	405
364	792
364	504
169	705
169	305
169	191
169	743
169	229
169	342
169	341
169	787
169	376
169	335
169	373
1	749
1	275
704	812
704	823
704	836
300	673
300	677
300	699
300	700
300	726
300	767
300	771
300	772
300	786
300	846
300	865
300	878
705	725
365	663
365	682
365	451
365	781
365	397
365	406
365	884
366	705
366	499
366	375
366	852
366	458
1	239
1	493
1	905
1	589
1	919
1	490
367	429
367	399
367	376
367	839
367	874
367	883
367	890
367	927
367	368
1	534
706	781
706	789
706	796
706	928
369	787
369	397
369	556
369	404
369	812
369	823
369	445
369	833
369	876
369	897
369	400
1	881
1	883
1	489
1	507
305	667
305	382
305	717
305	437
305	756
305	460
305	306
377	382
377	757
377	515
377	507
377	798
377	468
377	378
377	379
377	380
382	386
382	506
382	757
382	782
382	468
382	848
382	383
1	418
104	652
104	671
104	703
104	722
104	450
104	767
104	768
104	480
104	528
104	769
104	770
707	750
707	752
707	753
707	759
707	795
1	875
708	719
708	742
708	777
708	780
708	784
709	746
709	760
709	761
709	776
709	785
709	848
709	875
1	330
1	864
1	491
1	419
77	652
77	708
385	652
385	653
385	671
385	676
385	703
385	709
385	710
385	390
385	722
385	427
385	788
385	839
385	863
385	864
385	904
710	722
710	732
710	768
710	776
710	799
710	860
710	864
710	889
1	496
85	660
85	169
85	704
85	705
85	366
85	183
85	191
88	123
88	127
88	280
88	279
88	122
88	738
88	739
88	740
88	741
88	134
88	742
88	136
88	137
88	225
88	226
88	291
88	395
88	89
123	352
123	361
123	707
123	317
123	186
123	223
123	742
123	291
123	395
123	750
123	788
123	211
123	538
123	573
123	124
123	125
127	697
127	264
127	280
127	132
127	317
127	738
127	739
127	740
127	742
127	137
127	225
127	442
127	443
127	451
127	130
127	793
127	128
127	796
1	741
711	775
711	845
280	712
280	713
280	317
280	738
280	739
280	740
280	741
280	742
280	442
280	792
280	793
280	794
284	660
284	662
284	673
284	320
284	285
284	719
284	292
284	775
284	325
1	935
390	710
390	416
390	722
390	756
390	852
390	864
390	417
390	927
1	494
79	88
80	390
81	264
81	127
1	592
82	264
1	447
1	829
132	280
132	712
132	713
132	430
132	738
132	741
132	134
132	225
132	443
132	755
132	793
132	794
132	486
132	797
712	713
712	755
712	793
712	800
713	738
713	739
713	741
713	750
713	755
713	793
713	800
279	653
279	671
279	697
279	280
279	430
279	738
279	739
279	740
279	443
279	451
279	792
279	793
279	486
1	815
1	553
1	498
1	212
1	502
1	503
1	882
1	564
1	478
714	737
714	820
1	344
1	874
1	499
715	727
715	729
715	730
715	731
715	745
715	747
715	878
1	458
1	597
103	240
103	663
103	316
103	352
103	689
103	763
103	764
103	765
103	766
119	304
119	706
119	305
119	717
119	425
119	788
119	397
119	465
119	469
119	498
119	789
119	499
716	737
716	743
716	758
716	763
716	815
716	816
716	817
716	818
716	819
716	820
152	660
152	662
152	673
152	297
152	674
152	677
152	320
152	166
152	284
152	718
152	189
152	719
152	338
152	744
152	762
152	785
152	826
718	720
718	743
718	744
718	775
718	846
718	847
189	200
189	660
189	682
189	714
189	718
189	743
189	744
189	773
189	539
189	792
189	800
189	802
189	596
189	855
189	876
189	190
719	775
719	785
1	237
1	416
720	743
720	744
416	660
416	803
416	829
416	839
416	494
416	575
416	540
1	335
83	660
83	762
328	657
328	688
328	717
328	721
328	425
328	386
328	760
328	761
328	529
328	573
328	808
328	460
328	859
328	458
328	329
721	861
721	887
423	506
423	765
423	515
423	476
423	507
423	798
423	805
423	424
425	694
425	717
425	465
425	469
425	789
425	820
425	460
425	925
425	458
425	554
425	426
288	710
288	711
288	317
288	338
288	291
288	342
288	768
288	783
288	822
288	511
288	419
288	901
288	289
288	290
337	827
337	929
337	933
337	510
722	805
722	864
722	904
1	760
1	220
1	510
84	102
84	723
102	663
102	228
102	106
102	143
102	598
102	155
102	156
102	831
102	527
102	832
723	776
723	780
723	855
723	856
723	875
723	896
723	898
183	653
183	662
183	669
183	230
183	692
183	711
183	718
183	338
183	186
183	235
183	437
183	184
183	292
183	414
183	775
183	538
183	845
191	696
1	826
1	612
1	906
1	920
1	928
1	768
1	817
1	501
1	514
1	886
1	552
1	509
1	872
724	728
724	732
724	733
724	734
122	653
122	671
122	132
122	712
122	713
122	279
122	430
122	738
122	739
122	740
122	136
122	750
122	758
122	278
122	793
122	128
1	429
1	841
317	653
317	697
317	698
317	708
317	385
317	710
317	724
317	734
317	741
317	742
317	773
317	777
317	780
317	787
317	538
338	653
338	711
338	394
338	543
338	759
338	375
338	855
338	526
86	653
86	671
427	653
427	671
427	676
427	710
427	429
427	736
427	768
427	799
427	829
427	459
427	857
427	890
427	526
427	549
427	428
429	651
429	653
429	684
429	459
429	849
429	857
429	615
429	493
429	458
107	670
107	350
107	352
107	361
107	690
107	179
1	578
1	547
332	678
332	736
332	470
332	460
332	869
332	458
170	673
170	297
170	299
170	298
170	691
170	692
170	700
170	300
170	725
170	184
170	771
170	295
170	845
170	846
170	851
170	171
725	728
725	746
725	766
1	913
267	662
267	665
267	666
267	320
267	727
267	730
267	731
267	433
267	359
267	437
267	749
267	766
267	282
267	778
267	821
267	865
267	867
267	268
726	771
726	846
1	561
1	694
727	729
727	730
727	731
727	749
727	778
727	821
727	865
727	867
727	877
727	878
728	746
728	748
728	767
728	771
728	772
728	786
729	730
729	731
729	745
729	747
729	778
729	827
729	871
729	878
730	731
730	749
730	762
730	778
730	786
730	865
730	866
730	867
730	870
730	871
730	877
730	878
730	879
731	745
731	749
731	778
731	786
731	865
731	866
731	867
731	870
731	871
731	878
731	879
186	654
186	665
186	669
186	286
186	283
186	711
186	288
186	359
186	292
186	775
186	420
186	845
223	671
223	228
223	286
223	697
223	279
223	724
223	317
223	733
223	734
223	430
223	741
223	742
223	395
223	766
223	282
223	420
223	538
223	224
732	733
732	734
732	768
732	775
732	910
733	734
733	777
733	790
418	681
418	733
418	734
418	750
418	772
418	775
418	777
418	471
418	793
734	742
734	797
430	712
430	741
430	794
430	486
1	333
113	153
113	351
113	716
113	267
113	730
113	743
113	282
113	238
113	781
113	539
113	114
113	115
113	116
113	117
394	663
394	705
394	711
394	736
394	543
394	766
394	792
394	512
394	818
394	580
394	553
394	862
394	874
394	502
394	503
411	432
411	737
411	756
411	809
411	812
411	412
735	808
431	688
431	693
431	694
431	735
431	808
432	678
432	737
432	446
432	580
432	840
432	597
736	816
736	818
736	829
736	839
736	862
736	874
737	787
737	809
737	812
1	925
738	740
738	741
738	750
738	793
738	794
738	795
739	740
739	741
739	755
739	758
739	793
739	794
740	742
740	750
740	793
740	794
740	795
741	742
741	771
741	773
741	794
741	797
1	130
134	362
134	280
134	713
134	430
134	741
134	137
134	443
134	793
134	794
134	799
742	777
742	780
742	794
136	362
136	280
136	712
136	713
136	279
136	739
136	225
136	750
136	443
136	172
136	755
136	793
136	399
136	804
137	279
137	758
137	790
137	794
137	486
137	797
87	88
87	134
225	352
225	696
225	697
225	280
225	279
225	267
225	734
225	430
225	738
225	739
225	443
225	793
225	794
1	226
226	712
226	713
226	430
226	739
226	741
226	750
226	793
226	794
226	486
291	361
291	395
291	447
291	414
291	901
291	904
395	688
395	427
395	429
395	411
395	538
395	808
395	812
395	553
395	459
89	123
433	666
433	679
433	699
433	708
433	711
433	730
433	743
433	778
433	539
433	786
433	524
433	870
433	878
359	665
359	666
359	715
359	727
359	728
359	729
359	730
359	731
359	433
359	437
359	772
359	775
359	778
359	786
359	821
359	865
359	866
359	867
359	524
359	877
359	878
359	879
743	744
743	787
743	815
743	817
743	819
434	435
208	351
208	361
208	407
208	809
208	287
208	881
208	883
407	706
407	499
407	883
441	729
441	755
441	768
441	890
1	822
235	665
235	666
235	679
235	437
235	342
235	747
235	865
235	866
235	877
235	879
274	667
274	670
274	673
274	297
274	299
274	681
274	298
274	691
274	285
274	715
274	719
274	726
274	727
274	359
274	746
274	545
274	760
274	771
274	471
274	784
274	785
274	544
90	91
90	107
437	662
437	665
437	666
437	667
437	679
437	715
437	745
437	747
437	786
437	866
437	867
437	524
437	870
437	877
437	879
437	544
342	651
342	694
342	385
342	429
342	397
342	376
342	827
342	849
342	857
342	511
342	859
342	864
342	458
342	929
744	748
744	762
234	665
234	666
234	679
234	728
234	729
234	730
234	731
234	359
234	437
234	749
234	778
234	786
234	821
234	865
234	866
234	867
234	524
234	870
234	871
234	877
234	878
234	879
745	747
745	786
745	867
745	878
745	879
746	776
746	785
746	845
746	847
746	848
746	865
746	900
446	739
446	751
446	543
446	776
446	791
446	496
446	856
446	925
447	715
447	736
447	748
447	450
447	543
447	525
447	465
447	816
447	829
447	876
447	890
747	778
747	870
747	874
748	749
748	762
748	810
748	821
748	828
748	848
749	778
749	786
749	821
749	847
749	848
749	865
749	866
749	870
749	877
749	879
750	793
750	796
442	706
442	712
442	713
442	443
442	781
442	499
442	797
442	812
1	806
1	807
751	760
751	761
751	776
751	855
751	904
94	138
386	395
386	449
386	506
386	476
386	798
386	822
386	937
386	387
1	853
1	898
1	902
1	912
1	627
449	651
449	506
449	765
449	515
449	476
449	507
449	798
449	849
449	857
449	511
449	534
1	933
1	770
341	663
341	685
341	725
341	394
341	395
341	342
341	787
341	512
341	818
450	525
450	551
450	463
450	852
1	462
1	409
752	753
752	779
752	784
1	777
1	799
184	286
184	283
184	711
184	288
184	186
184	733
184	418
184	291
184	437
184	185
753	754
753	764
753	790
753	793
753	795
753	797
754	797
754	811
443	713
443	738
443	741
443	753
443	754
443	755
443	790
443	797
172	712
172	223
172	733
172	430
172	739
172	740
172	741
172	226
172	486
451	663
451	682
451	793
451	797
1	513
1	402
179	711
179	720
179	394
179	543
179	420
179	776
179	275
164	670
164	672
164	673
164	283
164	166
164	700
164	757
164	825
164	180
164	181
164	182
292	666
292	299
292	692
292	711
292	718
292	727
292	775
292	325
292	845
292	865
292	293
500	751
500	591
500	852
500	592
500	876
500	887
1	595
545	701
545	931
1	500
1	880
1	265
1	832
1	277
99	755
100	431
1	839
506	765
506	507
506	798
506	920
506	937
756	783
756	791
756	804
161	366
161	711
161	183
161	394
161	291
161	395
161	447
161	414
161	767
161	829
161	839
161	459
757	773
757	807
543	822
1	540
1	769
1	576
1	504
1	896
525	703
525	828
525	900
759	781
759	795
760	761
760	773
760	784
760	787
760	799
760	855
760	896
761	776
761	788
761	791
761	806
761	807
761	855
761	904
762	772
762	779
414	711
414	724
414	728
414	729
414	733
414	418
414	744
414	767
414	772
414	775
763	766
764	765
764	781
764	790
764	793
764	797
764	812
765	798
765	812
766	813
767	771
767	772
767	773
767	774
767	775
768	890
480	676
480	703
480	525
480	568
480	810
480	519
480	828
480	576
480	497
528	722
528	768
528	852
528	887
528	891
528	575
528	540
528	927
769	789
769	910
770	789
770	881
771	772
771	846
282	414
282	767
282	772
282	420
295	667
295	673
295	297
295	674
295	298
295	691
295	692
295	699
295	700
295	746
295	767
295	771
295	772
295	845
295	846
295	851
772	821
333	677
333	733
333	418
333	767
333	775
333	848
773	774
773	787
773	848
774	828
775	845
420	695
420	733
420	500
420	767
420	772
420	478
420	864
105	673
105	297
105	299
105	674
105	298
105	300
105	170
105	746
105	767
105	295
105	772
421	722
421	528
421	805
421	850
421	904
421	422
106	107
1	591
472	651
472	710
472	783
472	813
472	849
472	850
472	858
472	860
472	868
472	547
472	889
472	549
472	926
472	473
472	474
1	860
1	619
1	620
776	791
776	803
776	855
776	856
776	875
776	900
776	925
591	820
591	876
591	615
591	927
777	779
777	780
777	790
108	109
108	703
405	427
405	447
405	758
405	480
405	774
405	788
405	792
405	551
405	519
405	828
471	670
471	681
471	686
471	707
471	708
471	719
471	777
471	785
110	111
294	666
294	696
294	715
294	729
294	744
294	747
294	878
778	779
778	780
778	786
778	847
778	865
778	867
778	870
778	871
778	877
778	878
778	879
779	780
779	795
779	811
780	790
780	797
780	898
112	689
112	690
238	267
238	282
781	782
781	789
781	812
781	813
781	882
539	678
539	716
539	743
539	800
539	815
539	819
114	267
115	153
116	282
117	153
515	761
515	765
515	798
515	812
515	926
782	783
782	857
782	909
529	656
529	688
529	693
529	735
529	848
783	858
783	868
783	886
783	889
784	799
462	675
462	709
462	752
462	760
462	528
462	810
462	848
462	463
462	904
470	668
470	694
470	707
470	752
470	760
470	480
470	774
470	519
470	478
470	855
476	752
476	506
476	761
476	765
476	515
476	507
476	798
476	806
476	807
476	577
476	904
476	477
785	900
1	931
1	932
786	866
786	867
786	870
786	871
786	877
786	878
786	879
595	824
595	831
595	911
595	915
595	917
595	633
787	796
787	809
1	819
330	654
330	677
330	367
330	724
330	427
330	429
330	736
330	333
330	538
330	829
330	839
330	459
330	375
330	874
330	890
330	331
568	657
568	705
568	828
568	852
788	864
788	895
397	651
397	770
397	498
397	789
397	816
397	562
397	535
397	881
397	882
397	564
397	891
397	398
465	651
465	811
465	822
465	617
465	511
465	860
465	862
465	578
465	579
465	547
465	889
465	597
465	466
469	758
469	565
469	881
469	882
469	564
469	491
498	651
498	739
498	770
498	789
498	535
498	619
498	881
498	564
789	886
789	910
789	928
1	907
499	667
499	706
499	789
499	928
130	697
130	280
130	132
130	713
130	279
130	430
130	738
130	739
130	741
130	134
130	137
130	225
130	172
130	793
130	794
130	796
130	797
130	131
790	793
790	795
790	797
275	285
275	710
275	721
275	751
275	543
275	776
275	777
275	471
275	904
275	925
278	656
278	369
278	723
278	758
278	793
278	404
278	814
278	823
278	496
278	569
278	856
278	876
278	504
791	875
791	876
791	896
791	925
792	793
792	800
792	817
792	818
1	545
793	797
128	671
128	362
128	364
128	280
128	279
128	738
128	740
128	172
128	451
128	405
128	278
128	792
128	793
128	538
795	797
486	738
486	740
486	750
486	790
486	793
486	794
486	796
486	797
796	797
796	814
796	823
796	833
556	663
556	756
556	789
556	796
556	814
556	823
556	833
556	582
556	897
399	682
399	739
399	741
399	782
399	804
399	562
399	617
399	881
399	883
120	793
120	128
121	451
121	793
561	658
561	755
561	615
561	887
561	616
325	681
325	327
325	423
325	735
325	476
325	507
325	798
325	808
325	551
507	668
507	765
507	515
1	562
512	685
512	725
512	759
512	766
512	787
512	580
211	573
211	814
211	553
538	734
538	742
538	829
538	553
538	597
573	822
573	903
124	415
125	223
126	127
126	280
129	741
129	226
1	901
131	137
133	247
133	256
133	134
800	802
800	817
800	855
800	876
801	802
801	803
801	815
801	816
801	925
802	803
802	855
802	876
802	925
574	735
574	801
574	802
574	803
574	596
574	925
803	816
803	818
803	822
596	800
596	801
596	802
596	803
596	855
596	876
596	925
135	362
135	712
804	816
804	822
804	876
804	909
805	864
805	904
468	506
468	476
468	806
468	807
468	816
468	577
468	497
468	513
806	807
806	904
807	904
505	723
505	811
505	841
505	873
808	810
809	840
404	656
404	500
404	787
404	460
404	445
404	840
404	494
810	900
139	328
139	470
811	856
811	920
812	813
812	833
813	860
813	868
813	926
143	309
143	685
143	352
143	225
143	763
143	785
143	313
143	821
815	817
816	820
816	864
816	876
817	818
817	819
818	819
818	864
820	876
820	909
141	716
141	819
363	655
363	656
363	774
363	565
460	694
460	721
460	857
460	859
460	869
460	883
460	929
460	510
580	862
580	903
313	327
313	345
313	432
313	449
313	341
313	765
313	766
313	515
313	573
313	580
313	335
313	862
313	578
313	886
313	903
313	458
313	314
821	847
821	848
821	865
821	870
821	871
821	877
821	879
821	900
142	309
142	143
142	313
822	886
822	889
562	651
562	782
562	822
562	849
562	617
823	833
823	897
144	661
144	823
551	723
551	735
551	788
551	808
551	918
824	899
824	906
824	911
824	912
824	913
824	915
824	917
824	918
824	919
824	920
824	922
824	938
598	773
598	634
598	930
598	599
598	600
598	601
598	602
598	603
145	685
145	225
145	764
826	854
826	906
826	908
826	920
826	924
826	932
826	937
376	658
376	382
376	468
376	807
376	868
376	883
376	908
376	554
148	385
148	288
148	291
148	447
148	161
148	757
148	287
148	402
148	344
148	827
148	519
148	828
148	829
148	553
148	830
148	149
287	361
287	390
287	722
287	407
287	528
287	819
287	553
287	617
402	657
402	447
402	480
402	774
402	405
402	568
402	810
402	519
402	828
344	665
344	367
344	729
344	394
344	736
344	447
344	747
344	543
344	818
344	553
344	375
344	862
344	890
344	927
344	368
827	849
827	858
519	525
519	774
519	568
519	561
519	820
519	828
519	520
828	856
828	909
829	839
829	874
829	890
553	736
553	809
553	816
553	839
553	840
553	874
553	890
830	854
830	856
830	861
830	896
830	907
830	912
830	924
830	931
830	936
147	543
147	148
149	288
150	284
150	152
150	459
151	152
151	338
584	832
584	853
584	898
584	902
584	908
584	912
584	915
584	923
584	934
584	628
584	939
1	162
445	684
445	701
445	814
445	496
154	445
155	228
156	226
831	832
831	853
831	906
831	917
831	920
831	923
831	932
831	934
527	831
527	832
527	621
527	928
832	853
832	923
1	843
1	923
1	934
1	628
1	632
833	897
604	941
604	942
604	943
605	834
1	605
1	834
1	650
1	948
1	649
158	605
158	834
1	836
1	835
1	837
1	607
1	946
835	837
835	838
835	885
837	838
837	885
837	946
607	835
607	837
607	838
607	885
607	946
838	885
838	946
160	204
608	683
608	941
608	942
608	943
608	944
608	949
608	609
839	862
839	863
839	874
839	890
459	711
459	543
459	538
459	839
459	850
459	511
459	874
459	597
459	526
459	616
162	562
162	496
162	569
162	610
496	658
496	659
496	751
496	791
496	569
496	856
496	876
496	912
496	927
569	723
569	761
569	791
569	830
569	854
569	855
569	856
569	875
569	876
569	575
569	896
569	927
1	270
610	830
610	861
610	907
610	931
610	936
1	939
163	425
163	465
840	895
840	897
165	538
165	829
1	842
454	687
454	842
454	861
454	483
454	552
454	493
454	902
454	550
454	490
454	489
454	939
514	826
514	853
514	592
514	854
514	861
514	593
514	880
514	552
514	913
514	919
514	544
514	932
514	628
514	937
514	622
842	844
842	853
842	884
842	899
842	905
842	906
842	919
842	932
842	935
842	939
843	873
843	911
843	914
843	915
843	917
843	920
843	921
843	934
844	898
375	394
375	747
375	543
375	839
375	459
375	616
845	851
846	851
847	865
847	870
847	877
847	920
167	696
167	718
168	696
168	718
391	655
391	657
391	676
391	525
391	480
391	402
391	519
391	828
391	478
391	392
335	568
335	499
335	376
335	831
335	853
335	861
335	906
335	908
335	630
335	915
335	928
335	458
373	815
1	623
535	658
535	732
535	770
535	783
535	789
535	561
535	576
535	872
535	883
535	536
463	668
463	761
463	765
463	806
463	807
463	496
463	577
463	912
463	554
478	668
478	820
478	876
478	904
478	479
849	850
849	857
849	858
849	859
849	860
850	855
850	860
850	868
850	889
850	901
850	926
171	300
852	864
852	876
853	854
853	861
853	907
853	923
853	924
853	931
853	934
853	936
592	824
592	853
592	854
592	861
592	898
592	915
592	934
592	628
592	936
592	939
854	861
854	906
854	907
854	924
854	931
854	935
854	936
854	937
854	939
854	940
612	824
612	826
612	854
612	861
612	880
612	906
612	908
612	913
612	918
612	920
612	921
612	633
612	931
612	937
612	938
612	940
1	899
1	911
1	918
1	922
1	938
855	856
855	868
855	876
855	889
855	896
409	746
409	761
409	462
409	806
409	807
409	463
409	577
409	417
856	861
856	896
1	354
277	561
277	832
277	576
277	873
277	483
277	898
277	560
277	907
277	916
277	923
173	174
173	460
857	859
857	883
857	929
617	651
617	684
617	756
617	782
617	849
617	902
858	860
858	889
1	891
1	218
1	893
1	894
406	651
406	663
406	682
406	732
406	451
406	472
406	783
406	469
406	813
406	849
406	855
406	858
406	860
406	868
406	881
406	564
406	889
406	504
406	926
406	620
511	651
511	768
511	528
511	783
511	822
511	569
511	849
511	852
511	857
511	858
511	860
511	876
511	579
511	547
511	889
511	534
511	620
859	869
859	883
859	929
559	651
559	782
559	804
559	828
559	565
559	576
559	560
565	651
565	656
565	658
565	688
565	758
565	770
565	789
565	881
860	868
860	889
860	926
619	651
619	770
619	783
619	849
619	857
619	909
175	651
175	849
175	857
175	511
176	651
176	858
176	511
176	579
177	651
177	472
177	849
177	858
177	860
403	658
403	732
403	783
403	498
403	789
403	804
403	496
403	565
403	881
403	564
403	883
403	886
403	554
403	620
861	906
861	936
862	863
862	901
862	903
863	901
863	903
577	806
577	807
1	217
1	892
576	782
576	783
864	876
865	867
865	877
865	878
865	879
866	867
866	870
866	871
866	877
866	879
867	870
867	871
867	877
867	878
867	879
524	666
524	679
524	727
524	729
524	730
524	731
524	778
524	786
524	866
524	867
524	870
524	871
524	877
524	878
524	879
417	655
417	669
417	675
417	702
417	722
417	462
417	821
417	459
417	864
417	419
417	900
868	889
868	926
322	758
322	515
322	505
322	810
322	841
322	323
180	230
181	230
182	230
185	437
578	711
578	768
578	845
578	615
578	887
578	597
578	901
578	616
578	939
869	929
869	933
870	871
870	877
870	878
870	879
871	877
871	879
1	924
566	659
566	757
873	907
873	916
873	921
1	917
874	890
875	901
876	927
188	705
188	189
188	568
190	792
877	878
877	879
483	842
483	853
483	861
483	884
483	902
483	906
483	550
483	912
483	589
483	490
483	489
483	590
615	684
615	852
615	876
615	886
615	887
615	901
615	616
615	927
192	748
192	762
878	879
593	861
593	880
593	906
593	911
593	913
593	914
593	915
593	916
593	920
593	921
593	627
593	633
593	931
593	935
593	940
880	905
880	908
880	911
880	913
880	920
880	921
880	938
194	351
881	882
881	883
564	758
564	770
564	789
564	858
564	565
564	881
564	882
196	770
198	201
1	484
884	905
884	917
884	923
884	935
618	946
618	949
1	638
1	947
199	200
199	682
199	365
885	946
1	949
202	203
202	367
202	399
202	376
205	566
206	862
582	659
582	684
582	814
582	833
582	897
886	888
1	546
579	813
579	827
579	617
579	858
579	889
579	901
579	929
207	522
494	562
494	827
494	829
494	852
494	876
494	615
494	887
494	889
887	901
887	902
212	394
212	736
212	792
212	817
212	862
212	502
212	503
212	213
212	214
239	721
239	394
239	500
239	543
239	573
239	822
239	459
239	375
239	617
239	511
239	876
239	887
239	504
239	493
239	616
547	676
547	710
547	822
547	860
547	862
547	579
547	889
547	549
547	926
547	620
220	288
220	337
220	561
220	822
220	857
220	511
220	859
220	579
220	890
220	616
220	929
220	933
889	926
209	822
209	547
209	889
209	465
209	511
890	927
210	259
210	211
502	792
502	862
502	863
502	503
502	903
503	792
503	817
213	862
214	736
597	678
597	801
597	815
597	829
597	890
891	892
891	893
891	894
217	528
217	397
217	891
217	218
217	892
217	893
217	894
218	891
218	892
218	893
218	894
218	219
215	427
215	770
215	397
215	498
215	891
215	218
215	575
575	801
575	803
575	816
575	819
575	852
575	864
575	615
575	927
575	620
491	655
491	674
491	758
491	562
491	829
491	617
491	565
491	494
893	894
216	891
216	217
216	892
219	894
1	830
1	936
221	223
221	538
222	223
222	538
224	538
227	788
227	840
227	895
1	937
504	723
504	776
504	783
504	791
504	505
504	551
504	569
504	841
504	855
504	856
504	858
504	511
504	565
504	875
504	876
504	896
504	620
526	678
526	737
526	543
526	855
526	864
549	676
549	710
549	768
549	783
549	813
549	850
549	860
549	868
549	889
549	926
549	620
897	909
419	710
419	427
419	429
419	732
419	768
419	528
419	459
419	852
419	890
231	297
231	691
231	865
232	672
232	233
232	865
232	878
236	665
236	679
236	786
236	867
236	870
236	878
236	879
497	676
497	756
497	782
497	551
497	509
497	935
513	688
513	808
552	595
552	842
552	592
552	861
552	884
552	902
552	924
415	526
898	907
899	905
899	911
899	912
899	914
899	917
899	918
899	919
899	922
899	938
493	687
493	842
493	592
493	862
493	615
493	887
493	552
493	899
493	902
493	917
493	919
493	924
493	938
493	940
616	684
616	902
1	440
242	506
509	655
509	756
509	887
243	655
243	657
243	828
243	391
244	655
244	256
245	656
245	559
245	565
246	656
246	565
248	657
248	256
248	447
248	565
560	688
560	804
560	576
560	615
560	886
902	912
902	939
400	659
400	781
400	404
400	403
400	897
255	386
257	258
257	681
257	325
905	906
905	913
905	922
905	935
905	939
905	940
906	908
906	920
906	932
906	935
906	936
906	937
906	938
550	687
550	826
550	836
550	842
550	884
550	899
550	905
550	906
550	908
550	911
550	919
550	920
550	922
550	939
550	940
907	915
907	931
907	936
1	914
908	920
261	514
630	915
630	631
630	935
630	937
630	938
630	632
262	907
263	630
534	704
534	732
534	770
534	562
534	849
534	857
534	619
534	882
534	564
534	910
265	830
265	454
265	853
265	854
265	905
265	550
265	918
265	919
265	922
265	544
265	557
265	931
265	932
265	936
265	622
265	940
265	623
911	912
911	913
911	914
911	915
911	916
911	917
911	918
911	919
911	920
911	921
911	922
912	914
912	915
912	916
912	917
912	918
912	921
912	922
912	923
912	927
912	931
912	934
913	914
913	922
913	923
913	935
913	939
913	940
1	916
914	916
914	917
914	918
914	921
914	934
587	824
587	843
587	899
587	911
587	912
587	913
587	914
587	915
587	916
587	589
587	917
587	918
587	919
587	921
587	633
587	924
587	938
915	917
915	931
916	921
916	923
916	935
916	939
589	824
589	830
589	610
589	853
589	854
589	873
589	593
589	898
589	907
589	911
589	912
589	914
589	915
589	916
589	918
589	921
589	924
589	931
589	936
917	923
917	924
917	934
918	919
918	920
918	940
919	921
919	922
919	938
919	939
919	940
920	932
920	934
920	935
920	937
921	923
921	935
921	938
1	921
922	923
922	934
922	935
922	938
922	940
627	843
627	880
627	911
627	913
627	914
627	915
627	917
627	920
627	921
627	938
627	632
633	880
633	899
633	905
633	911
633	913
633	920
633	921
266	824
266	911
266	913
266	544
923	924
923	934
924	932
924	936
544	545
544	842
544	593
544	899
544	905
544	550
544	912
544	913
544	914
544	587
544	919
544	922
544	627
544	633
544	940
557	827
557	908
557	914
557	915
557	920
557	923
557	924
557	938
268	727
270	272
270	271
271	272
621	745
621	832
621	844
621	873
621	898
621	905
621	631
621	934
621	623
621	632
631	831
631	832
631	844
631	853
631	923
631	934
631	632
273	667
273	305
581	765
501	792
501	863
501	502
501	503
281	709
281	575
540	543
540	591
540	819
540	829
540	852
540	864
540	876
540	575
540	927
540	541
289	342
290	783
290	511
293	845
296	297
296	545
301	761
302	674
302	714
302	737
303	304
303	328
306	756
307	309
307	764
308	309
308	423
310	515
311	686
311	787
458	717
458	803
458	816
458	818
458	460
458	864
458	886
312	345
312	313
314	886
314	458
315	316
315	815
315	373
315	318
315	714
319	714
929	933
634	930
931	932
931	936
931	937
932	937
321	450
323	447
323	405
323	402
324	327
324	325
326	327
326	507
329	760
490	831
490	842
490	844
490	612
490	873
490	593
490	884
490	552
490	899
490	493
490	902
490	905
490	906
490	550
490	913
490	916
490	919
490	920
490	921
490	621
490	935
490	938
490	939
490	940
934	937
628	831
628	832
628	853
628	923
628	631
628	934
331	543
334	335
334	550
334	908
510	827
510	859
510	869
510	929
510	933
336	337
336	929
336	933
935	938
935	939
489	687
489	842
489	854
489	612
489	884
489	905
489	906
489	550
489	908
489	919
489	920
489	932
489	490
489	935
489	938
489	939
489	940
938	940
622	824
622	842
622	919
622	920
622	922
622	633
622	923
622	932
622	938
622	940
339	923
339	934
339	628
340	341
340	512
343	367
343	429
590	824
590	826
590	899
590	902
590	912
590	915
590	917
590	918
590	633
590	932
590	937
941	942
941	943
941	944
942	943
942	944
943	944
346	472
346	860
347	472
347	926
348	472
348	813
348	860
349	860
66	576
69	636
355	765
355	515
356	765
356	515
358	770
360	361
554	769
554	789
554	813
554	910
73	884
73	917
194	365
368	927
370	815
370	373
371	815
371	373
372	815
372	373
374	787
374	796
378	382
379	382
380	382
381	382
381	476
381	468
383	597
384	385
384	722
384	864
387	594
440	570
440	571
440	945
388	420
388	864
389	390
389	864
392	402
393	394
393	817
393	818
396	804
396	876
398	770
401	405
401	402
620	783
620	850
620	858
620	868
620	886
620	889
620	926
408	409
408	577
410	766
410	512
412	737
413	414
413	775
422	904
424	798
426	465
428	429
436	437
436	747
1	570
1	571
570	571
570	945
571	945
571	572
1	945
438	440
438	571
438	945
439	440
439	570
439	571
444	814
444	582
448	748
448	848
360	450
452	826
452	908
453	454
453	939
455	781
455	896
456	483
456	884
457	597
457	458
461	462
461	904
464	465
464	511
466	579
467	505
467	841
435	468
473	783
473	868
473	549
474	860
475	547
475	889
475	926
475	620
477	506
477	507
110	561
110	478
479	904
481	568
481	852
482	528
482	852
482	575
623	843
623	880
623	915
623	916
623	920
623	921
623	627
623	633
623	632
623	624
623	625
623	626
485	792
485	502
487	756
487	556
488	756
488	509
492	493
492	919
492	938
495	827
495	557
175	506
946	949
508	584
508	509
1	635
516	806
516	577
517	806
517	577
518	806
518	807
518	577
520	828
521	830
521	569
521	856
521	896
531	857
531	534
532	857
532	619
532	534
533	857
533	619
533	534
536	770
537	910
537	554
541	591
542	875
542	901
548	850
548	549
555	556
555	897
558	559
558	565
563	770
563	564
632	914
632	934
567	579
567	889
572	945
638	947
583	853
583	854
522	584
585	914
585	934
585	632
586	914
586	934
586	632
588	593
588	916
588	921
583	830
583	936
599	634
599	930
600	634
600	930
601	634
602	634
603	634
650	948
649	950
1	950
606	837
606	607
606	838
606	946
609	944
611	857
611	619
613	863
613	903
614	615
614	616
624	627
625	627
626	627
629	630
629	631
1	951
950	951
637	638
637	947
639	950
639	951
640	950
640	951
641	950
641	951
642	950
642	951
643	950
643	951
644	950
644	951
645	950
645	951
646	950
646	951
647	950
647	951
648	950
648	951
