66	544
67	5924
68	7499
69	12985
70	12988
71	12989
72	12990
73	12992
74	12995
75	12996
76	12997
77	12998
78	12999
79	13001
80	13005
81	13008
82	13010
83	13011
84	13012
85	13014
86	13018
87	13020
88	13021
89	13022
90	13026
91	13027
92	13028
93	13029
94	13038
95	13039
96	13040
97	13045
98	13048
99	13049
100	13052
101	13053
102	13054
103	13057
104	13058
105	13059
106	13062
107	13063
108	13066
109	13068
110	13071
111	13073
112	13074
113	13076
114	13077
115	13082
116	13083
117	13084
118	13085
119	13086
120	13087
121	13088
122	13089
123	13090
124	13095
125	13096
126	13097
127	13098
128	24485
129	24486
130	24487
131	24488
