5972	12960
5972	12970
5972	12999
5972	20142
5972	20364
5972	20391
5972	20741
5972	20863
5972	28890
5972	28893
5972	28895
5972	28896
5972	28900
5972	28901
5972	28902
5972	28903
5972	28904
5972	28905
5972	28906
5972	28910
5972	28911
5972	28914
5972	28916
5972	28917
5972	28918
5972	28919
5972	28920
5972	28921
5972	28922
5972	28923
5972	28924
5972	28925
5972	28926
5972	28929
5972	28930
5972	28931
5972	28932
5972	28933
5972	28935
5972	28936
5972	28939
5972	28940
5972	28941
5972	28943
5972	28944
5972	28945
5972	28946
5972	28947
5972	28948
5972	28949
5972	28951
5972	28955
5972	28957
5972	28958
20378	20391
28902	28903
28920	28921
28920	28922
28920	28923
28921	28922
28921	28923
28922	28923
28940	28941
28945	29059
