1120	1493
1121	1605
1122	1614
1123	1616
1124	1623
1125	1624
1126	1625
1127	1626
1128	1631
1129	1637
1130	1662
1131	1663
1132	1671
1133	1673
1134	1677
1135	1681
1136	1683
1137	1693
1138	1700
1139	1709
1140	1713
1141	1718
1142	1719
1143	1725
1144	1740
1145	1743
1146	1747
1147	1749
1148	1752
1149	1766
1150	1767
1151	1771
1152	1774
1153	1776
1154	1809
1155	1825
1156	1826
1157	1827
1158	1829
1159	1846
1160	1848
1161	1850
1162	1868
1163	1875
1164	6042
1165	6206
1166	6211
1167	6207
1168	6208
1169	6209
1170	6210
1171	9954
1172	9955
1173	9956
