1493	1605
1493	1614
1493	1616
1493	1623
1493	1624
1493	1625
1493	1626
1493	1631
1493	1637
1493	1662
1493	1663
1493	1671
1493	1673
1493	1677
1493	1681
1493	1683
1493	1693
1493	1700
1493	1709
1493	1713
1493	1718
1493	1719
1493	1725
1493	1740
1493	1743
1493	1747
1493	1749
1493	1752
1493	1766
1493	1767
1493	1771
1493	1774
1493	1776
1493	1809
1493	1825
1493	1826
1493	1827
1493	1829
1493	1846
1493	1848
1493	1850
1493	1868
1493	1875
1614	1623
1850	6042
6042	6206
6042	6211
6206	6207
6206	6208
6206	6209
6206	6210
6209	9954
9954	9955
9954	9956
