0	1
0	2
0	3
0	4
0	5
0	6
0	7
0	8
0	9
0	10
0	11
0	12
0	13
0	14
0	15
0	16
0	17
0	18
0	19
0	20
0	21
0	22
0	23
0	24
0	25
0	26
0	27
0	28
0	29
0	30
0	31
0	32
0	33
0	34
0	35
0	36
0	37
0	38
0	39
0	40
0	41
0	42
0	43
0	44
0	45
0	46
0	47
0	48
0	49
0	50
6	51
6	52
6	53
6	54
6	55
6	56
6	57
15	58
19	59
25	51
25	52
25	60
25	61
41	42
41	48
41	49
48	49
51	52
51	53
51	54
51	60
51	61
51	62
52	53
52	54
52	60
52	61
52	62
53	55
53	56
53	57
53	60
53	63
53	64
53	65
55	56
55	63
55	64
55	65
56	57
59	66
59	67
59	68
60	61
60	62
66	67
66	68
67	68
63	64
63	65
64	65
