10362	14386
10362	14634
10362	14782
14386	14782
14386	20219
14782	14911
14782	14912
14899	14912
14899	23414
14907	14912
14907	23414
14907	30827
14911	14912
14911	14952
14911	23465
14911	23501
14911	23502
14912	14952
14912	23414
15587	30829
21128	30825
21128	30826
21128	30827
21128	30828
21128	30829
23290	30826
23501	23502
23501	38095
23501	38096
23501	38097
26243	30829
26414	26436
26436	30827
30826	38566
30826	38567
30826	38568
30826	38569
30826	38570
30827	43447
30829	37061
30829	42445
30829	42446
30829	42447
38095	38096
38095	38097
38096	38097
