365	807
365	459
365	596
365	802
365	818
365	765
365	498
365	822
802	818
802	865
663	806
663	822
663	823
663	833
663	765
663	1130
663	1319
663	1432
663	1565
663	1584
663	1632
663	666
663	1673
663	796
365	857
365	539
365	372
365	922
365	577
365	803
365	420
803	865
803	937
803	998
373	807
373	865
373	610
373	586
373	1009
373	567
373	1634
365	490
365	921
365	938
365	1004
365	1431
804	1143
804	1401
804	1417
804	1631
804	1641
365	805
805	808
805	811
805	910
805	914
805	935
805	937
805	979
805	1404
497	1440
497	1457
497	1511
497	1601
497	585
497	619
365	497
365	856
365	866
365	1558
365	808
365	677
365	1267
511	805
511	930
511	759
511	979
511	1047
511	1053
511	630
511	646
365	663
365	844
365	581
365	1647
737	1584
806	808
806	822
806	1490
806	1491
726	827
726	1498
726	1609
807	822
807	903
807	963
807	983
807	1122
807	1418
807	1588
807	1634
365	1666
365	591
365	910
365	1270
365	1309
365	534
365	1464
365	582
365	916
365	657
365	553
459	807
459	822
459	1469
808	902
808	1490
365	806
365	884
365	904
365	931
365	1001
365	907
365	920
809	818
809	826
809	1052
809	1158
809	1222
809	1229
809	1370
809	1492
365	451
365	494
365	1231
365	567
365	810
365	1207
365	1338
810	1310
810	1374
810	1462
365	809
365	919
365	517
365	897
365	1331
365	527
365	861
365	936
365	950
365	1022
365	1249
365	1539
553	866
553	911
553	581
553	568
553	967
553	973
553	1211
553	616
553	597
553	1602
553	1627
553	638
553	1661
365	464
365	914
365	1143
365	1146
365	412
365	1244
365	934
365	1044
365	1361
365	1362
365	1618
365	1652
365	811
365	821
811	842
811	914
811	916
811	948
811	970
811	978
811	1254
811	1431
812	817
812	853
812	854
812	1017
812	1050
812	1051
812	1533
812	1567
812	1640
365	970
365	1063
365	483
365	1428
746	837
746	863
746	879
746	786
746	895
746	967
746	1179
746	1285
746	1369
746	760
365	1171
365	641
365	422
365	1282
365	1546
813	814
813	839
813	854
813	860
813	903
813	1179
813	1429
365	813
365	814
365	903
365	692
365	1369
814	1409
814	1416
815	831
815	849
815	860
815	963
815	1426
815	1432
815	1485
815	1549
815	1596
365	589
365	923
365	662
365	1089
365	1453
365	1293
365	654
365	911
365	1534
365	491
365	1626
365	909
365	848
490	822
490	742
490	793
490	908
490	938
490	1345
490	1412
490	1427
490	630
490	1553
365	1037
365	598
365	832
365	939
365	575
365	1420
365	1633
365	647
365	953
365	1157
365	1545
365	816
365	824
365	879
365	967
365	1013
365	1092
365	1353
365	1366
816	928
816	1002
816	1078
816	1353
816	1444
365	458
365	898
365	935
365	1396
365	1512
365	1513
365	434
434	820
434	822
434	832
434	973
434	1030
434	1034
434	1160
434	1210
434	1211
434	781
434	704
434	1243
434	439
434	1277
434	1278
434	1283
434	1284
434	1286
434	1297
434	1310
434	1311
434	1322
434	529
434	1530
434	1575
434	1602
365	759
365	496
365	819
365	820
365	536
365	499
365	457
365	529
365	988
365	1045
365	771
365	1260
365	784
365	1598
496	806
496	819
496	820
496	536
496	499
496	591
496	935
496	1249
496	542
496	529
496	700
365	786
365	522
365	847
365	737
365	924
365	946
365	817
365	655
817	890
817	930
817	961
817	1492
818	822
818	866
818	891
818	1370
365	875
365	679
365	616
365	1636
365	1671
819	820
819	823
819	857
819	895
819	908
819	935
819	1249
819	1275
820	841
820	917
820	978
820	1199
820	1249
820	1254
820	1267
820	1315
365	571
536	819
536	820
536	821
536	935
536	982
536	1249
536	567
821	1166
365	588
822	914
365	535
365	860
365	742
365	1491
365	561
365	778
365	1432
365	1549
365	1054
365	543
365	478
365	520
365	1410
365	716
365	530
478	861
478	862
478	736
478	589
478	930
478	1009
478	1085
478	520
478	585
478	764
365	842
823	857
823	908
823	1275
823	1302
823	1578
365	1578
365	1180
365	1566
458	805
458	909
458	912
458	935
458	468
365	1028
365	1121
365	1439
365	1441
365	1472
365	1510
365	1592
365	1643
365	1155
365	1451
365	1158
365	1175
365	1128
365	993
365	1016
365	997
365	472
365	1429
365	1609
365	1540
365	846
365	943
365	1365
365	831
365	789
365	1163
365	1623
365	1663
365	703
365	891
365	625
365	1641
365	1194
365	1241
365	1616
365	690
365	908
365	804
365	1286
365	1400
365	1414
365	1514
365	1271
365	710
365	1544
824	1149
824	1271
824	1272
824	1335
824	1345
824	1409
824	1525
824	1528
824	1544
824	1552
824	1568
824	1617
824	1644
365	825
365	755
365	564
825	1355
825	1405
825	1519
365	991
365	1052
365	1160
365	382
365	1151
365	392
365	633
365	1234
365	1252
365	669
365	407
365	394
365	1232
365	431
365	1258
407	1174
407	1175
407	422
407	1294
407	1304
407	1600
407	544
407	615
407	632
464	677
464	755
464	543
464	564
826	997
826	1001
826	1003
826	1067
826	1171
826	1189
826	1459
826	1492
365	885
365	980
365	1460
365	1603
365	477
365	1378
365	1408
365	1584
365	1468
365	926
365	969
365	1213
365	606
365	1550
365	979
365	1053
365	1413
365	1190
365	1193
365	1625
365	941
365	942
365	643
365	455
365	367
365	1519
365	1525
365	1541
365	1604
365	1014
365	1551
365	1211
365	1357
365	1481
827	835
827	896
827	925
827	982
827	1045
827	1360
827	1524
827	1527
827	1529
365	827
365	1527
365	452
365	1515
365	1552
365	1091
365	886
365	1068
365	465
365	836
365	1368
828	931
828	991
828	1022
828	1023
828	1344
828	1345
828	1495
828	1550
828	1642
365	1070
365	673
365	829
365	1401
365	1462
829	850
829	932
829	995
829	1042
829	1231
829	1238
829	1239
829	1268
829	1287
829	1313
829	1458
829	1508
829	1569
465	553
465	498
465	967
465	770
465	614
465	1626
465	1659
365	1115
365	1216
365	1524
365	1204
365	1287
365	1290
365	1298
677	814
677	864
677	882
677	1190
677	1268
677	1482
677	1515
677	1561
677	773
677	1619
365	956
365	418
365	437
365	1202
365	1205
365	1237
365	1238
365	1243
365	1245
365	1246
365	1250
365	1284
365	603
365	1473
365	1474
830	915
830	1165
830	1206
830	1354
830	1404
830	1410
365	1015
365	1285
365	1299
365	902
365	1457
365	773
365	823
365	1144
365	992
365	1036
365	440
365	613
365	976
365	1069
365	1203
365	1348
365	435
365	1303
613	845
613	968
613	787
613	1227
613	1239
613	1267
365	1156
365	1150
365	1154
365	1251
365	940
365	961
365	1041
365	974
365	761
365	1134
365	1535
365	504
365	815
365	626
365	1426
831	1426
831	1432
831	1549
365	515
365	1427
365	1569
365	833
365	834
365	899
365	743
365	963
365	708
365	1421
365	1521
365	1574
832	833
832	894
832	935
832	984
365	912
365	975
365	865
365	1627
833	834
833	899
833	908
833	963
833	1180
833	1420
833	1428
833	1521
833	1574
833	1673
834	899
834	963
834	1180
834	1248
834	1428
834	1521
834	1574
834	1584
365	835
365	554
835	1045
835	1178
835	1179
835	1570
835	1571
522	845
522	1221
522	1227
522	1228
522	1569
365	746
365	1411
365	1280
365	1573
365	467
365	1133
365	871
365	1088
365	766
365	1060
365	769
365	945
365	1224
365	578
836	945
836	960
836	1015
836	1024
836	1188
836	1485
836	1491
836	1519
836	1520
836	1572
836	1581
836	1620
365	837
365	998
365	1349
365	1418
365	1433
365	1269
365	1434
365	1484
365	1582
365	508
365	1594
837	918
837	1109
837	1592
838	878
838	948
838	949
838	956
838	1197
838	1224
838	1248
838	1572
365	1226
365	1506
839	840
839	878
839	949
839	983
839	1088
839	1197
839	1224
839	1485
839	1572
839	1596
365	839
365	840
365	878
365	948
365	393
365	427
365	1572
535	821
535	839
535	840
535	851
535	878
535	568
535	1197
535	1224
535	1336
535	1348
535	1429
535	1572
840	845
840	867
840	878
840	1224
840	1461
365	1478
365	1062
365	1130
365	838
365	841
365	949
365	390
365	1195
841	948
841	1121
841	1269
841	1460
841	1572
841	1595
365	892
365	973
365	485
365	1409
842	1179
365	1419
365	905
365	1467
365	843
365	1275
365	1602
365	852
365	1000
843	844
843	926
843	1467
843	1621
365	1336
844	851
844	852
844	860
844	905
844	926
844	963
844	1000
844	1336
844	1429
844	1467
365	851
845	986
845	1221
845	1227
845	1228
845	1235
845	1279
845	1280
845	1463
846	941
846	943
846	944
846	1025
846	1330
846	1411
365	385
366	522
366	845
365	1485
365	1596
365	1034
365	424
365	386
365	1131
365	1459
365	1493
365	1445
847	1063
847	1167
847	1367
847	1368
847	1445
847	1515
847	1545
847	1618
365	1497
365	1587
365	1379
365	1502
848	1378
848	1496
848	1500
848	1525
848	1552
849	1062
850	995
850	1238
850	1239
850	1287
850	1313
365	681
365	845
365	1228
365	1372
365	828
365	1276
365	411
365	1423
365	1424
365	1548
365	869
851	852
851	878
851	926
851	1336
851	1348
851	1429
852	860
852	1000
852	1336
852	1429
852	1467
853	854
853	1051
853	1567
853	1640
365	812
365	853
365	854
365	542
365	1533
365	1567
365	1640
854	890
854	1025
854	1050
854	1197
854	1567
854	1640
365	775
365	1137
365	699
365	859
365	1087
365	1102
365	1628
365	1061
365	516
390	856
390	399
390	978
390	1037
390	1147
390	1471
390	1572
856	866
856	908
856	1088
856	1275
856	1428
856	1503
856	1558
856	1627
856	1646
399	856
399	908
399	970
399	1037
399	729
399	1248
399	1275
399	1421
399	1554
365	793
365	1393
365	1107
365	1360
365	753
365	864
365	1425
365	855
365	375
365	378
365	595
365	960
365	1140
365	1381
365	1023
365	622
778	884
778	903
778	904
778	926
778	969
778	983
778	1049
778	1162
778	1172
778	1186
778	1468
778	1535
778	1549
365	1172
365	1199
365	1305
365	1328
365	1048
365	863
365	1536
396	808
396	902
396	907
396	424
396	944
396	640
396	1013
396	1172
396	438
396	1257
396	1262
396	484
396	776
365	559
365	880
365	1012
365	1138
365	1129
365	506
365	770
857	863
857	876
857	908
857	1275
857	1671
365	586
858	1047
608	881
608	1016
608	1071
608	731
608	1167
608	1177
608	1184
608	1435
608	691
365	858
365	1047
365	1077
365	1083
365	1101
365	1363
365	620
365	933
365	1555
859	1261
859	1303
859	1475
859	1479
859	1506
365	983
860	975
860	1000
860	1429
860	1485
860	1549
860	1596
365	1025
365	694
365	1564
365	1612
365	937
365	1020
365	714
365	505
365	1436
365	512
365	744
365	1635
365	1017
761	815
761	831
761	849
761	998
761	1025
761	1426
761	1432
365	429
861	862
861	933
861	1628
862	1015
862	1024
862	1234
365	1355
365	1405
365	1162
863	871
863	1162
863	1319
863	1418
863	1613
365	1416
626	815
626	831
626	761
626	899
626	793
626	960
626	983
626	1162
626	1426
626	1432
626	1521
626	1549
365	887
365	1049
365	1127
365	1145
365	376
365	1561
365	748
365	670
365	1042
365	1268
365	951
365	436
864	1042
864	1268
864	1425
864	1504
548	981
548	1133
548	676
548	683
365	548
694	778
694	1029
694	1169
694	1174
694	1186
694	1294
694	1418
694	1425
694	1433
365	895
365	1456
365	1132
365	1019
865	935
865	982
865	1049
865	1505
865	1627
365	867
365	396
365	954
365	640
365	982
365	461
365	1585
866	908
866	1556
866	1558
866	1559
866	1560
365	1560
365	1170
365	1384
867	1134
867	1413
365	868
868	876
868	1296
868	1534
868	1574
868	1658
769	826
769	865
769	868
769	874
769	913
769	924
769	959
769	1041
769	771
769	1574
869	998
869	1073
869	1078
869	1137
869	1167
869	1316
869	1319
869	1358
869	1407
869	1451
870	871
870	875
870	1537
870	1564
870	1568
870	1612
870	1632
870	1634
871	885
871	1029
871	1088
871	1319
871	1410
871	1568
871	1613
871	1634
365	1583
365	1187
365	1614
365	1135
365	758
365	1606
365	1661
872	888
872	889
872	958
872	1203
872	1226
872	1248
872	1341
872	1426
365	913
365	1503
365	1556
365	890
365	1110
365	1179
365	1139
365	1079
365	1099
365	398
365	873
365	1422
873	876
873	1389
873	1421
873	1422
873	1443
873	1493
874	875
874	876
874	924
874	1183
874	1296
874	1564
874	1612
874	1634
874	1636
875	876
875	1002
875	1183
875	1275
875	1296
875	1564
875	1578
875	1636
875	1668
365	1557
365	1476
775	876
775	896
775	1137
775	1561
775	1636
775	1668
876	1177
876	1296
876	1361
876	1444
876	1493
876	1534
876	1564
876	1636
876	1658
876	1660
365	653
365	877
365	664
653	877
653	701
653	664
653	1136
653	1148
653	1285
653	1324
653	1347
653	1349
653	1438
653	1530
653	660
653	795
877	1094
877	1136
877	1148
877	1179
877	1285
877	1294
877	1324
877	1347
877	1349
877	1438
877	1530
365	889
365	469
365	955
365	404
365	555
365	872
878	948
878	949
878	1197
878	1336
878	1348
878	1572
499	819
499	820
499	536
499	935
499	1249
499	529
499	512
499	1647
879	914
879	967
879	973
879	975
879	1178
879	1431
879	1476
879	1560
365	1021
365	1169
365	1489
365	1055
365	463
880	950
880	964
880	991
880	1041
880	1416
880	1432
880	1557
880	1638
365	996
365	369
881	1002
881	1011
881	1074
881	1090
881	1117
881	1126
881	1139
881	1142
881	1488
881	1522
365	585
365	1642
365	1554
365	1095
368	703
368	1403
703	939
703	1403
703	1455
365	826
365	563
882	1059
882	1190
882	1268
882	1405
882	1453
882	1619
596	806
596	858
596	882
596	686
596	732
596	1466
596	1584
365	593
365	1080
365	1081
365	1440
883	1063
883	1368
883	1370
883	1591
365	1186
884	885
884	904
884	983
884	998
884	1132
884	1418
884	1433
365	999
885	1418
885	1568
885	1614
786	813
786	814
786	879
786	967
786	1029
786	1162
786	1319
786	1416
786	1619
786	1621
365	608
886	971
886	1252
886	1253
886	1263
886	1374
886	1387
365	958
365	416
365	395
365	978
365	1242
365	1254
365	1266
365	1289
365	686
365	636
365	604
365	1096
365	1600
365	849
365	1330
365	1415
365	1516
365	1198
365	1580
365	1601
365	628
365	1490
365	1197
365	713
365	944
365	1407
887	891
887	960
887	1157
887	1182
887	1188
887	1433
887	1465
887	1491
887	1520
887	1603
887	1624
517	887
517	1470
888	889
888	955
888	1330
889	957
889	1037
889	1039
889	1226
889	1258
889	1321
889	1330
365	486
504	859
504	1261
504	1303
504	1475
504	1479
504	1506
365	1084
365	1265
890	959
890	963
890	1177
890	1442
742	812
742	890
365	952
365	965
365	729
365	757
365	1201
365	1039
365	1321
365	1065
365	1347
365	1412
365	1553
372	802
372	496
372	865
372	922
372	577
372	982
372	532
372	770
372	512
891	960
891	1157
891	1182
891	1188
891	1440
891	1452
891	1465
891	1520
891	1585
891	1603
891	1614
891	1624
891	1630
591	806
591	808
591	862
591	922
591	643
591	1000
591	714
591	1449
591	1490
591	1539
591	1541
591	1604
591	1614
591	700
365	594
365	1206
365	1492
365	526
365	1576
365	1632
892	893
892	894
892	968
892	976
892	1069
892	1195
892	1214
892	1233
892	1291
892	1421
892	1507
365	893
365	894
365	968
365	1214
365	1233
365	1291
365	1507
365	1223
365	659
365	1273
365	1304
365	1329
893	894
893	968
893	1069
893	1195
893	1214
893	1216
893	1233
893	1291
893	1507
365	549
365	403
365	781
365	1322
365	736
365	453
365	371
894	968
894	1069
894	1214
894	1233
894	1291
894	1507
365	1229
365	1376
365	1383
365	1385
365	730
365	1386
365	1390
365	1391
365	1511
365	1593
365	1595
365	602
365	1007
365	552
365	671
895	1428
895	1582
365	1470
365	1662
457	496
457	819
457	820
457	536
457	875
457	499
457	935
457	937
457	1186
457	1249
457	506
457	529
365	482
896	1141
896	1312
896	1493
896	1494
896	1498
896	1523
896	1524
896	1527
896	1615
896	1618
896	1633
896	1669
365	896
365	525
365	723
365	619
365	414
414	1007
414	1098
414	1142
414	1147
414	1451
365	701
365	1040
701	877
701	703
701	1349
701	1430
701	1447
701	1590
701	798
897	1068
897	1090
897	1126
897	1149
897	1176
897	1320
897	1327
897	1347
897	1393
897	1487
897	1488
897	1532
897	1600
897	1645
898	1068
898	1132
898	1134
898	1137
898	1196
898	1513
898	1597
664	877
664	880
664	1001
679	857
679	775
679	876
679	779
679	1561
679	1578
679	1636
679	1671
899	963
899	1053
899	1162
899	1180
899	1428
899	1521
899	1574
365	918
365	1109
365	1442
515	1420
515	1427
515	606
515	1569
515	773
515	1673
365	717
365	1334
365	421
365	1607
365	900
900	1210
900	1397
900	1460
900	1510
365	685
365	1657
365	1665
365	981
365	733
365	724
365	1673
498	802
498	868
498	517
498	736
498	539
498	1601
498	690
498	1658
498	1666
365	1528
901	1008
901	1169
901	1175
901	1178
901	1504
901	1637
901	1647
365	599
365	1501
365	738
738	1256
738	1455
738	1643
365	927
365	562
365	862
365	966
365	430
365	1382
549	736
549	757
549	771
365	601
365	391
736	1564
736	1634
365	1629
365	1455
365	370
365	1649
365	1670
370	769
370	664
370	371
370	1276
370	1279
370	1280
365	672
365	446
365	408
599	1279
599	1282
599	1546
599	709
641	757
641	927
641	777
641	1276
641	1280
641	1282
641	670
641	1501
641	1573
641	791
365	639
365	1141
365	1392
365	1292
365	1313
365	1314
365	1499
365	1437
902	1031
902	1263
902	1265
902	1274
582	817
582	844
582	852
582	860
582	679
582	902
582	905
582	1429
582	1467
582	1627
582	1671
365	1311
903	963
903	983
903	1049
903	1162
903	1418
903	1549
903	1554
903	1561
904	916
904	1045
904	1049
904	1062
904	1162
904	1203
365	883
793	872
793	899
793	904
793	1162
793	1425
793	1467
793	1521
793	1602
365	1294
905	1467
905	1501
905	1602
905	1621
365	1621
365	1147
365	531
906	919
906	1158
906	1372
906	1540
906	1585
907	916
907	920
907	921
907	1231
907	1249
907	1262
907	1652
365	1367
365	1518
365	1306
365	1638
365	1471
365	1504
365	1622
365	1672
365	597
365	1591
365	1559
908	1275
908	1431
908	1557
365	1613
365	644
365	1046
365	1352
909	912
909	938
909	946
365	1654
365	1656
365	1667
365	1345
365	1631
743	809
743	834
743	865
743	867
743	899
743	963
743	1066
743	779
743	1428
743	1476
743	1521
743	1574
743	1626
743	1646
743	792
910	1316
910	1418
365	373
365	610
365	1645
365	964
911	964
911	975
911	1431
911	1602
911	1672
912	926
912	938
912	1049
913	924
913	1412
913	1511
913	1553
913	1584
365	929
365	1403
365	1215
914	967
914	1207
914	1224
914	1431
589	882
589	1671
365	695
420	553
420	490
420	465
420	908
420	967
420	1001
420	1088
420	575
420	1345
420	1412
365	1399
365	1646
915	989
915	1052
915	1075
915	1165
915	1206
915	1541
915	1585
916	936
916	938
916	954
916	972
916	1049
916	1231
581	856
581	596
581	973
581	1045
581	1285
581	1324
581	1524
581	1558
581	1576
581	1623
581	1627
581	1635
581	1646
581	1653
581	590
917	978
917	1199
917	1254
917	1267
917	1315
365	917
918	1167
365	1167
365	1027
365	438
365	580
365	1059
365	915
919	921
919	977
919	1156
919	1371
919	1372
919	1538
919	1539
919	1540
919	1601
919	1644
757	927
757	1293
757	1310
757	1311
757	1315
757	1496
365	1370
365	1277
365	614
365	1659
365	627
365	1104
365	702
365	377
365	1120
365	995
365	779
365	635
920	935
920	1054
920	1516
921	977
921	1156
921	1353
921	1372
921	1414
921	1481
921	1514
921	1538
921	1539
921	1540
921	1542
921	1586
921	1644
365	1189
365	1522
365	547
733	830
733	871
733	885
733	1143
733	1187
733	1568
365	1480
610	865
610	1188
610	1585
610	1601
610	1622
610	745
526	826
526	610
526	1558
526	647
526	1623
526	571
526	747
586	743
586	937
586	643
586	598
586	988
586	1090
586	587
586	1362
586	714
586	1408
586	1463
586	1476
586	1496
586	1521
586	1610
586	1626
365	1097
365	1174
563	803
563	805
563	826
563	865
563	882
563	586
563	937
563	939
563	1001
563	1459
563	1619
365	1664
365	901
365	1191
365	425
922	935
922	1000
922	1045
922	1093
922	1189
923	985
923	1175
923	1193
923	1340
365	830
365	399
365	984
924	1028
924	1121
924	1146
924	1269
924	1434
924	1460
924	1484
924	1511
924	1574
924	1582
924	1594
365	524
925	1302
925	1350
925	1493
925	1660
365	401
365	1200
576	906
576	919
576	1350
576	1372
576	1540
576	1629
387	906
387	915
387	576
387	989
387	1075
387	1541
387	1585
387	1629
365	576
365	387
365	684
365	1164
365	532
365	1531
365	985
755	825
755	1652
365	977
365	1563
365	646
765	802
765	818
765	1109
765	1515
765	773
765	1634
765	1647
365	678
365	1056
365	1117
365	1173
453	1210
453	1241
365	1032
365	734
365	1388
365	1630
695	1440
926	1180
926	1491
365	1220
365	1650
365	1210
927	961
927	1280
927	1282
927	1293
927	1315
927	1501
927	1546
672	928
672	1150
672	1155
672	1560
672	1650
928	1033
928	1098
928	1288
928	1346
928	1353
928	1515
365	1475
365	661
365	1033
365	1159
929	1107
929	1580
929	1614
929	1630
929	1673
365	1168
365	474
365	1319
365	651
365	569
365	1196
365	731
930	1053
930	1350
930	1536
930	1671
365	930
365	1324
365	739
931	991
931	1014
931	1639
365	1073
365	1568
365	932
365	1259
365	1326
932	951
932	1572
933	958
933	968
933	1041
933	1048
933	1198
933	1223
933	1273
933	1304
933	1305
933	1326
933	1329
933	1341
933	1480
933	1546
933	1555
933	1569
365	947
365	1469
934	1237
934	1279
934	1487
934	1499
934	1546
365	1341
477	828
477	879
477	759
477	1215
477	1476
477	1584
477	500
935	1357
935	1516
936	938
936	964
936	975
936	1197
936	1431
937	998
937	1013
937	1359
938	946
938	1504
938	1566
938	1606
938	1622
938	1670
568	879
568	588
568	975
568	678
568	1108
568	616
568	770
568	1415
568	1444
568	647
588	818
588	866
588	770
588	1415
588	1444
365	785
939	1604
939	1633
940	942
940	961
940	984
940	1041
940	1048
940	1195
940	1321
940	1507
365	450
365	1263
365	1310
365	1018
365	400
365	1236
365	1340
365	1461
365	629
365	1262
365	1402
365	1463
365	1494
365	704
365	645
941	942
941	944
941	1027
941	1218
941	1330
941	1365
941	1479
941	1506
941	1519
365	1166
365	1221
365	1586
365	1043
942	961
942	984
942	1519
943	944
943	1025
943	1321
943	1411
943	1466
943	1506
943	1519
365	1108
365	1542
365	1562
424	806
424	808
424	902
424	907
424	944
424	438
424	1257
424	1262
424	1340
424	484
424	776
424	794
944	968
944	1030
944	1226
944	1240
944	1321
944	1519
945	1024
945	1188
945	1485
945	1491
945	1581
945	1620
946	1173
946	1180
946	1575
946	1579
946	1622
946	1661
946	1672
365	1106
365	1505
947	1026
947	1248
947	1290
947	1310
947	1387
947	1469
947	1569
948	949
948	960
948	978
948	1037
948	1057
948	1197
948	1207
948	1224
948	1249
948	1254
948	1341
948	1572
949	960
949	1572
950	964
950	1039
950	1041
950	1212
950	1432
950	1470
950	1638
951	952
951	960
951	1039
951	1201
951	1254
951	1341
951	1469
951	1572
952	989
952	1042
952	1085
952	1115
952	1327
952	1472
365	957
953	967
953	1241
953	1337
953	1633
450	810
450	953
450	957
450	967
450	1042
450	651
450	771
450	1241
450	1277
450	1310
450	573
954	957
954	1049
954	1330
954	1395
954	1458
954	1480
469	889
469	951
469	952
469	954
469	1039
469	1326
469	1330
469	1341
469	1480
955	958
955	1326
955	1341
955	1554
393	948
393	976
393	1040
393	1172
393	1199
393	1207
393	1224
393	431
393	1242
393	427
393	1299
393	1305
393	1328
393	1341
393	1391
393	1572
393	595
956	1168
956	1202
956	1205
956	1216
956	1237
956	1243
956	1245
956	1246
956	1250
956	1258
956	1284
956	1288
956	1294
956	1473
956	1474
956	1600
766	836
766	1037
766	1270
766	1491
766	1519
957	958
957	1042
957	1326
957	1341
957	1395
957	1458
958	960
958	1326
958	1341
958	1480
958	1555
958	1569
959	1177
959	1416
365	972
960	1015
960	1024
960	1157
960	1182
960	1188
960	1465
960	1519
960	1520
960	1603
960	1624
365	1024
365	1520
640	889
640	1062
640	1194
640	1258
640	1268
640	1330
640	1468
640	1551
416	948
416	966
416	970
416	467
416	1133
416	1242
416	1246
416	1249
416	1254
416	1266
416	1289
416	1458
416	1562
416	709
395	416
395	966
395	970
395	1133
395	1242
395	1246
395	1249
395	1254
395	1266
395	1289
395	1458
365	1185
531	817
531	596
531	1001
531	1200
404	806
404	808
404	626
404	591
404	899
404	793
404	561
404	1033
404	1162
404	1168
404	1197
404	657
404	714
404	1471
404	1490
404	1521
404	555
365	1192
759	899
759	1047
759	1053
759	1134
759	1323
759	1521
961	1280
961	1448
961	1573
662	988
662	1038
662	1040
662	1079
662	1126
662	1138
662	1193
662	1318
365	558
365	665
365	1637
371	873
371	664
371	453
371	928
371	930
371	1009
371	1051
371	1087
371	520
371	1324
371	1567
371	585
962	1397
962	1499
962	1621
962	1662
486	655
486	575
486	1421
486	1647
486	697
963	1180
963	1428
963	1429
963	1485
963	1503
963	1521
963	1574
963	1596
964	965
964	975
964	1041
964	1426
964	1470
964	1549
964	1638
965	978
965	1263
965	1426
965	1470
965	1480
365	962
365	1031
365	518
365	687
686	1121
686	1233
686	1466
686	1470
686	1477
966	970
966	1174
966	1188
966	1247
966	1248
966	1253
966	1259
966	1267
966	1274
966	1281
966	1282
966	1546
394	917
394	441
394	1034
394	413
394	1036
394	483
394	781
394	1232
394	1250
394	1256
394	725
394	1284
394	1297
365	1253
365	1374
365	1387
967	1205
967	1207
967	1431
967	1627
967	1633
365	1218
365	415
968	1041
968	1048
968	1069
968	1198
968	1199
968	1214
968	1223
968	1233
968	1267
968	1273
968	1291
968	1304
968	1305
968	1329
968	1507
569	738
569	1046
569	1091
569	1099
569	1128
569	1187
569	1189
569	1193
569	1231
569	1455
569	1565
969	980
969	1020
969	1046
969	1049
969	1102
969	1480
969	1482
969	1584
365	1064
365	1219
365	1248
365	1105
365	1300
365	1619
970	1133
970	1197
970	1200
970	1207
970	1242
970	1249
970	1254
970	1266
970	1275
970	1289
970	1458
365	1227
365	1597
365	1611
365	925
365	1660
702	873
702	1132
702	1398
702	1438
365	1443
365	1098
365	1113
971	1265
971	1402
365	1498
365	1217
365	1526
365	787
365	1261
972	1044
972	1062
972	1199
972	1216
972	1328
973	975
973	1285
973	1503
973	1560
973	1576
973	1631
973	1672
365	959
365	397
365	1315
974	985
974	1014
974	1587
975	1426
975	1602
365	1148
756	947
756	956
756	1168
756	787
756	1250
756	1258
756	1288
756	1290
756	1294
756	1473
756	1474
756	1600
365	870
365	488
976	1172
976	1199
976	1299
976	1305
976	1328
365	1610
977	1338
977	1372
977	1400
977	1538
977	1540
977	1542
977	1545
977	1586
977	1632
977	1669
365	1496
418	838
418	956
418	976
418	437
418	1202
418	1205
418	1216
418	1223
418	1237
418	1243
418	1245
418	1246
418	1250
418	1284
418	603
418	1461
418	1473
418	1474
365	1257
978	1199
978	1254
978	1267
978	1315
978	1426
978	1469
978	1470
365	1581
365	1620
365	1435
365	523
561	813
561	860
561	626
561	899
561	793
561	692
561	1162
561	1491
561	1521
561	1619
365	1538
365	1658
365	906
365	433
365	1447
577	816
577	871
577	765
577	1127
577	1444
577	1556
594	805
594	869
594	910
594	733
594	643
594	1116
594	1143
594	1353
594	714
365	1116
365	487
365	1075
365	1295
365	1448
365	1648
365	1288
365	1523
365	928
365	721
365	1255
365	473
365	439
365	1118
365	1301
365	1332
365	1532
365	1634
643	833
643	834
643	786
643	895
643	899
643	743
643	910
643	708
643	1194
643	714
643	1428
643	1541
643	1604
643	667
365	1296
365	1184
365	456
365	763
365	1082
365	1029
365	587
365	1571
365	1126
365	1483
365	1380
365	1570
365	1579
365	1615
365	745
374	762
979	1053
979	1065
979	1073
979	1093
979	1102
979	1132
979	1176
979	1181
979	1206
979	1208
979	1413
979	1452
365	732
980	981
980	1011
980	1020
980	1071
980	1072
980	1082
980	1102
980	1112
980	1114
980	1124
980	1171
980	1381
980	1451
980	1482
980	1483
981	1053
981	1413
981	1482
365	987
365	1030
365	1003
982	1045
982	1177
982	1360
982	1416
365	1588
365	1639
365	574
365	989
365	888
983	998
983	1049
983	1162
983	1418
983	1426
983	1485
983	1549
983	1596
365	1067
365	1114
365	1509
365	1038
984	1041
452	1219
452	1220
452	1245
452	1246
452	1256
452	1315
365	1406
365	1517
365	1350
375	898
375	988
375	1102
375	789
375	1134
365	1389
403	641
403	721
403	1254
403	725
403	665
365	1278
365	971
365	383
365	1005
365	454
365	1644
365	1333
365	780
365	583
365	876
365	750
441	917
441	948
441	1031
441	483
441	1217
441	781
441	1258
365	441
365	1035
365	1495
365	1351
365	1395
692	814
692	815
692	860
692	899
692	793
692	713
692	1485
692	1557
985	994
985	1374
365	538
365	476
365	1488
365	1358
365	1359
365	674
365	1307
476	1334
476	1342
476	1389
476	1499
986	987
986	1230
986	1235
986	1247
986	1383
986	1463
598	829
598	850
598	995
598	997
598	1070
598	1222
598	1238
598	1239
598	774
598	1287
598	785
598	1313
598	1340
598	1400
598	1414
598	1417
598	1577
365	1377
365	1449
365	774
987	992
987	1235
987	1247
987	1307
988	1068
988	1079
988	1096
988	1165
988	1171
988	1191
988	1323
988	1339
988	1381
365	986
451	993
451	1376
365	1078
989	1071
989	1075
989	1078
989	1099
989	1113
989	1130
989	1346
989	1541
365	1011
365	1222
365	566
365	1302
678	871
678	885
678	733
678	930
678	702
678	1113
678	789
678	1568
365	726
365	1076
990	1078
990	1084
990	1085
990	1095
990	1109
990	1115
990	1123
990	1135
365	1394
365	1026
365	1500
991	1143
991	1204
991	1244
991	1290
991	1631
992	1026
992	1243
993	1143
993	1420
993	1662
365	1438
365	994
365	1508
994	1498
994	1508
994	1667
995	1109
995	1201
995	1238
995	1239
995	1287
995	1313
365	1230
996	1013
996	1070
996	1521
996	1552
365	1599
365	1364
997	1054
997	1070
997	1222
997	1400
997	1414
997	1417
997	1540
997	1577
365	1066
365	533
365	1058
365	1010
461	884
461	898
461	904
461	998
461	1013
461	1062
461	1083
461	1091
461	1107
461	1124
461	1137
461	1138
461	651
461	1176
461	1203
461	1318
461	1483
461	620
461	1648
365	1072
365	1142
365	696
365	1181
365	1482
365	990
365	623
365	1100
365	1452
365	1454
365	1316
998	1013
998	1100
998	1123
998	1359
365	881
365	1123
365	1124
365	1165
365	631
365	511
365	630
365	1487
999	1339
999	1575
365	1002
365	1125
365	1477
365	1446
365	1071
365	777
365	1590
365	560
365	379
365	693
365	1122
365	1605
365	1653
365	1008
365	1094
580	596
580	591
580	922
580	1000
580	1059
580	597
580	716
580	628
1000	1045
1000	1429
1001	1003
1001	1019
1001	1088
1001	1189
1001	1459
365	1327
1002	1019
1002	1066
1002	1068
1002	1092
1002	1353
1002	1358
1002	1451
1002	1466
1002	1605
365	1342
365	788
1003	1029
1003	1099
1003	1100
1003	1118
1003	1401
1004	1016
1004	1124
1004	1136
1004	1139
1004	1437
1004	1536
365	1057
365	1090
365	1119
365	1182
377	548
377	981
377	998
377	1003
377	1040
377	1081
377	1097
377	1405
377	1413
661	818
661	915
661	1047
661	1058
661	1061
661	1079
661	1119
661	1158
661	1226
661	1438
365	1530
1005	1041
1005	1149
1005	1532
1005	1651
365	447
604	897
604	1029
604	1038
604	1040
604	1090
604	1130
604	1171
604	1318
604	1333
604	1347
604	1488
604	1600
487	869
487	1009
487	1018
487	1079
487	1104
487	1111
487	1193
487	1319
487	1393
487	1438
487	630
487	585
365	1136
365	1074
717	1013
717	1143
717	1167
717	1334
717	1339
717	1342
717	780
717	1377
717	1449
717	1488
717	1509
717	1522
717	1590
717	1607
1006	1085
1006	1110
1006	1154
1006	1177
1006	1320
1006	1450
365	1006
365	1112
1007	1013
1007	1076
1007	1130
1007	1132
1007	1167
1007	1325
1007	1388
1007	1415
1007	1643
365	1086
365	1430
365	1093
365	1565
1008	1093
1008	1099
1008	1173
1008	1478
1008	1625
1008	1637
1008	1647
1008	1649
1008	1661
365	1009
365	1444
1009	1082
1009	1085
1009	1106
1009	1331
1010	1066
1010	1129
1010	1161
1010	1193
1010	1324
1010	1393
1010	1450
1010	1452
635	1032
635	1077
635	1176
635	1360
365	1404
1011	1071
1011	1074
1011	1105
1011	1123
1011	1142
1011	1171
1011	1325
1011	1331
1011	1407
1011	1453
365	1589
365	1608
365	1161
1012	1015
1012	1024
1012	1193
1012	1551
365	1051
1013	1118
1013	1123
1014	1022
1014	1307
1014	1508
1014	1510
1014	1550
1014	1587
602	717
602	1076
602	1115
602	1334
602	1346
602	1355
602	1607
602	1651
1015	1024
1015	1519
1015	1520
1015	1551
1016	1072
1016	1130
1016	1149
1016	1302
1016	1398
1016	1459
1016	1531
1016	1576
1017	1492
1017	1562
1017	1628
1018	1073
1018	1077
1018	1173
1018	1358
1018	1399
1018	1566
1018	1590
1018	1646
1019	1033
1019	1108
1019	1176
1019	1331
1019	1590
365	1458
365	1655
365	1279
365	1466
1020	1103
1020	1104
1020	1347
1020	1415
365	1235
365	1344
365	1247
1021	1022
1021	1029
1021	1047
1021	1071
1021	1095
1021	1120
1021	1138
1021	1380
1021	1483
1021	1531
1021	1616
1022	1228
1022	1236
1022	1259
1022	1264
1022	1387
1022	1463
1023	1495
1023	1550
1023	1642
365	1188
365	1465
365	1624
543	1023
543	622
543	1236
543	1495
622	1023
622	1212
622	1239
622	1263
622	1495
1024	1519
1024	1520
1024	1551
1025	1517
1025	1519
1025	1520
1025	1664
1026	1230
1026	1235
1026	1310
1026	1387
1027	1218
1027	1238
1027	1283
1027	1385
1028	1269
1028	1434
1028	1441
1028	1484
1028	1556
1028	1592
1028	1594
365	417
417	1022
417	1221
417	1235
417	1236
417	1259
417	1264
417	1387
417	1463
401	613
401	743
401	944
401	640
401	966
401	409
401	446
401	1221
401	438
401	440
401	439
401	1264
401	1266
401	1267
1029	1143
1029	1146
1029	1151
1029	1154
1029	1347
1029	1353
1029	1483
1029	1488
1029	1522
1029	1547
1029	1607
1029	1619
1029	1621
365	1212
365	1050
365	413
365	1543
1030	1034
1030	1160
1030	1210
1030	1243
1030	1277
1030	1278
1030	1283
1030	1284
1030	1297
1030	1310
1030	1311
1030	1321
1030	1322
1030	1344
1030	1345
1031	1036
1031	1217
1031	1306
365	1297
365	1486
365	1264
1032	1040
1032	1079
1032	1122
1032	1123
1032	1135
1032	1161
1032	1358
1032	1380
1033	1103
1033	1123
1033	1126
1033	1314
1033	1323
1033	1346
1033	1401
1033	1409
1033	1470
1033	1651
1034	1160
1034	1210
1034	1243
1034	1265
1034	1277
1034	1278
1034	1283
1034	1284
1034	1297
1034	1310
1034	1311
1034	1322
413	944
413	441
413	1030
413	1031
413	1034
413	1036
413	1231
413	438
413	1265
413	1297
413	1299
413	1302
413	1321
413	448
413	1496
1035	1317
1035	1342
1036	1157
1036	1264
1036	1272
1036	1297
1036	1302
1036	1306
1036	1371
400	966
400	1022
400	417
400	1160
400	1218
400	1220
400	1223
400	1236
400	438
400	1251
400	1259
400	1262
400	1264
400	1362
400	1461
400	1463
400	1500
400	475
365	480
1037	1147
1037	1203
1037	1226
1037	1248
1037	1341
365	600
455	553
455	677
455	880
455	882
455	759
455	1053
455	1190
455	1268
455	1323
455	1403
455	1416
455	1525
455	773
455	1619
455	638
365	1103
365	1111
365	1323
365	1354
1038	1073
1038	1098
1038	1100
1038	1126
1038	1132
1038	1154
1038	1159
1038	1483
1038	1486
1039	1226
1039	1270
1039	1309
1039	1321
1040	1097
1040	1138
1040	1161
1040	1196
1040	1242
1040	1599
593	746
593	897
593	702
593	989
593	1068
593	1123
593	1127
593	1193
593	1454
593	760
1041	1048
1041	1198
1041	1223
1041	1240
1041	1273
1041	1304
1041	1305
1041	1321
1041	1329
1041	1426
1041	1458
1042	1043
1042	1127
1042	1168
1042	1207
1042	1268
1042	1458
1042	1508
1042	1569
1043	1057
1043	1268
1043	1317
1043	1452
1044	1199
1044	1216
1044	1251
1044	1328
1045	1178
1045	1179
1045	1286
1045	1345
1045	1360
1046	1102
1046	1126
1046	1138
1046	1167
1046	1176
1046	1193
1046	1324
1046	1393
1046	1397
1046	1536
1047	1053
1047	1075
1047	1078
1047	1136
1047	1154
1047	1171
1047	1353
1047	1381
365	1283
365	756
365	1240
365	1479
365	1335
1048	1198
1048	1223
1048	1273
1048	1304
1048	1305
1048	1309
1048	1329
365	1397
365	718
365	1450
1049	1062
1049	1162
1049	1186
1049	1452
365	1398
1050	1051
1050	1567
1050	1640
1050	1644
1051	1423
1051	1567
1051	1610
1051	1640
1052	1158
1052	1160
1052	1211
365	1152
1053	1323
1053	1413
1053	1521
365	698
365	1417
365	762
1054	1055
1055	1517
1056	1193
1056	1628
365	1575
365	1669
365	1320
382	1009
382	1149
382	1151
382	1176
382	1349
382	1394
382	1407
382	629
382	1438
382	480
382	1542
788	1009
788	1087
788	1314
788	1478
1057	1077
1057	1119
1057	1271
1057	1340
1057	1452
365	471
365	874
482	881
482	717
482	1013
482	1075
482	1157
482	1562
365	1651
1058	1100
1058	1113
1058	1116
1058	1356
365	1176
365	1373
365	1537
1059	1072
1059	1081
1059	1095
1059	1128
1059	1318
1059	1360
1059	1619
1060	1257
1060	1340
1060	1465
1060	1471
1060	1520
1061	1135
1061	1147
1061	1393
1061	1407
1062	1091
1062	1203
1062	1226
1063	1064
1063	1368
1063	1370
1063	1412
1063	1553
1063	1591
1064	1370
1064	1591
1065	1067
1065	1087
1065	1090
1065	1099
1065	1101
1065	1107
1065	1171
1065	1208
1065	1359
1065	1490
1065	1530
1066	1067
1066	1072
1066	1078
1066	1087
1066	1090
1066	1091
1066	1099
1066	1151
1066	1194
1066	1452
1066	1492
1066	1561
365	1149
1067	1076
1067	1079
1067	1086
1067	1492
1067	1628
365	1312
365	1318
1068	1086
1068	1130
1068	1137
1068	1176
1068	1189
1068	1316
1068	1359
1068	1377
1068	1430
1068	1483
1068	1488
1068	1509
1068	1589
1068	1600
365	1577
365	752
365	668
1069	1214
1069	1216
1069	1291
365	882
1070	1222
1070	1400
1070	1414
1070	1417
1070	1577
1071	1072
1071	1116
1071	1381
1071	1417
467	1246
467	523
467	670
467	1473
467	1474
467	797
1072	1142
1072	1318
1072	1339
1072	1346
1072	1405
472	988
472	1035
472	789
472	1128
472	1138
472	1147
472	474
472	1358
472	1361
472	1364
472	665
472	1442
472	1515
472	1584
365	1339
1073	1074
1073	1087
1073	1102
1073	1105
1073	1183
1073	1360
1073	1442
1073	1522
1074	1106
1074	1109
1074	1115
1074	1142
1074	1342
1074	1347
1074	1353
1074	1373
1074	1488
1074	1589
1075	1083
1075	1086
1075	1110
1075	1128
1075	1377
1075	1541
1076	1100
1076	1101
1076	1103
1076	1104
1076	1128
1076	1189
1076	1447
1077	1128
1077	1151
1077	1547
380	1059
380	1077
380	527
1078	1130
1078	1136
1078	1159
1078	1331
1078	1407
1078	1488
1079	1089
1079	1093
1079	1126
1079	1127
1079	1139
1079	1173
1079	1192
1079	1339
1079	1438
1079	1450
1079	1492
1079	1605
1080	1081
1080	1123
1080	1191
1080	1438
1080	1509
1081	1095
1081	1167
1081	1191
1081	1438
1082	1112
1082	1128
1082	1140
1082	1187
1082	1339
1082	1380
1083	1099
1083	1109
1083	1377
1083	1478
1084	1102
1084	1140
365	1085
365	1346
1085	1097
1085	1106
1085	1109
1085	1177
1085	1380
365	1375
1086	1113
1086	1116
1086	1177
1086	1430
1086	1448
1086	1522
1086	1647
365	1325
1087	1096
1087	1099
1087	1101
1087	1102
1087	1113
1087	1123
1087	1359
1087	1455
1087	1482
1088	1095
1088	1211
1088	1349
1088	1503
1088	1531
1089	1435
1089	1436
1089	1453
1089	1531
1089	1576
1089	1605
365	1317
693	701
693	1076
693	1149
693	1454
693	1455
693	1605
693	1671
1090	1126
1090	1448
1090	1645
1091	1092
1091	1105
1091	1112
1091	1129
1091	1138
1091	1565
1092	1095
1092	1109
1092	1339
1092	1353
1092	1414
1092	1514
386	829
386	850
386	598
386	995
386	409
386	425
386	1238
386	1239
386	774
386	1287
386	785
386	1313
1093	1169
1094	1105
1094	1176
1094	1285
1094	1295
1094	1547
1094	1605
1095	1100
1095	1110
1095	1167
1095	1186
1095	1191
1095	1339
1096	1102
1096	1159
1096	1245
1096	1315
1096	1381
1096	1454
533	1021
533	1046
533	1047
533	1071
533	1078
533	1080
533	1081
533	1089
533	1106
533	1107
533	1113
533	1117
533	1353
533	1438
533	1589
533	741
1097	1161
1097	1327
1097	1356
1097	1599
1098	1100
1098	1137
1098	1161
1098	1171
1098	1415
1098	1492
1098	1530
1098	1671
1099	1100
1099	1101
1099	1318
1099	1363
1099	1438
1099	1442
1100	1101
1100	1164
1100	1165
1100	1454
365	442
713	881
713	913
713	924
713	1085
713	1226
713	1511
713	1522
381	593
1101	1112
1101	1113
1101	1119
1101	1130
1101	1138
1101	1154
1101	1189
1101	1364
1101	1548
1102	1123
1102	1333
1102	1359
1102	1482
1103	1104
1103	1111
1103	1159
1103	1316
1103	1489
1104	1111
1104	1316
1104	1349
1104	1489
1105	1187
1105	1300
1105	1518
463	568
463	588
463	1018
463	1029
463	1173
463	1176
463	1399
463	1646
463	644
1106	1112
1106	1117
1106	1126
1106	1375
1106	1393
1106	1589
1107	1442
1107	1580
1107	1614
1107	1630
1107	1673
1108	1128
1108	1136
1108	1139
1108	1159
1108	1171
1108	1176
1108	1415
1109	1255
1109	1364
1109	1436
1109	1437
1109	1509
684	969
684	1007
684	1018
684	1038
684	1057
684	1068
684	1108
684	1130
684	1132
684	1318
684	1483
1110	1135
1110	1566
1111	1489
1112	1117
1112	1122
1112	1149
1112	1358
1112	1366
1112	1542
1112	1589
1113	1176
1113	1333
1113	1481
1114	1150
1114	1323
1114	1325
1114	1388
1114	1483
1114	1650
365	1177
1115	1116
1115	1187
1116	1123
1116	1145
1116	1164
1116	1177
1116	1183
1116	1323
1116	1325
1116	1356
1116	1360
1116	1384
1116	1388
1116	1399
1116	1407
1116	1570
1116	1571
1117	1151
1117	1331
1117	1380
1117	1597
1117	1599
1117	1611
1118	1128
1118	1129
1118	1140
1118	1168
1118	1569
1119	1147
1119	1151
1119	1360
1119	1452
1120	1337
1120	1556
365	725
1121	1146
1121	1229
1121	1376
1121	1383
1121	1385
1121	1386
1121	1390
1121	1391
1121	1396
1121	1439
1121	1472
1121	1477
1121	1511
1121	1512
1121	1513
1121	1583
1121	1592
1121	1593
1121	1595
1121	1643
1122	1165
1122	1175
1122	1381
1122	1446
1122	1588
1123	1152
1123	1167
1123	1177
1123	1651
789	988
789	1029
789	1051
789	1061
789	1068
789	1083
789	1106
789	1117
789	1118
789	1342
789	1531
789	1565
1124	1465
1124	1476
365	1343
1125	1374
1125	1383
1125	1563
1125	1608
1125	1618
1126	1159
1126	1316
1126	1401
1127	1450
1127	1451
1128	1452
732	898
732	1118
732	1137
732	1360
1129	1159
1129	1193
1129	1452
1130	1132
1130	1187
1130	1316
1130	1375
1130	1380
1130	1459
1130	1509
1130	1565
1130	1589
1131	1349
1131	1453
1131	1459
1131	1483
1131	1607
1132	1413
1132	1435
1132	1438
1133	1242
1133	1249
1133	1254
1133	1266
1133	1289
1133	1458
731	999
731	1006
731	1058
731	1084
731	1090
731	1122
731	1140
731	1181
731	1325
731	1339
731	1388
731	1407
731	1452
1134	1413
1135	1163
1135	1455
1135	1647
365	722
1138	1193
1138	1333
1138	1364
1139	1437
365	1668
1140	1260
456	988
456	989
456	1002
456	1010
456	1013
456	602
456	1044
456	1067
456	1096
456	1100
456	731
456	1161
456	1173
456	1323
456	1438
456	1450
456	1492
456	1589
365	1272
1141	1143
1141	1251
1141	1278
1141	1312
1141	1524
1141	1633
1142	1143
1142	1146
1142	1148
1142	1230
1142	1339
1142	1509
1142	1547
1142	1607
1142	1662
1143	1145
1143	1146
1143	1167
1143	1244
1143	1334
1143	1478
1143	1607
1143	1609
1143	1631
1143	1662
1144	1145
1144	1146
1144	1170
1144	1268
1144	1327
1144	1346
1144	1351
1144	1352
1144	1398
1144	1499
1144	1609
1144	1637
1144	1662
1145	1146
1145	1170
1145	1183
1145	1356
1145	1522
1145	1609
1145	1637
1145	1662
1145	1668
1146	1148
1146	1170
1146	1192
1146	1230
1146	1244
1146	1364
1146	1480
1146	1547
1146	1607
1146	1609
1146	1625
1146	1630
1146	1637
1146	1662
1147	1154
1147	1452
1147	1483
1147	1527
1148	1316
1149	1167
1149	1347
1149	1366
1149	1542
1149	1545
365	1281
365	1547
365	1153
1150	1151
1150	1153
1150	1155
1150	1448
1150	1650
1151	1153
1151	1360
1151	1650
1152	1154
1152	1184
1152	1268
365	1239
1153	1273
1153	1650
1154	1156
1154	1213
1154	1230
1154	1527
1154	1545
1154	1598
383	830
383	906
383	915
383	919
383	387
383	1150
383	1153
383	1165
383	1206
383	1287
383	473
383	1335
383	1538
383	1650
1155	1451
1155	1650
1156	1213
1156	1541
365	850
365	409
1157	1182
1157	1188
1157	1272
1157	1465
1157	1520
1157	1543
1157	1586
1157	1603
1157	1624
651	898
651	1059
651	1137
651	1373
651	1487
651	1488
651	1597
1158	1163
1158	1442
1159	1163
1159	1373
1159	1449
1159	1599
1160	1210
1160	1243
1160	1265
1160	1277
1160	1278
1160	1283
1160	1284
1160	1289
1160	1297
1160	1310
1160	1311
1160	1322
1161	1450
1161	1599
365	1178
1162	1319
1162	1418
1162	1521
1162	1554
1163	1193
1163	1430
365	1356
1164	1165
1164	1181
1165	1181
1165	1381
1166	1384
1166	1399
1166	1481
1166	1581
1166	1606
1166	1620
1166	1622
1166	1632
1167	1377
1167	1407
1168	1250
1168	1258
1168	1288
1168	1294
1168	1473
1168	1474
1168	1576
1168	1600
1169	1171
1169	1187
1169	1418
1169	1548
1170	1335
1170	1609
1170	1637
1170	1654
1170	1656
1170	1657
1170	1662
1170	1667
1171	1176
1171	1187
1171	1206
1171	1359
1171	1415
1172	1199
1172	1299
1172	1305
1172	1328
384	839
384	840
384	878
1173	1193
1173	1399
1173	1492
1173	1606
1173	1622
1173	1646
1173	1661
437	956
437	1174
437	1202
437	1205
437	1216
437	1237
437	1243
437	1245
437	1246
437	1250
437	1265
437	1284
437	603
437	1473
437	1474
1174	1185
1174	1202
1174	1247
1174	1248
1174	1253
1174	1259
1174	1274
1174	1281
1174	1282
1174	1294
1174	1546
1174	1639
1175	1178
1175	1179
1175	1325
1175	1477
1175	1524
1175	1624
367	880
367	786
367	455
367	505
367	1416
367	1440
367	1525
367	638
367	783
1176	1181
1176	1187
1176	1509
1176	1600
1177	1333
1177	1408
1177	1478
1177	1649
1178	1183
1178	1345
1178	1558
1178	1632
1178	1637
1178	1668
1179	1294
1179	1345
1179	1624
1180	1521
1180	1574
1180	1580
1181	1317
1181	1327
1181	1342
1181	1449
1181	1533
365	1183
1182	1188
1182	1465
1182	1520
1182	1603
1182	1624
1183	1356
1183	1543
1183	1636
1183	1668
1184	1268
1185	1508
1185	1639
1186	1418
1186	1433
1186	1549
1188	1465
1188	1520
1188	1603
1188	1610
1188	1624
365	1208
708	833
708	834
708	899
708	743
708	963
708	1052
708	1211
708	779
708	1428
708	1440
708	1521
708	1539
708	1574
708	1646
1189	1380
1190	1193
1190	1254
1190	1268
1190	1286
1190	1306
1190	1379
1190	1444
1190	1493
1190	1619
365	568
1191	1415
1191	1436
1191	1438
1191	1446
1191	1605
1192	1239
1192	1492
1193	1286
1193	1331
1193	1364
1193	1375
1193	1393
1193	1607
1194	1468
1194	1517
1195	1214
1195	1421
671	1065
671	1087
671	1101
671	1102
671	1122
671	1126
671	1590
1196	1287
1196	1401
1196	1522
1196	1590
1197	1203
1197	1210
1197	1226
1197	1275
1197	1516
1197	1572
1198	1223
1198	1273
1198	1282
1198	1300
1198	1304
1198	1305
1198	1329
639	900
639	951
639	1072
391	417
391	639
391	1210
391	744
391	749
388	409
388	1378
409	829
409	850
409	971
409	598
409	995
409	425
409	1238
409	1239
409	1245
409	1246
409	774
409	1287
409	785
409	1313
1199	1223
1199	1254
1199	1267
1199	1270
1199	1299
1199	1305
1199	1315
1199	1328
446	613
446	861
446	972
446	1044
446	1197
446	1199
446	558
446	1216
446	1227
446	1241
446	1251
446	725
446	1270
446	1328
446	625
1200	1205
1200	1207
1200	1273
1200	1274
1200	1469
1200	1631
1200	1633
389	395
389	1246
365	1225
365	1274
1201	1221
1201	1225
1201	1235
494	522
494	845
494	934
494	1121
494	1227
494	1229
494	734
494	1376
494	1383
494	1385
494	730
494	1386
494	1390
494	1391
494	1396
494	1427
494	1439
494	1497
494	1511
494	1512
494	1513
494	1583
494	1592
494	1593
494	1595
494	1643
1202	1205
1202	1216
1202	1235
1202	1237
1202	1243
1202	1245
1202	1246
1202	1250
1202	1284
1202	1473
1202	1474
1203	1226
1203	1248
1203	1341
1203	1572
1204	1212
1204	1218
1204	1244
1204	1264
1204	1290
1204	1298
1204	1513
1204	1516
1205	1216
1205	1237
1205	1243
1205	1245
1205	1246
1205	1250
1205	1263
1205	1273
1205	1274
1205	1284
1205	1473
1205	1474
1206	1459
1206	1514
1206	1530
365	402
402	966
402	1200
402	1205
402	1241
402	1270
402	1273
402	1274
402	1633
402	642
1207	1249
1207	1260
422	827
422	1062
422	1196
422	1208
422	435
365	1209
1208	1209
1208	1265
1208	1669
1209	1265
1210	1234
1210	1243
1210	1277
1210	1278
1210	1283
1210	1284
1210	1297
1210	1310
1210	1311
1210	1322
558	1197
558	1210
558	750
558	1251
558	685
558	1345
558	1383
558	665
558	1500
558	1516
558	619
365	1256
483	553
483	1211
483	781
483	1251
483	1362
483	1367
483	1445
483	1635
392	400
392	1092
392	558
392	669
392	654
392	1629
520	1394
520	1567
1211	1431
1211	1570
1211	1571
1211	1575
1211	1598
1211	1648
1212	1231
1212	1290
1212	1374
471	1065
471	1096
471	1104
471	1111
471	1261
471	1316
471	1489
471	1547
471	1597
471	1611
1213	1230
1213	1271
1213	1544
1214	1216
1214	1233
1214	1291
1214	1507
1215	1251
1215	1335
687	858
687	1342
687	1590
721	1231
721	1239
412	1130
412	1439
1216	1237
1216	1243
1216	1245
1216	1246
1216	1250
1216	1284
1216	1328
1216	1473
1216	1474
1217	1227
1217	1251
1217	1382
1217	1496
1217	1497
1217	1500
1217	1608
365	1371
1218	1236
1218	1264
781	917
781	972
781	1250
781	1284
781	1299
781	1322
1219	1220
1219	1246
1219	1315
1219	1557
1220	1246
1220	1256
1220	1284
1220	1308
1220	1315
1220	1500
601	987
601	1125
601	1232
601	685
601	1440
365	1529
425	829
425	830
425	850
425	898
425	598
425	995
425	1009
425	788
425	732
425	1137
425	1238
425	1239
425	1262
425	774
425	575
425	1287
425	785
425	1313
787	947
787	968
787	1026
787	1152
787	1184
787	1201
787	1221
787	1225
787	1235
787	1261
787	1267
787	1268
787	1290
1221	1225
1221	1227
1221	1228
1221	1232
1221	1235
1221	1279
633	1343
633	1364
633	1496
1222	1400
1222	1414
1222	1417
1222	1577
1223	1236
1223	1262
1223	1273
1223	1304
1223	1305
1223	1329
1223	1461
1224	1572
1225	1235
1225	1247
1225	1274
365	1308
1226	1321
1227	1228
1227	1235
1227	1463
1229	1376
1229	1383
1229	1385
1229	1386
1229	1390
1229	1391
1229	1396
1229	1439
1229	1441
1229	1500
1229	1511
1229	1512
1229	1513
1229	1583
1229	1592
1229	1593
1229	1595
1229	1643
1230	1334
1230	1344
1230	1543
1230	1544
1230	1547
1230	1644
1231	1257
1231	1260
1231	1283
1232	1279
1233	1240
1233	1291
1233	1321
1233	1479
1233	1507
397	966
397	1030
397	1174
397	1235
397	1247
397	1248
397	1253
397	1259
397	1262
397	1274
397	1281
397	1282
397	1546
566	925
566	985
566	598
566	1004
566	1074
566	1302
566	1350
566	1447
566	1607
566	1642
1234	1252
1234	1311
750	1232
750	1255
750	1292
750	1312
750	1500
750	1512
750	1583
1236	1259
1236	1262
1236	1362
1236	1461
1236	1463
1237	1243
1237	1245
1237	1246
1237	1250
1237	1284
1237	1312
1237	1473
1237	1474
1238	1239
1238	1285
1238	1287
1238	1295
1238	1313
1238	1583
704	1030
704	1034
704	1160
704	1210
704	1241
704	1243
704	1247
704	1274
704	1277
704	1278
704	1283
704	1284
704	1297
704	1298
704	1304
704	1310
704	1311
704	1322
704	1330
415	543
415	1218
415	1397
415	1639
532	1005
532	604
532	1013
532	1346
532	1651
771	1369
771	1460
431	848
431	738
431	956
431	756
431	976
431	441
431	1168
431	1172
431	1199
431	1250
431	1258
431	1288
431	1294
431	1299
431	1305
431	603
431	1328
431	1473
431	1474
431	1600
1239	1287
1239	1313
1239	1376
438	944
438	1034
438	1245
438	1257
438	1321
1240	1321
1240	1330
1240	1507
1240	1519
1241	1277
1241	1633
627	1115
627	1125
627	1258
627	1292
1242	1266
1242	1289
1242	1391
655	1559
1243	1245
1243	1246
1243	1250
1243	1277
1243	1278
1243	1283
1243	1284
1243	1297
1243	1310
1243	1311
1243	1315
1243	1322
1243	1473
1243	1474
1244	1287
1244	1631
1245	1246
1245	1250
1245	1284
1245	1315
1245	1473
1245	1474
1246	1250
1246	1256
1246	1284
1246	1315
1246	1437
1246	1473
1246	1474
659	809
659	933
659	968
659	1041
659	1048
659	1198
659	1222
659	1223
659	1264
659	1273
659	1304
659	1305
659	1308
659	1329
659	735
1247	1248
1247	1253
1247	1259
1247	1274
1247	1281
1247	1282
1247	1304
1247	1546
729	872
729	958
729	964
729	1037
729	1137
729	1248
729	1341
1248	1253
1248	1259
1248	1274
1248	1281
1248	1282
1248	1546
1249	1258
1249	1309
1249	1464
440	822
440	966
440	967
440	1036
440	1157
440	1251
440	1267
440	1329
427	976
427	455
427	1172
427	1199
427	431
427	1299
427	1305
427	1311
427	1328
1250	1257
1250	1258
1250	1284
1250	1288
1250	1294
1250	1473
1250	1474
1250	1600
408	967
408	970
408	1026
408	1044
408	1207
408	438
485	828
485	1221
485	725
485	734
485	1344
485	1345
485	1496
1251	1264
1251	1500
1251	1502
1252	1253
1252	1263
1253	1259
1253	1263
1253	1265
1253	1273
1253	1274
1253	1281
1253	1282
1253	1374
1253	1387
1253	1546
474	511
474	635
474	1019
474	1091
474	533
474	1113
474	1142
474	1466
1254	1267
1254	1306
1254	1315
1254	1458
1255	1382
1255	1502
376	766
376	451
376	604
376	1071
376	1115
376	732
1256	1284
1256	1292
1256	1312
1256	1373
1256	1497
1256	1643
725	861
725	992
725	1230
725	1256
725	1271
725	784
725	1284
725	1481
725	1544
725	1618
725	763
725	1644
1257	1283
1257	1519
1258	1288
1258	1294
1258	1330
1258	1473
1258	1474
1258	1600
1259	1274
1259	1281
1259	1282
1259	1463
1259	1546
365	1337
1260	1276
1260	1380
1260	1492
1260	1573
1260	1593
1260	1598
696	924
696	993
696	1121
696	1143
696	1146
696	1229
696	1230
696	1289
696	1547
1261	1303
1261	1475
1261	1479
1261	1506
1262	1295
1262	1362
1262	1461
1263	1374
1263	1387
439	1030
439	1034
439	1160
439	1210
439	1221
439	704
439	1243
439	659
439	485
439	1277
439	1278
439	1283
439	1284
439	1297
439	1310
439	1311
439	1322
439	502
439	607
405	407
405	1174
405	1387
1264	1308
1264	1387
1264	1563
1265	1297
406	879
406	1303
1266	1267
1266	1289
1267	1315
1268	1330
1268	1471
1268	1619
1269	1396
1269	1484
1269	1511
1269	1582
1269	1594
698	1054
698	721
436	887
436	891
436	450
436	957
436	960
436	1042
436	1157
436	1182
436	1188
436	1465
436	1520
436	1603
436	1624
436	573
777	927
777	1293
777	1446
777	1620
1270	1309
1270	1365
1270	1464
1271	1345
1271	1543
1271	1544
1271	1617
1271	1644
1272	1306
1272	1335
1272	1408
1272	1444
1272	1494
1272	1527
1272	1529
1273	1274
1273	1304
1273	1305
1273	1329
1274	1281
1274	1282
1274	1298
1274	1330
1274	1546
410	774
1276	1279
1276	1280
1276	1573
411	820
411	917
411	978
411	467
411	1199
411	1246
411	1254
411	1267
411	1315
685	934
685	989
685	1043
685	1057
685	1125
685	696
685	1452
685	1470
685	1487
685	1583
774	829
774	850
774	995
774	1238
774	1239
774	1259
774	1262
774	1287
774	785
774	1313
1277	1278
1277	1283
1277	1284
1277	1297
1277	1310
1277	1311
1277	1322
1277	1641
1278	1283
1278	1284
1278	1297
1278	1310
1278	1311
1278	1312
1278	1322
1279	1280
1280	1501
1280	1573
784	1125
784	1260
784	1281
784	1282
784	1424
784	1546
784	1598
784	1618
1281	1282
1281	1546
1281	1594
1282	1546
1283	1284
1283	1297
1283	1310
1283	1311
1283	1322
1284	1297
1284	1310
1284	1311
1284	1322
1284	1473
1284	1474
623	653
623	1285
623	1455
623	697
623	782
1285	1295
1285	1433
1285	1503
575	973
575	1001
575	1009
575	788
575	1088
575	623
575	1285
575	1503
575	1647
575	697
575	782
523	738
523	1043
523	1084
523	687
523	1388
523	583
523	797
1287	1313
669	951
669	1279
669	1332
669	1573
1288	1291
1288	1294
1288	1306
1288	1473
1288	1474
1288	1600
1290	1298
1290	1470
1290	1513
1291	1299
1291	1507
1292	1392
1292	1499
1293	1315
1293	1456
435	859
435	504
435	1019
435	1196
435	1261
435	1303
435	1449
435	1475
435	1479
435	1506
1294	1473
1294	1474
1294	1600
587	593
587	1120
1296	1534
1296	1612
1296	1619
1296	1658
1296	1660
1297	1310
1297	1311
1297	1322
1298	1330
1298	1391
1298	1513
1299	1305
1299	1328
785	804
785	829
785	850
785	971
785	995
785	1143
785	1238
785	1239
785	1287
785	1313
785	1570
785	1631
654	1293
654	1629
1301	1314
1301	1332
1301	1333
1301	1532
473	1217
473	750
473	1255
473	1335
473	1367
473	1382
473	1400
473	1500
473	1587
1302	1350
1302	1670
1303	1475
1303	1479
1303	1506
554	934
554	1343
554	1501
1304	1305
1304	1329
419	1044
419	446
1305	1328
1305	1329
1306	1338
1306	1362
1306	1379
1306	1514
1306	1523
1306	1526
1308	1329
1308	1563
1309	1365
1309	1464
1309	1465
1310	1311
1310	1322
1310	1387
722	961
722	1280
722	1293
722	1456
423	1044
423	456
1311	1322
657	821
657	692
657	1309
657	714
657	1471
657	1625
1312	1633
1313	1392
1313	1499
1314	1332
1314	1398
1314	1532
1314	1651
1315	1474
1316	1319
1316	1380
1316	1418
426	471
426	1316
1317	1327
1317	1449
1317	1531
1319	1565
1319	1584
1319	1597
1319	1613
1320	1398
1320	1488
734	1217
734	1343
734	1351
734	1352
734	1486
734	1497
734	1499
734	748
734	1587
734	1657
603	956
603	756
603	1168
603	1202
603	1205
603	1216
603	1237
603	1243
603	1245
603	1246
603	1250
603	1258
603	1284
603	1288
603	1294
603	1469
603	1473
603	1474
603	1600
616	877
616	904
616	998
616	1089
616	671
616	1433
616	1436
616	646
1321	1330
1321	1506
1321	1507
1321	1519
428	1007
428	1323
1323	1521
1324	1325
1324	1349
1324	1393
1324	1435
1324	1450
1324	1576
1324	1623
1324	1646
1324	1653
1325	1388
1325	1531
1326	1341
1326	1469
1326	1480
1326	1555
429	868
429	876
429	895
429	914
429	1224
429	1296
429	758
429	1503
429	1534
429	1559
429	1658
430	627
430	1292
430	1313
430	1587
447	476
447	604
447	717
447	1035
447	482
447	1318
447	1342
447	1356
447	1377
447	1488
447	620
447	1589
433	1097
433	1108
433	1125
433	1383
433	1623
1327	1351
1327	1352
1327	1487
1327	1499
1327	1533
1327	1599
1330	1365
1330	1369
1330	1519
1330	1520
442	1587
442	1655
1332	1333
1332	1497
1332	1532
1333	1380
1334	1355
1334	1389
1334	1436
1334	1487
1334	1488
1334	1607
432	452
432	1245
432	1315
1335	1361
1335	1367
1335	1445
1335	1505
1335	1598
1335	1654
1335	1656
1335	1657
1335	1667
1335	1670
1336	1348
1336	1429
1336	1572
1336	1635
1337	1556
1337	1571
1337	1623
1337	1631
1337	1665
1338	1362
1338	1496
1338	1524
1338	1529
1338	1545
1338	1552
1338	1586
1338	1616
1338	1669
1339	1340
1339	1398
1339	1442
1339	1590
1339	1607
1340	1354
1340	1388
1340	1449
1341	1469
1341	1569
1342	1347
1342	1364
1342	1375
1342	1407
1342	1413
1342	1488
1342	1509
1343	1395
1343	1497
1343	1643
1344	1345
1345	1427
1345	1544
1345	1617
1345	1631
1346	1355
1346	1383
1346	1398
1346	1536
1347	1435
1347	1488
1347	1509
1347	1592
780	1033
780	1065
780	1183
780	1339
780	1342
780	1377
780	1407
780	1509
780	1668
443	1231
443	1283
444	882
444	677
445	1279
445	873
445	876
445	1493
1348	1429
1348	1457
1348	1635
1349	1435
1349	1452
1349	1489
1350	1658
1351	1352
1351	1497
1351	1499
1351	1547
1351	1608
1351	1657
1352	1395
1352	1497
1352	1499
1352	1608
1352	1657
1353	1354
1353	1514
1354	1410
1354	1540
1355	1405
1355	1487
1355	1651
449	533
449	471
365	1617
1356	1384
1356	1399
1356	1570
1356	1571
1356	1668
1358	1361
1358	1590
1359	1393
1359	1403
1359	1482
1360	1660
1361	1362
1361	1410
1361	1636
1362	1461
1362	1498
1362	1525
421	953
421	1144
421	1145
421	1146
421	1177
421	1334
421	1355
421	1360
421	1446
421	1522
421	1625
421	1639
1363	1386
1363	1390
1363	1437
1363	1454
1364	1407
1364	1478
1364	1509
1364	1518
1364	1547
1365	1464
1365	1519
1365	1520
1366	1371
1366	1414
1366	1438
1366	1562
1367	1368
1367	1378
1367	1445
1367	1526
1367	1591
538	921
538	977
538	1192
538	1372
538	1400
538	1414
538	1540
538	1562
538	1588
538	1632
538	1669
1368	1370
1368	1409
1368	1545
1368	1591
1368	1652
1370	1591
1371	1438
1371	1540
1371	1601
1371	1638
1372	1528
1372	1539
1372	1542
1372	1545
1373	1442
1373	1488
1373	1599
488	841
488	923
488	1373
1374	1387
1374	1508
562	928
562	930
562	979
562	1059
562	1076
562	1080
562	1081
562	1095
562	1103
562	1104
562	1105
562	1111
562	1130
562	1347
562	1415
562	1489
562	1589
1375	1486
1375	1590
1375	1597
1376	1383
1376	1385
1376	1386
1376	1390
1376	1391
1376	1396
1376	1439
1376	1511
1376	1512
1376	1513
1376	1583
1376	1592
1376	1593
1376	1595
1376	1643
1377	1488
1378	1445
1378	1526
1379	1515
1379	1526
1380	1451
1380	1492
1380	1523
542	853
542	857
542	1422
542	1588
542	1640
542	680
1381	1393
1381	1542
1382	1655
1383	1385
1383	1386
1383	1390
1383	1391
1383	1396
1383	1398
1383	1439
1383	1496
1383	1511
1383	1512
1383	1513
1383	1583
1383	1592
1383	1593
1383	1595
1383	1643
1384	1399
1384	1570
1384	1571
1384	1606
1384	1622
1384	1657
1384	1667
1385	1386
1385	1390
1385	1391
1385	1396
1385	1439
1385	1472
1385	1511
1385	1512
1385	1513
1385	1583
1385	1592
1385	1593
1385	1595
1385	1643
730	1121
730	1229
730	1287
730	1376
730	1383
730	1385
730	1386
730	1389
730	1390
730	1391
730	1396
730	1439
730	1511
730	1512
730	1513
730	1583
730	1592
730	1593
730	1595
730	1643
1386	1390
1386	1391
1386	1396
1386	1439
1386	1511
1386	1512
1386	1513
1386	1583
1386	1592
1386	1593
1386	1595
1386	1643
1388	1389
1388	1488
1388	1643
1389	1488
1389	1499
578	858
578	769
578	1086
578	1103
578	1104
578	687
578	1295
578	1325
578	1355
578	645
578	1393
578	1430
578	630
578	1653
645	897
645	1007
645	731
645	1325
645	1388
645	1595
645	1643
1390	1391
1390	1396
1390	1439
1390	1511
1390	1512
1390	1513
1390	1583
1390	1592
1390	1593
1390	1595
1390	1643
1391	1396
1391	1439
1391	1511
1391	1512
1391	1513
1391	1533
1391	1583
1391	1592
1391	1593
1391	1595
1391	1643
398	932
398	1047
398	1053
398	472
398	1116
398	1325
398	1353
398	1448
665	987
665	1057
665	1068
665	1077
665	1128
665	1176
665	696
665	685
665	1398
665	1424
665	1547
454	522
454	1107
454	1363
454	1386
454	1390
454	1460
454	1477
454	1510
454	1583
454	1592
1392	1484
1392	1497
1392	1499
1392	1587
1393	1450
1394	1453
1394	1542
1395	1434
1395	1458
1395	1484
1395	1499
1395	1511
1395	1643
1395	1665
1396	1434
1396	1439
1396	1460
1396	1511
1396	1512
1396	1513
1396	1583
1396	1592
1396	1593
1396	1595
1396	1643
525	917
525	765
525	975
525	577
525	1536
525	527
525	1557
525	647
525	541
525	751
1397	1460
1397	1510
1397	1631
1397	1639
1398	1532
1398	1608
670	927
670	1343
670	1497
670	1501
1399	1570
1399	1571
1399	1606
1399	1622
1399	1646
1400	1402
1400	1414
1400	1417
1400	1562
1400	1577
1400	1586
714	862
714	910
714	937
714	1017
714	1410
714	1471
714	1568
714	1577
1401	1406
1401	1475
1401	1641
1402	1459
1402	1463
1402	1494
1402	1540
1403	1455
1405	1406
770	826
770	857
770	865
770	1505
1407	1448
1407	1449
1407	1454
1407	1483
1408	1410
1408	1618
1409	1543
1410	1568
668	804
668	1119
668	785
668	1515
629	1004
629	1032
629	1098
629	713
629	1124
629	1285
629	1358
629	1478
1412	1553
505	863
505	871
505	1162
505	1319
505	714
505	1554
505	723
505	1613
1414	1417
1414	1492
1414	1514
1414	1577
1414	1586
1415	1449
1415	1580
1415	1673
534	663
534	765
534	594
534	1148
534	1149
534	1177
534	1205
534	771
534	1339
534	773
534	1619
534	1634
534	1649
534	719
534	720
1417	1577
564	825
564	920
564	755
564	935
564	1344
564	1401
564	1406
564	1516
1418	1433
1418	1549
1418	1554
779	876
779	884
779	904
779	1045
779	1132
779	1406
779	1428
779	1521
779	1561
779	1636
779	1645
779	1646
365	470
539	802
539	818
539	857
539	879
539	891
539	973
539	999
539	1180
539	616
539	1578
539	1580
539	1630
539	1631
539	690
539	605
1419	1491
758	868
758	1632
1420	1431
1420	1673
1421	1422
1421	1635
1422	1443
1423	1424
1423	1578
1423	1640
1423	1668
1424	1578
1424	1668
506	835
506	933
506	1437
506	1546
506	1555
1425	1431
1425	1504
1425	1588
1426	1432
1426	1470
1426	1549
1427	1521
1427	1555
1427	1569
1428	1521
1428	1574
1428	1646
529	803
529	737
529	819
529	820
529	536
529	833
529	895
529	908
529	577
529	1249
600	1544
600	611
600	1668
681	746
681	877
681	1179
681	1294
1430	1522
1430	1557
1430	1647
460	548
460	1133
710	827
710	1008
710	1408
710	758
710	1528
710	1544
710	1632
1431	1588
1432	1549
1432	1638
674	742
674	901
674	939
1433	1490
1434	1460
1434	1510
1434	1594
1434	1643
1435	1452
1435	1486
1436	1653
1437	1478
1438	1444
462	998
462	1013
1439	1472
1439	1511
1439	1512
1439	1513
1439	1583
1439	1592
1439	1593
1439	1595
1439	1643
1440	1511
1440	1539
1440	1544
1440	1616
1441	1592
512	586
512	937
512	708
512	623
512	1334
512	1355
512	714
512	1436
512	1487
512	1653
1444	1498
1444	1523
1444	1530
1444	1632
1444	1636
1444	1660
1445	1496
1445	1526
1445	1618
1446	1575
1446	1581
1446	1584
1446	1619
1446	1620
1446	1625
1446	1639
699	775
699	1059
699	1075
699	732
699	1137
699	1403
699	1442
524	802
1447	1449
1448	1451
1448	1531
1448	1599
1448	1636
1449	1488
1449	1533
1452	1585
1452	1643
1453	1486
1454	1612
1455	1597
1455	1611
1456	1484
1456	1573
1456	1621
567	907
567	916
567	1231
567	681
567	1533
567	1612
1457	1623
1458	1508
1458	1569
1460	1513
1460	1592
1460	1643
1464	1465
1465	1519
1465	1520
1465	1603
1465	1624
1467	1501
1467	1602
1467	1621
1468	1535
753	894
1469	1471
1469	1480
1470	1594
606	862
606	886
606	686
606	1427
606	1555
606	1569
466	596
466	686
466	1466
1472	1477
1472	1510
1473	1474
1473	1600
1474	1600
1475	1479
1475	1506
1476	1616
1476	1626
468	884
468	904
468	779
636	686
636	1233
1477	1510
1477	1643
1478	1607
1479	1506
1480	1555
1480	1569
631	969
631	1074
631	1077
631	1090
631	1100
631	1102
631	1109
631	684
631	1164
631	1165
631	1381
379	569
379	988
379	1013
379	1029
379	1101
379	1112
379	1119
379	1191
379	471
379	1360
379	1453
379	1486
379	1547
379	748
1481	1540
1481	1581
1484	1582
1484	1594
1485	1549
1485	1596
1486	1597
1487	1509
1487	1590
1488	1509
1488	1599
1492	1514
1492	1628
1493	1498
1493	1523
1493	1529
1493	1618
1493	1660
1494	1498
1494	1524
1494	1527
1495	1550
1495	1642
1496	1515
1496	1525
1496	1544
1496	1598
1496	1618
1497	1502
1497	1587
1498	1523
1498	1527
1498	1529
1498	1609
1498	1657
1500	1512
1500	1514
1500	1583
1500	1608
369	847
369	848
369	896
369	1251
369	1255
369	1264
369	1312
369	1329
369	1362
369	1378
369	1409
369	1496
369	1500
369	1525
1503	1556
1503	1576
1503	1602
1503	1623
1503	1635
1504	1505
1504	1566
1504	1588
1505	1586
1505	1588
1505	1616
1505	1626
1505	1658
1505	1659
475	1251
475	1264
475	1500
1506	1519
1506	1520
1508	1510
1508	1563
1508	1569
1509	1607
1511	1512
1511	1513
1511	1556
1511	1574
1511	1583
1511	1592
1511	1593
1511	1595
1511	1643
1512	1513
1512	1583
1512	1592
1512	1593
1512	1595
1512	1607
1512	1643
1513	1583
1513	1592
1513	1593
1513	1595
1513	1643
1514	1586
547	733
547	759
547	1130
547	1134
547	1169
547	1187
1515	1598
1516	1641
1519	1520
1520	1603
1520	1624
1521	1574
1521	1584
1521	1646
480	1006
480	1065
480	1090
480	1095
480	1099
480	1101
480	1122
480	1171
480	1359
480	1381
480	629
480	1415
480	631
1523	1524
1523	1529
1523	1530
1523	1593
1523	1632
1523	1648
1524	1527
1524	1624
1525	1528
1525	1552
1525	1618
1527	1528
1527	1529
1527	1598
1527	1618
1527	1670
1528	1542
1528	1552
1528	1645
1529	1552
1529	1598
1529	1664
1530	1610
630	877
630	701
630	1010
630	1046
630	1110
630	1177
630	1193
630	1359
630	1393
630	1447
630	1553
630	1605
1532	1608
1532	1651
1533	1567
1533	1612
479	881
479	1074
583	702
583	1040
583	593
583	693
583	1097
583	1149
583	1349
583	1388
574	804
574	775
574	1169
574	748
574	585
574	1661
574	740
574	799
1534	1658
481	1009
481	1085
481	1106
625	1021
625	1022
625	1227
625	1228
625	1466
625	1616
1536	1671
491	553
491	911
491	975
491	1503
491	1573
491	1602
1537	1634
1538	1539
1538	1586
1538	1601
1539	1540
1539	1542
1539	1552
1539	1586
1539	1632
1540	1542
1541	1585
1541	1604
1543	1544
1543	1545
1543	1644
1544	1616
1544	1617
1544	1632
1544	1644
1544	1654
1544	1668
1545	1586
1545	1669
744	934
744	1217
744	1237
744	1496
1546	1555
1547	1599
1549	1596
1550	1638
1550	1642
1552	1618
1552	1645
527	858
527	875
527	1086
527	578
527	1430
527	1605
1555	1569
1556	1559
1556	1618
1556	1623
1556	1627
1556	1648
1556	1663
1556	1665
1557	1575
489	490
489	822
1558	1559
1558	1574
1558	1576
1558	1623
1558	1653
1559	1560
1559	1582
1559	1631
1559	1653
597	875
597	914
597	1177
597	779
597	724
597	647
597	762
597	1627
597	1631
597	628
597	718
597	1661
552	1206
552	574
1564	1612
1564	1634
1564	1636
492	1324
492	1349
1565	1671
646	1359
646	1396
646	1583
493	847
493	765
724	802
724	914
724	1092
724	725
724	1271
724	1544
724	1606
724	1644
1566	1606
1566	1622
1566	1661
1567	1640
647	663
647	822
647	879
647	743
647	975
647	995
647	1197
647	779
647	1476
647	763
647	1632
1570	1571
1570	1596
1571	1627
723	962
723	1397
723	1456
723	1498
723	1529
723	1621
723	1632
723	1636
723	1668
1574	1613
1574	1658
762	821
762	1045
762	1146
762	1630
1575	1579
1575	1606
1575	1613
1575	1620
1575	1622
1575	1661
1575	1672
495	836
495	945
1576	1623
1576	1627
1576	1632
1576	1646
1576	1653
748	1080
748	1081
748	1145
748	1163
748	1175
748	1183
748	1320
748	1356
748	1453
748	1486
748	1625
748	1668
1578	1645
1578	1671
1579	1581
1579	1606
1579	1615
1579	1672
1580	1584
1580	1614
1580	1630
1580	1673
1581	1620
1581	1633
1582	1594
508	924
508	1177
508	1178
508	1269
508	1484
508	1559
508	1582
508	1594
508	510
508	1632
508	628
410	1262
1583	1592
1583	1593
1583	1595
1583	1643
1585	1650
773	814
773	871
773	882
773	786
773	1029
773	1190
773	1268
773	1446
773	1584
773	1619
773	1634
500	759
1586	1588
1586	1616
1586	1626
1586	1644
501	893
501	1214
501	1507
620	941
620	1021
620	1079
620	1127
620	1450
502	659
1588	1616
1588	1626
1588	1659
1592	1593
1592	1595
1592	1643
1593	1595
1593	1643
1595	1643
1597	1611
1598	1601
1598	1617
1598	1618
1598	1623
1598	1648
1598	1657
1598	1663
1598	1664
1598	1670
385	1018
385	1119
385	1440
385	1541
1601	1658
1601	1670
507	871
507	1568
1603	1624
1604	1647
1605	1653
1606	1613
1606	1622
1606	1661
1606	1672
509	604
509	532
1607	1662
1609	1637
1609	1654
1609	1656
1609	1662
1609	1667
510	1046
510	1397
510	1582
1612	1634
1613	1614
1613	1625
1614	1630
1614	1673
1615	1632
1615	1663
1616	1626
1616	1659
1617	1663
1617	1664
1618	1652
1618	1657
1618	1670
381	1117
381	1415
513	684
513	1159
514	877
514	562
514	630
516	673
585	882
585	1009
585	1085
585	1163
585	674
585	1453
585	1565
585	619
614	1505
614	1574
614	1588
614	1616
614	1626
614	1658
614	1659
614	705
1621	1636
1622	1630
1622	1646
1622	1661
1622	1664
1622	1670
1622	1672
1623	1653
1623	1663
1625	1631
1625	1637
1625	1639
1626	1658
1626	1659
518	906
518	576
518	1031
518	1150
518	1272
518	1498
518	1598
518	1617
518	1618
518	619
518	1657
518	754
518	1670
763	827
763	1166
763	1360
763	1440
763	1476
763	1481
763	1544
763	1581
763	1616
763	1632
763	1633
763	1644
1630	1673
1632	1648
1632	1669
519	586
519	598
1633	1669
1635	1652
1636	1660
1636	1668
1636	1671
595	861
595	862
595	931
1637	1662
1637	1671
521	905
521	1467
521	1621
690	818
690	891
690	1527
690	1579
690	1615
690	745
716	906
716	915
716	733
716	922
716	1147
716	1585
745	765
745	938
745	946
745	989
745	1180
745	1206
745	1515
745	1579
745	773
745	1613
745	1615
745	1622
619	736
619	1141
619	708
619	1440
619	1539
619	724
619	763
619	690
619	1657
619	754
628	914
628	1177
628	1178
628	779
628	1574
628	1601
628	1613
628	1623
628	1627
628	1632
1646	1653
739	906
739	925
739	930
739	1371
739	1476
739	1536
739	1615
739	1616
739	763
739	1660
739	1671
644	989
644	1018
644	1173
644	1354
644	1399
644	1575
644	1579
644	1581
644	1613
644	1615
644	1622
644	745
644	1646
644	1661
528	630
528	1605
514	701
514	1447
1648	1663
1648	1664
537	653
537	877
555	626
555	899
555	793
555	969
555	561
555	692
555	1162
555	1521
555	1616
540	910
540	1316
541	577
544	1600
545	710
546	597
546	1661
550	870
550	1634
550	560
374	1269
551	1485
551	1596
1654	1656
1654	1657
1654	1667
556	1556
556	1648
556	1663
557	693
557	1605
565	807
565	903
570	805
570	808
572	812
572	853
572	854
572	1567
573	957
573	1042
579	845
579	1227
590	1576
590	1646
590	1653
592	1103
592	1159
605	999
607	659
609	725
609	1500
611	1668
612	922
612	1189
615	1294
615	1600
378	1039
378	1249
378	1309
378	1464
617	1423
617	1424
618	874
618	875
621	784
621	1282
621	1546
560	870
560	569
560	1564
560	1597
560	1611
560	1632
560	1634
624	1293
624	722
632	1294
632	1600
634	812
634	854
637	922
637	1000
1656	1657
1656	1667
642	1270
448	548
648	750
648	1500
649	1293
649	722
650	874
650	1564
650	1612
650	1634
1657	1667
1657	1670
652	1028
652	1594
656	1446
656	773
658	973
658	1285
660	877
660	1136
666	1565
545	758
545	1632
718	874
718	875
718	775
718	981
718	1045
718	1053
718	1413
718	1613
718	1631
718	1661
718	728
675	1423
675	1424
676	1133
680	857
682	737
682	1584
683	1133
1661	1672
688	812
688	742
689	866
689	1558
691	1167
481	1342
705	1658
706	896
706	1498
707	879
707	1178
711	1423
711	1424
712	1397
712	1631
1664	1665
1664	1670
715	775
715	718
719	765
720	762
727	1104
727	1111
727	1489
728	1053
735	1292
384	535
740	748
741	1081
571	663
571	1515
571	723
571	1623
571	1632
571	747
571	796
503	939
503	674
749	902
584	1523
584	1593
751	917
760	877
764	1009
767	922
767	1000
768	875
768	1578
752	1016
752	1230
752	1302
752	1440
752	1459
752	1544
752	1616
752	763
752	1644
752	801
772	806
772	822
776	907
776	1262
782	1285
667	833
667	1428
783	786
783	1416
790	1068
790	1086
790	1430
530	818
530	826
530	870
530	871
530	891
530	591
530	589
530	1459
530	1568
530	1584
530	1613
530	1614
530	1628
530	1671
530	752
791	1573
792	1066
794	1340
795	877
798	877
798	1447
799	1169
799	1620
800	1564
800	1634
801	1016
