0	1
0	2
0	3
0	4
0	5
0	6
0	7
0	8
0	9
0	10
0	11
0	12
0	13
0	14
0	15
0	16
0	17
0	18
0	19
0	20
0	21
0	22
0	23
0	24
0	25
0	26
0	27
0	28
0	29
0	30
0	31
0	32
0	33
0	34
0	35
0	36
0	37
0	38
0	39
0	40
0	41
0	42
0	43
0	44
0	45
0	46
0	47
0	48
0	49
0	50
0	51
0	52
0	53
0	54
0	55
0	56
0	57
0	58
0	59
0	60
0	61
0	62
0	63
0	64
0	65
0	66
0	67
0	68
0	69
0	70
0	71
0	72
0	73
0	74
0	75
0	76
0	77
0	78
0	79
0	80
0	81
0	82
0	83
0	84
0	85
0	86
0	87
0	88
0	89
0	90
0	91
0	92
0	93
0	94
0	95
0	96
0	97
0	98
0	99
0	100
0	101
0	102
0	103
0	104
0	105
0	106
0	107
0	108
0	109
0	110
0	111
0	112
0	113
0	114
0	115
0	116
0	117
0	118
0	119
0	120
0	121
0	122
0	123
0	124
0	125
0	126
0	127
0	128
0	129
9	130
9	131
9	132
9	133
9	134
9	135
10	136
10	137
18	138
18	139
18	140
24	25
24	26
24	27
25	26
25	27
26	27
29	52
38	39
49	50
85	141
91	92
94	142
94	143
94	144
101	102
121	145
130	131
130	132
130	133
130	134
130	135
131	132
131	133
131	134
131	135
132	133
132	134
132	135
133	134
133	135
134	135
136	137
136	146
137	146
138	139
138	140
139	140
142	143
142	144
