1337	14248
1337	14261
1337	14266
1337	14270
1337	14273
1337	14276
1337	14277
1337	14285
1337	14288
1337	14294
1337	14297
1337	14298
1337	14301
1337	14302
1337	14317
1337	14318
1337	14319
1337	14321
1337	14324
1337	14325
1337	14329
1337	14330
1337	14334
1337	14343
1337	14344
1337	14345
1337	14350
1337	14372
1337	14376
1337	14382
1337	14383
1337	14393
1337	14394
1337	14395
1337	14400
1337	14401
1337	14404
1337	14405
1337	14406
1337	14412
1337	14416
1337	14427
1337	14433
1337	14434
1337	14444
1337	14448
1337	14450
1337	14452
1337	14453
1337	14455
1337	14457
1337	14458
1337	14459
1337	14460
1337	14464
1337	14466
1337	14467
1337	14471
1337	14476
1337	14481
1337	14498
1337	14499
1337	14500
1337	14509
1337	14511
1337	14517
1337	14519
1337	14521
1337	14525
1337	14529
1337	14531
1337	14535
1337	14538
1337	14541
1337	14542
1337	14543
1337	14544
1337	14545
1337	14547
1337	14548
1337	14556
1337	14557
1337	14558
1337	14559
1337	14571
1337	14572
1337	14574
1337	14575
1337	14578
1337	14579
1337	14581
1337	14585
1337	14594
1337	14595
1337	14597
1337	14611
1337	14612
1337	14613
1337	14621
1337	14622
1337	14623
1337	14626
1337	14627
1337	14628
1337	14631
1337	14632
1337	14647
1337	14650
1337	14659
1337	14663
1337	14667
1337	14670
1337	14674
1337	14675
1337	14676
1337	14677
1337	14682
1337	14698
1337	14699
1337	14701
14248	14273
14248	14557
14248	14558
14248	14579
14248	32546
14248	32547
14248	32548
14261	32554
14261	32555
14261	32556
14276	32537
14276	32538
14301	32524
14301	32525
14301	32526
14301	32527
14301	32531
14301	32532
14301	32533
14330	14394
14330	14547
14330	14548
14330	32566
14330	32567
14330	32568
14330	32569
14343	14344
14343	14345
14344	14345
14344	14450
14393	14394
14395	14405
14412	29205
14412	32244
14476	32557
14476	32558
14476	32559
14498	14499
14498	14500
14499	14500
14511	14581
14511	14631
14542	14543
14542	14544
14543	14544
14547	14548
14557	14558
14557	14579
14558	32584
14581	14631
14623	32594
14623	32595
14623	32596
14698	14699
29204	29205
29205	29212
29205	32244
32524	32525
32524	32526
32525	32526
32525	32527
32526	32528
32526	32529
32526	32530
32528	32529
32528	32530
32528	32583
32529	32530
32529	32583
32530	32583
32531	32532
32531	32533
32532	32533
32537	32538
32546	32547
32546	32548
32547	32548
32554	32555
32554	32556
32555	32556
32557	32558
32557	32559
32558	32559
32566	32567
32566	32568
32567	32568
32594	32595
32594	32596
32595	32596
