220	1044
221	18075
222	18078
223	18081
224	18091
225	18092
226	18097
227	18099
228	18112
229	18128
230	18133
231	18139
232	18141
233	18142
234	18143
235	18144
236	18147
237	18148
238	18161
239	18164
240	18171
241	18172
242	18173
243	18177
244	18181
245	18182
246	18186
247	18188
248	18190
249	18191
250	18194
251	18198
252	18200
253	18203
254	18204
255	18207
256	18208
257	18209
258	18214
259	18219
260	18237
261	18250
262	18252
263	18257
264	18264
265	18267
266	18270
267	18272
268	18277
269	18282
270	18285
271	18296
272	18303
273	18308
274	18315
275	18316
276	18317
277	18319
278	18320
279	18323
280	18324
281	18327
282	18328
283	18331
284	18336
285	18341
286	18342
287	18348
288	18349
289	18350
290	18351
291	18352
292	18359
293	18361
294	18363
295	18364
296	18365
297	18367
298	18370
299	18379
300	18383
