22376	30360
22376	35438
22376	35439
22376	35440
30106	35126
30106	35431
30106	38400
30106	38401
30106	38402
30360	30361
30360	34953
30360	35431
30360	35432
30360	35438
30360	35439
30360	35440
30360	35801
30360	35830
30360	35884
30360	35885
30360	38351
30360	38352
30360	38353
30360	38366
30360	38367
30360	38368
30360	38369
30360	38370
30360	38371
30360	39288
30361	38351
30361	38352
34953	35431
34953	35432
35126	35431
35126	38400
35126	38401
35126	38402
35431	35432
35431	38400
35431	38401
35431	38402
35438	35439
35438	35440
35439	35440
35884	35885
38351	38352
38351	38353
38351	38366
38351	38367
38351	38368
38351	38369
38351	38370
38351	38371
38352	38353
38352	38366
38352	38367
38352	38368
38352	38369
38352	38371
38353	38366
38353	38368
38353	38369
38353	38370
38353	38371
38353	39288
38366	38367
38366	38368
38366	38369
38366	38371
38367	38368
38367	38369
38368	38369
38368	38370
38368	38371
38368	39288
38369	38370
38369	38371
38369	39288
38400	38401
38400	38402
38401	38402
