2048	8099
2048	16624
2048	16625
2048	16627
2048	16628
2048	16629
2048	16632
2048	16633
2048	16635
2048	16636
2048	16637
2048	16638
2048	16642
2048	16643
2048	16644
2048	16647
2048	16648
2048	16653
2048	16654
2048	16655
2048	16656
2048	16658
2048	16659
2048	16661
2048	16663
2048	16664
2048	16665
2048	16667
2048	16668
2048	16669
2048	16670
2048	16673
2048	16674
2048	16675
2048	16678
2048	16680
2048	16681
2048	16682
2048	16684
16627	16628
16627	16629
16628	16629
16632	16633
16632	28814
16636	16637
16636	16638
16636	16655
16636	16667
16636	16668
16636	16669
16636	16670
16636	16673
16636	16674
16637	16638
16642	16643
16643	34276
16655	16673
16655	16674
16663	16664
16663	16665
16664	16665
16667	16668
16667	16669
16667	16670
16668	16669
16668	16670
16669	16670
16673	16674
16680	16681
16680	16682
16681	16682
28814	28815
