17824	26104
17824	27183
17824	31588
24486	26104
26104	27177
26104	27178
26104	27179
26104	27180
26104	27183
26104	27184
26104	27196
26104	27197
26104	27210
26104	27211
26104	27214
26104	31587
26104	31588
26104	31589
26104	31590
26104	31591
26104	31592
26104	31593
26104	31594
26104	31595
27177	27178
27177	27183
27177	27196
27177	31590
27179	27180
27179	27183
27179	27184
27179	31587
27179	31589
27183	27184
27183	27196
27183	27197
27183	31587
27183	31588
27184	31589
27196	27197
27196	31590
27197	27214
27210	27211
31591	31592
31593	31594
31593	31595
31594	31595
