1377	7360
1378	13187
1379	13189
1380	17515
1381	17516
1382	23960
1383	24099
1384	24177
1385	33816
1386	33817
1387	33818
1388	33821
1389	33822
1390	33823
1391	33824
1392	33825
1393	33828
1394	33830
1395	33831
1396	33832
1397	33833
1398	33834
1399	13173
1400	24082
1401	24110
1402	24182
1403	35546
1404	35547
1405	35548
1406	35549
1407	35550
1408	13203
1409	35655
1410	35656
1411	35657
1412	35658
1413	35659
1414	35660
1415	17523
1416	17806
1417	17807
1418	17808
1419	17819
1420	17862
1421	23737
1422	23857
1423	23912
1424	23933
1425	35560
1426	35568
