7360	13187
7360	13189
7360	17515
7360	17516
7360	23960
7360	24099
7360	24177
7360	33816
7360	33817
7360	33818
7360	33821
7360	33822
7360	33823
7360	33824
7360	33825
7360	33828
7360	33830
7360	33831
7360	33832
7360	33833
7360	33834
13173	24082
13173	24110
13173	24182
13173	33818
13173	35546
13173	35547
13173	35548
13173	35549
13173	35550
13203	24099
13203	35655
13203	35656
13203	35657
13203	35658
13203	35659
13203	35660
17515	17516
17515	17523
17515	17806
17515	17807
17515	17808
17515	17819
17515	17862
17806	17807
17806	17808
17807	17808
23737	23857
23737	24110
23857	23912
23857	23933
23857	24110
23857	35560
24082	24110
24082	35547
24082	35549
24082	35550
24099	33833
24110	35547
24110	35549
24110	35550
33817	33818
33818	35546
33818	35568
35546	35568
35547	35548
35547	35549
35547	35550
35549	35550
35655	35656
35655	35657
35655	35658
35655	35659
35655	35660
35656	35657
35656	35658
35656	35659
35656	35660
35657	35658
35657	35659
35657	35660
35658	35659
35658	35660
35659	35660
