0	1
1	2
1	3
1	4
1	5
6	7
6	8
6	9
6	10
6	11
6	12
6	13
6	14
6	15
6	16
6	17
7	18
8	14
8	19
8	20
9	10
9	11
9	14
9	15
9	16
9	17
9	21
9	22
9	23
10	11
10	17
11	14
11	15
11	16
11	17
11	24
11	25
11	26
11	27
11	28
12	29
12	30
12	31
12	32
14	15
14	16
14	17
15	16
19	20
21	22
21	23
22	23
33	34
33	35
33	36
33	37
33	38
33	39
34	35
34	36
34	37
34	40
34	41
35	36
35	37
35	38
35	39
36	37
38	39
38	40
38	42
38	43
38	44
38	45
38	46
38	47
38	48
38	49
24	25
24	26
24	27
24	28
24	50
24	51
24	52
24	53
24	54
24	55
24	56
24	57
24	58
25	26
25	27
25	28
26	27
26	28
26	50
26	51
26	52
26	53
26	54
26	55
26	56
27	28
28	50
28	51
28	52
28	53
50	51
50	52
50	53
51	52
51	53
51	54
51	55
51	56
52	53
52	54
52	55
52	56
54	55
54	56
55	56
57	58
2	12
2	3
2	4
2	5
2	29
2	31
2	32
2	40
2	59
2	60
2	61
3	4
3	59
3	60
31	32
40	41
40	42
40	43
40	44
40	45
42	43
42	44
42	45
43	44
43	45
44	45
46	47
46	48
46	49
47	48
47	49
48	49
59	60
59	61
