66	596
67	15657
68	15671
69	21608
70	22667
71	22668
72	22669
73	22672
74	22673
75	22674
76	22675
77	22681
78	22682
79	22683
80	22684
81	22685
82	22686
83	22687
84	22692
85	22693
86	22695
87	22696
88	22699
89	22700
90	22701
91	22702
92	22704
93	22707
94	22708
95	22710
96	22711
97	22712
98	22713
99	22714
100	22715
101	22719
102	22724
103	22725
104	22726
105	22727
106	22729
107	22730
108	22733
109	22736
110	22739
111	22741
112	22742
113	22743
114	22744
115	22745
116	22746
117	22747
118	22748
119	22750
120	22753
121	22755
122	22756
123	22757
124	22761
125	22763
126	22764
127	22765
128	22766
129	22767
130	22771
131	22772
132	22773
133	22774
134	22775
135	22776
136	22778
137	22779
138	22780
139	22781
140	22782
141	22783
142	22784
143	22786
144	22787
145	22788
146	22789
147	22790
148	22791
149	22794
150	22795
151	22796
152	27515
153	27522
154	27523
155	27524
156	27525
157	27526
158	27527
159	27528
160	27543
161	27516
162	27517
163	27518
164	27519
165	27520
