7906	7924
7906	7913
7905	7912
7905	7907
7905	7915
7905	7927
7905	7929
7905	7930
7923	7924
7923	7926
7923	7929
7906	7911
7911	7924
7911	7915
7911	7926
7911	7916
7906	7914
7906	7928
7908	7926
7908	7911
7909	7924
7909	7911
7907	7915
7925	7928
7925	7929
7925	7930
7912	7926
7912	7929
7915	7927
7926	7929
7916	7926
7914	7925
7914	7927
7914	7928
7914	7920
7914	7921
7910	7925
7910	7914
7910	7928
7910	7921
7908	7910
7908	7928
7907	7927
7917	7925
7917	7927
7917	7929
7918	7923
7918	7926
7918	7929
7929	7930
7919	7923
7919	7929
7920	7927
7921	7925
7921	7928
7922	7925
7922	7930
