2782	11902
2783	24040
2784	24041
2785	24043
2786	24044
2787	24045
2788	13405
2789	13407
2790	30689
2791	30692
2792	30747
2793	33322
2794	33305
2795	33306
2796	33307
2797	30710
2798	30713
2799	30715
2800	30728
2801	30740
2802	30751
2803	33319
2804	30701
2805	30687
2806	30707
2807	30738
2808	30688
2809	30719
2810	30750
2811	33309
2812	33310
2813	33312
2814	30693
2815	30694
2816	30702
2817	30708
2818	30691
2819	30696
2820	30721
2821	30725
2822	30732
2823	30699
2824	30705
2825	30720
2826	30722
2827	30726
2828	30727
2829	30744
2830	30698
2831	30746
2832	33321
2833	30735
2834	30703
2835	30733
2836	33311
2837	30706
2838	30709
2839	30749
2840	33315
2841	33330
2842	33331
2843	33332
2844	33333
2845	33334
2846	30711
2847	33301
2848	33320
2849	30712
2850	33324
2851	33335
2852	33336
2853	33337
2854	33338
2855	30730
2856	30714
2857	33308
2858	30718
2859	30742
2860	30717
2861	30741
2862	33313
2863	33314
2864	30737
2865	33318
2866	33339
2867	33340
2868	33341
2869	33342
2870	33343
2871	33344
2872	33345
2873	33346
2874	33347
2875	33348
2876	33325
2877	33326
2878	33349
2879	33350
