10289	11901
10289	12460
10891	11901
11611	11612
11611	19492
11611	19504
11611	19535
11611	19591
11612	14782
11612	14791
11612	14820
11612	17253
11901	11907
11901	12460
11901	14820
11901	17331
12460	24483
14098	14820
14791	14820
14791	17253
14820	17253
14820	17331
17331	17407
17407	25949
19486	19487
19486	19527
19486	19548
19487	19513
19487	28691
19491	19492
19491	19493
19491	19504
19491	19528
19491	19600
19492	19493
19493	19500
19500	19504
19500	19548
19504	19508
19504	19544
19504	19589
19548	19574
20174	24483
20174	29679
