364	806
364	458
364	595
364	801
364	817
364	764
364	497
364	821
801	817
801	864
662	805
662	821
662	822
662	832
662	764
662	1129
662	1318
662	1431
662	1564
662	1583
662	1631
662	665
662	1672
662	795
364	856
364	538
364	371
364	921
364	576
364	802
364	419
802	864
802	936
802	997
372	806
372	864
372	609
372	585
372	1008
372	566
372	1633
364	489
364	920
364	937
364	1003
364	1430
803	1142
803	1400
803	1416
803	1630
803	1640
364	804
804	807
804	810
804	909
804	913
804	934
804	936
804	978
804	1403
496	1439
496	1456
496	1510
496	1600
496	584
496	618
364	496
364	855
364	865
364	1557
364	807
364	676
364	1266
510	804
510	929
510	758
510	978
510	1046
510	1052
510	629
510	645
364	662
364	843
364	580
364	1646
736	1583
805	807
805	821
805	1489
805	1490
725	826
725	1497
725	1608
806	821
806	902
806	962
806	982
806	1121
806	1417
806	1587
806	1633
364	1665
364	590
364	909
364	1269
364	1308
364	533
364	1463
364	581
364	915
364	656
364	552
458	806
458	821
458	1468
807	901
807	1489
364	805
364	883
364	903
364	930
364	1000
364	906
364	919
808	817
808	825
808	1051
808	1157
808	1221
808	1228
808	1369
808	1491
364	450
364	493
364	1230
364	566
364	809
364	1206
364	1337
809	1309
809	1373
809	1461
364	808
364	918
364	516
364	896
364	1330
364	526
364	860
364	935
364	949
364	1021
364	1248
364	1538
552	865
552	910
552	580
552	567
552	966
552	972
552	1210
552	615
552	596
552	1601
552	1626
552	637
552	1660
364	463
364	913
364	1142
364	1145
364	411
364	1243
364	933
364	1043
364	1360
364	1361
364	1617
364	1651
364	810
364	820
810	841
810	913
810	915
810	947
810	969
810	977
810	1253
810	1430
811	816
811	852
811	853
811	1016
811	1049
811	1050
811	1532
811	1566
811	1639
364	969
364	1062
364	482
364	1427
745	836
745	862
745	878
745	785
745	894
745	966
745	1178
745	1284
745	1368
745	759
364	1170
364	640
364	421
364	1281
364	1545
812	813
812	838
812	853
812	859
812	902
812	1178
812	1428
364	812
364	813
364	902
364	691
364	1368
813	1408
813	1415
814	830
814	848
814	859
814	962
814	1425
814	1431
814	1484
814	1548
814	1595
364	588
364	922
364	661
364	1088
364	1452
364	1292
364	653
364	910
364	1533
364	490
364	1625
364	908
364	847
489	821
489	741
489	792
489	907
489	937
489	1344
489	1411
489	1426
489	629
489	1552
364	1036
364	597
364	831
364	938
364	574
364	1419
364	1632
364	646
364	952
364	1156
364	1544
364	815
364	823
364	878
364	966
364	1012
364	1091
364	1352
364	1365
815	927
815	1001
815	1077
815	1352
815	1443
364	457
364	897
364	934
364	1395
364	1511
364	1512
364	433
433	819
433	821
433	831
433	972
433	1029
433	1033
433	1159
433	1209
433	1210
433	780
433	703
433	1242
433	438
433	1276
433	1277
433	1282
433	1283
433	1285
433	1296
433	1309
433	1310
433	1321
433	528
433	1529
433	1574
433	1601
364	758
364	495
364	818
364	819
364	535
364	498
364	456
364	528
364	987
364	1044
364	770
364	1259
364	783
364	1597
495	805
495	818
495	819
495	535
495	498
495	590
495	934
495	1248
495	541
495	528
495	699
364	785
364	521
364	846
364	736
364	923
364	945
364	816
364	654
816	889
816	929
816	960
816	1491
817	821
817	865
817	890
817	1369
364	874
364	678
364	615
364	1635
364	1670
818	819
818	822
818	856
818	894
818	907
818	934
818	1248
818	1274
819	840
819	916
819	977
819	1198
819	1248
819	1253
819	1266
819	1314
364	570
535	818
535	819
535	820
535	934
535	981
535	1248
535	566
820	1165
364	587
821	913
364	534
364	859
364	741
364	1490
364	560
364	777
364	1431
364	1548
364	1053
364	542
364	477
364	519
364	1409
364	715
364	529
477	860
477	861
477	735
477	588
477	929
477	1008
477	1084
477	519
477	584
477	763
364	841
822	856
822	907
822	1274
822	1301
822	1577
364	1577
364	1179
364	1565
457	804
457	908
457	911
457	934
457	467
364	1027
364	1120
364	1438
364	1440
364	1471
364	1509
364	1591
364	1642
364	1154
364	1450
364	1157
364	1174
364	1127
364	992
364	1015
364	996
364	471
364	1428
364	1608
364	1539
364	845
364	942
364	1364
364	830
364	788
364	1162
364	1622
364	1662
364	702
364	890
364	624
364	1640
364	1193
364	1240
364	1615
364	689
364	907
364	803
364	1285
364	1399
364	1413
364	1513
364	1270
364	709
364	1543
823	1148
823	1270
823	1271
823	1334
823	1344
823	1408
823	1524
823	1527
823	1543
823	1551
823	1567
823	1616
823	1643
364	824
364	754
364	563
824	1354
824	1404
824	1518
364	990
364	1051
364	1159
364	381
364	1150
364	391
364	632
364	1233
364	1251
364	668
364	406
364	393
364	1231
364	430
364	1257
406	1173
406	1174
406	421
406	1293
406	1303
406	1599
406	543
406	614
406	631
463	676
463	754
463	542
463	563
825	996
825	1000
825	1002
825	1066
825	1170
825	1188
825	1458
825	1491
364	884
364	979
364	1459
364	1602
364	476
364	1377
364	1407
364	1583
364	1467
364	925
364	968
364	1212
364	605
364	1549
364	978
364	1052
364	1412
364	1189
364	1192
364	1624
364	940
364	941
364	642
364	454
364	366
364	1518
364	1524
364	1540
364	1603
364	1013
364	1550
364	1210
364	1356
364	1480
826	834
826	895
826	924
826	981
826	1044
826	1359
826	1523
826	1526
826	1528
364	826
364	1526
364	451
364	1514
364	1551
364	1090
364	885
364	1067
364	464
364	835
364	1367
827	930
827	990
827	1021
827	1022
827	1343
827	1344
827	1494
827	1549
827	1641
364	1069
364	672
364	828
364	1400
364	1461
828	849
828	931
828	994
828	1041
828	1230
828	1237
828	1238
828	1267
828	1286
828	1312
828	1457
828	1507
828	1568
464	552
464	497
464	966
464	769
464	613
464	1625
464	1658
364	1114
364	1215
364	1523
364	1203
364	1286
364	1289
364	1297
676	813
676	863
676	881
676	1189
676	1267
676	1481
676	1514
676	1560
676	772
676	1618
364	955
364	417
364	436
364	1201
364	1204
364	1236
364	1237
364	1242
364	1244
364	1245
364	1249
364	1283
364	602
364	1472
364	1473
829	914
829	1164
829	1205
829	1353
829	1403
829	1409
364	1014
364	1284
364	1298
364	901
364	1456
364	772
364	822
364	1143
364	991
364	1035
364	439
364	612
364	975
364	1068
364	1202
364	1347
364	434
364	1302
612	844
612	967
612	786
612	1226
612	1238
612	1266
364	1155
364	1149
364	1153
364	1250
364	939
364	960
364	1040
364	973
364	760
364	1133
364	1534
364	503
364	814
364	625
364	1425
830	1425
830	1431
830	1548
364	514
364	1426
364	1568
364	832
364	833
364	898
364	742
364	962
364	707
364	1420
364	1520
364	1573
831	832
831	893
831	934
831	983
364	911
364	974
364	864
364	1626
832	833
832	898
832	907
832	962
832	1179
832	1419
832	1427
832	1520
832	1573
832	1672
833	898
833	962
833	1179
833	1247
833	1427
833	1520
833	1573
833	1583
364	834
364	553
834	1044
834	1177
834	1178
834	1569
834	1570
521	844
521	1220
521	1226
521	1227
521	1568
364	745
364	1410
364	1279
364	1572
364	466
364	1132
364	870
364	1087
364	765
364	1059
364	768
364	944
364	1223
364	577
835	944
835	959
835	1014
835	1023
835	1187
835	1484
835	1490
835	1518
835	1519
835	1571
835	1580
835	1619
364	836
364	997
364	1348
364	1417
364	1432
364	1268
364	1433
364	1483
364	1581
364	507
364	1593
836	917
836	1108
836	1591
837	877
837	947
837	948
837	955
837	1196
837	1223
837	1247
837	1571
364	1225
364	1505
838	839
838	877
838	948
838	982
838	1087
838	1196
838	1223
838	1484
838	1571
838	1595
364	838
364	839
364	877
364	947
364	392
364	426
364	1571
534	820
534	838
534	839
534	850
534	877
534	567
534	1196
534	1223
534	1335
534	1347
534	1428
534	1571
839	844
839	866
839	877
839	1223
839	1460
364	1477
364	1061
364	1129
364	837
364	840
364	948
364	389
364	1194
840	947
840	1120
840	1268
840	1459
840	1571
840	1594
364	891
364	972
364	484
364	1408
841	1178
364	1418
364	904
364	1466
364	842
364	1274
364	1601
364	851
364	999
842	843
842	925
842	1466
842	1620
364	1335
843	850
843	851
843	859
843	904
843	925
843	962
843	999
843	1335
843	1428
843	1466
364	850
844	985
844	1220
844	1226
844	1227
844	1234
844	1278
844	1279
844	1462
845	940
845	942
845	943
845	1024
845	1329
845	1410
364	384
365	521
365	844
364	1484
364	1595
364	1033
364	423
364	385
364	1130
364	1458
364	1492
364	1444
846	1062
846	1166
846	1366
846	1367
846	1444
846	1514
846	1544
846	1617
364	1496
364	1586
364	1378
364	1501
847	1377
847	1495
847	1499
847	1524
847	1551
848	1061
849	994
849	1237
849	1238
849	1286
849	1312
364	680
364	844
364	1227
364	1371
364	827
364	1275
364	410
364	1422
364	1423
364	1547
364	868
850	851
850	877
850	925
850	1335
850	1347
850	1428
851	859
851	999
851	1335
851	1428
851	1466
852	853
852	1050
852	1566
852	1639
364	811
364	852
364	853
364	541
364	1532
364	1566
364	1639
853	889
853	1024
853	1049
853	1196
853	1566
853	1639
364	774
364	1136
364	698
364	858
364	1086
364	1101
364	1627
364	1060
364	515
389	855
389	398
389	977
389	1036
389	1146
389	1470
389	1571
855	865
855	907
855	1087
855	1274
855	1427
855	1502
855	1557
855	1626
855	1645
398	855
398	907
398	969
398	1036
398	728
398	1247
398	1274
398	1420
398	1553
364	792
364	1392
364	1106
364	1359
364	752
364	863
364	1424
364	854
364	374
364	377
364	594
364	959
364	1139
364	1380
364	1022
364	621
777	883
777	902
777	903
777	925
777	968
777	982
777	1048
777	1161
777	1171
777	1185
777	1467
777	1534
777	1548
364	1171
364	1198
364	1304
364	1327
364	1047
364	862
364	1535
395	807
395	901
395	906
395	423
395	943
395	639
395	1012
395	1171
395	437
395	1256
395	1261
395	483
395	775
364	558
364	879
364	1011
364	1137
364	1128
364	505
364	769
856	862
856	875
856	907
856	1274
856	1670
364	585
857	1046
607	880
607	1015
607	1070
607	730
607	1166
607	1176
607	1183
607	1434
607	690
364	857
364	1046
364	1076
364	1082
364	1100
364	1362
364	619
364	932
364	1554
858	1260
858	1302
858	1474
858	1478
858	1505
364	982
859	974
859	999
859	1428
859	1484
859	1548
859	1595
364	1024
364	693
364	1563
364	1611
364	936
364	1019
364	713
364	504
364	1435
364	511
364	743
364	1634
364	1016
760	814
760	830
760	848
760	997
760	1024
760	1425
760	1431
364	428
860	861
860	932
860	1627
861	1014
861	1023
861	1233
364	1354
364	1404
364	1161
862	870
862	1161
862	1318
862	1417
862	1612
364	1415
625	814
625	830
625	760
625	898
625	792
625	959
625	982
625	1161
625	1425
625	1431
625	1520
625	1548
364	886
364	1048
364	1126
364	1144
364	375
364	1560
364	747
364	669
364	1041
364	1267
364	950
364	435
863	1041
863	1267
863	1424
863	1503
547	980
547	1132
547	675
547	682
364	547
693	777
693	1028
693	1168
693	1173
693	1185
693	1293
693	1417
693	1424
693	1432
364	894
364	1455
364	1131
364	1018
864	934
864	981
864	1048
864	1504
864	1626
364	866
364	395
364	953
364	639
364	981
364	460
364	1584
865	907
865	1555
865	1557
865	1558
865	1559
364	1559
364	1169
364	1383
866	1133
866	1412
364	867
867	875
867	1295
867	1533
867	1573
867	1657
768	825
768	864
768	867
768	873
768	912
768	923
768	958
768	1040
768	770
768	1573
868	997
868	1072
868	1077
868	1136
868	1166
868	1315
868	1318
868	1357
868	1406
868	1450
869	870
869	874
869	1536
869	1563
869	1567
869	1611
869	1631
869	1633
870	884
870	1028
870	1087
870	1318
870	1409
870	1567
870	1612
870	1633
364	1582
364	1186
364	1613
364	1134
364	757
364	1605
364	1660
871	887
871	888
871	957
871	1202
871	1225
871	1247
871	1340
871	1425
364	912
364	1502
364	1555
364	889
364	1109
364	1178
364	1138
364	1078
364	1098
364	397
364	872
364	1421
872	875
872	1388
872	1420
872	1421
872	1442
872	1492
873	874
873	875
873	923
873	1182
873	1295
873	1563
873	1611
873	1633
873	1635
874	875
874	1001
874	1182
874	1274
874	1295
874	1563
874	1577
874	1635
874	1667
364	1556
364	1475
774	875
774	895
774	1136
774	1560
774	1635
774	1667
875	1176
875	1295
875	1360
875	1443
875	1492
875	1533
875	1563
875	1635
875	1657
875	1659
364	652
364	876
364	663
652	876
652	700
652	663
652	1135
652	1147
652	1284
652	1323
652	1346
652	1348
652	1437
652	1529
652	659
652	794
876	1093
876	1135
876	1147
876	1178
876	1284
876	1293
876	1323
876	1346
876	1348
876	1437
876	1529
364	888
364	468
364	954
364	403
364	554
364	871
877	947
877	948
877	1196
877	1335
877	1347
877	1571
498	818
498	819
498	535
498	934
498	1248
498	528
498	511
498	1646
878	913
878	966
878	972
878	974
878	1177
878	1430
878	1475
878	1559
364	1020
364	1168
364	1488
364	1054
364	462
879	949
879	963
879	990
879	1040
879	1415
879	1431
879	1556
879	1637
364	995
364	368
880	1001
880	1010
880	1073
880	1089
880	1116
880	1125
880	1138
880	1141
880	1487
880	1521
364	584
364	1641
364	1553
364	1094
367	702
367	1402
702	938
702	1402
702	1454
364	825
364	562
881	1058
881	1189
881	1267
881	1404
881	1452
881	1618
595	805
595	857
595	881
595	685
595	731
595	1465
595	1583
364	592
364	1079
364	1080
364	1439
882	1062
882	1367
882	1369
882	1590
364	1185
883	884
883	903
883	982
883	997
883	1131
883	1417
883	1432
364	998
884	1417
884	1567
884	1613
785	812
785	813
785	878
785	966
785	1028
785	1161
785	1318
785	1415
785	1618
785	1620
364	607
885	970
885	1251
885	1252
885	1262
885	1373
885	1386
364	957
364	415
364	394
364	977
364	1241
364	1253
364	1265
364	1288
364	685
364	635
364	603
364	1095
364	1599
364	848
364	1329
364	1414
364	1515
364	1197
364	1579
364	1600
364	627
364	1489
364	1196
364	712
364	943
364	1406
886	890
886	959
886	1156
886	1181
886	1187
886	1432
886	1464
886	1490
886	1519
886	1602
886	1623
516	886
516	1469
887	888
887	954
887	1329
888	956
888	1036
888	1038
888	1225
888	1257
888	1320
888	1329
364	485
503	858
503	1260
503	1302
503	1474
503	1478
503	1505
364	1083
364	1264
889	958
889	962
889	1176
889	1441
741	811
741	889
364	951
364	964
364	728
364	756
364	1200
364	1038
364	1320
364	1064
364	1346
364	1411
364	1552
371	801
371	495
371	864
371	921
371	576
371	981
371	531
371	769
371	511
890	959
890	1156
890	1181
890	1187
890	1439
890	1451
890	1464
890	1519
890	1584
890	1602
890	1613
890	1623
890	1629
590	805
590	807
590	861
590	921
590	642
590	999
590	713
590	1448
590	1489
590	1538
590	1540
590	1603
590	1613
590	699
364	593
364	1205
364	1491
364	525
364	1575
364	1631
891	892
891	893
891	967
891	975
891	1068
891	1194
891	1213
891	1232
891	1290
891	1420
891	1506
364	892
364	893
364	967
364	1213
364	1232
364	1290
364	1506
364	1222
364	658
364	1272
364	1303
364	1328
892	893
892	967
892	1068
892	1194
892	1213
892	1215
892	1232
892	1290
892	1506
364	548
364	402
364	780
364	1321
364	735
364	452
364	370
893	967
893	1068
893	1213
893	1232
893	1290
893	1506
364	1228
364	1375
364	1382
364	1384
364	729
364	1385
364	1389
364	1390
364	1510
364	1592
364	1594
364	601
364	1006
364	551
364	670
894	1427
894	1581
364	1469
364	1661
456	495
456	818
456	819
456	535
456	874
456	498
456	934
456	936
456	1185
456	1248
456	505
456	528
364	481
895	1140
895	1311
895	1492
895	1493
895	1497
895	1522
895	1523
895	1526
895	1614
895	1617
895	1632
895	1668
364	895
364	524
364	722
364	618
364	413
413	1006
413	1097
413	1141
413	1146
413	1450
364	700
364	1039
700	876
700	702
700	1348
700	1429
700	1446
700	1589
700	797
896	1067
896	1089
896	1125
896	1148
896	1175
896	1319
896	1326
896	1346
896	1392
896	1486
896	1487
896	1531
896	1599
896	1644
897	1067
897	1131
897	1133
897	1136
897	1195
897	1512
897	1596
663	876
663	879
663	1000
678	856
678	774
678	875
678	778
678	1560
678	1577
678	1635
678	1670
898	962
898	1052
898	1161
898	1179
898	1427
898	1520
898	1573
364	917
364	1108
364	1441
514	1419
514	1426
514	605
514	1568
514	772
514	1672
364	716
364	1333
364	420
364	1606
364	899
899	1209
899	1396
899	1459
899	1509
364	684
364	1656
364	1664
364	980
364	732
364	723
364	1672
497	801
497	867
497	516
497	735
497	538
497	1600
497	689
497	1657
497	1665
364	1527
900	1007
900	1168
900	1174
900	1177
900	1503
900	1636
900	1646
364	598
364	1500
364	737
737	1255
737	1454
737	1642
364	926
364	561
364	861
364	965
364	429
364	1381
548	735
548	756
548	770
364	600
364	390
735	1563
735	1633
364	1628
364	1454
364	369
364	1648
364	1669
369	768
369	663
369	370
369	1275
369	1278
369	1279
364	671
364	445
364	407
598	1278
598	1281
598	1545
598	708
640	756
640	926
640	776
640	1275
640	1279
640	1281
640	669
640	1500
640	1572
640	790
364	638
364	1140
364	1391
364	1291
364	1312
364	1313
364	1498
364	1436
901	1030
901	1262
901	1264
901	1273
581	816
581	843
581	851
581	859
581	678
581	901
581	904
581	1428
581	1466
581	1626
581	1670
364	1310
902	962
902	982
902	1048
902	1161
902	1417
902	1548
902	1553
902	1560
903	915
903	1044
903	1048
903	1061
903	1161
903	1202
364	882
792	871
792	898
792	903
792	1161
792	1424
792	1466
792	1520
792	1601
364	1293
904	1466
904	1500
904	1601
904	1620
364	1620
364	1146
364	530
905	918
905	1157
905	1371
905	1539
905	1584
906	915
906	919
906	920
906	1230
906	1248
906	1261
906	1651
364	1366
364	1517
364	1305
364	1637
364	1470
364	1503
364	1621
364	1671
364	596
364	1590
364	1558
907	1274
907	1430
907	1556
364	1612
364	643
364	1045
364	1351
908	911
908	937
908	945
364	1653
364	1655
364	1666
364	1344
364	1630
742	808
742	833
742	864
742	866
742	898
742	962
742	1065
742	778
742	1427
742	1475
742	1520
742	1573
742	1625
742	1645
742	791
909	1315
909	1417
364	372
364	609
364	1644
364	963
910	963
910	974
910	1430
910	1601
910	1671
911	925
911	937
911	1048
912	923
912	1411
912	1510
912	1552
912	1583
364	928
364	1402
364	1214
913	966
913	1206
913	1223
913	1430
588	881
588	1670
364	694
419	552
419	489
419	464
419	907
419	966
419	1000
419	1087
419	574
419	1344
419	1411
364	1398
364	1645
914	988
914	1051
914	1074
914	1164
914	1205
914	1540
914	1584
915	935
915	937
915	953
915	971
915	1048
915	1230
580	855
580	595
580	972
580	1044
580	1284
580	1323
580	1523
580	1557
580	1575
580	1622
580	1626
580	1634
580	1645
580	1652
580	589
916	977
916	1198
916	1253
916	1266
916	1314
364	916
917	1166
364	1166
364	1026
364	437
364	579
364	1058
364	914
918	920
918	976
918	1155
918	1370
918	1371
918	1537
918	1538
918	1539
918	1600
918	1643
756	926
756	1292
756	1309
756	1310
756	1314
756	1495
364	1369
364	1276
364	613
364	1658
364	626
364	1103
364	701
364	376
364	1119
364	994
364	778
364	634
919	934
919	1053
919	1515
920	976
920	1155
920	1352
920	1371
920	1413
920	1480
920	1513
920	1537
920	1538
920	1539
920	1541
920	1585
920	1643
364	1188
364	1521
364	546
732	829
732	870
732	884
732	1142
732	1186
732	1567
364	1479
609	864
609	1187
609	1584
609	1600
609	1621
609	744
525	825
525	609
525	1557
525	646
525	1622
525	570
525	746
585	742
585	936
585	642
585	597
585	987
585	1089
585	586
585	1361
585	713
585	1407
585	1462
585	1475
585	1495
585	1520
585	1609
585	1625
364	1096
364	1173
562	802
562	804
562	825
562	864
562	881
562	585
562	936
562	938
562	1000
562	1458
562	1618
364	1663
364	900
364	1190
364	424
921	934
921	999
921	1044
921	1092
921	1188
922	984
922	1174
922	1192
922	1339
364	829
364	398
364	983
923	1027
923	1120
923	1145
923	1268
923	1433
923	1459
923	1483
923	1510
923	1573
923	1581
923	1593
364	523
924	1301
924	1349
924	1492
924	1659
364	400
364	1199
575	905
575	918
575	1349
575	1371
575	1539
575	1628
386	905
386	914
386	575
386	988
386	1074
386	1540
386	1584
386	1628
364	575
364	386
364	683
364	1163
364	531
364	1530
364	984
754	824
754	1651
364	976
364	1562
364	645
764	801
764	817
764	1108
764	1514
764	772
764	1633
764	1646
364	677
364	1055
364	1116
364	1172
452	1209
452	1240
364	1031
364	733
364	1387
364	1629
694	1439
925	1179
925	1490
364	1219
364	1649
364	1209
926	960
926	1279
926	1281
926	1292
926	1314
926	1500
926	1545
671	927
671	1149
671	1154
671	1559
671	1649
927	1032
927	1097
927	1287
927	1345
927	1352
927	1514
364	1474
364	660
364	1032
364	1158
928	1106
928	1579
928	1613
928	1629
928	1672
364	1167
364	473
364	1318
364	650
364	568
364	1195
364	730
929	1052
929	1349
929	1535
929	1670
364	929
364	1323
364	738
930	990
930	1013
930	1638
364	1072
364	1567
364	931
364	1258
364	1325
931	950
931	1571
932	957
932	967
932	1040
932	1047
932	1197
932	1222
932	1272
932	1303
932	1304
932	1325
932	1328
932	1340
932	1479
932	1545
932	1554
932	1568
364	946
364	1468
933	1236
933	1278
933	1486
933	1498
933	1545
364	1340
476	827
476	878
476	758
476	1214
476	1475
476	1583
476	499
934	1356
934	1515
935	937
935	963
935	974
935	1196
935	1430
936	997
936	1012
936	1358
937	945
937	1503
937	1565
937	1605
937	1621
937	1669
567	878
567	587
567	974
567	677
567	1107
567	615
567	769
567	1414
567	1443
567	646
587	817
587	865
587	769
587	1414
587	1443
364	784
938	1603
938	1632
939	941
939	960
939	983
939	1040
939	1047
939	1194
939	1320
939	1506
364	449
364	1262
364	1309
364	1017
364	399
364	1235
364	1339
364	1460
364	628
364	1261
364	1401
364	1462
364	1493
364	703
364	644
940	941
940	943
940	1026
940	1217
940	1329
940	1364
940	1478
940	1505
940	1518
364	1165
364	1220
364	1585
364	1042
941	960
941	983
941	1518
942	943
942	1024
942	1320
942	1410
942	1465
942	1505
942	1518
364	1107
364	1541
364	1561
423	805
423	807
423	901
423	906
423	943
423	437
423	1256
423	1261
423	1339
423	483
423	775
423	793
943	967
943	1029
943	1225
943	1239
943	1320
943	1518
944	1023
944	1187
944	1484
944	1490
944	1580
944	1619
945	1172
945	1179
945	1574
945	1578
945	1621
945	1660
945	1671
364	1105
364	1504
946	1025
946	1247
946	1289
946	1309
946	1386
946	1468
946	1568
947	948
947	959
947	977
947	1036
947	1056
947	1196
947	1206
947	1223
947	1248
947	1253
947	1340
947	1571
948	959
948	1571
949	963
949	1038
949	1040
949	1211
949	1431
949	1469
949	1637
950	951
950	959
950	1038
950	1200
950	1253
950	1340
950	1468
950	1571
951	988
951	1041
951	1084
951	1114
951	1326
951	1471
364	956
952	966
952	1240
952	1336
952	1632
449	809
449	952
449	956
449	966
449	1041
449	650
449	770
449	1240
449	1276
449	1309
449	572
953	956
953	1048
953	1329
953	1394
953	1457
953	1479
468	888
468	950
468	951
468	953
468	1038
468	1325
468	1329
468	1340
468	1479
954	957
954	1325
954	1340
954	1553
392	947
392	975
392	1039
392	1171
392	1198
392	1206
392	1223
392	430
392	1241
392	426
392	1298
392	1304
392	1327
392	1340
392	1390
392	1571
392	594
955	1167
955	1201
955	1204
955	1215
955	1236
955	1242
955	1244
955	1245
955	1249
955	1257
955	1283
955	1287
955	1293
955	1472
955	1473
955	1599
765	835
765	1036
765	1269
765	1490
765	1518
956	957
956	1041
956	1325
956	1340
956	1394
956	1457
957	959
957	1325
957	1340
957	1479
957	1554
957	1568
958	1176
958	1415
364	971
959	1014
959	1023
959	1156
959	1181
959	1187
959	1464
959	1518
959	1519
959	1602
959	1623
364	1023
364	1519
639	888
639	1061
639	1193
639	1257
639	1267
639	1329
639	1467
639	1550
415	947
415	965
415	969
415	466
415	1132
415	1241
415	1245
415	1248
415	1253
415	1265
415	1288
415	1457
415	1561
415	708
394	415
394	965
394	969
394	1132
394	1241
394	1245
394	1248
394	1253
394	1265
394	1288
394	1457
364	1184
530	816
530	595
530	1000
530	1199
403	805
403	807
403	625
403	590
403	898
403	792
403	560
403	1032
403	1161
403	1167
403	1196
403	656
403	713
403	1470
403	1489
403	1520
403	554
364	1191
758	898
758	1046
758	1052
758	1133
758	1322
758	1520
960	1279
960	1447
960	1572
661	987
661	1037
661	1039
661	1078
661	1125
661	1137
661	1192
661	1317
364	557
364	664
364	1636
370	872
370	663
370	452
370	927
370	929
370	1008
370	1050
370	1086
370	519
370	1323
370	1566
370	584
961	1396
961	1498
961	1620
961	1661
485	654
485	574
485	1420
485	1646
485	696
962	1179
962	1427
962	1428
962	1484
962	1502
962	1520
962	1573
962	1595
963	964
963	974
963	1040
963	1425
963	1469
963	1548
963	1637
964	977
964	1262
964	1425
964	1469
964	1479
364	961
364	1030
364	517
364	686
685	1120
685	1232
685	1465
685	1469
685	1476
965	969
965	1173
965	1187
965	1246
965	1247
965	1252
965	1258
965	1266
965	1273
965	1280
965	1281
965	1545
393	916
393	440
393	1033
393	412
393	1035
393	482
393	780
393	1231
393	1249
393	1255
393	724
393	1283
393	1296
364	1252
364	1373
364	1386
966	1204
966	1206
966	1430
966	1626
966	1632
364	1217
364	414
967	1040
967	1047
967	1068
967	1197
967	1198
967	1213
967	1222
967	1232
967	1266
967	1272
967	1290
967	1303
967	1304
967	1328
967	1506
568	737
568	1045
568	1090
568	1098
568	1127
568	1186
568	1188
568	1192
568	1230
568	1454
568	1564
968	979
968	1019
968	1045
968	1048
968	1101
968	1479
968	1481
968	1583
364	1063
364	1218
364	1247
364	1104
364	1299
364	1618
969	1132
969	1196
969	1199
969	1206
969	1241
969	1248
969	1253
969	1265
969	1274
969	1288
969	1457
364	1226
364	1596
364	1610
364	924
364	1659
701	872
701	1131
701	1397
701	1437
364	1442
364	1097
364	1112
970	1264
970	1401
364	1497
364	1216
364	1525
364	786
364	1260
971	1043
971	1061
971	1198
971	1215
971	1327
972	974
972	1284
972	1502
972	1559
972	1575
972	1630
972	1671
364	958
364	396
364	1314
973	984
973	1013
973	1586
974	1425
974	1601
364	1147
755	946
755	955
755	1167
755	786
755	1249
755	1257
755	1287
755	1289
755	1293
755	1472
755	1473
755	1599
364	869
364	487
975	1171
975	1198
975	1298
975	1304
975	1327
364	1609
976	1337
976	1371
976	1399
976	1537
976	1539
976	1541
976	1544
976	1585
976	1631
976	1668
364	1495
417	837
417	955
417	975
417	436
417	1201
417	1204
417	1215
417	1222
417	1236
417	1242
417	1244
417	1245
417	1249
417	1283
417	602
417	1460
417	1472
417	1473
364	1256
977	1198
977	1253
977	1266
977	1314
977	1425
977	1468
977	1469
364	1580
364	1619
364	1434
364	522
560	812
560	859
560	625
560	898
560	792
560	691
560	1161
560	1490
560	1520
560	1618
364	1537
364	1657
364	905
364	432
364	1446
576	815
576	870
576	764
576	1126
576	1443
576	1555
593	804
593	868
593	909
593	732
593	642
593	1115
593	1142
593	1352
593	713
364	1115
364	486
364	1074
364	1294
364	1447
364	1647
364	1287
364	1522
364	927
364	720
364	1254
364	472
364	438
364	1117
364	1300
364	1331
364	1531
364	1633
642	832
642	833
642	785
642	894
642	898
642	742
642	909
642	707
642	1193
642	713
642	1427
642	1540
642	1603
642	666
364	1295
364	1183
364	455
364	762
364	1081
364	1028
364	586
364	1570
364	1125
364	1482
364	1379
364	1569
364	1578
364	1614
364	744
373	761
978	1052
978	1064
978	1072
978	1092
978	1101
978	1131
978	1175
978	1180
978	1205
978	1207
978	1412
978	1451
364	731
979	980
979	1010
979	1019
979	1070
979	1071
979	1081
979	1101
979	1111
979	1113
979	1123
979	1170
979	1380
979	1450
979	1481
979	1482
980	1052
980	1412
980	1481
364	986
364	1029
364	1002
981	1044
981	1176
981	1359
981	1415
364	1587
364	1638
364	573
364	988
364	887
982	997
982	1048
982	1161
982	1417
982	1425
982	1484
982	1548
982	1595
364	1066
364	1113
364	1508
364	1037
983	1040
451	1218
451	1219
451	1244
451	1245
451	1255
451	1314
364	1405
364	1516
364	1349
374	897
374	987
374	1101
374	788
374	1133
364	1388
402	640
402	720
402	1253
402	724
402	664
364	1277
364	970
364	382
364	1004
364	453
364	1643
364	1332
364	779
364	582
364	875
364	749
440	916
440	947
440	1030
440	482
440	1216
440	780
440	1257
364	440
364	1034
364	1494
364	1350
364	1394
691	813
691	814
691	859
691	898
691	792
691	712
691	1484
691	1556
984	993
984	1373
364	537
364	475
364	1487
364	1357
364	1358
364	673
364	1306
475	1333
475	1341
475	1388
475	1498
985	986
985	1229
985	1234
985	1246
985	1382
985	1462
597	828
597	849
597	994
597	996
597	1069
597	1221
597	1237
597	1238
597	773
597	1286
597	784
597	1312
597	1339
597	1399
597	1413
597	1416
597	1576
364	1376
364	1448
364	773
986	991
986	1234
986	1246
986	1306
987	1067
987	1078
987	1095
987	1164
987	1170
987	1190
987	1322
987	1338
987	1380
364	985
450	992
450	1375
364	1077
988	1070
988	1074
988	1077
988	1098
988	1112
988	1129
988	1345
988	1540
364	1010
364	1221
364	565
364	1301
677	870
677	884
677	732
677	929
677	701
677	1112
677	788
677	1567
364	725
364	1075
989	1077
989	1083
989	1084
989	1094
989	1108
989	1114
989	1122
989	1134
364	1393
364	1025
364	1499
990	1142
990	1203
990	1243
990	1289
990	1630
991	1025
991	1242
992	1142
992	1419
992	1661
364	1437
364	993
364	1507
993	1497
993	1507
993	1666
994	1108
994	1200
994	1237
994	1238
994	1286
994	1312
364	1229
995	1012
995	1069
995	1520
995	1551
364	1598
364	1363
996	1053
996	1069
996	1221
996	1399
996	1413
996	1416
996	1539
996	1576
364	1065
364	532
364	1057
364	1009
460	883
460	897
460	903
460	997
460	1012
460	1061
460	1082
460	1090
460	1106
460	1123
460	1136
460	1137
460	650
460	1175
460	1202
460	1317
460	1482
460	619
460	1647
364	1071
364	1141
364	695
364	1180
364	1481
364	989
364	622
364	1099
364	1451
364	1453
364	1315
997	1012
997	1099
997	1122
997	1358
364	880
364	1122
364	1123
364	1164
364	630
364	510
364	629
364	1486
998	1338
998	1574
364	1001
364	1124
364	1476
364	1445
364	1070
364	776
364	1589
364	559
364	378
364	692
364	1121
364	1604
364	1652
364	1007
364	1093
579	595
579	590
579	921
579	999
579	1058
579	596
579	715
579	627
999	1044
999	1428
1000	1002
1000	1018
1000	1087
1000	1188
1000	1458
364	1326
1001	1018
1001	1065
1001	1067
1001	1091
1001	1352
1001	1357
1001	1450
1001	1465
1001	1604
364	1341
364	787
1002	1028
1002	1098
1002	1099
1002	1117
1002	1400
1003	1015
1003	1123
1003	1135
1003	1138
1003	1436
1003	1535
364	1056
364	1089
364	1118
364	1181
376	547
376	980
376	997
376	1002
376	1039
376	1080
376	1096
376	1404
376	1412
660	817
660	914
660	1046
660	1057
660	1060
660	1078
660	1118
660	1157
660	1225
660	1437
364	1529
1004	1040
1004	1148
1004	1531
1004	1650
364	446
603	896
603	1028
603	1037
603	1039
603	1089
603	1129
603	1170
603	1317
603	1332
603	1346
603	1487
603	1599
486	868
486	1008
486	1017
486	1078
486	1103
486	1110
486	1192
486	1318
486	1392
486	1437
486	629
486	584
364	1135
364	1073
716	1012
716	1142
716	1166
716	1333
716	1338
716	1341
716	779
716	1376
716	1448
716	1487
716	1508
716	1521
716	1589
716	1606
1005	1084
1005	1109
1005	1153
1005	1176
1005	1319
1005	1449
364	1005
364	1111
1006	1012
1006	1075
1006	1129
1006	1131
1006	1166
1006	1324
1006	1387
1006	1414
1006	1642
364	1085
364	1429
364	1092
364	1564
1007	1092
1007	1098
1007	1172
1007	1477
1007	1624
1007	1636
1007	1646
1007	1648
1007	1660
364	1008
364	1443
1008	1081
1008	1084
1008	1105
1008	1330
1009	1065
1009	1128
1009	1160
1009	1192
1009	1323
1009	1392
1009	1449
1009	1451
634	1031
634	1076
634	1175
634	1359
364	1403
1010	1070
1010	1073
1010	1104
1010	1122
1010	1141
1010	1170
1010	1324
1010	1330
1010	1406
1010	1452
364	1588
364	1607
364	1160
1011	1014
1011	1023
1011	1192
1011	1550
364	1050
1012	1117
1012	1122
1013	1021
1013	1306
1013	1507
1013	1509
1013	1549
1013	1586
601	716
601	1075
601	1114
601	1333
601	1345
601	1354
601	1606
601	1650
1014	1023
1014	1518
1014	1519
1014	1550
1015	1071
1015	1129
1015	1148
1015	1301
1015	1397
1015	1458
1015	1530
1015	1575
1016	1491
1016	1561
1016	1627
1017	1072
1017	1076
1017	1172
1017	1357
1017	1398
1017	1565
1017	1589
1017	1645
1018	1032
1018	1107
1018	1175
1018	1330
1018	1589
364	1457
364	1654
364	1278
364	1465
1019	1102
1019	1103
1019	1346
1019	1414
364	1234
364	1343
364	1246
1020	1021
1020	1028
1020	1046
1020	1070
1020	1094
1020	1119
1020	1137
1020	1379
1020	1482
1020	1530
1020	1615
1021	1227
1021	1235
1021	1258
1021	1263
1021	1386
1021	1462
1022	1494
1022	1549
1022	1641
364	1187
364	1464
364	1623
542	1022
542	621
542	1235
542	1494
621	1022
621	1211
621	1238
621	1262
621	1494
1023	1518
1023	1519
1023	1550
1024	1516
1024	1518
1024	1519
1024	1663
1025	1229
1025	1234
1025	1309
1025	1386
1026	1217
1026	1237
1026	1282
1026	1384
1027	1268
1027	1433
1027	1440
1027	1483
1027	1555
1027	1591
1027	1593
364	416
416	1021
416	1220
416	1234
416	1235
416	1258
416	1263
416	1386
416	1462
400	612
400	742
400	943
400	639
400	965
400	408
400	445
400	1220
400	437
400	439
400	438
400	1263
400	1265
400	1266
1028	1142
1028	1145
1028	1150
1028	1153
1028	1346
1028	1352
1028	1482
1028	1487
1028	1521
1028	1546
1028	1606
1028	1618
1028	1620
364	1211
364	1049
364	412
364	1542
1029	1033
1029	1159
1029	1209
1029	1242
1029	1276
1029	1277
1029	1282
1029	1283
1029	1296
1029	1309
1029	1310
1029	1320
1029	1321
1029	1343
1029	1344
1030	1035
1030	1216
1030	1305
364	1296
364	1485
364	1263
1031	1039
1031	1078
1031	1121
1031	1122
1031	1134
1031	1160
1031	1357
1031	1379
1032	1102
1032	1122
1032	1125
1032	1313
1032	1322
1032	1345
1032	1400
1032	1408
1032	1469
1032	1650
1033	1159
1033	1209
1033	1242
1033	1264
1033	1276
1033	1277
1033	1282
1033	1283
1033	1296
1033	1309
1033	1310
1033	1321
412	943
412	440
412	1029
412	1030
412	1033
412	1035
412	1230
412	437
412	1264
412	1296
412	1298
412	1301
412	1320
412	447
412	1495
1034	1316
1034	1341
1035	1156
1035	1263
1035	1271
1035	1296
1035	1301
1035	1305
1035	1370
399	965
399	1021
399	416
399	1159
399	1217
399	1219
399	1222
399	1235
399	437
399	1250
399	1258
399	1261
399	1263
399	1361
399	1460
399	1462
399	1499
399	474
364	479
1036	1146
1036	1202
1036	1225
1036	1247
1036	1340
364	599
454	552
454	676
454	879
454	881
454	758
454	1052
454	1189
454	1267
454	1322
454	1402
454	1415
454	1524
454	772
454	1618
454	637
364	1102
364	1110
364	1322
364	1353
1037	1072
1037	1097
1037	1099
1037	1125
1037	1131
1037	1153
1037	1158
1037	1482
1037	1485
1038	1225
1038	1269
1038	1308
1038	1320
1039	1096
1039	1137
1039	1160
1039	1195
1039	1241
1039	1598
592	745
592	896
592	701
592	988
592	1067
592	1122
592	1126
592	1192
592	1453
592	759
1040	1047
1040	1197
1040	1222
1040	1239
1040	1272
1040	1303
1040	1304
1040	1320
1040	1328
1040	1425
1040	1457
1041	1042
1041	1126
1041	1167
1041	1206
1041	1267
1041	1457
1041	1507
1041	1568
1042	1056
1042	1267
1042	1316
1042	1451
1043	1198
1043	1215
1043	1250
1043	1327
1044	1177
1044	1178
1044	1285
1044	1344
1044	1359
1045	1101
1045	1125
1045	1137
1045	1166
1045	1175
1045	1192
1045	1323
1045	1392
1045	1396
1045	1535
1046	1052
1046	1074
1046	1077
1046	1135
1046	1153
1046	1170
1046	1352
1046	1380
364	1282
364	755
364	1239
364	1478
364	1334
1047	1197
1047	1222
1047	1272
1047	1303
1047	1304
1047	1308
1047	1328
364	1396
364	717
364	1449
1048	1061
1048	1161
1048	1185
1048	1451
364	1397
1049	1050
1049	1566
1049	1639
1049	1643
1050	1422
1050	1566
1050	1609
1050	1639
1051	1157
1051	1159
1051	1210
364	1151
1052	1322
1052	1412
1052	1520
364	697
364	1416
364	761
1053	1054
1054	1516
1055	1192
1055	1627
364	1574
364	1668
364	1319
381	1008
381	1148
381	1150
381	1175
381	1348
381	1393
381	1406
381	628
381	1437
381	479
381	1541
787	1008
787	1086
787	1313
787	1477
1056	1076
1056	1118
1056	1270
1056	1339
1056	1451
364	470
364	873
481	880
481	716
481	1012
481	1074
481	1156
481	1561
364	1650
1057	1099
1057	1112
1057	1115
1057	1355
364	1175
364	1372
364	1536
1058	1071
1058	1080
1058	1094
1058	1127
1058	1317
1058	1359
1058	1618
1059	1256
1059	1339
1059	1464
1059	1470
1059	1519
1060	1134
1060	1146
1060	1392
1060	1406
1061	1090
1061	1202
1061	1225
1062	1063
1062	1367
1062	1369
1062	1411
1062	1552
1062	1590
1063	1369
1063	1590
1064	1066
1064	1086
1064	1089
1064	1098
1064	1100
1064	1106
1064	1170
1064	1207
1064	1358
1064	1489
1064	1529
1065	1066
1065	1071
1065	1077
1065	1086
1065	1089
1065	1090
1065	1098
1065	1150
1065	1193
1065	1451
1065	1491
1065	1560
364	1148
1066	1075
1066	1078
1066	1085
1066	1491
1066	1627
364	1311
364	1317
1067	1085
1067	1129
1067	1136
1067	1175
1067	1188
1067	1315
1067	1358
1067	1376
1067	1429
1067	1482
1067	1487
1067	1508
1067	1588
1067	1599
364	1576
364	751
364	667
1068	1213
1068	1215
1068	1290
364	881
1069	1221
1069	1399
1069	1413
1069	1416
1069	1576
1070	1071
1070	1115
1070	1380
1070	1416
466	1245
466	522
466	669
466	1472
466	1473
466	796
1071	1141
1071	1317
1071	1338
1071	1345
1071	1404
471	987
471	1034
471	788
471	1127
471	1137
471	1146
471	473
471	1357
471	1360
471	1363
471	664
471	1441
471	1514
471	1583
364	1338
1072	1073
1072	1086
1072	1101
1072	1104
1072	1182
1072	1359
1072	1441
1072	1521
1073	1105
1073	1108
1073	1114
1073	1141
1073	1341
1073	1346
1073	1352
1073	1372
1073	1487
1073	1588
1074	1082
1074	1085
1074	1109
1074	1127
1074	1376
1074	1540
1075	1099
1075	1100
1075	1102
1075	1103
1075	1127
1075	1188
1075	1446
1076	1127
1076	1150
1076	1546
379	1058
379	1076
379	526
1077	1129
1077	1135
1077	1158
1077	1330
1077	1406
1077	1487
1078	1088
1078	1092
1078	1125
1078	1126
1078	1138
1078	1172
1078	1191
1078	1338
1078	1437
1078	1449
1078	1491
1078	1604
1079	1080
1079	1122
1079	1190
1079	1437
1079	1508
1080	1094
1080	1166
1080	1190
1080	1437
1081	1111
1081	1127
1081	1139
1081	1186
1081	1338
1081	1379
1082	1098
1082	1108
1082	1376
1082	1477
1083	1101
1083	1139
364	1084
364	1345
1084	1096
1084	1105
1084	1108
1084	1176
1084	1379
364	1374
1085	1112
1085	1115
1085	1176
1085	1429
1085	1447
1085	1521
1085	1646
364	1324
1086	1095
1086	1098
1086	1100
1086	1101
1086	1112
1086	1122
1086	1358
1086	1454
1086	1481
1087	1094
1087	1210
1087	1348
1087	1502
1087	1530
1088	1434
1088	1435
1088	1452
1088	1530
1088	1575
1088	1604
364	1316
692	700
692	1075
692	1148
692	1453
692	1454
692	1604
692	1670
1089	1125
1089	1447
1089	1644
1090	1091
1090	1104
1090	1111
1090	1128
1090	1137
1090	1564
1091	1094
1091	1108
1091	1338
1091	1352
1091	1413
1091	1513
385	828
385	849
385	597
385	994
385	408
385	424
385	1237
385	1238
385	773
385	1286
385	784
385	1312
1092	1168
1093	1104
1093	1175
1093	1284
1093	1294
1093	1546
1093	1604
1094	1099
1094	1109
1094	1166
1094	1185
1094	1190
1094	1338
1095	1101
1095	1158
1095	1244
1095	1314
1095	1380
1095	1453
532	1020
532	1045
532	1046
532	1070
532	1077
532	1079
532	1080
532	1088
532	1105
532	1106
532	1112
532	1116
532	1352
532	1437
532	1588
532	740
1096	1160
1096	1326
1096	1355
1096	1598
1097	1099
1097	1136
1097	1160
1097	1170
1097	1414
1097	1491
1097	1529
1097	1670
1098	1099
1098	1100
1098	1317
1098	1362
1098	1437
1098	1441
1099	1100
1099	1163
1099	1164
1099	1453
364	441
712	880
712	912
712	923
712	1084
712	1225
712	1510
712	1521
380	592
1100	1111
1100	1112
1100	1118
1100	1129
1100	1137
1100	1153
1100	1188
1100	1363
1100	1547
1101	1122
1101	1332
1101	1358
1101	1481
1102	1103
1102	1110
1102	1158
1102	1315
1102	1488
1103	1110
1103	1315
1103	1348
1103	1488
1104	1186
1104	1299
1104	1517
462	567
462	587
462	1017
462	1028
462	1172
462	1175
462	1398
462	1645
462	643
1105	1111
1105	1116
1105	1125
1105	1374
1105	1392
1105	1588
1106	1441
1106	1579
1106	1613
1106	1629
1106	1672
1107	1127
1107	1135
1107	1138
1107	1158
1107	1170
1107	1175
1107	1414
1108	1254
1108	1363
1108	1435
1108	1436
1108	1508
683	968
683	1006
683	1017
683	1037
683	1056
683	1067
683	1107
683	1129
683	1131
683	1317
683	1482
1109	1134
1109	1565
1110	1488
1111	1116
1111	1121
1111	1148
1111	1357
1111	1365
1111	1541
1111	1588
1112	1175
1112	1332
1112	1480
1113	1149
1113	1322
1113	1324
1113	1387
1113	1482
1113	1649
364	1176
1114	1115
1114	1186
1115	1122
1115	1144
1115	1163
1115	1176
1115	1182
1115	1322
1115	1324
1115	1355
1115	1359
1115	1383
1115	1387
1115	1398
1115	1406
1115	1569
1115	1570
1116	1150
1116	1330
1116	1379
1116	1596
1116	1598
1116	1610
1117	1127
1117	1128
1117	1139
1117	1167
1117	1568
1118	1146
1118	1150
1118	1359
1118	1451
1119	1336
1119	1555
364	724
1120	1145
1120	1228
1120	1375
1120	1382
1120	1384
1120	1385
1120	1389
1120	1390
1120	1395
1120	1438
1120	1471
1120	1476
1120	1510
1120	1511
1120	1512
1120	1582
1120	1591
1120	1592
1120	1594
1120	1642
1121	1164
1121	1174
1121	1380
1121	1445
1121	1587
1122	1151
1122	1166
1122	1176
1122	1650
788	987
788	1028
788	1050
788	1060
788	1067
788	1082
788	1105
788	1116
788	1117
788	1341
788	1530
788	1564
1123	1464
1123	1475
364	1342
1124	1373
1124	1382
1124	1562
1124	1607
1124	1617
1125	1158
1125	1315
1125	1400
1126	1449
1126	1450
1127	1451
731	897
731	1117
731	1136
731	1359
1128	1158
1128	1192
1128	1451
1129	1131
1129	1186
1129	1315
1129	1374
1129	1379
1129	1458
1129	1508
1129	1564
1129	1588
1130	1348
1130	1452
1130	1458
1130	1482
1130	1606
1131	1412
1131	1434
1131	1437
1132	1241
1132	1248
1132	1253
1132	1265
1132	1288
1132	1457
730	998
730	1005
730	1057
730	1083
730	1089
730	1121
730	1139
730	1180
730	1324
730	1338
730	1387
730	1406
730	1451
1133	1412
1134	1162
1134	1454
1134	1646
364	721
1137	1192
1137	1332
1137	1363
1138	1436
364	1667
1139	1259
455	987
455	988
455	1001
455	1009
455	1012
455	601
455	1043
455	1066
455	1095
455	1099
455	730
455	1160
455	1172
455	1322
455	1437
455	1449
455	1491
455	1588
364	1271
1140	1142
1140	1250
1140	1277
1140	1311
1140	1523
1140	1632
1141	1142
1141	1145
1141	1147
1141	1229
1141	1338
1141	1508
1141	1546
1141	1606
1141	1661
1142	1144
1142	1145
1142	1166
1142	1243
1142	1333
1142	1477
1142	1606
1142	1608
1142	1630
1142	1661
1143	1144
1143	1145
1143	1169
1143	1267
1143	1326
1143	1345
1143	1350
1143	1351
1143	1397
1143	1498
1143	1608
1143	1636
1143	1661
1144	1145
1144	1169
1144	1182
1144	1355
1144	1521
1144	1608
1144	1636
1144	1661
1144	1667
1145	1147
1145	1169
1145	1191
1145	1229
1145	1243
1145	1363
1145	1479
1145	1546
1145	1606
1145	1608
1145	1624
1145	1629
1145	1636
1145	1661
1146	1153
1146	1451
1146	1482
1146	1526
1147	1315
1148	1166
1148	1346
1148	1365
1148	1541
1148	1544
364	1280
364	1546
364	1152
1149	1150
1149	1152
1149	1154
1149	1447
1149	1649
1150	1152
1150	1359
1150	1649
1151	1153
1151	1183
1151	1267
364	1238
1152	1272
1152	1649
1153	1155
1153	1212
1153	1229
1153	1526
1153	1544
1153	1597
382	829
382	905
382	914
382	918
382	386
382	1149
382	1152
382	1164
382	1205
382	1286
382	472
382	1334
382	1537
382	1649
1154	1450
1154	1649
1155	1212
1155	1540
364	849
364	408
1156	1181
1156	1187
1156	1271
1156	1464
1156	1519
1156	1542
1156	1585
1156	1602
1156	1623
650	897
650	1058
650	1136
650	1372
650	1486
650	1487
650	1596
1157	1162
1157	1441
1158	1162
1158	1372
1158	1448
1158	1598
1159	1209
1159	1242
1159	1264
1159	1276
1159	1277
1159	1282
1159	1283
1159	1288
1159	1296
1159	1309
1159	1310
1159	1321
1160	1449
1160	1598
364	1177
1161	1318
1161	1417
1161	1520
1161	1553
1162	1192
1162	1429
364	1355
1163	1164
1163	1180
1164	1180
1164	1380
1165	1383
1165	1398
1165	1480
1165	1580
1165	1605
1165	1619
1165	1621
1165	1631
1166	1376
1166	1406
1167	1249
1167	1257
1167	1287
1167	1293
1167	1472
1167	1473
1167	1575
1167	1599
1168	1170
1168	1186
1168	1417
1168	1547
1169	1334
1169	1608
1169	1636
1169	1653
1169	1655
1169	1656
1169	1661
1169	1666
1170	1175
1170	1186
1170	1205
1170	1358
1170	1414
1171	1198
1171	1298
1171	1304
1171	1327
383	838
383	839
383	877
1172	1192
1172	1398
1172	1491
1172	1605
1172	1621
1172	1645
1172	1660
436	955
436	1173
436	1201
436	1204
436	1215
436	1236
436	1242
436	1244
436	1245
436	1249
436	1264
436	1283
436	602
436	1472
436	1473
1173	1184
1173	1201
1173	1246
1173	1247
1173	1252
1173	1258
1173	1273
1173	1280
1173	1281
1173	1293
1173	1545
1173	1638
1174	1177
1174	1178
1174	1324
1174	1476
1174	1523
1174	1623
366	879
366	785
366	454
366	504
366	1415
366	1439
366	1524
366	637
366	782
1175	1180
1175	1186
1175	1508
1175	1599
1176	1332
1176	1407
1176	1477
1176	1648
1177	1182
1177	1344
1177	1557
1177	1631
1177	1636
1177	1667
1178	1293
1178	1344
1178	1623
1179	1520
1179	1573
1179	1579
1180	1316
1180	1326
1180	1341
1180	1448
1180	1532
364	1182
1181	1187
1181	1464
1181	1519
1181	1602
1181	1623
1182	1355
1182	1542
1182	1635
1182	1667
1183	1267
1184	1507
1184	1638
1185	1417
1185	1432
1185	1548
1187	1464
1187	1519
1187	1602
1187	1609
1187	1623
364	1207
707	832
707	833
707	898
707	742
707	962
707	1051
707	1210
707	778
707	1427
707	1439
707	1520
707	1538
707	1573
707	1645
1188	1379
1189	1192
1189	1253
1189	1267
1189	1285
1189	1305
1189	1378
1189	1443
1189	1492
1189	1618
364	567
1190	1414
1190	1435
1190	1437
1190	1445
1190	1604
1191	1238
1191	1491
1192	1285
1192	1330
1192	1363
1192	1374
1192	1392
1192	1606
1193	1467
1193	1516
1194	1213
1194	1420
670	1064
670	1086
670	1100
670	1101
670	1121
670	1125
670	1589
1195	1286
1195	1400
1195	1521
1195	1589
1196	1202
1196	1209
1196	1225
1196	1274
1196	1515
1196	1571
1197	1222
1197	1272
1197	1281
1197	1299
1197	1303
1197	1304
1197	1328
638	899
638	950
638	1071
390	416
390	638
390	1209
390	743
390	748
387	408
387	1377
408	828
408	849
408	970
408	597
408	994
408	424
408	1237
408	1238
408	1244
408	1245
408	773
408	1286
408	784
408	1312
1198	1222
1198	1253
1198	1266
1198	1269
1198	1298
1198	1304
1198	1314
1198	1327
445	612
445	860
445	971
445	1043
445	1196
445	1198
445	557
445	1215
445	1226
445	1240
445	1250
445	724
445	1269
445	1327
445	624
1199	1204
1199	1206
1199	1272
1199	1273
1199	1468
1199	1630
1199	1632
388	394
388	1245
364	1224
364	1273
1200	1220
1200	1224
1200	1234
493	521
493	844
493	933
493	1120
493	1226
493	1228
493	733
493	1375
493	1382
493	1384
493	729
493	1385
493	1389
493	1390
493	1395
493	1426
493	1438
493	1496
493	1510
493	1511
493	1512
493	1582
493	1591
493	1592
493	1594
493	1642
1201	1204
1201	1215
1201	1234
1201	1236
1201	1242
1201	1244
1201	1245
1201	1249
1201	1283
1201	1472
1201	1473
1202	1225
1202	1247
1202	1340
1202	1571
1203	1211
1203	1217
1203	1243
1203	1263
1203	1289
1203	1297
1203	1512
1203	1515
1204	1215
1204	1236
1204	1242
1204	1244
1204	1245
1204	1249
1204	1262
1204	1272
1204	1273
1204	1283
1204	1472
1204	1473
1205	1458
1205	1513
1205	1529
364	401
401	965
401	1199
401	1204
401	1240
401	1269
401	1272
401	1273
401	1632
401	641
1206	1248
1206	1259
421	826
421	1061
421	1195
421	1207
421	434
364	1208
1207	1208
1207	1264
1207	1668
1208	1264
1209	1233
1209	1242
1209	1276
1209	1277
1209	1282
1209	1283
1209	1296
1209	1309
1209	1310
1209	1321
557	1196
557	1209
557	749
557	1250
557	684
557	1344
557	1382
557	664
557	1499
557	1515
557	618
364	1255
482	552
482	1210
482	780
482	1250
482	1361
482	1366
482	1444
482	1634
391	399
391	1091
391	557
391	668
391	653
391	1628
519	1393
519	1566
1210	1430
1210	1569
1210	1570
1210	1574
1210	1597
1210	1647
1211	1230
1211	1289
1211	1373
470	1064
470	1095
470	1103
470	1110
470	1260
470	1315
470	1488
470	1546
470	1596
470	1610
1212	1229
1212	1270
1212	1543
1213	1215
1213	1232
1213	1290
1213	1506
1214	1250
1214	1334
686	857
686	1341
686	1589
720	1230
720	1238
411	1129
411	1438
1215	1236
1215	1242
1215	1244
1215	1245
1215	1249
1215	1283
1215	1327
1215	1472
1215	1473
1216	1226
1216	1250
1216	1381
1216	1495
1216	1496
1216	1499
1216	1607
364	1370
1217	1235
1217	1263
780	916
780	971
780	1249
780	1283
780	1298
780	1321
1218	1219
1218	1245
1218	1314
1218	1556
1219	1245
1219	1255
1219	1283
1219	1307
1219	1314
1219	1499
600	986
600	1124
600	1231
600	684
600	1439
364	1528
424	828
424	829
424	849
424	897
424	597
424	994
424	1008
424	787
424	731
424	1136
424	1237
424	1238
424	1261
424	773
424	574
424	1286
424	784
424	1312
786	946
786	967
786	1025
786	1151
786	1183
786	1200
786	1220
786	1224
786	1234
786	1260
786	1266
786	1267
786	1289
1220	1224
1220	1226
1220	1227
1220	1231
1220	1234
1220	1278
632	1342
632	1363
632	1495
1221	1399
1221	1413
1221	1416
1221	1576
1222	1235
1222	1261
1222	1272
1222	1303
1222	1304
1222	1328
1222	1460
1223	1571
1224	1234
1224	1246
1224	1273
364	1307
1225	1320
1226	1227
1226	1234
1226	1462
1228	1375
1228	1382
1228	1384
1228	1385
1228	1389
1228	1390
1228	1395
1228	1438
1228	1440
1228	1499
1228	1510
1228	1511
1228	1512
1228	1582
1228	1591
1228	1592
1228	1594
1228	1642
1229	1333
1229	1343
1229	1542
1229	1543
1229	1546
1229	1643
1230	1256
1230	1259
1230	1282
1231	1278
1232	1239
1232	1290
1232	1320
1232	1478
1232	1506
396	965
396	1029
396	1173
396	1234
396	1246
396	1247
396	1252
396	1258
396	1261
396	1273
396	1280
396	1281
396	1545
565	924
565	984
565	597
565	1003
565	1073
565	1301
565	1349
565	1446
565	1606
565	1641
1233	1251
1233	1310
749	1231
749	1254
749	1291
749	1311
749	1499
749	1511
749	1582
1235	1258
1235	1261
1235	1361
1235	1460
1235	1462
1236	1242
1236	1244
1236	1245
1236	1249
1236	1283
1236	1311
1236	1472
1236	1473
1237	1238
1237	1284
1237	1286
1237	1294
1237	1312
1237	1582
703	1029
703	1033
703	1159
703	1209
703	1240
703	1242
703	1246
703	1273
703	1276
703	1277
703	1282
703	1283
703	1296
703	1297
703	1303
703	1309
703	1310
703	1321
703	1329
414	542
414	1217
414	1396
414	1638
531	1004
531	603
531	1012
531	1345
531	1650
770	1368
770	1459
430	847
430	737
430	955
430	755
430	975
430	440
430	1167
430	1171
430	1198
430	1249
430	1257
430	1287
430	1293
430	1298
430	1304
430	602
430	1327
430	1472
430	1473
430	1599
1238	1286
1238	1312
1238	1375
437	943
437	1033
437	1244
437	1256
437	1320
1239	1320
1239	1329
1239	1506
1239	1518
1240	1276
1240	1632
626	1114
626	1124
626	1257
626	1291
1241	1265
1241	1288
1241	1390
654	1558
1242	1244
1242	1245
1242	1249
1242	1276
1242	1277
1242	1282
1242	1283
1242	1296
1242	1309
1242	1310
1242	1314
1242	1321
1242	1472
1242	1473
1243	1286
1243	1630
1244	1245
1244	1249
1244	1283
1244	1314
1244	1472
1244	1473
1245	1249
1245	1255
1245	1283
1245	1314
1245	1436
1245	1472
1245	1473
658	808
658	932
658	967
658	1040
658	1047
658	1197
658	1221
658	1222
658	1263
658	1272
658	1303
658	1304
658	1307
658	1328
658	734
1246	1247
1246	1252
1246	1258
1246	1273
1246	1280
1246	1281
1246	1303
1246	1545
728	871
728	957
728	963
728	1036
728	1136
728	1247
728	1340
1247	1252
1247	1258
1247	1273
1247	1280
1247	1281
1247	1545
1248	1257
1248	1308
1248	1463
439	821
439	965
439	966
439	1035
439	1156
439	1250
439	1266
439	1328
426	975
426	454
426	1171
426	1198
426	430
426	1298
426	1304
426	1310
426	1327
1249	1256
1249	1257
1249	1283
1249	1287
1249	1293
1249	1472
1249	1473
1249	1599
407	966
407	969
407	1025
407	1043
407	1206
407	437
484	827
484	1220
484	724
484	733
484	1343
484	1344
484	1495
1250	1263
1250	1499
1250	1501
1251	1252
1251	1262
1252	1258
1252	1262
1252	1264
1252	1272
1252	1273
1252	1280
1252	1281
1252	1373
1252	1386
1252	1545
473	510
473	634
473	1018
473	1090
473	532
473	1112
473	1141
473	1465
1253	1266
1253	1305
1253	1314
1253	1457
1254	1381
1254	1501
375	765
375	450
375	603
375	1070
375	1114
375	731
1255	1283
1255	1291
1255	1311
1255	1372
1255	1496
1255	1642
724	860
724	991
724	1229
724	1255
724	1270
724	783
724	1283
724	1480
724	1543
724	1617
724	762
724	1643
1256	1282
1256	1518
1257	1287
1257	1293
1257	1329
1257	1472
1257	1473
1257	1599
1258	1273
1258	1280
1258	1281
1258	1462
1258	1545
364	1336
1259	1275
1259	1379
1259	1491
1259	1572
1259	1592
1259	1597
695	923
695	992
695	1120
695	1142
695	1145
695	1228
695	1229
695	1288
695	1546
1260	1302
1260	1474
1260	1478
1260	1505
1261	1294
1261	1361
1261	1460
1262	1373
1262	1386
438	1029
438	1033
438	1159
438	1209
438	1220
438	703
438	1242
438	658
438	484
438	1276
438	1277
438	1282
438	1283
438	1296
438	1309
438	1310
438	1321
438	501
438	606
404	406
404	1173
404	1386
1263	1307
1263	1386
1263	1562
1264	1296
405	878
405	1302
1265	1266
1265	1288
1266	1314
1267	1329
1267	1470
1267	1618
1268	1395
1268	1483
1268	1510
1268	1581
1268	1593
697	1053
697	720
435	886
435	890
435	449
435	956
435	959
435	1041
435	1156
435	1181
435	1187
435	1464
435	1519
435	1602
435	1623
435	572
776	926
776	1292
776	1445
776	1619
1269	1308
1269	1364
1269	1463
1270	1344
1270	1542
1270	1543
1270	1616
1270	1643
1271	1305
1271	1334
1271	1407
1271	1443
1271	1493
1271	1526
1271	1528
1272	1273
1272	1303
1272	1304
1272	1328
1273	1280
1273	1281
1273	1297
1273	1329
1273	1545
409	773
1275	1278
1275	1279
1275	1572
410	819
410	916
410	977
410	466
410	1198
410	1245
410	1253
410	1266
410	1314
684	933
684	988
684	1042
684	1056
684	1124
684	695
684	1451
684	1469
684	1486
684	1582
773	828
773	849
773	994
773	1237
773	1238
773	1258
773	1261
773	1286
773	784
773	1312
1276	1277
1276	1282
1276	1283
1276	1296
1276	1309
1276	1310
1276	1321
1276	1640
1277	1282
1277	1283
1277	1296
1277	1309
1277	1310
1277	1311
1277	1321
1278	1279
1279	1500
1279	1572
783	1124
783	1259
783	1280
783	1281
783	1423
783	1545
783	1597
783	1617
1280	1281
1280	1545
1280	1593
1281	1545
1282	1283
1282	1296
1282	1309
1282	1310
1282	1321
1283	1296
1283	1309
1283	1310
1283	1321
1283	1472
1283	1473
622	652
622	1284
622	1454
622	696
622	781
1284	1294
1284	1432
1284	1502
574	972
574	1000
574	1008
574	787
574	1087
574	622
574	1284
574	1502
574	1646
574	696
574	781
522	737
522	1042
522	1083
522	686
522	1387
522	582
522	796
1286	1312
668	950
668	1278
668	1331
668	1572
1287	1290
1287	1293
1287	1305
1287	1472
1287	1473
1287	1599
1289	1297
1289	1469
1289	1512
1290	1298
1290	1506
1291	1391
1291	1498
1292	1314
1292	1455
434	858
434	503
434	1018
434	1195
434	1260
434	1302
434	1448
434	1474
434	1478
434	1505
1293	1472
1293	1473
1293	1599
586	592
586	1119
1295	1533
1295	1611
1295	1618
1295	1657
1295	1659
1296	1309
1296	1310
1296	1321
1297	1329
1297	1390
1297	1512
1298	1304
1298	1327
784	803
784	828
784	849
784	970
784	994
784	1142
784	1237
784	1238
784	1286
784	1312
784	1569
784	1630
653	1292
653	1628
1300	1313
1300	1331
1300	1332
1300	1531
472	1216
472	749
472	1254
472	1334
472	1366
472	1381
472	1399
472	1499
472	1586
1301	1349
1301	1669
1302	1474
1302	1478
1302	1505
553	933
553	1342
553	1500
1303	1304
1303	1328
418	1043
418	445
1304	1327
1304	1328
1305	1337
1305	1361
1305	1378
1305	1513
1305	1522
1305	1525
1307	1328
1307	1562
1308	1364
1308	1463
1308	1464
1309	1310
1309	1321
1309	1386
721	960
721	1279
721	1292
721	1455
422	1043
422	455
1310	1321
656	820
656	691
656	1308
656	713
656	1470
656	1624
1311	1632
1312	1391
1312	1498
1313	1331
1313	1397
1313	1531
1313	1650
1314	1473
1315	1318
1315	1379
1315	1417
425	470
425	1315
1316	1326
1316	1448
1316	1530
1318	1564
1318	1583
1318	1596
1318	1612
1319	1397
1319	1487
733	1216
733	1342
733	1350
733	1351
733	1485
733	1496
733	1498
733	747
733	1586
733	1656
602	955
602	755
602	1167
602	1201
602	1204
602	1215
602	1236
602	1242
602	1244
602	1245
602	1249
602	1257
602	1283
602	1287
602	1293
602	1468
602	1472
602	1473
602	1599
615	876
615	903
615	997
615	1088
615	670
615	1432
615	1435
615	645
1320	1329
1320	1505
1320	1506
1320	1518
427	1006
427	1322
1322	1520
1323	1324
1323	1348
1323	1392
1323	1434
1323	1449
1323	1575
1323	1622
1323	1645
1323	1652
1324	1387
1324	1530
1325	1340
1325	1468
1325	1479
1325	1554
428	867
428	875
428	894
428	913
428	1223
428	1295
428	757
428	1502
428	1533
428	1558
428	1657
429	626
429	1291
429	1312
429	1586
446	475
446	603
446	716
446	1034
446	481
446	1317
446	1341
446	1355
446	1376
446	1487
446	619
446	1588
432	1096
432	1107
432	1124
432	1382
432	1622
1326	1350
1326	1351
1326	1486
1326	1498
1326	1532
1326	1598
1329	1364
1329	1368
1329	1518
1329	1519
441	1586
441	1654
1331	1332
1331	1496
1331	1531
1332	1379
1333	1354
1333	1388
1333	1435
1333	1486
1333	1487
1333	1606
431	451
431	1244
431	1314
1334	1360
1334	1366
1334	1444
1334	1504
1334	1597
1334	1653
1334	1655
1334	1656
1334	1666
1334	1669
1335	1347
1335	1428
1335	1571
1335	1634
1336	1555
1336	1570
1336	1622
1336	1630
1336	1664
1337	1361
1337	1495
1337	1523
1337	1528
1337	1544
1337	1551
1337	1585
1337	1615
1337	1668
1338	1339
1338	1397
1338	1441
1338	1589
1338	1606
1339	1353
1339	1387
1339	1448
1340	1468
1340	1568
1341	1346
1341	1363
1341	1374
1341	1406
1341	1412
1341	1487
1341	1508
1342	1394
1342	1496
1342	1642
1343	1344
1344	1426
1344	1543
1344	1616
1344	1630
1345	1354
1345	1382
1345	1397
1345	1535
1346	1434
1346	1487
1346	1508
1346	1591
779	1032
779	1064
779	1182
779	1338
779	1341
779	1376
779	1406
779	1508
779	1667
442	1230
442	1282
443	881
443	676
444	1278
444	872
444	875
444	1492
1347	1428
1347	1456
1347	1634
1348	1434
1348	1451
1348	1488
1349	1657
1350	1351
1350	1496
1350	1498
1350	1546
1350	1607
1350	1656
1351	1394
1351	1496
1351	1498
1351	1607
1351	1656
1352	1353
1352	1513
1353	1409
1353	1539
1354	1404
1354	1486
1354	1650
448	532
448	470
364	1616
1355	1383
1355	1398
1355	1569
1355	1570
1355	1667
1357	1360
1357	1589
1358	1392
1358	1402
1358	1481
1359	1659
1360	1361
1360	1409
1360	1635
1361	1460
1361	1497
1361	1524
420	952
420	1143
420	1144
420	1145
420	1176
420	1333
420	1354
420	1359
420	1445
420	1521
420	1624
420	1638
1362	1385
1362	1389
1362	1436
1362	1453
1363	1406
1363	1477
1363	1508
1363	1517
1363	1546
1364	1463
1364	1518
1364	1519
1365	1370
1365	1413
1365	1437
1365	1561
1366	1367
1366	1377
1366	1444
1366	1525
1366	1590
537	920
537	976
537	1191
537	1371
537	1399
537	1413
537	1539
537	1561
537	1587
537	1631
537	1668
1367	1369
1367	1408
1367	1544
1367	1590
1367	1651
1369	1590
1370	1437
1370	1539
1370	1600
1370	1637
1371	1527
1371	1538
1371	1541
1371	1544
1372	1441
1372	1487
1372	1598
487	840
487	922
487	1372
1373	1386
1373	1507
561	927
561	929
561	978
561	1058
561	1075
561	1079
561	1080
561	1094
561	1102
561	1103
561	1104
561	1110
561	1129
561	1346
561	1414
561	1488
561	1588
1374	1485
1374	1589
1374	1596
1375	1382
1375	1384
1375	1385
1375	1389
1375	1390
1375	1395
1375	1438
1375	1510
1375	1511
1375	1512
1375	1582
1375	1591
1375	1592
1375	1594
1375	1642
1376	1487
1377	1444
1377	1525
1378	1514
1378	1525
1379	1450
1379	1491
1379	1522
541	852
541	856
541	1421
541	1587
541	1639
541	679
1380	1392
1380	1541
1381	1654
1382	1384
1382	1385
1382	1389
1382	1390
1382	1395
1382	1397
1382	1438
1382	1495
1382	1510
1382	1511
1382	1512
1382	1582
1382	1591
1382	1592
1382	1594
1382	1642
1383	1398
1383	1569
1383	1570
1383	1605
1383	1621
1383	1656
1383	1666
1384	1385
1384	1389
1384	1390
1384	1395
1384	1438
1384	1471
1384	1510
1384	1511
1384	1512
1384	1582
1384	1591
1384	1592
1384	1594
1384	1642
729	1120
729	1228
729	1286
729	1375
729	1382
729	1384
729	1385
729	1388
729	1389
729	1390
729	1395
729	1438
729	1510
729	1511
729	1512
729	1582
729	1591
729	1592
729	1594
729	1642
1385	1389
1385	1390
1385	1395
1385	1438
1385	1510
1385	1511
1385	1512
1385	1582
1385	1591
1385	1592
1385	1594
1385	1642
1387	1388
1387	1487
1387	1642
1388	1487
1388	1498
577	857
577	768
577	1085
577	1102
577	1103
577	686
577	1294
577	1324
577	1354
577	644
577	1392
577	1429
577	629
577	1652
644	896
644	1006
644	730
644	1324
644	1387
644	1594
644	1642
1389	1390
1389	1395
1389	1438
1389	1510
1389	1511
1389	1512
1389	1582
1389	1591
1389	1592
1389	1594
1389	1642
1390	1395
1390	1438
1390	1510
1390	1511
1390	1512
1390	1532
1390	1582
1390	1591
1390	1592
1390	1594
1390	1642
397	931
397	1046
397	1052
397	471
397	1115
397	1324
397	1352
397	1447
664	986
664	1056
664	1067
664	1076
664	1127
664	1175
664	695
664	684
664	1397
664	1423
664	1546
453	521
453	1106
453	1362
453	1385
453	1389
453	1459
453	1476
453	1509
453	1582
453	1591
1391	1483
1391	1496
1391	1498
1391	1586
1392	1449
1393	1452
1393	1541
1394	1433
1394	1457
1394	1483
1394	1498
1394	1510
1394	1642
1394	1664
1395	1433
1395	1438
1395	1459
1395	1510
1395	1511
1395	1512
1395	1582
1395	1591
1395	1592
1395	1594
1395	1642
524	916
524	764
524	974
524	576
524	1535
524	526
524	1556
524	646
524	540
524	750
1396	1459
1396	1509
1396	1630
1396	1638
1397	1531
1397	1607
669	926
669	1342
669	1496
669	1500
1398	1569
1398	1570
1398	1605
1398	1621
1398	1645
1399	1401
1399	1413
1399	1416
1399	1561
1399	1576
1399	1585
713	861
713	909
713	936
713	1016
713	1409
713	1470
713	1567
713	1576
1400	1405
1400	1474
1400	1640
1401	1458
1401	1462
1401	1493
1401	1539
1402	1454
1404	1405
769	825
769	856
769	864
769	1504
1406	1447
1406	1448
1406	1453
1406	1482
1407	1409
1407	1617
1408	1542
1409	1567
667	803
667	1118
667	784
667	1514
628	1003
628	1031
628	1097
628	712
628	1123
628	1284
628	1357
628	1477
1411	1552
504	862
504	870
504	1161
504	1318
504	713
504	1553
504	722
504	1612
1413	1416
1413	1491
1413	1513
1413	1576
1413	1585
1414	1448
1414	1579
1414	1672
533	662
533	764
533	593
533	1147
533	1148
533	1176
533	1204
533	770
533	1338
533	772
533	1618
533	1633
533	1648
533	718
533	719
1416	1576
563	824
563	919
563	754
563	934
563	1343
563	1400
563	1405
563	1515
1417	1432
1417	1548
1417	1553
778	875
778	883
778	903
778	1044
778	1131
778	1405
778	1427
778	1520
778	1560
778	1635
778	1644
778	1645
364	469
538	801
538	817
538	856
538	878
538	890
538	972
538	998
538	1179
538	615
538	1577
538	1579
538	1629
538	1630
538	689
538	604
1418	1490
757	867
757	1631
1419	1430
1419	1672
1420	1421
1420	1634
1421	1442
1422	1423
1422	1577
1422	1639
1422	1667
1423	1577
1423	1667
505	834
505	932
505	1436
505	1545
505	1554
1424	1430
1424	1503
1424	1587
1425	1431
1425	1469
1425	1548
1426	1520
1426	1554
1426	1568
1427	1520
1427	1573
1427	1645
528	802
528	736
528	818
528	819
528	535
528	832
528	894
528	907
528	576
528	1248
599	1543
599	610
599	1667
680	745
680	876
680	1178
680	1293
1429	1521
1429	1556
1429	1646
459	547
459	1132
709	826
709	1007
709	1407
709	757
709	1527
709	1543
709	1631
1430	1587
1431	1548
1431	1637
673	741
673	900
673	938
1432	1489
1433	1459
1433	1509
1433	1593
1433	1642
1434	1451
1434	1485
1435	1652
1436	1477
1437	1443
461	997
461	1012
1438	1471
1438	1510
1438	1511
1438	1512
1438	1582
1438	1591
1438	1592
1438	1594
1438	1642
1439	1510
1439	1538
1439	1543
1439	1615
1440	1591
511	585
511	936
511	707
511	622
511	1333
511	1354
511	713
511	1435
511	1486
511	1652
1443	1497
1443	1522
1443	1529
1443	1631
1443	1635
1443	1659
1444	1495
1444	1525
1444	1617
1445	1574
1445	1580
1445	1583
1445	1618
1445	1619
1445	1624
1445	1638
698	774
698	1058
698	1074
698	731
698	1136
698	1402
698	1441
523	801
1446	1448
1447	1450
1447	1530
1447	1598
1447	1635
1448	1487
1448	1532
1451	1584
1451	1642
1452	1485
1453	1611
1454	1596
1454	1610
1455	1483
1455	1572
1455	1620
566	906
566	915
566	1230
566	680
566	1532
566	1611
1456	1622
1457	1507
1457	1568
1459	1512
1459	1591
1459	1642
1463	1464
1464	1518
1464	1519
1464	1602
1464	1623
1466	1500
1466	1601
1466	1620
1467	1534
752	893
1468	1470
1468	1479
1469	1593
605	861
605	885
605	685
605	1426
605	1554
605	1568
465	595
465	685
465	1465
1471	1476
1471	1509
1472	1473
1472	1599
1473	1599
1474	1478
1474	1505
1475	1615
1475	1625
467	883
467	903
467	778
635	685
635	1232
1476	1509
1476	1642
1477	1606
1478	1505
1479	1554
1479	1568
630	968
630	1073
630	1076
630	1089
630	1099
630	1101
630	1108
630	683
630	1163
630	1164
630	1380
378	568
378	987
378	1012
378	1028
378	1100
378	1111
378	1118
378	1190
378	470
378	1359
378	1452
378	1485
378	1546
378	747
1480	1539
1480	1580
1483	1581
1483	1593
1484	1548
1484	1595
1485	1596
1486	1508
1486	1589
1487	1508
1487	1598
1491	1513
1491	1627
1492	1497
1492	1522
1492	1528
1492	1617
1492	1659
1493	1497
1493	1523
1493	1526
1494	1549
1494	1641
1495	1514
1495	1524
1495	1543
1495	1597
1495	1617
1496	1501
1496	1586
1497	1522
1497	1526
1497	1528
1497	1608
1497	1656
1499	1511
1499	1513
1499	1582
1499	1607
368	846
368	847
368	895
368	1250
368	1254
368	1263
368	1311
368	1328
368	1361
368	1377
368	1408
368	1495
368	1499
368	1524
1502	1555
1502	1575
1502	1601
1502	1622
1502	1634
1503	1504
1503	1565
1503	1587
1504	1585
1504	1587
1504	1615
1504	1625
1504	1657
1504	1658
474	1250
474	1263
474	1499
1505	1518
1505	1519
1507	1509
1507	1562
1507	1568
1508	1606
1510	1511
1510	1512
1510	1555
1510	1573
1510	1582
1510	1591
1510	1592
1510	1594
1510	1642
1511	1512
1511	1582
1511	1591
1511	1592
1511	1594
1511	1606
1511	1642
1512	1582
1512	1591
1512	1592
1512	1594
1512	1642
1513	1585
546	732
546	758
546	1129
546	1133
546	1168
546	1186
1514	1597
1515	1640
1518	1519
1519	1602
1519	1623
1520	1573
1520	1583
1520	1645
479	1005
479	1064
479	1089
479	1094
479	1098
479	1100
479	1121
479	1170
479	1358
479	1380
479	628
479	1414
479	630
1522	1523
1522	1528
1522	1529
1522	1592
1522	1631
1522	1647
1523	1526
1523	1623
1524	1527
1524	1551
1524	1617
1526	1527
1526	1528
1526	1597
1526	1617
1526	1669
1527	1541
1527	1551
1527	1644
1528	1551
1528	1597
1528	1663
1529	1609
629	876
629	700
629	1009
629	1045
629	1109
629	1176
629	1192
629	1358
629	1392
629	1446
629	1552
629	1604
1531	1607
1531	1650
1532	1566
1532	1611
478	880
478	1073
582	701
582	1039
582	592
582	692
582	1096
582	1148
582	1348
582	1387
573	803
573	774
573	1168
573	747
573	584
573	1660
573	739
573	798
1533	1657
480	1008
480	1084
480	1105
624	1020
624	1021
624	1226
624	1227
624	1465
624	1615
1535	1670
490	552
490	910
490	974
490	1502
490	1572
490	1601
1536	1633
1537	1538
1537	1585
1537	1600
1538	1539
1538	1541
1538	1551
1538	1585
1538	1631
1539	1541
1540	1584
1540	1603
1542	1543
1542	1544
1542	1643
1543	1615
1543	1616
1543	1631
1543	1643
1543	1653
1543	1667
1544	1585
1544	1668
743	933
743	1216
743	1236
743	1495
1545	1554
1546	1598
1548	1595
1549	1637
1549	1641
1551	1617
1551	1644
526	857
526	874
526	1085
526	577
526	1429
526	1604
1554	1568
1555	1558
1555	1617
1555	1622
1555	1626
1555	1647
1555	1662
1555	1664
1556	1574
488	489
488	821
1557	1558
1557	1573
1557	1575
1557	1622
1557	1652
1558	1559
1558	1581
1558	1630
1558	1652
596	874
596	913
596	1176
596	778
596	723
596	646
596	761
596	1626
596	1630
596	627
596	717
596	1660
551	1205
551	573
1563	1611
1563	1633
1563	1635
491	1323
491	1348
1564	1670
645	1358
645	1395
645	1582
492	846
492	764
723	801
723	913
723	1091
723	724
723	1270
723	1543
723	1605
723	1643
1565	1605
1565	1621
1565	1660
1566	1639
646	662
646	821
646	878
646	742
646	974
646	994
646	1196
646	778
646	1475
646	762
646	1631
1569	1570
1569	1595
1570	1626
722	961
722	1396
722	1455
722	1497
722	1528
722	1620
722	1631
722	1635
722	1667
1573	1612
1573	1657
761	820
761	1044
761	1145
761	1629
1574	1578
1574	1605
1574	1612
1574	1619
1574	1621
1574	1660
1574	1671
494	835
494	944
1575	1622
1575	1626
1575	1631
1575	1645
1575	1652
747	1079
747	1080
747	1144
747	1162
747	1174
747	1182
747	1319
747	1355
747	1452
747	1485
747	1624
747	1667
1577	1644
1577	1670
1578	1580
1578	1605
1578	1614
1578	1671
1579	1583
1579	1613
1579	1629
1579	1672
1580	1619
1580	1632
1581	1593
507	923
507	1176
507	1177
507	1268
507	1483
507	1558
507	1581
507	1593
507	509
507	1631
507	627
409	1261
1582	1591
1582	1592
1582	1594
1582	1642
1584	1649
772	813
772	870
772	881
772	785
772	1028
772	1189
772	1267
772	1445
772	1583
772	1618
772	1633
499	758
1585	1587
1585	1615
1585	1625
1585	1643
500	892
500	1213
500	1506
619	940
619	1020
619	1078
619	1126
619	1449
501	658
1587	1615
1587	1625
1587	1658
1591	1592
1591	1594
1591	1642
1592	1594
1592	1642
1594	1642
1596	1610
1597	1600
1597	1616
1597	1617
1597	1622
1597	1647
1597	1656
1597	1662
1597	1663
1597	1669
384	1017
384	1118
384	1439
384	1540
1600	1657
1600	1669
506	870
506	1567
1602	1623
1603	1646
1604	1652
1605	1612
1605	1621
1605	1660
1605	1671
508	603
508	531
1606	1661
1608	1636
1608	1653
1608	1655
1608	1661
1608	1666
509	1045
509	1396
509	1581
1611	1633
1612	1613
1612	1624
1613	1629
1613	1672
1614	1631
1614	1662
1615	1625
1615	1658
1616	1662
1616	1663
1617	1651
1617	1656
1617	1669
380	1116
380	1414
512	683
512	1158
513	876
513	561
513	629
515	672
584	881
584	1008
584	1084
584	1162
584	673
584	1452
584	1564
584	618
613	1504
613	1573
613	1587
613	1615
613	1625
613	1657
613	1658
613	704
1620	1635
1621	1629
1621	1645
1621	1660
1621	1663
1621	1669
1621	1671
1622	1652
1622	1662
1624	1630
1624	1636
1624	1638
1625	1657
1625	1658
517	905
517	575
517	1030
517	1149
517	1271
517	1497
517	1597
517	1616
517	1617
517	618
517	1656
517	753
517	1669
762	826
762	1165
762	1359
762	1439
762	1475
762	1480
762	1543
762	1580
762	1615
762	1631
762	1632
762	1643
1629	1672
1631	1647
1631	1668
518	585
518	597
1632	1668
1634	1651
1635	1659
1635	1667
1635	1670
594	860
594	861
594	930
1636	1661
1636	1670
520	904
520	1466
520	1620
689	817
689	890
689	1526
689	1578
689	1614
689	744
715	905
715	914
715	732
715	921
715	1146
715	1584
744	764
744	937
744	945
744	988
744	1179
744	1205
744	1514
744	1578
744	772
744	1612
744	1614
744	1621
618	735
618	1140
618	707
618	1439
618	1538
618	723
618	762
618	689
618	1656
618	753
627	913
627	1176
627	1177
627	778
627	1573
627	1600
627	1612
627	1622
627	1626
627	1631
1645	1652
738	905
738	924
738	929
738	1370
738	1475
738	1535
738	1614
738	1615
738	762
738	1659
738	1670
643	988
643	1017
643	1172
643	1353
643	1398
643	1574
643	1578
643	1580
643	1612
643	1614
643	1621
643	744
643	1645
643	1660
527	629
527	1604
513	700
513	1446
1647	1662
1647	1663
536	652
536	876
554	625
554	898
554	792
554	968
554	560
554	691
554	1161
554	1520
554	1615
539	909
539	1315
540	576
543	1599
544	709
545	596
545	1660
549	869
549	1633
549	559
373	1268
550	1484
550	1595
1653	1655
1653	1656
1653	1666
555	1555
555	1647
555	1662
556	692
556	1604
564	806
564	902
569	804
569	807
571	811
571	852
571	853
571	1566
572	956
572	1041
578	844
578	1226
589	1575
589	1645
589	1652
591	1102
591	1158
604	998
606	658
608	724
608	1499
610	1667
611	921
611	1188
614	1293
614	1599
377	1038
377	1248
377	1308
377	1463
616	1422
616	1423
617	873
617	874
620	783
620	1281
620	1545
559	869
559	568
559	1563
559	1596
559	1610
559	1631
559	1633
623	1292
623	721
631	1293
631	1599
633	811
633	853
636	921
636	999
1655	1656
1655	1666
641	1269
447	547
647	749
647	1499
648	1292
648	721
649	873
649	1563
649	1611
649	1633
1656	1666
1656	1669
651	1027
651	1593
655	1445
655	772
657	972
657	1284
659	876
659	1135
665	1564
544	757
544	1631
717	873
717	874
717	774
717	980
717	1044
717	1052
717	1412
717	1612
717	1630
717	1660
717	727
674	1422
674	1423
675	1132
679	856
681	736
681	1583
682	1132
1660	1671
687	811
687	741
688	865
688	1557
690	1166
480	1341
704	1657
705	895
705	1497
706	878
706	1177
710	1422
710	1423
711	1396
711	1630
1663	1664
1663	1669
714	774
714	717
718	764
719	761
726	1103
726	1110
726	1488
727	1052
734	1291
383	534
739	747
740	1080
570	662
570	1514
570	722
570	1622
570	1631
570	746
570	795
502	938
502	673
748	901
583	1522
583	1592
750	916
759	876
763	1008
766	921
766	999
767	874
767	1577
751	1015
751	1229
751	1301
751	1439
751	1458
751	1543
751	1615
751	762
751	1643
751	800
771	805
771	821
775	906
775	1261
781	1284
666	832
666	1427
782	785
782	1415
789	1067
789	1085
789	1429
529	817
529	825
529	869
529	870
529	890
529	590
529	588
529	1458
529	1567
529	1583
529	1612
529	1613
529	1627
529	1670
529	751
790	1572
791	1065
793	1339
794	876
797	876
797	1446
798	1168
798	1619
799	1563
799	1633
800	1015
