1036	3248
1036	3329
1036	6444
1036	6448
1036	6452
1036	6456
1036	6459
1036	6460
1036	6461
1036	6464
1036	6465
3231	3232
3231	3233
3231	3247
3231	3248
3231	3254
3232	3233
3232	3247
3232	3248
3232	3254
3247	3248
3247	3254
3247	3257
3247	3258
3247	3272
3247	3288
3248	3254
3248	3272
3248	3288
3248	3302
3248	3329
3248	32538
3248	32539
3254	3257
3254	3258
3254	3302
3254	3303
3254	32538
3254	32539
3254	32544
3254	32545
3257	3258
3257	3302
3257	3303
3258	3302
3258	3303
3302	3303
3302	32538
3302	32539
3302	32544
3302	32545
3303	32538
3303	32544
3303	32545
6448	6456
6464	6465
6464	32946
6464	32947
6464	32948
6464	32949
6464	32950
6464	32951
6465	32946
6465	32947
6465	32948
6465	32949
6465	32951
32538	32545
32544	32545
32946	32947
32946	32948
32946	32949
32946	32950
32946	32951
32947	32948
32947	32949
32947	32950
32947	32951
32948	32949
32948	32950
32948	32951
32949	32950
32949	32951
