1377	8988
1378	10865
1379	8995
1380	9058
1381	9059
1382	30225
1383	11093
1384	13462
1385	15216
1386	28622
1387	30186
1388	30189
1389	30192
1390	30194
1391	30196
1392	30204
1393	30205
1394	30208
1395	30212
1396	30217
1397	30218
1398	30221
1399	34264
1400	34265
1401	34266
1402	34267
1403	34268
1404	34269
1405	34270
1406	34271
1407	34272
1408	34273
1409	34274
1410	34275
1411	34276
1412	34277
1413	34278
1414	34279
1415	34280
1416	34281
1417	34282
1418	34283
1419	34284
1420	34285
1421	34286
1422	34288
1423	34289
1424	34290
1425	34291
1426	34292
1427	34293
1428	34294
1429	34295
1430	34296
