8988	10865
8995	10865
9058	9059
9059	10865
9059	30225
10865	11093
10865	13462
10865	15216
10865	28622
10865	30186
10865	30189
10865	30192
10865	30194
10865	30196
10865	30204
10865	30205
10865	30208
10865	30212
10865	30217
10865	30218
10865	30221
10865	34264
10865	34265
10865	34266
10865	34267
10865	34268
10865	34269
10865	34270
10865	34271
10865	34272
10865	34273
10865	34274
10865	34275
10865	34276
10865	34277
10865	34278
10865	34279
10865	34280
10865	34281
10865	34282
10865	34283
10865	34284
10865	34285
10865	34286
10865	34288
10865	34289
10865	34290
10865	34291
30186	34292
30186	34293
30186	34294
30186	34295
30186	34296
34278	34279
34278	34280
34279	34280
34292	34293
34292	34294
34292	34295
34294	34295
34294	34296
