0	734
1	16892
2	16893
3	16894
4	16895
5	16896
6	16899
7	16901
8	16911
9	16912
10	16913
11	16914
12	16915
13	16916
14	16917
15	16918
16	16919
17	16920
18	16921
19	16922
20	16923
21	16924
22	16925
23	16926
24	16927
25	16928
26	16932
27	16933
28	16934
29	16936
30	16937
31	16939
32	16940
33	16941
34	16945
35	16947
36	16950
37	16951
38	16955
39	16956
40	16957
41	16958
42	16959
43	16960
44	16965
45	16968
46	16971
47	16978
48	16981
49	16982
50	16989
51	16990
52	17000
53	17001
54	17002
55	17004
56	17005
57	17007
58	17011
59	17013
60	17015
61	17017
62	17018
63	17019
64	17027
65	17028
66	17030
67	17032
68	32822
69	32826
70	32827
71	32828
72	32829
73	32830
74	32839
75	32840
76	32841
77	32842
78	32843
79	32844
80	32845
81	32846
82	32847
83	32848
84	32849
85	32823
86	32824
87	32850
88	32863
89	32864
90	32865
91	32860
