770	9730
770	12147
770	12148
770	12149
770	12150
770	12153
770	12155
770	12156
770	12157
770	12158
770	12159
770	12161
770	12162
770	12163
770	12164
770	12165
770	12166
770	12168
770	12169
770	12170
770	12171
770	12173
770	12174
770	12176
770	12178
770	12179
770	12181
770	12182
770	12187
770	12188
770	12190
770	12192
770	12193
770	12194
770	12195
770	12196
770	12197
770	12198
770	12199
770	12200
770	12201
770	12202
770	12203
770	12206
770	12208
770	12209
770	12210
770	12211
770	12212
770	12213
770	12214
770	12215
770	12216
770	12217
770	12219
770	12221
770	12224
770	12225
770	12226
770	12228
770	12229
770	12231
770	12232
770	12233
770	12234
770	12235
770	12236
770	12237
770	12238
770	12240
770	12241
770	12243
770	12244
770	12245
770	12246
770	12247
770	12248
770	12249
770	12253
770	12257
12169	29444
12169	29445
12169	29446
12181	12182
12194	12195
12197	29391
12221	29388
12221	29389
12221	29390
29388	29389
29388	29390
29388	29398
29389	29390
29389	29398
29390	29398
29444	29445
29444	29446
29445	29446
