188	328
189	3436
190	3440
191	3443
192	3463
193	3468
194	3486
195	3487
196	3514
197	3529
198	3533
199	3539
200	3578
201	3579
202	3583
203	3589
204	3595
205	3602
206	3606
207	3615
208	3619
209	3642
210	3655
211	3679
212	3686
213	3687
214	3688
215	3689
216	3690
217	3691
218	3695
219	3720
220	3724
221	3731
222	3741
223	3743
224	3744
225	3748
226	3761
227	3762
228	3775
229	3776
230	3778
231	3788
232	3798
233	3800
234	3801
235	3806
236	3813
237	3814
238	3815
239	3823
240	3824
241	3834
242	3840
243	3842
244	3846
245	3850
246	3861
247	3872
248	3880
249	3892
250	3894
251	3904
252	3916
253	3937
254	3947
255	3950
256	3958
257	3961
258	3965
259	3969
260	3970
261	3973
262	3987
263	3991
264	4005
265	4008
266	4020
267	4023
268	4033
269	4038
270	4039
271	4040
272	4041
273	4042
274	4052
275	4060
276	4065
277	4069
278	4072
279	4074
280	4075
281	4077
282	4084
283	4088
284	4091
285	4096
286	4103
287	4107
288	4109
289	4114
290	4115
291	4117
292	4123
293	4139
294	4147
295	4148
296	4158
297	4160
298	4165
299	4166
300	4169
301	4172
302	4173
303	4175
304	4177
305	4179
306	4186
307	4191
308	4195
309	4210
310	4215
311	4222
312	4223
313	4226
314	4229
315	4230
316	4231
317	4238
318	26967
319	26968
320	26969
321	26970
322	26971
323	26972
324	26677
325	26678
326	27124
327	27125
328	27126
329	27167
330	27154
331	27155
332	27156
333	14950
334	26985
