328	3436
328	3440
328	3443
328	3463
328	3468
328	3486
328	3487
328	3514
328	3529
328	3533
328	3539
328	3578
328	3579
328	3583
328	3589
328	3595
328	3602
328	3606
328	3615
328	3619
328	3642
328	3655
328	3679
328	3686
328	3687
328	3688
328	3689
328	3690
328	3691
328	3695
328	3720
328	3724
328	3731
328	3741
328	3743
328	3744
328	3748
328	3761
328	3762
328	3775
328	3776
328	3778
328	3788
328	3798
328	3800
328	3801
328	3806
328	3813
328	3814
328	3815
328	3823
328	3824
328	3834
328	3840
328	3842
328	3846
328	3850
328	3861
328	3872
328	3880
328	3892
328	3894
328	3904
328	3916
328	3937
328	3947
328	3950
328	3958
328	3961
328	3965
328	3969
328	3970
328	3973
328	3987
328	3991
328	4005
328	4008
328	4020
328	4023
328	4033
328	4038
328	4039
328	4040
328	4041
328	4042
328	4052
328	4060
328	4065
328	4069
328	4072
328	4074
328	4075
328	4077
328	4084
328	4088
328	4091
328	4096
328	4103
328	4107
328	4109
328	4114
328	4115
328	4117
328	4123
328	4139
328	4147
328	4148
328	4158
328	4160
328	4165
328	4166
328	4169
328	4172
328	4173
328	4175
328	4177
328	4179
328	4186
328	4191
328	4195
328	4210
328	4215
328	4222
328	4223
328	4226
328	4229
328	4230
328	4231
328	4238
3529	26967
3529	26968
3529	26969
3529	26970
3529	26971
3529	26972
3533	26677
3533	26678
3606	27124
3606	27125
3606	27126
3686	3687
3686	3688
3686	3689
3687	3688
3687	3689
3688	3689
3691	3824
3761	3762
3814	3815
4042	27167
4074	4075
4084	27154
4084	27155
4084	27156
4114	4115
4210	14950
26677	26678
26677	26985
26678	26985
26967	26968
26967	26969
26967	26970
26967	26971
26967	26972
26968	26969
26968	26970
26968	26971
26968	26972
26969	26970
26969	26971
26969	26972
26970	26971
26970	26972
26971	26972
27124	27125
27124	27126
27125	27126
27154	27155
27154	27156
