13238	15115
13245	15115
13308	13309
13309	15115
13309	34475
15115	15343
15115	17712
15115	19466
15115	32872
15115	34436
15115	34439
15115	34442
15115	34444
15115	34446
15115	34454
15115	34455
15115	34458
15115	34462
15115	34467
15115	34468
15115	34471
15115	38514
15115	38515
15115	38516
15115	38517
15115	38518
15115	38519
15115	38520
15115	38521
15115	38522
15115	38523
15115	38524
15115	38525
15115	38526
15115	38527
15115	38528
15115	38529
15115	38530
15115	38531
15115	38532
15115	38533
15115	38534
15115	38535
15115	38536
15115	38538
15115	38539
15115	38540
15115	38541
34436	38542
34436	38543
34436	38544
34436	38545
34436	38546
38528	38529
38528	38530
38529	38530
38542	38543
38542	38544
38542	38545
38544	38545
38544	38546
