2475	6085
2476	9148
2477	9183
2478	9184
2479	9213
2480	9223
2481	9233
2482	9275
2483	9311
2484	10063
2485	12833
2486	12863
2487	13318
2488	13384
2489	15432
2490	17881
2491	26109
2492	29541
2493	29671
2494	29672
2495	29673
2496	29674
2497	29675
2498	29676
2499	29677
2500	29678
2501	29679
2502	29680
2503	29681
2504	29682
2505	29684
2506	29685
2507	29686
2508	29687
2509	29688
2510	29689
2511	29690
2512	29691
2513	29692
2514	29693
2515	29694
2516	29695
2517	29696
2518	29697
2519	29698
2520	29700
2521	29701
2522	29702
2523	29703
2524	29704
2525	29705
2526	29706
2527	29707
2528	29708
2529	29709
2530	29710
2531	29711
2532	29712
2533	29713
2534	29714
2535	29715
2536	29716
2537	29719
2538	29721
2539	29722
2540	29724
2541	29725
2542	29726
2543	29727
2544	29728
2545	29729
2546	36584
2547	36585
2548	36586
2549	36587
2550	36588
2551	36589
2552	36590
2553	9276
2554	27905
2555	36593
2556	36594
2557	36595
