2385	2390
2385	2394
2385	2395
2380	2389
2380	2390
2380	2391
2389	2390
2389	2391
2390	2391
2390	2392
2391	2392
2391	2393
2381	2389
2381	2391
2381	2392
2381	2393
2382	2389
2382	2390
2383	2389
2383	2390
2392	2393
2384	2385
2384	2390
2394	2395
2394	2396
2394	2397
2394	2398
2394	2399
2394	2400
2395	2396
2395	2397
2395	2398
2395	2399
2395	2400
2386	2390
2386	2391
2386	2392
2386	2393
2387	2390
2387	2391
2387	2392
2396	2397
2396	2398
2396	2399
2396	2400
2397	2398
2397	2399
2397	2400
2398	2399
2398	2400
2399	2400
2388	2394
2388	2396
2388	2397
2388	2398
2388	2399
