227	3030
228	11518
229	11551
230	20200
231	21092
232	21272
233	21412
234	21413
235	21414
236	21415
237	21416
238	21417
239	21418
240	21419
241	21420
242	21421
243	21422
244	21423
245	21424
246	21425
247	21426
248	21427
249	21428
250	21429
251	21430
252	21431
253	21432
254	21436
255	21437
256	21439
257	21440
258	21441
259	21442
260	21443
261	21444
262	21446
263	21447
264	21449
265	21450
266	21451
267	21452
268	21453
269	21454
270	21455
271	21456
272	21457
273	21458
274	21459
275	21460
276	21461
277	21462
278	21464
279	21273
280	33720
281	33721
282	33722
283	33723
