1199	7380
1200	9434
1201	17142
1202	13887
1203	13895
1204	13911
1205	13915
1206	13927
1207	13954
1208	13962
1209	13968
1210	13986
1211	14021
1212	14049
1213	14055
1214	14080
1215	14083
1216	14089
1217	14122
1218	14137
1219	14158
1220	14162
1221	14167
1222	14176
1223	14177
1224	14201
1225	14271
1226	14311
1227	14318
1228	14319
1229	14331
1230	14332
1231	14340
1232	14374
1233	14474
1234	17121
1235	17128
1236	17144
1237	17148
1238	17149
1239	17152
1240	17192
1241	17196
1242	17205
1243	17206
1244	17211
1245	17212
1246	17218
1247	17239
1248	17240
1249	17242
1250	17244
1251	17282
1252	17288
1253	17307
1254	17311
1255	17319
1256	30977
1257	31027
1258	31131
1259	31264
1260	31265
1261	13912
1262	14185
1263	17207
