7380	9434
7380	17142
9434	13887
9434	13895
9434	13911
9434	13915
9434	13927
9434	13954
9434	13962
9434	13968
9434	13986
9434	14021
9434	14049
9434	14055
9434	14080
9434	14083
9434	14089
9434	14122
9434	14137
9434	14158
9434	14162
9434	14167
9434	14176
9434	14177
9434	14201
9434	14271
9434	14311
9434	14318
9434	14319
9434	14331
9434	14332
9434	14340
9434	14374
9434	14474
9434	17121
9434	17128
9434	17144
9434	17148
9434	17149
9434	17152
9434	17192
9434	17196
9434	17205
9434	17206
9434	17211
9434	17212
9434	17218
9434	17239
9434	17240
9434	17242
9434	17244
9434	17282
9434	17288
9434	17307
9434	17311
9434	17319
9434	30977
9434	31027
9434	31131
13887	31264
13887	31265
13895	17205
13895	17288
13911	13912
13954	14185
14137	14374
14331	14332
17205	17288
17206	17207
