1153	1562
1154	3726
1155	3727
1156	3732
1157	3735
1158	3736
1159	3737
1160	3738
1161	3739
1162	3747
1163	3748
1164	3750
1165	3751
1166	3753
1167	3757
1168	3758
1169	3763
1170	3764
1171	3765
1172	3771
1173	3773
1174	3775
1175	3780
1176	3784
1177	3785
1178	3788
1179	3789
1180	3790
1181	3791
1182	3792
1183	3793
1184	3797
1185	3798
1186	3799
1187	3802
1188	3804
1189	3807
1190	3811
1191	3812
1192	3816
1193	3820
1194	3826
1195	3830
1196	3833
1197	3836
1198	3839
1199	3841
1200	3845
1201	3849
1202	3850
1203	3855
1204	3856
1205	3857
1206	3862
1207	3863
1208	3864
1209	3867
1210	3868
1211	3869
1212	3878
1213	3880
1214	3884
1215	3886
1216	3887
1217	3889
1218	3891
1219	3892
1220	3901
1221	3902
1222	3909
1223	3910
1224	3912
1225	3913
1226	33038
1227	33039
1228	33040
1229	33041
