1562	3726
1562	3727
1562	3732
1562	3735
1562	3736
1562	3737
1562	3738
1562	3739
1562	3747
1562	3748
1562	3750
1562	3751
1562	3753
1562	3757
1562	3758
1562	3763
1562	3764
1562	3765
1562	3771
1562	3773
1562	3775
1562	3780
1562	3784
1562	3785
1562	3788
1562	3789
1562	3790
1562	3791
1562	3792
1562	3793
1562	3797
1562	3798
1562	3799
1562	3802
1562	3804
1562	3807
1562	3811
1562	3812
1562	3816
1562	3820
1562	3826
1562	3830
1562	3833
1562	3836
1562	3839
1562	3841
1562	3845
1562	3849
1562	3850
1562	3855
1562	3856
1562	3857
1562	3862
1562	3863
1562	3864
1562	3867
1562	3868
1562	3869
1562	3878
1562	3880
1562	3884
1562	3886
1562	3887
1562	3889
1562	3891
1562	3892
1562	3901
1562	3902
1562	3909
1562	3910
1562	3912
1562	3913
3727	3826
3736	3737
3736	3738
3736	3751
3736	3856
3736	3857
3736	3884
3736	33038
3736	33039
3736	33040
3736	33041
3737	3738
3737	3751
3737	3849
3737	3884
3737	33038
3738	3751
3738	3849
3738	3856
3738	3857
3738	33038
3751	3811
3751	3884
3797	3798
3856	3857
3863	3864
33039	33040
33039	33041
33040	33041
