221	1250
222	18417
223	18421
224	18422
225	18423
226	18425
227	18426
228	18435
229	18444
230	18447
231	18448
232	18449
233	18450
234	18451
235	18452
236	18453
237	18458
238	18461
239	18462
240	18463
241	18464
242	18465
243	18466
244	18468
245	18471
246	18472
247	18474
248	18475
249	18477
250	18478
251	18482
252	18483
253	18488
254	18489
255	18490
256	18492
257	18493
258	18503
259	18504
260	18505
261	18506
262	18507
263	18508
264	18509
265	18511
266	18514
267	18515
268	18516
269	18519
270	18520
271	18523
272	18525
273	18528
274	18531
275	18532
276	18535
277	18536
278	18540
279	18544
280	18551
281	18554
282	18555
283	18557
284	18564
285	18567
286	18568
287	18572
288	18573
289	18578
290	18580
291	18582
292	18584
293	18588
294	18590
295	18591
296	18592
297	18593
298	18595
299	18597
300	18598
301	18601
302	18606
303	18615
304	18617
305	18618
306	18619
307	18620
308	18626
309	18627
310	18634
311	18635
312	18637
313	18638
314	18641
315	18642
316	18643
317	18644
318	18646
319	18647
320	18648
321	18649
322	18650
323	18652
324	18654
325	18659
326	18660
327	18661
328	18664
329	18665
330	18666
331	18668
332	18670
333	18671
334	18672
335	18674
336	18682
337	18684
338	18689
339	18690
340	18692
341	18697
342	18698
343	18702
344	18703
345	18705
346	18708
347	18709
348	18710
349	18714
350	18718
351	18721
352	18722
353	18723
354	18728
355	18731
356	18733
357	18734
358	29626
359	29627
360	29634
361	29635
362	29636
363	29637
364	29612
365	29613
366	29614
367	29615
368	29616
