1250	18417
1250	18421
1250	18422
1250	18423
1250	18425
1250	18426
1250	18435
1250	18444
1250	18447
1250	18448
1250	18449
1250	18450
1250	18451
1250	18452
1250	18453
1250	18458
1250	18461
1250	18462
1250	18463
1250	18464
1250	18465
1250	18466
1250	18468
1250	18471
1250	18472
1250	18474
1250	18475
1250	18477
1250	18478
1250	18482
1250	18483
1250	18488
1250	18489
1250	18490
1250	18492
1250	18493
1250	18503
1250	18504
1250	18505
1250	18506
1250	18507
1250	18508
1250	18509
1250	18511
1250	18514
1250	18515
1250	18516
1250	18519
1250	18520
1250	18523
1250	18525
1250	18528
1250	18531
1250	18532
1250	18535
1250	18536
1250	18540
1250	18544
1250	18551
1250	18554
1250	18555
1250	18557
1250	18564
1250	18567
1250	18568
1250	18572
1250	18573
1250	18578
1250	18580
1250	18582
1250	18584
1250	18588
1250	18590
1250	18591
1250	18592
1250	18593
1250	18595
1250	18597
1250	18598
1250	18601
1250	18606
1250	18615
1250	18617
1250	18618
1250	18619
1250	18620
1250	18626
1250	18627
1250	18634
1250	18635
1250	18637
1250	18638
1250	18641
1250	18642
1250	18643
1250	18644
1250	18646
1250	18647
1250	18648
1250	18649
1250	18650
1250	18652
1250	18654
1250	18659
1250	18660
1250	18661
1250	18664
1250	18665
1250	18666
1250	18668
1250	18670
1250	18671
1250	18672
1250	18674
1250	18682
1250	18684
1250	18689
1250	18690
1250	18692
1250	18697
1250	18698
1250	18702
1250	18703
1250	18705
1250	18708
1250	18709
1250	18710
1250	18714
1250	18718
1250	18721
1250	18722
1250	18723
1250	18728
1250	18731
1250	18733
1250	18734
18422	18709
18422	18710
18425	18644
18425	18646
18425	18647
18425	18648
18425	18668
18425	18689
18425	18690
18449	18450
18464	18508
18464	18509
18503	18504
18503	18505
18503	18506
18504	18505
18504	18506
18505	18506
18508	18509
18519	18520
18519	18620
18519	18672
18519	29626
18519	29627
18520	18620
18523	29634
18523	29635
18523	29636
18523	29637
18528	18597
18528	18598
18591	18637
18597	18598
18617	18618
18617	18619
18617	18620
18618	18619
18618	18620
18618	29612
18618	29613
18618	29614
18619	18620
18619	29615
18619	29616
18626	18627
18644	18648
18646	18647
18646	18668
18672	29626
18672	29627
18689	18690
18709	18710
29612	29613
29612	29614
29613	29614
29615	29616
29626	29627
29634	29635
29634	29636
29634	29637
29635	29636
29635	29637
29636	29637
