0	1
1	2
2	3
3	4
4	5
5	6
6	7
7	8
8	9
9	10
10	11
11	12
12	13
13	14
14	15
16	17
15	16
18	19
17	18
20	21
19	20
22	23
21	22
24	25
23	24
26	27
25	26
28	29
27	28
30	31
29	30
33	34
34	35
31	32
32	33
37	38
38	39
35	36
36	37
41	42
42	43
39	40
40	41
45	46
46	47
43	44
44	45
50	51
49	50
48	49
47	48
54	55
53	54
52	53
51	52
58	59
57	58
56	57
55	56
62	63
61	62
60	61
59	60
67	68
68	69
69	70
70	71
63	64
64	65
65	66
66	67
75	76
76	77
77	78
78	79
71	72
72	73
73	74
74	75
84	85
83	84
86	87
85	86
80	81
79	80
82	83
81	82
92	93
91	92
94	95
93	94
88	89
87	88
90	91
89	90
101	102
102	103
99	100
100	101
97	98
98	99
95	96
96	97
109	110
110	111
107	108
108	109
105	106
106	107
103	104
104	105
118	119
117	118
116	117
115	116
114	115
113	114
112	113
111	112
126	127
125	126
124	125
123	124
122	123
121	122
120	121
119	120
136	137
135	136
138	139
137	138
140	141
139	140
142	143
141	142
128	129
127	128
130	131
129	130
132	133
131	132
134	135
133	134
151	152
152	153
153	154
154	155
155	156
156	157
157	158
158	159
143	144
144	145
145	146
146	147
147	148
148	149
149	150
150	151
170	171
169	170
168	169
167	168
174	175
173	174
172	173
171	172
162	163
161	162
160	161
159	160
166	167
165	166
164	165
163	164
185	186
186	187
183	184
184	185
189	190
190	191
187	188
188	189
177	178
178	179
175	176
176	177
181	182
182	183
179	180
180	181
204	205
203	204
206	207
205	206
200	201
199	200
202	203
201	202
196	197
195	196
198	199
197	198
192	193
191	192
194	195
193	194
219	220
220	221
221	222
222	223
215	216
216	217
217	218
218	219
211	212
212	213
213	214
214	215
207	208
208	209
209	210
210	211
238	239
237	238
236	237
235	236
234	235
233	234
232	233
231	232
230	231
229	230
228	229
227	228
226	227
225	226
224	225
223	224
253	254
254	255
251	252
252	253
249	250
250	251
247	248
248	249
245	246
246	247
243	244
244	245
241	242
242	243
239	240
240	241
274	275
273	274
272	273
271	272
278	279
277	278
276	277
275	276
282	283
281	282
280	281
279	280
286	287
285	286
284	285
283	284
257	258
258	259
255	256
256	257
261	262
262	263
259	260
260	261
265	266
266	267
263	264
264	265
269	270
270	271
267	268
268	269
304	305
303	304
306	307
305	306
308	309
307	308
310	311
309	310
312	313
311	312
314	315
313	314
316	317
315	316
318	319
317	318
287	288
288	289
289	290
290	291
291	292
292	293
293	294
294	295
295	296
296	297
297	298
298	299
299	300
300	301
301	302
302	303
342	343
341	342
340	341
339	340
338	339
337	338
336	337
335	336
350	351
349	350
348	349
347	348
346	347
345	346
344	345
343	344
325	326
326	327
323	324
324	325
321	322
322	323
319	320
320	321
333	334
334	335
331	332
332	333
329	330
330	331
327	328
328	329
372	373
371	372
374	375
373	374
368	369
367	368
370	371
369	370
380	381
379	380
382	383
381	382
376	377
375	376
378	379
377	378
355	356
356	357
357	358
358	359
351	352
352	353
353	354
354	355
363	364
364	365
365	366
366	367
359	360
360	361
361	362
362	363
409	410
410	411
407	408
408	409
413	414
414	415
411	412
412	413
401	402
402	403
399	400
400	401
405	406
406	407
403	404
404	405
394	395
393	394
392	393
391	392
398	399
397	398
396	397
395	396
386	387
385	386
384	385
383	384
390	391
389	390
388	389
387	388
439	440
440	441
441	442
442	443
443	444
444	445
445	446
446	447
431	432
432	433
433	434
434	435
435	436
436	437
437	438
438	439
424	425
423	424
426	427
425	426
428	429
427	428
430	431
429	430
416	417
415	416
418	419
417	418
420	421
419	420
422	423
421	422
477	478
478	479
475	476
476	477
473	474
474	475
471	472
472	473
469	470
470	471
467	468
468	469
465	466
466	467
463	464
464	465
462	463
461	462
460	461
459	460
458	459
457	458
456	457
455	456
454	455
453	454
452	453
451	452
450	451
449	450
448	449
447	448
507	508
508	509
509	510
510	511
503	504
504	505
505	506
506	507
499	500
500	501
501	502
502	503
495	496
496	497
497	498
498	499
492	493
491	492
494	495
493	494
488	489
487	488
490	491
489	490
484	485
483	484
486	487
485	486
480	481
479	480
482	483
481	482
549	550
550	551
547	548
548	549
545	546
546	547
543	544
544	545
557	558
558	559
555	556
556	557
553	554
554	555
551	552
552	553
566	567
565	566
564	565
563	564
562	563
561	562
560	561
559	560
574	575
573	574
572	573
571	572
570	571
569	570
568	569
567	568
515	516
516	517
517	518
518	519
511	512
512	513
513	514
514	515
523	524
524	525
525	526
526	527
519	520
520	521
521	522
522	523
532	533
531	532
534	535
533	534
528	529
527	528
530	531
529	530
540	541
539	540
542	543
541	542
536	537
535	536
538	539
537	538
609	610
610	611
607	608
608	609
613	614
614	615
611	612
612	613
617	618
618	619
615	616
616	617
621	622
622	623
619	620
620	621
626	627
625	626
624	625
623	624
630	631
629	630
628	629
627	628
634	635
633	634
632	633
631	632
638	639
637	638
636	637
635	636
575	576
576	577
577	578
578	579
579	580
580	581
581	582
582	583
583	584
584	585
585	586
586	587
587	588
588	589
589	590
590	591
592	593
591	592
594	595
593	594
596	597
595	596
598	599
597	598
600	601
599	600
602	603
601	602
604	605
603	604
606	607
605	606
686	687
685	686
684	685
683	684
682	683
681	682
680	681
679	680
678	679
677	678
676	677
675	676
674	675
673	674
672	673
671	672
701	702
702	703
699	700
700	701
697	698
698	699
695	696
696	697
693	694
694	695
691	692
692	693
689	690
690	691
687	688
688	689
652	653
651	652
654	655
653	654
648	649
647	648
650	651
649	650
644	645
643	644
646	647
645	646
640	641
639	640
642	643
641	642
667	668
668	669
669	670
670	671
663	664
664	665
665	666
666	667
659	660
660	661
661	662
662	663
655	656
656	657
657	658
658	659
746	747
745	746
744	745
743	744
750	751
749	750
748	749
747	748
738	739
737	738
736	737
735	736
742	743
741	742
740	741
739	740
761	762
762	763
759	760
760	761
765	766
766	767
763	764
764	765
753	754
754	755
751	752
752	753
757	758
758	759
755	756
756	757
712	713
711	712
714	715
713	714
716	717
715	716
718	719
717	718
704	705
703	704
706	707
705	706
708	709
707	708
710	711
709	710
727	728
728	729
729	730
730	731
731	732
732	733
733	734
734	735
719	720
720	721
721	722
722	723
723	724
724	725
725	726
726	727
820	821
819	820
822	823
821	822
816	817
815	816
818	819
817	818
828	829
827	828
830	831
829	830
824	825
823	824
826	827
825	826
803	804
804	805
805	806
806	807
799	800
800	801
801	802
802	803
811	812
812	813
813	814
814	815
807	808
808	809
809	810
810	811
790	791
789	790
788	789
787	788
786	787
785	786
784	785
783	784
798	799
797	798
796	797
795	796
794	795
793	794
792	793
791	792
773	774
774	775
771	772
772	773
769	770
770	771
767	768
768	769
781	782
782	783
779	780
780	781
777	778
778	779
775	776
776	777
880	881
879	880
882	883
881	882
884	885
883	884
886	887
885	886
888	889
887	888
890	891
889	890
892	893
891	892
894	895
893	894
863	864
864	865
865	866
866	867
867	868
868	869
869	870
870	871
871	872
872	873
873	874
874	875
875	876
876	877
877	878
878	879
850	851
849	850
848	849
847	848
854	855
853	854
852	853
851	852
858	859
857	858
856	857
855	856
862	863
861	862
860	861
859	860
833	834
834	835
831	832
832	833
837	838
838	839
835	836
836	837
841	842
842	843
839	840
840	841
845	846
846	847
843	844
844	845
955	956
956	957
957	958
958	959
951	952
952	953
953	954
954	955
947	948
948	949
949	950
950	951
943	944
944	945
945	946
946	947
940	941
939	940
942	943
941	942
936	937
935	936
938	939
937	938
932	933
931	932
934	935
933	934
928	929
927	928
930	931
929	930
925	926
926	927
923	924
924	925
921	922
922	923
919	920
920	921
917	918
918	919
915	916
916	917
913	914
914	915
911	912
912	913
910	911
909	910
908	909
907	908
906	907
905	906
904	905
903	904
902	903
901	902
900	901
899	900
898	899
897	898
896	897
895	896
1015	1016
1016	1017
1017	1018
1018	1019
1019	1020
1020	1021
1021	1022
1022	1023
1007	1008
1008	1009
1009	1010
1010	1011
1011	1012
1012	1013
1013	1014
1014	1015
1000	1001
999	1000
1002	1003
1001	1002
1004	1005
1003	1004
1006	1007
1005	1006
992	993
991	992
994	995
993	994
996	997
995	996
998	999
997	998
985	986
986	987
983	984
984	985
989	990
990	991
987	988
988	989
977	978
978	979
975	976
976	977
981	982
982	983
979	980
980	981
970	971
969	970
968	969
967	968
974	975
973	974
972	973
971	972
962	963
961	962
960	961
959	960
966	967
965	966
964	965
963	964
1099	1100
1100	1101
1101	1102
1102	1103
1095	1096
1096	1097
1097	1098
1098	1099
1091	1092
1092	1093
1093	1094
1094	1095
1087	1088
1088	1089
1089	1090
1090	1091
1116	1117
1115	1116
1118	1119
1117	1118
1112	1113
1111	1112
1114	1115
1113	1114
1108	1109
1107	1108
1110	1111
1109	1110
1104	1105
1103	1104
1106	1107
1105	1106
1133	1134
1134	1135
1131	1132
1132	1133
1129	1130
1130	1131
1127	1128
1128	1129
1125	1126
1126	1127
1123	1124
1124	1125
1121	1122
1122	1123
1119	1120
1120	1121
1150	1151
1149	1150
1148	1149
1147	1148
1146	1147
1145	1146
1144	1145
1143	1144
1142	1143
1141	1142
1140	1141
1139	1140
1138	1139
1137	1138
1136	1137
1135	1136
1031	1032
1032	1033
1033	1034
1034	1035
1035	1036
1036	1037
1037	1038
1038	1039
1023	1024
1024	1025
1025	1026
1026	1027
1027	1028
1028	1029
1029	1030
1030	1031
1048	1049
1047	1048
1050	1051
1049	1050
1052	1053
1051	1052
1054	1055
1053	1054
1040	1041
1039	1040
1042	1043
1041	1042
1044	1045
1043	1044
1046	1047
1045	1046
1065	1066
1066	1067
1063	1064
1064	1065
1069	1070
1070	1071
1067	1068
1068	1069
1057	1058
1058	1059
1055	1056
1056	1057
1061	1062
1062	1063
1059	1060
1060	1061
1082	1083
1081	1082
1080	1081
1079	1080
1086	1087
1085	1086
1084	1085
1083	1084
1074	1075
1073	1074
1072	1073
1071	1072
1078	1079
1077	1078
1076	1077
1075	1076
1220	1221
1219	1220
1222	1223
1221	1222
1216	1217
1215	1216
1218	1219
1217	1218
1228	1229
1227	1228
1230	1231
1229	1230
1224	1225
1223	1224
1226	1227
1225	1226
1235	1236
1236	1237
1237	1238
1238	1239
1231	1232
1232	1233
1233	1234
1234	1235
1243	1244
1244	1245
1245	1246
1246	1247
1239	1240
1240	1241
1241	1242
1242	1243
1254	1255
1253	1254
1252	1253
1251	1252
1250	1251
1249	1250
1248	1249
1247	1248
1262	1263
1261	1262
1260	1261
1259	1260
1258	1259
1257	1258
1256	1257
1255	1256
1269	1270
1270	1271
1267	1268
1268	1269
1265	1266
1266	1267
1263	1264
1264	1265
1277	1278
1278	1279
1275	1276
1276	1277
1273	1274
1274	1275
1271	1272
1272	1273
1152	1153
1151	1152
1154	1155
1153	1154
1156	1157
1155	1156
1158	1159
1157	1158
1160	1161
1159	1160
1162	1163
1161	1162
1164	1165
1163	1164
1166	1167
1165	1166
1167	1168
1168	1169
1169	1170
1170	1171
1171	1172
1172	1173
1173	1174
1174	1175
1175	1176
1176	1177
1177	1178
1178	1179
1179	1180
1180	1181
1181	1182
1182	1183
1186	1187
1185	1186
1184	1185
1183	1184
1190	1191
1189	1190
1188	1189
1187	1188
1194	1195
1193	1194
1192	1193
1191	1192
1198	1199
1197	1198
1196	1197
1195	1196
1201	1202
1202	1203
1199	1200
1200	1201
1205	1206
1206	1207
1203	1204
1204	1205
1209	1210
1210	1211
1207	1208
1208	1209
1213	1214
1214	1215
1211	1212
1212	1213
1374	1375
1373	1374
1372	1373
1371	1372
1370	1371
1369	1370
1368	1369
1367	1368
1366	1367
1365	1366
1364	1365
1363	1364
1362	1363
1361	1362
1360	1361
1359	1360
1357	1358
1358	1359
1355	1356
1356	1357
1353	1354
1354	1355
1351	1352
1352	1353
1349	1350
1350	1351
1347	1348
1348	1349
1345	1346
1346	1347
1343	1344
1344	1345
1404	1405
1403	1404
1406	1407
1405	1406
1400	1401
1399	1400
1402	1403
1401	1402
1396	1397
1395	1396
1398	1399
1397	1398
1392	1393
1391	1392
1394	1395
1393	1394
1387	1388
1388	1389
1389	1390
1390	1391
1383	1384
1384	1385
1385	1386
1386	1387
1379	1380
1380	1381
1381	1382
1382	1383
1375	1376
1376	1377
1377	1378
1378	1379
1306	1307
1305	1306
1304	1305
1303	1304
1310	1311
1309	1310
1308	1309
1307	1308
1298	1299
1297	1298
1296	1297
1295	1296
1302	1303
1301	1302
1300	1301
1299	1300
1289	1290
1290	1291
1287	1288
1288	1289
1293	1294
1294	1295
1291	1292
1292	1293
1281	1282
1282	1283
1279	1280
1280	1281
1285	1286
1286	1287
1283	1284
1284	1285
1336	1337
1335	1336
1338	1339
1337	1338
1340	1341
1339	1340
1342	1343
1341	1342
1328	1329
1327	1328
1330	1331
1329	1330
1332	1333
1331	1332
1334	1335
1333	1334
1319	1320
1320	1321
1321	1322
1322	1323
1323	1324
1324	1325
1325	1326
1326	1327
1311	1312
1312	1313
1313	1314
1314	1315
1315	1316
1316	1317
1317	1318
1318	1319
1493	1494
1494	1495
1491	1492
1492	1493
1489	1490
1490	1491
1487	1488
1488	1489
1501	1502
1502	1503
1499	1500
1500	1501
1497	1498
1498	1499
1495	1496
1496	1497
1478	1479
1477	1478
1476	1477
1475	1476
1474	1475
1473	1474
1472	1473
1471	1472
1486	1487
1485	1486
1484	1485
1483	1484
1482	1483
1481	1482
1480	1481
1479	1480
1523	1524
1524	1525
1525	1526
1526	1527
1519	1520
1520	1521
1521	1522
1522	1523
1531	1532
1532	1533
1533	1534
1534	1535
1527	1528
1528	1529
1529	1530
1530	1531
1508	1509
1507	1508
1510	1511
1509	1510
1504	1505
1503	1504
1506	1507
1505	1506
1516	1517
1515	1516
1518	1519
1517	1518
1512	1513
1511	1512
1514	1515
1513	1514
1425	1426
1426	1427
1423	1424
1424	1425
1429	1430
1430	1431
1427	1428
1428	1429
1433	1434
1434	1435
1431	1432
1432	1433
1437	1438
1438	1439
1435	1436
1436	1437
1410	1411
1409	1410
1408	1409
1407	1408
1414	1415
1413	1414
1412	1413
1411	1412
1418	1419
1417	1418
1416	1417
1415	1416
1422	1423
1421	1422
1420	1421
1419	1420
1455	1456
1456	1457
1457	1458
1458	1459
1459	1460
1460	1461
1461	1462
1462	1463
1463	1464
1464	1465
1465	1466
1466	1467
1467	1468
1468	1469
1469	1470
1470	1471
1440	1441
1439	1440
1442	1443
1441	1442
1444	1445
1443	1444
1446	1447
1445	1446
1448	1449
1447	1448
1450	1451
1449	1450
1452	1453
1451	1452
1454	1455
1453	1454
1641	1642
1642	1643
1639	1640
1640	1641
1645	1646
1646	1647
1643	1644
1644	1645
1633	1634
1634	1635
1631	1632
1632	1633
1637	1638
1638	1639
1635	1636
1636	1637
1658	1659
1657	1658
1656	1657
1655	1656
1662	1663
1661	1662
1660	1661
1659	1660
1650	1651
1649	1650
1648	1649
1647	1648
1654	1655
1653	1654
1652	1653
1651	1652
1607	1608
1608	1609
1609	1610
1610	1611
1611	1612
1612	1613
1613	1614
1614	1615
1599	1600
1600	1601
1601	1602
1602	1603
1603	1604
1604	1605
1605	1606
1606	1607
1624	1625
1623	1624
1626	1627
1625	1626
1628	1629
1627	1628
1630	1631
1629	1630
1616	1617
1615	1616
1618	1619
1617	1618
1620	1621
1619	1620
1622	1623
1621	1622
1581	1582
1582	1583
1579	1580
1580	1581
1577	1578
1578	1579
1575	1576
1576	1577
1573	1574
1574	1575
1571	1572
1572	1573
1569	1570
1570	1571
1567	1568
1568	1569
1598	1599
1597	1598
1596	1597
1595	1596
1594	1595
1593	1594
1592	1593
1591	1592
1590	1591
1589	1590
1588	1589
1587	1588
1586	1587
1585	1586
1584	1585
1583	1584
1547	1548
1548	1549
1549	1550
1550	1551
1543	1544
1544	1545
1545	1546
1546	1547
1539	1540
1540	1541
1541	1542
1542	1543
1535	1536
1536	1537
1537	1538
1538	1539
1564	1565
1563	1564
1566	1567
1565	1566
1560	1561
1559	1560
1562	1563
1561	1562
1556	1557
1555	1556
1558	1559
1557	1558
1552	1553
1551	1552
1554	1555
1553	1554
1762	1763
1761	1762
1760	1761
1759	1760
1766	1767
1765	1766
1764	1765
1763	1764
1770	1771
1769	1770
1768	1769
1767	1768
1774	1775
1773	1774
1772	1773
1771	1772
1777	1778
1778	1779
1775	1776
1776	1777
1781	1782
1782	1783
1779	1780
1780	1781
1785	1786
1786	1787
1783	1784
1784	1785
1789	1790
1790	1791
1787	1788
1788	1789
1728	1729
1727	1728
1730	1731
1729	1730
1732	1733
1731	1732
1734	1735
1733	1734
1736	1737
1735	1736
1738	1739
1737	1738
1740	1741
1739	1740
1742	1743
1741	1742
1743	1744
1744	1745
1745	1746
1746	1747
1747	1748
1748	1749
1749	1750
1750	1751
1751	1752
1752	1753
1753	1754
1754	1755
1755	1756
1756	1757
1757	1758
1758	1759
1702	1703
1701	1702
1700	1701
1699	1700
1698	1699
1697	1698
1696	1697
1695	1696
1710	1711
1709	1710
1708	1709
1707	1708
1706	1707
1705	1706
1704	1705
1703	1704
1717	1718
1718	1719
1715	1716
1716	1717
1713	1714
1714	1715
1711	1712
1712	1713
1725	1726
1726	1727
1723	1724
1724	1725
1721	1722
1722	1723
1719	1720
1720	1721
1668	1669
1667	1668
1670	1671
1669	1670
1664	1665
1663	1664
1666	1667
1665	1666
1676	1677
1675	1676
1678	1679
1677	1678
1672	1673
1671	1672
1674	1675
1673	1674
1683	1684
1684	1685
1685	1686
1686	1687
1679	1680
1680	1681
1681	1682
1682	1683
1691	1692
1692	1693
1693	1694
1694	1695
1687	1688
1688	1689
1689	1690
1690	1691
1912	1913
1911	1912
1914	1915
1913	1914
1916	1917
1915	1916
1918	1919
1917	1918
1904	1905
1903	1904
1906	1907
1905	1906
1908	1909
1907	1908
1910	1911
1909	1910
1895	1896
1896	1897
1897	1898
1898	1899
1899	1900
1900	1901
1901	1902
1902	1903
1887	1888
1888	1889
1889	1890
1890	1891
1891	1892
1892	1893
1893	1894
1894	1895
1882	1883
1881	1882
1880	1881
1879	1880
1886	1887
1885	1886
1884	1885
1883	1884
1874	1875
1873	1874
1872	1873
1871	1872
1878	1879
1877	1878
1876	1877
1875	1876
1865	1866
1866	1867
1863	1864
1864	1865
1869	1870
1870	1871
1867	1868
1868	1869
1857	1858
1858	1859
1855	1856
1856	1857
1861	1862
1862	1863
1859	1860
1860	1861
1852	1853
1851	1852
1854	1855
1853	1854
1848	1849
1847	1848
1850	1851
1849	1850
1844	1845
1843	1844
1846	1847
1845	1846
1840	1841
1839	1840
1842	1843
1841	1842
1835	1836
1836	1837
1837	1838
1838	1839
1831	1832
1832	1833
1833	1834
1834	1835
1827	1828
1828	1829
1829	1830
1830	1831
1823	1824
1824	1825
1825	1826
1826	1827
1822	1823
1821	1822
1820	1821
1819	1820
1818	1819
1817	1818
1816	1817
1815	1816
1814	1815
1813	1814
1812	1813
1811	1812
1810	1811
1809	1810
1808	1809
1807	1808
1805	1806
1806	1807
1803	1804
1804	1805
1801	1802
1802	1803
1799	1800
1800	1801
1797	1798
1798	1799
1795	1796
1796	1797
1793	1794
1794	1795
1791	1792
1792	1793
2028	2032
2029	2033
2030	2034
2031	2035
2032	2036
2033	2037
2034	2038
2035	2039
2036	2040
2037	2041
2038	2042
2039	2043
2040	2044
2041	2045
2042	2046
2043	2047
2013	2017
2012	2016
2015	2019
2014	2018
2017	2021
2016	2020
2019	2023
2018	2022
2021	2025
2020	2024
2023	2027
2022	2026
2025	2029
2024	2028
2027	2031
2026	2030
1998	2002
1999	2003
1996	2000
1997	2001
2002	2006
2003	2007
2000	2004
2001	2005
2006	2010
2007	2011
2004	2008
2005	2009
2010	2014
2011	2015
2008	2012
2009	2013
1983	1987
1982	1986
1981	1985
1980	1984
1987	1991
1986	1990
1985	1989
1984	1988
1991	1995
1990	1994
1989	1993
1988	1992
1995	1999
1994	1998
1993	1997
1992	1996
1968	1972
1969	1973
1970	1974
1971	1975
1964	1968
1965	1969
1966	1970
1967	1971
1976	1980
1977	1981
1978	1982
1979	1983
1972	1976
1973	1977
1974	1978
1975	1979
1953	1957
1952	1956
1955	1959
1954	1958
1951	1952
1961	1965
1960	1964
1963	1967
1962	1966
1957	1961
1956	1960
1959	1963
1958	1962
1941	1942
1942	1943
1939	1940
1940	1941
1937	1938
1938	1939
1935	1936
1936	1937
1949	1950
1950	1951
1947	1948
1948	1949
1945	1946
1946	1947
1943	1944
1944	1945
1926	1927
1925	1926
1924	1925
1923	1924
1922	1923
1921	1922
1920	1921
1919	1920
1934	1935
1933	1934
1932	1933
1931	1932
1930	1931
1929	1930
1928	1929
1927	1928
2193	2200
2194	2201
2195	2202
2196	2203
2197	2204
2198	2205
2199	2206
2200	2207
2185	2192
2186	2193
2187	2194
2188	2195
2189	2196
2190	2197
2191	2198
2192	2199
2178	2185
2177	2184
2180	2187
2179	2186
2182	2189
2181	2188
2184	2191
2183	2190
2172	2179
2171	2178
2174	2181
2173	2180
2176	2183
2175	2182
2227	2234
2228	2235
2225	2232
2226	2233
2231	2238
2232	2239
2229	2236
2230	2237
2219	2226
2220	2227
2217	2224
2218	2225
2223	2230
2224	2231
2221	2228
2222	2229
2212	2219
2211	2218
2210	2217
2209	2216
2216	2223
2215	2222
2214	2221
2213	2220
2204	2211
2203	2210
2202	2209
2201	2208
2208	2215
2207	2214
2206	2213
2205	2212
2261	2268
2262	2269
2263	2270
2264	2271
2257	2264
2258	2265
2259	2266
2260	2267
2253	2260
2254	2261
2255	2262
2256	2263
2249	2256
2250	2257
2251	2258
2252	2259
2246	2253
2245	2252
2248	2255
2247	2254
2242	2249
2241	2248
2244	2251
2243	2250
2238	2245
2237	2244
2240	2247
2239	2246
2234	2241
2233	2240
2236	2243
2235	2242
2295	2302
2296	2303
2293	2300
2294	2301
2291	2298
2292	2299
2289	2296
2290	2297
2287	2294
2288	2295
2285	2292
2286	2293
2283	2290
2284	2291
2281	2288
2282	2289
2280	2287
2279	2286
2278	2285
2277	2284
2276	2283
2275	2282
2274	2281
2273	2280
2272	2279
2271	2278
2270	2277
2269	2276
2268	2275
2267	2274
2266	2273
2265	2272
2061	2065
2060	2064
2063	2067
2062	2066
2065	2069
2064	2068
2067	2071
2066	2070
2069	2073
2068	2072
2071	2075
2070	2074
2073	2077
2072	2076
2075	2079
2074	2078
2044	2048
2045	2049
2046	2050
2047	2051
2048	2052
2049	2053
2050	2054
2051	2055
2052	2056
2053	2057
2054	2058
2055	2059
2056	2060
2057	2061
2058	2062
2059	2063
2095	2099
2094	2098
2093	2097
2092	2096
2099	2103
2098	2102
2097	2101
2096	2100
2103	2107
2102	2106
2101	2105
2100	2104
2107	2111
2106	2110
2105	2109
2104	2108
2078	2082
2079	2083
2076	2080
2077	2081
2082	2086
2083	2087
2080	2084
2081	2085
2086	2090
2087	2091
2084	2088
2085	2089
2090	2094
2091	2095
2088	2092
2089	2093
2129	2133
2128	2132
2131	2135
2130	2134
2125	2129
2124	2128
2127	2131
2126	2130
2137	2141
2136	2140
2139	2143
2138	2142
2133	2137
2132	2136
2135	2139
2134	2138
2112	2116
2113	2117
2114	2118
2115	2119
2108	2112
2109	2113
2110	2114
2111	2115
2120	2124
2121	2125
2122	2126
2123	2127
2116	2120
2117	2121
2118	2122
2119	2123
2163	2167
2162	2166
2161	2165
2160	2164
2159	2163
2158	2162
2157	2161
2156	2160
2170	2174
2169	2173
2168	2172
2167	2171
2166	2170
2165	2169
2164	2168
2146	2150
2147	2151
2144	2148
2145	2149
2142	2146
2143	2147
2140	2144
2141	2145
2154	2158
2155	2159
2152	2156
2153	2157
2150	2154
2151	2155
2148	2152
2149	2153
2433	2443
2432	2442
2431	2441
2430	2440
2437	2447
2436	2446
2435	2445
2434	2444
2425	2435
2424	2434
2423	2433
2422	2432
2429	2439
2428	2438
2427	2437
2426	2436
2448	2458
2449	2459
2446	2456
2447	2457
2452	2462
2453	2463
2450	2460
2451	2461
2440	2450
2441	2451
2438	2448
2439	2449
2444	2454
2445	2455
2442	2452
2443	2453
2463	2473
2462	2472
2465	2475
2464	2474
2467	2477
2466	2476
2469	2479
2468	2478
2455	2465
2454	2464
2457	2467
2456	2466
2459	2469
2458	2468
2461	2471
2460	2470
2478	2488
2479	2489
2480	2490
2481	2491
2482	2492
2483	2493
2484	2494
2485	2495
2470	2480
2471	2481
2472	2482
2473	2483
2474	2484
2475	2485
2476	2486
2477	2487
2501	2511
2500	2510
2499	2509
2498	2508
2497	2507
2496	2506
2495	2505
2494	2504
2493	2503
2492	2502
2491	2501
2490	2500
2489	2499
2488	2498
2487	2497
2486	2496
2516	2526
2517	2527
2514	2524
2515	2525
2512	2522
2513	2523
2510	2520
2511	2521
2508	2518
2509	2519
2506	2516
2507	2517
2504	2514
2505	2515
2502	2512
2503	2513
2531	2541
2530	2540
2533	2543
2532	2542
2527	2537
2526	2536
2529	2539
2528	2538
2523	2533
2522	2532
2525	2535
2524	2534
2519	2529
2518	2528
2521	2531
2520	2530
2546	2556
2547	2557
2548	2558
2549	2559
2542	2552
2543	2553
2544	2554
2545	2555
2538	2548
2539	2549
2540	2550
2541	2551
2534	2544
2535	2545
2536	2546
2537	2547
2299	2306
2300	2307
2297	2304
2298	2305
2303	2310
2304	2311
2301	2308
2302	2309
2307	2314
2308	2315
2305	2312
2306	2313
2311	2318
2312	2319
2309	2316
2310	2317
2316	2323
2315	2322
2314	2321
2313	2320
2320	2327
2319	2326
2318	2325
2317	2324
2324	2331
2323	2330
2322	2329
2321	2328
2328	2335
2327	2334
2326	2333
2325	2332
2329	2336
2330	2337
2331	2338
2332	2339
2333	2340
2334	2341
2335	2342
2336	2343
2337	2344
2338	2345
2339	2346
2340	2347
2341	2348
2342	2349
2343	2350
2344	2351
2346	2353
2345	2352
2348	2355
2347	2354
2350	2357
2349	2356
2352	2359
2351	2358
2354	2361
2353	2360
2356	2363
2355	2362
2358	2365
2357	2364
2360	2367
2359	2366
2367	2374
2368	2375
2365	2372
2366	2373
2363	2370
2364	2371
2361	2368
2362	2369
2375	2382
2376	2383
2373	2380
2374	2381
2371	2378
2372	2379
2369	2376
2370	2377
2384	2391
2383	2390
2382	2389
2381	2388
2380	2387
2379	2386
2378	2385
2377	2384
2392	2399
2391	2398
2390	2397
2389	2396
2388	2395
2387	2394
2386	2393
2385	2392
2397	2404
2398	2405
2399	2406
2393	2400
2394	2401
2395	2402
2396	2403
2402	2412
2403	2413
2404	2414
2405	2415
2400	2410
2401	2411
2411	2421
2410	2420
2413	2423
2412	2422
2407	2417
2406	2416
2409	2419
2408	2418
2419	2429
2418	2428
2421	2431
2420	2430
2415	2425
2414	2424
2417	2427
2416	2426
2740	2750
2741	2751
2738	2748
2739	2749
2736	2746
2737	2747
2734	2744
2735	2745
2732	2742
2733	2743
2730	2740
2731	2741
2728	2738
2729	2739
2726	2736
2727	2737
2725	2735
2724	2734
2723	2733
2722	2732
2721	2731
2720	2730
2719	2729
2718	2728
2717	2727
2716	2726
2715	2725
2714	2724
2713	2723
2712	2722
2711	2721
2710	2720
2706	2716
2707	2717
2708	2718
2709	2719
2702	2712
2703	2713
2704	2714
2705	2715
2698	2708
2699	2709
2700	2710
2701	2711
2694	2704
2695	2705
2696	2706
2697	2707
2691	2701
2690	2700
2693	2703
2692	2702
2687	2697
2686	2696
2689	2699
2688	2698
2683	2693
2682	2692
2685	2695
2684	2694
2679	2689
2678	2688
2681	2691
2680	2690
2800	2810
2801	2811
2798	2808
2799	2809
2804	2814
2805	2815
2802	2812
2803	2813
2792	2802
2793	2803
2790	2800
2791	2801
2796	2806
2797	2807
2794	2804
2795	2805
2785	2795
2784	2794
2783	2793
2782	2792
2789	2799
2788	2798
2787	2797
2786	2796
2777	2787
2776	2786
2775	2785
2774	2784
2781	2791
2780	2790
2779	2789
2778	2788
2766	2776
2767	2777
2768	2778
2769	2779
2770	2780
2771	2781
2772	2782
2773	2783
2758	2768
2759	2769
2760	2770
2761	2771
2762	2772
2763	2773
2764	2774
2765	2775
2751	2761
2750	2760
2753	2763
2752	2762
2755	2765
2754	2764
2757	2767
2756	2766
2743	2753
2742	2752
2745	2755
2744	2754
2747	2757
2746	2756
2749	2759
2748	2758
2605	2615
2604	2614
2603	2613
2602	2612
2601	2611
2600	2610
2599	2609
2598	2608
2613	2623
2612	2622
2611	2621
2610	2620
2609	2619
2608	2618
2607	2617
2606	2616
2588	2598
2589	2599
2586	2596
2587	2597
2584	2594
2585	2595
2582	2592
2583	2593
2596	2606
2597	2607
2594	2604
2595	2605
2592	2602
2593	2603
2590	2600
2591	2601
2571	2581
2570	2580
2573	2583
2572	2582
2567	2577
2566	2576
2569	2579
2568	2578
2579	2589
2578	2588
2581	2591
2580	2590
2575	2585
2574	2584
2577	2587
2576	2586
2554	2564
2555	2565
2556	2566
2557	2567
2550	2560
2551	2561
2552	2562
2553	2563
2562	2572
2563	2573
2564	2574
2565	2575
2558	2568
2559	2569
2560	2570
2561	2571
2665	2675
2664	2674
2663	2673
2662	2672
2669	2679
2668	2678
2667	2677
2666	2676
2673	2683
2672	2682
2671	2681
2670	2680
2677	2687
2676	2686
2675	2685
2674	2684
2648	2658
2649	2659
2646	2656
2647	2657
2652	2662
2653	2663
2650	2660
2651	2661
2656	2666
2657	2667
2654	2664
2655	2665
2660	2670
2661	2671
2658	2668
2659	2669
2631	2641
2630	2640
2633	2643
2632	2642
2635	2645
2634	2644
2637	2647
2636	2646
2639	2649
2638	2648
2641	2651
2640	2650
2643	2653
2642	2652
2645	2655
2644	2654
2614	2624
2615	2625
2616	2626
2617	2627
2618	2628
2619	2629
2620	2630
2621	2631
2622	2632
2623	2633
2624	2634
2625	2635
2626	2636
2627	2637
2628	2638
2629	2639
2979	2989
2978	2988
2981	2991
2980	2990
2975	2985
2974	2984
2977	2987
2976	2986
2971	2981
2970	2980
2973	2983
2972	2982
2967	2977
2966	2976
2969	2979
2968	2978
2994	3004
2995	3005
2996	3006
2997	3007
2990	3000
2991	3001
2992	3002
2993	3003
2986	2996
2987	2997
2988	2998
2989	2999
2982	2992
2983	2993
2984	2994
2985	2995
2949	2959
2948	2958
2947	2957
2946	2956
2945	2955
2944	2954
2943	2953
2942	2952
2941	2951
2940	2950
2939	2949
2938	2948
2937	2947
2936	2946
2935	2945
2934	2944
2964	2974
2965	2975
2962	2972
2963	2973
2960	2970
2961	2971
2958	2968
2959	2969
2956	2966
2957	2967
2954	2964
2955	2965
2952	2962
2953	2963
2950	2960
2951	2961
3036	3049
3035	3048
3038	3051
3037	3050
3040	3053
3039	3052
3042	3055
3041	3054
3028	3041
3027	3040
3030	3043
3029	3042
3032	3045
3031	3044
3034	3047
3033	3046
3051	3064
3052	3065
3053	3066
3054	3067
3055	3068
3056	3069
3057	3070
3058	3071
3043	3056
3044	3057
3045	3058
3046	3059
3047	3060
3048	3061
3049	3062
3050	3063
3009	3019
3008	3018
3007	3017
3006	3016
3013	3023
3012	3022
3011	3021
3010	3020
3001	3011
3000	3010
2999	3009
2998	3008
3005	3015
3004	3014
3003	3013
3002	3012
3021	3034
3022	3035
3019	3032
3020	3033
3025	3038
3026	3039
3023	3036
3024	3037
3016	3026
3014	3024
3015	3025
3017	3030
3018	3031
2842	2852
2843	2853
2844	2854
2845	2855
2838	2848
2839	2849
2840	2850
2841	2851
2850	2860
2851	2861
2852	2862
2853	2863
2846	2856
2847	2857
2848	2858
2849	2859
2859	2869
2858	2868
2861	2871
2860	2870
2855	2865
2854	2864
2857	2867
2856	2866
2867	2877
2866	2876
2869	2879
2868	2878
2863	2873
2862	2872
2865	2875
2864	2874
2812	2822
2813	2823
2810	2820
2811	2821
2808	2818
2809	2819
2806	2816
2807	2817
2820	2830
2821	2831
2818	2828
2819	2829
2816	2826
2817	2827
2814	2824
2815	2825
2829	2839
2828	2838
2827	2837
2826	2836
2825	2835
2824	2834
2823	2833
2822	2832
2837	2847
2836	2846
2835	2845
2834	2844
2833	2843
2832	2842
2831	2841
2830	2840
2902	2912
2903	2913
2904	2914
2905	2915
2906	2916
2907	2917
2908	2918
2909	2919
2910	2920
2911	2921
2912	2922
2913	2923
2914	2924
2915	2925
2916	2926
2917	2927
2919	2929
2918	2928
2921	2931
2920	2930
2923	2933
2922	2932
2925	2935
2924	2934
2927	2937
2926	2936
2929	2939
2928	2938
2931	2941
2930	2940
2933	2943
2932	2942
2872	2882
2873	2883
2870	2880
2871	2881
2876	2886
2877	2887
2874	2884
2875	2885
2880	2890
2881	2891
2878	2888
2879	2889
2884	2894
2885	2895
2882	2892
2883	2893
2889	2899
2888	2898
2887	2897
2886	2896
2893	2903
2892	2902
2891	2901
2890	2900
2897	2907
2896	2906
2895	2905
2894	2904
2901	2911
2900	2910
2899	2909
2898	2908
3127	3140
3128	3141
3129	3142
3130	3143
3123	3136
3124	3137
3125	3138
3126	3139
3084	3097
3083	3096
3086	3099
3085	3098
3088	3101
3087	3100
3090	3103
3089	3102
3076	3089
3075	3088
3078	3091
3077	3090
3080	3093
3079	3092
3082	3095
3081	3094
3067	3080
3068	3081
3069	3082
3070	3083
3071	3084
3072	3085
3073	3086
3074	3087
3059	3072
3060	3073
3061	3074
3062	3075
3063	3076
3064	3077
3065	3078
3066	3079
3118	3131
3117	3130
3116	3129
3115	3128
3122	3135
3121	3134
3120	3133
3119	3132
3110	3123
3109	3122
3108	3121
3107	3120
3114	3127
3113	3126
3112	3125
3111	3124
3101	3114
3102	3115
3099	3112
3100	3113
3105	3118
3106	3119
3103	3116
3104	3117
3093	3106
3094	3107
3091	3104
3092	3105
3097	3110
3098	3111
3095	3108
3096	3109
