226	374
227	3085
228	3086
229	3087
230	3091
231	3092
232	3093
233	3094
234	3095
235	3096
236	3098
237	3099
238	3101
239	3102
240	3103
241	3105
242	3109
243	3110
244	3111
245	3114
246	3115
247	3116
248	3117
249	3119
250	3120
251	3123
252	3124
253	3125
254	3126
255	3130
256	3132
257	3133
258	3134
259	3135
260	3136
261	3138
262	3139
263	3141
264	3142
265	3143
266	3149
267	3152
268	3153
269	3156
270	3159
271	3160
272	3161
273	3162
274	3164
275	3166
276	3167
277	3169
278	3170
279	3171
280	3174
281	3175
282	3177
283	3183
284	3184
285	3185
286	3186
287	3187
288	3189
289	3191
290	3192
291	3193
292	3194
293	3196
294	3197
295	3198
