0	196
1	8484
2	8485
3	8489
4	8491
5	8492
6	8493
7	8494
8	8495
9	8499
10	8500
11	8502
12	8503
13	8505
14	8509
15	8510
16	8515
17	8516
18	8517
19	8522
20	8524
21	8525
22	8529
23	8530
24	8531
25	8534
26	8535
27	8536
28	8537
29	8538
30	8539
31	8541
32	8542
33	8543
34	8546
35	8548
36	8551
37	8555
38	8556
39	8557
40	8561
41	8564
42	8566
43	8568
44	8570
45	8572
46	8574
47	8577
48	8580
49	8581
50	8585
51	8586
52	8587
53	8590
54	8591
55	8592
56	8594
57	8595
58	8596
59	8602
60	8603
61	8606
62	8608
63	8609
64	8611
65	8612
66	8613
67	8616
68	8617
69	8622
70	8623
71	8625
72	8626
73	18624
74	18625
75	18626
76	18627
