1193	1590
1194	7006
1195	7007
1196	7008
1197	7011
1198	7013
1199	7015
1200	7016
1201	7017
1202	7018
1203	7019
1204	7020
1205	7021
1206	7022
1207	7023
1208	7025
1209	7032
1210	7033
1211	7035
1212	7037
1213	7040
1214	7041
1215	7042
1216	7044
1217	7045
1218	7047
1219	7049
1220	7051
1221	7052
1222	7053
1223	7054
1224	7055
1225	7056
1226	7059
1227	7062
1228	7063
1229	7064
1230	7065
1231	7066
1232	7068
1233	7070
1234	7071
1235	7072
1236	7073
1237	7074
1238	7075
1239	7076
1240	7077
1241	7078
1242	7079
1243	7080
1244	7082
1245	7083
1246	7084
1247	7085
1248	7086
1249	7087
1250	7089
1251	7092
1252	7093
1253	7094
1254	7096
1255	7097
1256	7100
1257	7101
1258	7102
1259	32833
1260	32834
1261	32835
1262	10335
