5203	5495
5222	5495
5247	5268
5247	5495
5247	34330
5247	34331
5247	34332
5495	6361
5495	6363
5495	6365
5495	6366
5495	6367
5495	6368
5495	6369
5495	6371
5495	6372
5495	6373
5495	6374
5495	6376
5495	6377
5495	6378
5495	6379
5495	6380
5495	6381
5495	6382
5495	6383
5495	6384
5495	6385
5495	6386
5495	6387
5495	6388
5495	6389
5495	6390
6374	6384
6374	34327
6374	34328
6374	34329
6384	34327
6384	34328
6384	34329
6386	6387
6386	6388
6387	6388
6387	34333
6387	34334
6387	34335
34327	34328
34327	34329
34328	34329
34330	34331
34330	34332
34331	34332
34333	34334
34333	34335
34334	34335
