0	1137
1	7404
2	7414
3	10805
4	10809
5	10810
6	10811
7	10812
8	10813
9	10814
10	10819
11	10823
12	10824
13	10825
14	10826
15	10828
16	10829
17	10830
18	10831
19	10832
20	10833
21	10834
22	10835
23	10836
24	10837
25	10838
26	10839
27	10840
28	10841
29	10842
30	10843
31	10844
32	10845
33	10846
34	10847
35	10848
36	10849
37	10850
38	10851
39	10852
40	10853
41	10854
42	10855
43	10856
44	10857
45	10858
46	10859
47	10860
48	10861
49	10862
50	10863
51	10864
52	10865
53	10866
54	10867
55	10868
56	10869
57	10870
58	10871
59	10872
60	10873
61	10874
62	10877
63	10878
64	10879
65	10881
66	10882
67	10883
68	10884
69	10885
70	10886
71	21355
72	22042
73	22043
74	22044
75	22045
76	22046
77	22047
78	22048
79	22049
80	22050
81	22051
82	22052
