0	84
1	1442
2	1452
3	1456
4	1457
5	1460
6	1466
7	1467
8	1470
9	1471
10	1472
11	1473
12	1475
13	1476
14	1477
15	1478
16	1479
17	1480
18	1481
19	1482
20	1483
21	1484
22	1485
23	1486
24	1487
25	1488
26	1489
27	1490
28	1491
29	1494
30	1495
31	1496
32	1498
33	1499
34	1500
35	1501
36	1502
37	1504
38	1505
39	1506
40	1507
41	1508
42	1509
43	1510
44	1511
45	1512
46	1513
47	1515
48	1516
49	1517
50	1518
51	1519
52	1520
53	1521
54	1523
55	1524
56	1525
57	1528
58	1529
59	1530
60	1531
61	1532
62	1533
63	1534
64	1535
65	1536
66	1537
67	1538
68	1539
69	1541
70	1542
71	1543
72	1544
73	1545
74	1546
75	1547
76	1548
77	1549
78	1550
79	1551
80	1552
81	1553
82	1554
83	1555
84	1556
85	1557
86	1558
87	1559
88	1560
89	1561
90	1564
91	1565
92	1567
93	1568
94	1570
95	1571
96	1572
97	1573
98	1574
99	1575
100	1576
101	1577
102	1578
103	1579
104	1580
105	1581
106	1582
107	1583
108	13308
