48692
10
40
0
0
136
38
38
14
0
230
0
0
0
0
56
0
110
0
0
18
26
80
0
0
50
20
20
4
88
6
58
0
0
0
64
4
0
0
108
0
4
72
0
0
64
2
0
2
0
38
0
170
4
10
60
2
14
8
0
86
0
56
0
2
16
34
2
12
8
2
2
2
14
14
8
2
0
28
2
38
22
16
10
6
2
2
2
2
14
4
4
4
0
2
2
6
32
0
6
4
6
2
6
0
0
0
48
102
26
16
6
2
6
10
108
2
2
0
0
0
0
0
0
94
2
18
2
72
0
0
0
0
0
0
14
8
20
0
4
2
194
36
8
2
2
8
42
2
2
0
2
8
2
12
0
4
38
18
2
0
2
12
128
2
2
2
2
2
6
0
2
6
4
0
0
2
10
0
4
2
0
6
0
2
2
2
2
2
10
10
10
2
0
2
14
6
2
16
2
0
2
2
34
0
2
4
6
12
6
8
40
0
2
2
0
2
4
0
16
8
8
2
0
4
2
2
0
10
12
48
0
8
2
0
0
2
6
6
4
2
0
12
0
8
6
6
2
10
2
12
18
2
20
2
0
2
28
0
0
4
20
0
0
2
26
6
0
18
0
0
0
0
6
2
2
32
2
52
0
2
4
2
2
92
0
2
2
4
96
34
44
0
2
0
0
0
2
2
14
6
6
0
2
4
2
2
6
2
0
10
6
2
2
0
2
22
14
12
2
0
98
2
2
2
0
4
4
2
2
8
34
0
2
4
2
196
18
0
0
2
0
12
2
8
10
12
2
34
2
8
10
2
0
2
30
4
10
2
30
52
2
6
2
42
12
2
26
0
12
4
0
0
6
0
6
4
0
2
62
2
2
14
0
2
6
0
4
2
2
2
0
6
10
8
2
2
2
6
0
6
4
0
2
6
4
2
0
12
2
10
8
0
2
12
12
132
54
8
6
0
20
6
80
0
8
32
0
2
2
84
0
0
0
0
0
50
2
0
8
0
6
44
14
0
48
2
2
2
4
90
50
2
122
2
34
8
2
0
40
8
0
0
14
2
2
16
0
10
48
2
2
0
8
6
0
12
2
12
2
4
2
2
2
8
0
4
30
4
2
2
0
2
0
2
4
2
6
2
0
4
52
12
2
24
2
134
4
2
0
2
4
38
2
12
2
30
54
2
48
0
102
164
8
18
2
4
2
2
0
6
2
2
0
12
4
2
0
0
2
2
8
2
8
300
0
8
16
4
0
24
48
0
62
2
0
14
6
58
6
24
12
392
0
2
0
6
2
2
2
0
128
0
8
2
12
12
0
2
2
10
24
2
2
54
4
12
2
2
180
34
4
2
8
22
2
4
22
2
2
2
4
2
4
6
0
4
4
4
2
12
2
0
4
4
0
2
0
4
0
2
18
20
64
6
12
0
2
10
0
8
2
2
6
26
4
4
6
6
6
0
2
0
2
2
6
2
48
0
4
2
60
4
2
8
30
2
0
0
0
0
0
2
8
96
8
54
0
0
0
2
2
2
90
56
6
68
6
24
2
2
4
52
10
2
2
2
38
0
18
2
6
2
26
6
2
8
0
2
0
16
28
2
26
44
2
18
2
26
2
74
6
36
0
4
2
0
0
12
0
0
34
32
12
12
70
2
0
0
0
0
0
2
36
68
26
58
6
30
14
30
8
26
24
0
0
6
0
0
0
0
0
0
0
0
0
0
0
0
0
0
0
0
0
0
0
0
0
0
0
0
0
0
0
0
0
0
0
0
0
0
0
0
0
0
0
0
0
0
0
0
0
0
0
0
0
0
0
0
0
0
0
0
0
0
0
0
0
0
0
0
0
0
0
0
0
0
0
0
0
0
0
0
0
0
0
0
0
0
0
0
0
0
0
0
0
0
0
0
0
0
0
0
0
0
0
0
0
0
0
0
0
0
0
0
0
0
0
0
0
0
0
0
0
0
0
0
0
0
0
0
0
0
0
0
0
0
0
0
0
0
0
0
0
0
0
0
0
0
0
0
0
0
0
0
0
0
0
0
0
0
0
0
0
0
0
0
0
0
0
0
0
0
0
0
0
0
0
0
0
0
0
0
0
0
0
0
0
0
0
0
0
0
0
0
0
0
0
0
0
0
0
0
0
0
0
0
0
0
0
0
0
0
0
0
0
0
0
0
0
0
0
0
0
0
0
0
0
0
0
0
0
0
0
0
0
0
0
0
0
0
0
0
0
0
0
0
0
0
0
0
0
0
0
0
0
0
0
0
0
0
0
0
0
0
0
0
0
0
0
0
0
0
0
0
0
0
0
0
0
0
0
0
0
0
0
0
0
0
0
0
0
0
0
0
0
0
0
0
0
0
0
0
0
0
0
0
0
0
0
0
0
0
0
0
0
0
0
0
0
0
0
0
0
0
0
0
0
0
0
0
0
0
0
0
0
0
0
0
0
0
0
0
0
0
0
0
0
0
0
0
0
0
0
0
0
0
0
0
0
0
0
0
0
0
0
0
0
0
0
0
0
0
0
0
0
0
0
0
0
0
0
0
0
0
0
0
0
0
0
0
0
0
0
0
0
0
0
0
0
0
0
0
0
0
0
0
