0	10
0	15
10	11
10	12
10	13
15	68
15	16
0	748
0	749
0	17
0	20
0	21
0	2
0	22
17	68
17	18
17	19
21	107
22	23
0	68
0	747
747	750
1	68
1	751
1	112
3	20
3	25
0	1
0	26
0	29
26	111
26	115
26	27
29	752
29	753
29	754
29	30
0	117
4	20
4	25
0	31
0	39
31	32
31	33
31	34
31	35
31	36
39	40
5	137
5	41
0	91
0	757
6	772
6	783
6	784
0	7
7	18
7	19
7	59
8	60
8	785
8	786
8	787
8	61
0	147
0	455
0	66
0	783
0	803
9	10
9	21
9	455
11	62
0	198
12	455
13	147
0	25
0	290
0	128
0	560
0	268
68	80
68	290
68	69
68	291
68	157
14	15
14	519
16	142
0	8
0	80
0	176
0	361
0	804
0	413
0	553
0	146
0	239
0	582
0	583
748	749
748	858
749	843
749	859
0	380
0	860
0	451
18	39
0	142
0	107
23	25
0	805
0	806
0	6
0	750
0	168
0	194
0	784
0	81
0	810
0	112
0	48
0	761
0	782
0	229
0	224
0	776
0	866
0	765
0	334
750	784
750	810
750	867
0	145
24	747
24	868
0	192
0	764
0	54
0	772
0	773
0	751
0	72
0	75
0	865
0	869
0	207
751	773
751	840
751	870
112	751
112	233
112	840
112	197
0	602
0	871
0	406
0	872
0	393
111	818
0	111
0	115
27	111
752	881
752	889
752	890
753	813
0	753
0	828
0	853
754	891
754	892
754	893
0	848
0	808
0	238
0	143
0	280
0	836
0	894
28	29
28	505
30	754
0	42
0	185
0	895
0	623
0	135
117	839
117	889
117	154
117	162
117	240
117	390
117	896
117	897
117	898
117	638
32	80
33	80
34	80
37	39
37	147
38	39
38	450
38	547
40	442
0	5
137	825
137	844
137	248
137	347
137	578
41	137
0	755
0	148
0	149
0	756
0	925
755	756
755	838
755	926
755	927
148	582
148	817
148	584
148	835
148	860
148	471
148	928
148	504
149	389
149	400
149	927
149	513
0	791
0	405
0	855
756	926
0	166
166	176
166	177
0	478
0	479
42	171
171	773
171	388
171	826
171	832
171	866
171	928
0	794
0	172
0	173
172	173
172	511
91	191
91	766
91	284
91	408
91	409
0	947
0	566
757	948
758	759
758	760
758	761
759	760
759	762
46	166
46	758
46	759
46	48
46	760
46	761
46	176
46	177
46	182
46	765
46	766
46	47
48	758
48	761
48	176
48	179
48	180
48	55
48	768
48	769
48	49
760	771
761	762
761	769
761	949
761	950
0	758
0	759
0	762
176	758
176	759
176	760
176	179
176	180
176	771
176	224
177	758
177	759
177	761
177	765
177	949
177	630
177	178
179	758
179	759
179	760
179	180
179	769
179	771
179	244
179	951
179	410
0	180
0	182
0	230
0	46
0	760
180	758
180	759
180	760
180	182
43	758
43	759
43	179
43	180
44	758
44	759
44	176
44	179
44	180
45	758
45	761
146	753
146	171
146	759
146	180
146	773
146	805
146	835
146	330
146	928
146	331
0	214
0	952
0	352
0	953
762	784
0	136
182	759
182	771
182	473
182	833
0	55
0	771
0	763
0	191
763	851
191	763
191	846
0	798
0	940
0	774
0	233
0	876
0	595
0	240
192	868
192	885
192	963
192	964
0	965
764	966
764	967
764	968
764	969
764	970
0	913
0	812
0	962
0	211
0	971
0	972
0	767
765	913
765	973
0	384
0	305
0	949
0	950
0	335
47	182
767	865
767	907
767	908
0	195
0	785
0	787
0	974
55	761
55	771
55	56
768	930
769	831
49	192
0	203
0	770
0	205
54	203
54	772
54	773
54	196
54	775
54	781
203	770
203	777
203	239
203	298
203	482
203	486
203	204
770	777
770	878
0	362
0	284
0	886
0	158
0	500
205	284
205	954
205	627
0	892
0	489
0	1017
771	829
771	866
50	760
50	176
0	232
0	351
0	508
51	760
51	179
0	376
0	644
0	677
0	196
0	775
772	773
772	781
772	871
772	947
772	1010
773	775
773	781
773	805
774	782
774	831
774	840
774	841
136	869
136	870
136	226
136	909
136	337
0	831
0	841
0	912
0	880
233	774
233	840
233	841
233	456
0	161
196	775
196	885
196	895
196	335
0	250
0	236
0	942
0	576
0	579
0	395
0	179
0	216
0	252
0	275
216	219
216	257
216	363
0	219
0	963
0	966
0	245
252	776
252	780
252	872
252	308
252	1012
776	780
776	1012
776	1029
275	838
275	910
275	350
53	244
53	777
53	778
53	88
244	284
244	582
244	297
0	53
0	821
0	403
0	588
0	807
0	814
0	329
0	88
0	85
0	573
0	559
778	789
778	858
778	1015
778	1030
778	1031
0	481
52	53
0	244
0	171
0	778
0	777
88	481
88	583
88	586
88	951
0	276
0	779
0	277
0	780
276	389
276	830
276	934
0	62
779	780
779	810
779	1029
779	1032
277	780
277	481
277	357
277	406
277	971
277	465
277	535
0	884
0	278
0	879
0	881
278	459
0	781
0	868
0	973
781	852
781	912
0	845
0	914
0	307
0	375
0	930
56	771
782	884
229	774
229	782
229	230
229	326
229	327
0	327
0	908
0	910
0	349
0	1021
0	1022
0	999
0	256
0	979
0	169
0	287
0	955
280	803
280	813
280	832
280	836
280	866
280	894
57	216
57	210
57	214
57	219
57	281
57	283
57	284
57	58
210	216
210	219
210	220
210	222
214	283
214	366
214	933
214	352
214	966
214	362
214	363
214	984
219	764
219	966
0	57
0	210
0	281
0	350
0	84
281	1021
281	1022
0	283
0	825
0	82
0	829
0	935
0	636
283	349
283	932
283	953
283	288
58	284
783	829
783	896
783	930
783	937
784	810
59	450
60	506
785	786
785	787
785	974
786	787
786	833
786	974
786	993
786	995
787	936
787	964
787	974
787	1014
0	786
0	625
0	684
0	228
61	268
0	827
0	997
0	312
0	1043
0	366
0	788
0	792
366	413
366	929
366	988
366	394
366	680
366	681
788	1010
788	1055
788	1066
0	574
0	591
0	516
0	201
0	469
62	780
62	63
0	65
0	673
63	65
789	790
789	791
397	789
397	790
397	791
397	480
0	789
0	397
0	90
0	357
0	993
0	1004
0	790
0	929
0	441
0	1057
473	789
473	477
473	510
473	831
473	833
473	945
474	748
474	749
474	789
474	644
474	674
474	1066
474	1098
477	754
477	789
477	892
477	893
477	635
477	945
478	789
0	539
64	789
479	789
479	791
479	892
479	574
790	843
0	439
791	951
64	964
0	473
0	480
0	237
480	789
480	791
0	1093
0	1094
792	927
792	1006
792	1044
481	582
481	886
481	933
481	706
65	793
65	342
0	443
0	819
0	833
0	857
0	887
0	888
793	815
793	835
793	876
342	443
342	848
342	935
342	439
342	651
342	644
342	675
342	569
0	793
0	382
67	781
67	1067
0	856
443	675
443	569
0	346
0	524
66	289
80	129
80	130
80	131
80	132
80	133
80	134
80	267
69	459
70	112
70	220
70	384
70	794
70	385
70	510
70	71
220	749
220	301
220	507
220	221
0	70
0	220
0	400
384	794
384	385
384	512
385	763
385	955
385	671
385	507
0	507
71	385
0	385
0	1104
0	671
0	1049
0	445
0	76
0	799
0	800
72	76
0	511
76	201
76	799
76	800
76	801
0	446
0	502
0	1008
0	448
0	74
74	149
74	76
74	373
74	446
74	795
74	796
74	797
0	79
0	415
0	850
373	388
373	834
373	855
373	856
373	912
0	373
0	795
0	428
0	592
0	468
73	74
73	346
73	1093
73	528
0	796
0	797
0	692
0	1062
795	796
795	797
795	922
795	1090
795	1091
795	1092
796	797
796	801
796	1062
796	1091
797	801
797	1091
0	1110
0	1111
75	76
75	798
798	925
798	940
0	1086
0	1064
201	800
201	346
201	980
201	672
0	920
0	1061
0	663
0	802
511	802
511	844
511	521
799	800
800	962
0	585
0	1079
0	1081
0	722
0	723
801	920
801	1061
801	1090
801	1091
801	1092
0	801
0	620
0	89
415	801
415	850
415	1086
415	1087
152	768
152	799
152	800
152	236
152	826
152	400
152	930
77	799
77	800
0	429
429	446
429	802
0	522
0	844
0	1090
0	1091
0	514
0	515
79	172
79	511
79	429
79	389
389	844
0	546
0	389
0	882
78	79
78	546
0	896
0	839
0	390
0	897
803	820
803	836
803	838
803	894
198	763
198	384
198	925
198	597
128	129
128	130
128	131
128	132
128	133
128	134
128	267
142	221
0	306
0	891
0	360
361	1063
0	1063
804	840
804	876
804	942
804	943
413	943
413	1007
413	674
413	1063
0	190
0	904
0	1032
0	304
0	1117
0	734
553	554
553	557
806	865
806	907
806	908
0	608
0	830
0	818
0	867
168	750
168	784
168	194
168	810
168	869
168	304
194	750
194	784
194	806
194	810
194	334
194	867
0	1018
0	580
0	1019
0	1020
0	370
0	968
0	301
0	303
84	817
301	792
301	927
301	591
301	592
301	302
0	1039
0	471
0	927
0	628
0	1040
303	510
303	855
303	927
303	935
303	942
0	513
807	808
807	809
85	777
85	807
85	87
85	821
85	145
85	584
0	584
0	823
0	824
808	809
808	1002
0	809
809	814
809	827
809	833
81	91
81	191
81	769
81	784
81	168
81	810
81	334
81	811
334	750
334	810
334	821
334	983
811	1004
0	769
812	813
813	836
813	942
0	388
0	877
0	878
388	788
388	812
388	832
388	564
0	1042
0	696
0	811
0	460
0	813
0	343
239	244
239	342
239	935
0	835
0	817
582	817
582	822
582	586
582	1050
0	87
583	671
82	752
82	814
82	238
82	83
814	827
814	833
238	752
238	794
238	808
238	809
238	310
0	752
83	1099
0	890
236	821
236	872
236	318
236	316
236	317
0	905
0	251
0	624
0	315
0	815
0	816
0	589
0	586
815	835
815	1010
0	575
0	534
0	1098
589	1043
589	590
0	94
0	820
0	567
0	854
0	347
0	946
818	830
818	868
819	867
819	983
819	999
0	983
0	474
94	280
94	820
94	834
94	297
94	835
94	836
0	928
820	836
820	894
820	1006
820	1046
87	146
87	88
87	584
87	598
0	288
821	871
0	768
145	782
145	408
145	867
145	602
145	913
145	266
0	870
0	1002
584	788
584	835
584	860
584	1010
584	1055
584	1066
584	1073
0	297
0	330
380	757
380	480
380	481
0	1013
0	634
0	951
573	582
573	817
0	976
0	209
0	321
0	598
0	1035
598	843
598	683
86	87
86	856
0	859
0	379
0	822
0	381
822	1075
822	1113
823	1036
823	1052
823	1105
823	1119
0	266
824	882
824	967
824	1071
0	344
0	152
0	826
0	834
0	103
169	896
169	307
0	1001
0	408
0	1027
0	1037
0	358
0	165
0	944
0	655
0	986
0	99
0	100
99	358
99	298
99	839
99	601
100	216
100	389
100	825
100	101
0	651
825	844
825	934
825	1037
357	358
357	829
357	844
358	839
0	387
89	385
89	358
89	90
89	376
89	826
90	397
90	376
90	827
90	828
90	829
90	830
0	512
0	938
387	850
387	962
387	632
387	972
387	606
0	934
376	754
376	477
376	892
826	866
827	828
827	833
827	837
827	838
828	837
828	838
828	853
828	937
829	930
830	937
0	883
408	766
408	409
408	616
408	1027
409	766
409	777
409	820
92	827
92	831
92	832
0	92
0	832
0	323
0	492
831	841
831	965
831	998
831	1000
0	242
0	1007
0	849
0	939
832	886
0	933
0	523
833	876
833	881
833	885
329	814
329	876
329	885
329	1051
0	885
405	814
405	1010
834	855
834	856
834	857
93	94
93	834
297	821
297	1034
835	860
0	911
836	894
836	1006
836	1046
0	1006
837	838
837	1039
343	827
343	1032
95	827
95	809
382	813
382	827
382	829
382	846
382	877
382	878
382	882
0	1047
96	827
96	343
0	838
0	852
0	298
298	460
97	99
97	100
97	601
839	889
839	896
839	897
98	99
98	839
0	311
0	308
0	333
601	763
601	856
0	456
0	442
840	943
0	568
841	967
841	968
841	969
841	970
841	998
0	840
0	257
101	250
0	354
97	798
0	222
0	766
0	842
842	847
842	849
842	850
842	851
0	843
0	1066
843	859
0	137
0	683
0	847
0	597
0	632
844	845
845	965
0	601
0	851
846	847
846	848
847	851
847	925
847	1028
0	846
0	249
0	578
848	971
0	922
102	846
102	847
102	852
323	781
323	817
323	566
323	982
323	344
323	1045
323	324
492	628
492	496
492	1040
492	1054
492	493
492	494
492	495
0	945
849	877
849	878
849	886
849	1074
850	851
850	1028
852	881
852	1040
0	594
0	1028
853	997
0	67
0	1068
854	1046
0	672
0	1000
855	856
855	988
0	535
857	882
857	989
857	1029
103	276
0	316
0	527
858	1015
858	1018
858	1073
104	748
104	763
104	858
0	681
0	470
460	749
460	836
460	954
460	1060
0	630
105	749
105	460
0	1010
106	749
106	843
106	859
0	958
109	176
109	359
109	861
109	862
108	109
108	863
0	109
0	631
359	861
359	862
359	919
359	691
359	1025
359	1062
0	359
0	861
0	862
0	167
0	656
861	862
861	919
861	1025
861	1062
861	1128
862	921
862	1025
862	1062
862	1128
0	665
863	1107
0	1083
0	864
0	613
0	202
0	646
864	906
864	1085
864	1096
864	1120
0	649
613	1070
613	705
613	1125
613	1129
0	686
0	1070
0	532
0	705
110	906
110	1109
110	1129
110	614
110	615
0	653
865	907
865	908
0	978
0	1076
0	611
0	975
0	1038
0	610
0	998
0	519
0	558
558	994
558	1014
547	601
0	554
0	463
224	880
224	226
224	248
224	245
224	246
224	225
0	931
866	928
0	1011
0	326
0	1033
0	674
185	750
185	207
185	892
185	895
185	287
185	955
867	983
867	1011
602	750
602	818
602	867
602	914
0	932
0	1034
868	954
868	1016
0	607
0	1099
0	907
207	806
207	865
207	304
207	895
207	907
207	208
870	873
870	874
870	875
0	154
304	751
304	784
304	870
304	327
197	840
197	925
197	978
197	979
0	662
0	1124
871	947
406	988
406	439
406	523
0	1014
872	981
393	396
393	965
393	1051
456	1004
456	457
456	458
0	114
0	873
0	875
873	874
873	875
873	1013
873	1045
0	498
874	875
874	905
874	1045
0	874
875	914
875	977
875	981
875	1013
875	1045
875	1071
876	925
876	986
876	994
876	1014
876	1028
595	835
595	677
595	617
113	849
113	165
113	877
113	878
113	381
165	477
165	404
165	943
165	944
165	655
877	878
877	886
877	1007
878	1007
381	849
381	877
381	878
879	903
879	904
879	905
880	964
880	985
880	991
880	992
0	995
882	967
883	1053
883	1118
0	126
126	450
126	127
126	311
161	473
161	162
161	333
161	345
161	941
0	482
482	935
498	821
498	874
498	579
114	884
114	463
114	633
884	887
884	888
0	184
0	954
0	633
463	633
0	396
0	994
0	936
886	933
0	647
887	888
888	1055
889	897
889	938
242	752
242	783
242	881
242	890
242	307
242	375
242	938
0	889
396	752
396	889
396	893
396	944
396	965
396	999
396	616
404	752
404	852
404	881
404	893
404	1040
0	404
0	299
0	564
0	754
0	477
891	893
891	912
891	989
891	994
892	1017
400	754
400	892
400	655
400	507
400	508
564	754
564	635
564	680
564	681
564	565
635	754
635	893
635	964
635	989
116	754
116	891
0	547
0	541
143	152
143	808
143	239
143	238
143	236
143	237
143	144
0	342
0	964
505	786
505	993
505	1010
895	955
623	959
623	961
154	770
154	773
154	805
154	298
154	165
154	878
154	931
154	936
154	299
162	938
162	939
240	456
240	498
240	898
240	936
240	266
240	1004
240	1005
0	898
390	839
390	896
390	897
390	937
896	897
897	938
0	837
0	1125
898	1004
898	1130
638	898
638	652
638	1005
638	1041
638	1130
0	638
0	1005
899	900
899	901
899	902
0	899
0	900
0	901
490	869
490	899
490	900
490	902
490	1028
900	901
900	902
901	902
0	902
0	490
118	899
118	900
118	901
118	902
119	899
119	900
119	901
119	902
120	899
120	900
120	901
120	902
121	899
121	900
121	901
121	902
122	899
122	900
0	903
0	273
904	905
904	907
904	977
313	879
313	904
313	905
313	977
313	315
0	313
0	596
123	879
123	904
123	905
0	1051
0	977
0	124
0	337
0	454
0	1048
0	452
0	909
0	127
311	757
311	768
311	928
311	1029
125	450
125	126
0	906
0	1030
230	888
36	898
442	686
442	1057
442	449
442	1093
907	977
908	911
249	784
249	865
249	908
0	226
226	880
226	985
0	985
337	909
337	454
337	1056
337	687
337	338
337	339
0	943
0	217
0	987
0	708
248	880
248	347
248	985
347	819
347	1037
347	1051
578	956
578	957
578	1020
0	248
0	569
0	679
0	606
139	910
139	349
139	911
139	639
139	140
910	952
910	1021
349	911
349	934
349	354
349	953
349	363
0	139
0	260
138	139
138	349
138	911
138	260
0	1065
639	1065
639	704
639	640
639	641
639	642
639	643
140	639
0	685
232	345
232	945
232	335
232	351
237	671
237	997
237	591
237	592
0	992
0	1003
144	237
305	881
305	362
0	988
0	177
913	1011
913	1033
0	1067
0	1031
0	1095
0	695
0	915
915	918
0	917
0	923
0	924
0	916
0	664
0	918
0	921
167	359
167	861
167	916
167	656
167	917
167	918
916	917
916	918
916	920
916	1061
656	915
656	916
656	918
656	920
917	918
917	923
917	1061
917	1128
0	919
918	919
918	924
918	1026
0	654
0	1096
919	924
919	1026
665	917
665	924
665	1124
0	724
0	725
0	948
0	1123
920	1061
662	862
662	921
662	691
662	1025
662	1026
662	1124
662	1128
921	1025
921	1026
921	1124
921	1128
0	1128
922	1110
922	1128
923	1110
923	1111
923	1126
0	1087
924	1026
925	940
925	1028
925	1033
0	437
222	755
222	756
222	926
222	620
471	755
471	756
471	792
471	620
471	928
471	951
471	591
620	755
620	756
620	926
620	980
504	880
504	976
504	992
504	1008
0	449
0	1075
0	504
0	246
0	197
513	927
513	606
0	926
150	756
150	222
929	931
929	932
929	933
0	162
307	768
307	783
307	839
307	881
307	930
0	937
0	1069
151	152
151	655
932	1037
933	984
0	980
403	929
403	588
403	1018
403	580
403	1019
403	1055
403	1073
0	652
0	637
934	938
934	939
934	940
0	1016
375	839
375	890
375	896
375	934
375	938
375	939
375	963
0	331
936	993
936	1014
153	154
153	931
153	559
299	809
299	535
299	300
158	889
158	305
158	159
158	512
163	937
155	937
155	163
333	859
333	937
333	960
333	627
333	1029
156	937
156	163
159	571
512	890
512	938
938	939
354	825
354	845
354	934
354	963
354	1038
345	473
345	831
345	945
345	1037
0	941
0	1114
160	161
160	345
160	1006
941	980
941	1059
0	398
398	821
398	873
398	874
398	875
398	977
398	1013
398	634
398	1045
398	1046
398	703
398	1071
398	399
0	392
392	393
392	396
392	893
392	999
392	1034
392	1051
392	441
942	1028
576	813
576	942
576	954
576	591
164	280
164	813
164	836
943	987
0	542
0	581
0	367
0	1097
195	805
195	224
195	880
195	226
195	228
0	991
0	345
945	1037
0	510
0	970
946	1011
0	1073
170	171
170	866
0	1041
0	521
0	414
947	982
566	947
566	982
0	982
0	394
948	1036
652	757
652	1041
652	1044
652	1063
174	761
174	762
949	950
175	176
175	771
630	991
630	1012
178	630
0	1050
0	984
0	261
331	479
331	358
331	890
331	375
331	332
331	1052
0	1053
952	1021
352	953
352	1022
953	966
181	182
181	771
0	1056
184	278
184	460
184	868
184	954
184	459
459	954
183	868
183	184
287	895
287	907
287	955
0	956
0	957
190	625
956	957
956	1015
956	1020
957	1002
957	1020
958	1095
959	960
959	961
0	959
0	961
186	623
186	959
186	188
0	960
960	1001
960	1011
621	623
621	959
621	961
621	622
0	621
0	622
622	959
187	959
187	621
188	623
0	188
0	1045
0	1055
0	678
671	800
671	912
962	971
962	972
0	858
189	912
189	190
189	1020
625	991
625	1003
625	684
625	626
597	763
597	850
597	851
597	632
597	1028
597	606
632	763
632	847
963	999
0	893
0	635
964	991
964	994
964	1014
964	1015
0	310
0	616
211	764
211	216
211	257
211	212
0	363
966	1021
0	969
370	764
370	841
370	946
370	967
370	968
370	969
370	970
370	371
967	968
967	969
967	970
967	1059
968	969
968	970
969	970
0	967
193	764
193	969
0	981
971	972
971	1044
971	1068
973	1033
0	409
0	505
310	766
310	997
310	1067
310	379
310	377
0	548
335	771
335	857
335	882
335	360
335	351
974	993
974	994
974	995
326	904
326	942
326	943
326	327
245	926
245	367
245	543
245	618
0	355
360	926
360	508
585	926
0	989
0	670
975	1069
975	1096
976	1095
977	1013
977	1045
579	769
579	685
579	1016
579	1060
228	785
228	786
228	787
228	880
228	505
228	248
228	974
228	993
228	994
228	995
0	996
978	1050
978	1053
978	1101
0	466
979	987
979	1094
346	382
346	888
346	367
346	1037
346	1055
672	941
672	980
672	696
199	201
199	346
200	201
200	346
202	863
202	864
202	948
202	976
202	1036
202	1085
202	653
0	486
0	627
0	1029
0	506
486	779
486	627
486	1019
486	1029
486	487
204	770
0	356
362	832
362	952
362	1021
500	589
500	886
500	501
500	682
500	677
500	574
627	857
627	884
627	1029
627	1042
0	465
0	687
251	872
251	630
251	981
206	214
206	872
0	318
0	518
981	1013
208	249
209	330
209	321
209	982
321	408
321	1049
0	317
318	821
318	498
318	398
318	981
318	703
288	392
288	331
288	1034
0	1012
588	835
588	595
588	1053
588	1098
0	990
257	275
257	281
257	910
257	952
257	1021
257	1022
257	258
212	216
363	933
363	966
363	984
213	214
213	933
213	363
213	984
215	216
215	275
0	618
217	831
217	943
217	985
217	986
217	987
217	596
217	218
985	986
985	987
985	992
986	987
986	994
986	1014
987	1105
596	876
596	943
596	987
596	1105
0	1072
218	985
218	987
0	1119
502	880
502	985
502	1008
502	528
502	1108
502	503
0	496
439	778
439	443
439	988
439	523
439	465
439	675
439	569
439	440
0	551
367	635
367	944
367	368
989	990
670	893
670	989
670	990
670	679
355	367
355	618
542	635
542	944
542	618
507	510
507	955
507	508
223	224
223	226
246	504
246	403
246	978
246	992
246	1008
246	685
246	247
246	686
0	1009
225	248
0	501
0	682
991	1058
992	1008
227	880
227	248
993	994
993	995
994	995
994	1014
996	1000
996	1051
997	1035
997	1039
997	1043
0	1046
315	875
315	904
315	908
351	361
351	357
231	232
231	345
0	561
998	1000
998	1051
344	914
344	932
344	952
344	963
344	999
234	831
234	1000
1001	1011
1001	1033
235	393
235	396
235	965
316	925
316	318
316	1033
316	624
317	854
317	1032
317	535
317	1046
591	791
591	856
592	792
592	927
592	671
567	967
567	969
567	970
567	996
567	1000
0	436
1003	1067
508	980
508	1104
508	509
266	936
266	630
266	993
266	616
266	1027
1005	1130
1006	1046
241	785
241	786
0	1121
0	694
356	702
243	244
243	297
0	543
543	616
618	635
618	944
618	670
618	990
618	619
1008	1108
685	1094
247	685
686	1093
686	1109
686	1113
501	682
501	678
628	1040
628	1054
628	629
608	694
1010	1043
1010	1055
256	910
256	939
0	703
0	1071
518	941
518	991
518	992
308	776
308	780
308	905
308	311
308	1012
308	1029
308	309
1013	1045
1013	1071
634	875
634	977
634	981
634	1013
634	703
634	1071
253	873
253	981
254	981
254	634
548	1006
548	1032
548	1042
548	631
539	891
539	893
539	635
539	945
539	964
539	670
539	990
539	1063
0	1015
255	329
255	885
255	939
255	952
255	362
255	256
255	1021
616	630
616	1067
1016	1057
0	1036
489	635
489	944
489	518
489	1015
489	1029
1018	1019
1018	1073
580	857
580	1018
580	1019
580	637
580	1073
1019	1073
260	283
260	349
260	911
260	354
260	952
260	352
260	363
260	1022
261	953
261	1022
414	1077
414	1078
414	1079
414	1080
414	1081
414	1082
1021	1022
350	953
350	966
350	1021
258	1022
259	911
259	260
262	952
262	1021
0	1023
0	1024
0	1126
1023	1024
1023	1078
1023	1135
1024	1078
1024	1135
0	1136
0	1137
0	1138
0	691
0	1025
0	1026
691	861
691	862
691	1025
691	1026
691	1062
691	1124
1025	1062
1026	1124
692	796
692	918
692	919
692	922
692	924
692	1062
263	665
263	924
264	919
264	924
1027	1037
1027	1058
1027	1059
265	266
644	941
644	1043
644	1066
644	1098
677	857
677	682
677	1098
269	777
269	356
270	773
270	781
395	504
395	931
395	976
395	1035
395	1036
554	986
271	986
271	987
272	986
272	987
273	995
273	1015
273	489
0	1105
0	693
0	1058
0	557
1028	1035
274	956
274	1015
274	1017
274	635
0	701
496	1040
496	1054
496	497
0	1060
0	1052
559	788
559	583
559	584
559	586
559	860
559	1055
559	1066
1030	1057
1030	1093
1030	1094
1030	1097
1030	1105
1030	1119
1031	1099
1031	1120
1031	1123
0	675
1032	1042
465	481
465	630
465	1012
465	1035
465	675
535	857
535	888
535	625
0	459
279	1001
279	1033
636	935
636	1044
282	283
282	953
285	786
285	787
286	787
286	936
286	1014
684	991
684	1058
289	290
289	291
0	157
292	877
292	878
293	877
293	1007
0	1100
0	1101
294	481
294	886
294	933
541	891
541	925
541	1014
541	1063
541	594
581	891
581	1059
295	891
295	945
295	539
295	581
296	891
296	655
0	863
300	809
1038	1076
0	609
302	449
1039	1125
468	1104
1040	1054
0	1130
1041	1130
0	735
309	1029
312	997
312	1010
312	1012
312	1043
0	1044
1044	1068
0	528
314	873
314	874
624	1050
624	1101
703	1013
703	1071
0	1059
1047	1048
454	1047
454	1048
0	426
319	793
319	815
319	835
320	793
320	876
448	791
448	951
448	502
448	1008
448	594
448	574
1049	1059
322	323
322	982
324	566
325	840
325	943
1050	1074
1050	1101
1050	1118
568	1036
568	1105
568	1118
328	983
0	1074
0	707
0	1122
332	479
1052	1119
1053	1084
1053	1100
1053	1118
1053	1123
0	1054
1055	1066
675	1010
675	683
675	676
0	726
336	337
336	1056
338	687
339	687
441	583
441	685
441	1016
441	1034
441	1036
441	1057
1057	1094
0	1133
569	1027
569	679
340	342
340	644
341	342
341	443
341	439
341	675
674	815
674	906
0	1113
631	1032
631	1042
0	702
0	1112
1058	1112
348	473
348	945
348	539
328	966
353	354
353	630
353	465
663	801
663	920
663	1061
0	1077
0	1118
1062	1091
1062	1128
557	1064
557	561
561	1064
394	474
394	595
394	502
394	677
394	701
0	680
680	681
364	366
364	680
364	564
364	681
365	366
365	681
368	635
0	639
0	704
704	1065
369	1065
369	704
371	968
1066	1098
372	373
372	912
97	389
521	802
374	839
374	375
379	997
377	997
378	588
378	997
378	1035
0	604
436	625
436	1003
436	1066
575	1043
189	382
383	912
383	671
1069	1096
606	850
606	851
606	632
606	1028
386	387
386	850
683	1049
1070	1125
391	393
391	392
391	1051
289	394
701	1043
470	1034
0	1142
399	1013
1072	1122
696	876
696	941
696	980
696	1002
401	403
401	1019
401	1073
402	788
402	584
402	403
402	559
402	1055
402	1066
407	408
407	409
0	410
411	849
411	1074
412	413
412	591
412	516
1075	1095
1075	1107
1076	1100
1076	1106
546	554
1077	1078
1077	1079
1077	1080
1077	1081
1077	1082
1078	1079
1078	1080
1078	1081
1078	1135
1079	1080
1079	1081
1079	1082
1080	1081
1080	1082
1081	1082
1081	1111
0	1078
0	1080
0	1082
532	815
532	686
532	1093
532	1108
532	1109
534	586
534	857
534	595
534	677
534	575
534	1097
534	1098
0	110
0	544
1083	1084
1083	1085
0	650
0	1084
646	1083
646	1084
646	650
646	654
646	647
650	863
650	1083
650	1084
650	654
650	709
650	1107
1085	1132
0	1085
653	1083
653	654
653	1095
653	1096
653	1106
654	864
654	1083
654	1084
654	1096
654	1120
0	1107
709	1083
709	1084
709	1109
709	1129
0	709
0	1129
0	1132
428	446
428	429
428	850
428	585
417	422
417	425
417	426
417	418
417	419
417	420
416	417
416	422
416	425
416	426
422	425
422	426
422	423
422	424
425	710
426	710
426	427
0	417
418	422
419	422
420	422
0	421
0	712
421	1088
1088	1089
0	1088
0	1089
423	425
423	426
423	710
424	425
427	710
0	711
0	721
711	737
711	1144
0	1144
0	742
712	1144
721	742
721	746
0	1092
1090	1091
1090	1092
1091	1092
514	795
514	796
514	797
514	801
514	1062
514	1090
514	1091
514	515
514	1092
515	795
515	796
515	797
515	801
515	1062
515	1092
722	1077
722	1081
723	917
723	1079
723	1080
723	1081
723	1082
0	430
430	797
431	1090
431	1092
432	795
432	1090
432	1092
433	1090
433	1092
434	1090
434	1092
435	797
435	1091
435	514
449	1057
437	788
437	441
437	1057
437	674
437	438
438	788
440	465
440	675
1093	1094
1093	1105
1093	1108
1093	1109
1093	1113
0	531
445	941
445	581
445	1049
445	569
445	1059
444	581
444	1059
444	445
574	1004
574	1039
574	575
447	502
447	448
1095	1106
0	141
452	454
452	1048
453	454
457	1004
458	1004
1096	1120
1097	1106
461	1004
461	574
73	853
73	1066
73	531
462	644
462	1066
528	1008
528	532
528	1093
528	531
528	1108
528	1113
531	532
531	1093
531	1108
531	1109
531	1113
464	481
464	465
0	1106
610	1038
610	1076
610	1100
466	607
466	609
466	1099
466	1100
466	611
466	1101
466	467
607	976
607	1099
607	1107
607	1120
609	1050
609	1100
609	1101
1099	1107
1099	1120
1099	1123
1100	1101
611	958
611	978
611	624
611	1101
0	645
1101	1106
467	609
678	682
516	791
516	591
469	1005
0	1102
0	1103
1102	1115
1102	1116
0	1116
551	1114
551	1115
551	1116
551	552
0	1115
1103	1114
1103	1115
1103	1116
35	470
472	473
472	510
475	477
475	893
475	635
476	477
476	852
0	706
524	527
524	1049
524	532
524	1093
524	528
524	531
524	1108
524	525
524	526
483	486
483	1029
484	486
484	574
485	486
485	627
487	627
488	854
488	1046
491	888
491	535
493	496
494	1054
495	496
495	1054
497	1040
0	1109
1106	1118
499	500
499	501
499	682
645	978
645	1053
645	1074
645	1075
645	1105
645	1107
645	1123
1107	1129
1108	1109
1108	1113
503	1008
503	531
503	1108
0	1120
1109	1113
1109	1129
52	738
509	980
707	1122
707	732
73	962
1110	1111
1110	1126
1110	1128
0	1135
517	542
517	518
520	1008
520	1108
525	686
525	532
525	1093
525	528
525	531
525	1109
525	1113
526	528
0	1108
529	531
529	1108
530	531
530	649
533	534
533	1098
536	1032
536	1042
537	1032
537	1042
348	546
538	670
538	990
538	539
540	925
540	541
517	944
679	944
679	990
0	550
545	554
545	546
1114	1115
1114	1116
1115	1116
549	1103
549	1115
549	1116
550	1103
550	1116
552	1103
555	557
555	1064
555	561
556	557
556	561
562	564
562	1133
563	564
563	680
563	681
565	681
570	601
570	856
0	571
572	582
572	573
695	948
695	1050
695	1118
695	1123
577	948
577	695
83	664
587	595
587	588
590	1039
593	883
593	1050
593	1053
593	1118
1120	1121
1120	1123
199	597
647	650
647	653
647	1097
647	648
649	906
705	1070
705	1107
705	1125
705	1129
599	824
599	1071
600	824
600	1071
1122	1145
0	732
603	989
603	684
604	863
604	1031
604	1096
604	1099
604	1120
604	1123
694	863
605	863
605	976
1125	1129
141	687
141	1117
141	1126
1126	1128
0	1127
612	613
612	1070
614	1109
614	1119
615	1129
617	677
619	670
619	990
626	1003
629	1040
265	630
336	1131
336	733
0	666
640	704
641	704
642	704
643	704
648	1097
724	917
724	923
724	1126
724	1128
724	725
725	917
725	922
725	1128
657	917
657	724
657	725
658	662
658	921
658	1026
659	920
659	662
659	921
659	1061
659	663
659	1128
660	920
660	1061
660	663
661	920
661	1061
661	663
666	693
667	670
667	990
668	670
668	990
669	670
669	990
669	679
0	737
732	1072
732	1122
732	1145
0	1145
0	739
562	990
676	683
1133	1139
1133	1140
1133	1141
0	1134
1134	1142
1134	1143
1135	1136
1135	1137
1135	1138
688	1023
688	1024
688	1078
688	1135
689	1023
689	1024
689	1078
689	1135
690	1023
690	1024
690	1135
1136	1137
1136	1138
1137	1138
562	1139
562	1140
1139	1140
1139	1141
562	1141
0	698
0	1143
698	1134
698	1142
698	1143
1142	1143
697	698
697	1143
699	1134
699	1142
700	736
0	700
0	736
0	1146
737	742
737	741
742	746
742	743
742	744
742	745
0	746
713	721
713	742
713	746
714	721
714	746
715	721
715	746
716	721
716	746
717	721
717	746
718	721
718	746
719	721
719	746
720	721
720	746
453	740
727	1110
727	1111
728	1136
728	1137
728	1138
729	1136
729	1137
729	1138
730	1136
730	1137
730	1138
731	1136
731	1137
731	1138
739	1145
0	741
741	742
741	746
743	746
744	746
745	746
