1
1
1
1
1
1
1
1
1
1
11
1
1
1
16
1
1
1
1
1
1
1
18
21
22
3
23
1
1
1
1
1
1
1
1
748
1
1
2
2
3
4
26
1
1
1
1
1
27
30
1
1
1
1
1
5
1
1
1
32
40
1
6
6
1
1
1
1
7
7
7
7
7
7
7
7
1
1
1
1
8
6
6
8
9
9
1
1
1
1
1
1
1
1
1
1
1
1
1
1
1
1
1
1
1
1
1
10
11
11
11
12
11
11
1
13
11
11
14
11
11
11
11
11
11
11
11
11
11
11
11
1
1
1
1
1
1
1
1
1
1
1
1
69
1
15
1
16
16
16
16
16
1
16
16
16
17
1
16
16
16
16
16
16
16
16
16
16
16
16
16
16
16
16
16
1
1
1
1
1
1
1
1
1
1
1
1
1
1
1
1
1
1
1
1
1
749
750
1
18
18
18
18
1
18
18
18
19
18
18
18
18
18
18
18
18
18
18
20
18
18
18
18
18
18
18
18
18
18
18
18
1
21
1
21
21
1
21
21
21
21
21
1
21
1
22
1
22
22
1
22
1
1
1
108
22
1
1
22
22
22
1
22
3
3
1
3
3
3
1
3
3
3
3
3
3
3
23
23
23
23
23
23
23
23
23
23
24
23
23
23
23
23
23
23
1
1
1
1
1
1
1
1
1
1
1
1
1
1
1
1
1
1
1
1
1
1
1
1
1
1
1
1
1
1
1
1
1
1
1
1
1
1
751
1
1
1
1
25
1
1
1
1
1
1
1
1
1
1
1
1
1
1
1
1
1
1
1
2
752
113
1
2
1
1
1
1
1
2
1
2
26
26
26
26
26
26
26
26
26
26
26
26
26
26
26
26
26
26
26
1
1
1
1
112
27
1
116
1
1
1
1
1
1
28
27
28
28
28
28
1
1
1
1
1
753
754
1
755
1
1
1
29
30
30
30
30
31
31
31
30
30
30
30
1
1
1
1
1
1
1
1
1
1
1
1
1
1
118
1
1
1
1
1
1
1
1
1
1
1
1
1
1
1
1
1
1
1
1
1
1
1
1
32
33
34
32
32
35
32
1
32
32
32
32
36
32
32
32
32
37
32
32
32
32
32
32
32
32
32
32
32
38
39
40
40
1
40
40
40
40
40
40
40
40
40
40
40
40
41
40
40
40
1
1
6
1
138
6
6
6
6
6
6
6
6
6
6
42
42
42
6
6
6
6
6
6
6
6
6
6
6
6
6
6
1
1
1
1
1
1
1
1
1
1
1
1
1
756
1
149
150
1
757
1
1
1
1
1
1
1
1
1
1
1
1
1
1
1
1
1
1
1
1
167
1
1
1
1
1
1
1
1
1
1
1
1
1
1
1
1
1
1
1
1
43
43
43
172
43
43
43
43
43
43
43
43
43
43
43
43
43
43
43
43
43
43
43
1
1
1
1
1
1
1
1
1
1
173
174
1
1
1
1
1
92
1
1
1
758
1
1
759
760
47
49
761
762
1
1
1
177
178
180
1
1
1
181
44
45
46
46
147
1
763
1
183
1
1
1
1
1
1
764
192
1
1
1
1
1
1
193
1
1
765
1
1
1
1
1
1
1
1
1
766
1
1
767
1
47
1
48
1
768
1
1
1
1
1
1
1
1
56
769
1
770
1
1
49
1
1
1
50
1
1
55
204
771
1
1
1
206
1
1
1
1
1
1
1
1
772
1
51
1
52
51
1
1
1
1
1
1
1
773
774
775
137
1
1
1
234
1
1
1
1
1
1
1
197
1
1
776
1
1
1
1
1
1
1
1
1
217
1
1
253
1
777
276
1
1
54
245
1
1
778
1
1
1
1
779
1
1
1
53
1
1
1
54
1
1
89
53
54
1
1
1
1
1
1
1
277
1
1
780
278
781
1
1
1
1
1
1
1
1
279
18
18
18
18
1
1
1
1
1
1
1
55
55
782
1
55
1
1
1
1
56
56
56
56
56
56
56
56
57
57
1
1
783
1
1
230
1
1
1
1
1
1
1
1
1
281
1
1
1
58
58
211
215
220
1
1
1
282
58
1
1
1
1
284
1
285
58
1
59
1
1
784
1
1
785
7
7
1
8
60
8
8
8
8
8
8
8
8
8
8
8
8
8
8
8
8
61
786
1
787
788
1
1
1
1
62
9
9
9
9
9
9
1
148
456
1
1
1
1
1
367
1
789
1
1
1
1
1
1
1
63
1
1
1
1
1
1
1
1
1
1
63
63
64
63
1
1
63
63
63
63
58
790
398
1
1
1
1
474
475
478
1
479
1
1
65
1
480
791
1
1
792
65
1
481
1
1
1
1
1
793
482
1
1
1
1
66
1
1
794
343
1
1
1
1
1
1
1
1
1
1
1
1
66
66
66
66
66
66
66
66
67
67
68
68
1
1
1
444
1
1
1
1
1
67
67
1
81
291
69
70
1
69
292
158
69
69
1
71
71
221
1
1
385
795
386
1
1
511
72
72
1
1
1
1
1
1
1
1
73
1
77
1
1
1
1
73
1
1
1
1
1
1
1
1
1
1
1
1
75
1
1
1
1
1
374
1
1
447
1
1
1
1
74
1
75
796
1
797
798
1
1
1
1
75
75
75
76
1
1
1
1
799
1
1
1
76
76
1
1
76
1
1
1
1
1
202
1
1
1
1
1
1
512
1
1
1
1
1
1
1
1
1
1
1
1
1
800
1
801
1
1
802
1
1
77
1
1
1
416
1
1
1
1
1
1
1
153
78
1
1
1
1
1
1
1
803
430
1
1
1
1
1
1
1
1
1
1
1
1
1
1
1
80
390
1
1
1
1
1
79
79
79
80
1
1
1
1
81
81
1
1
804
1
1
1
1
1
11
11
11
11
11
11
11
11
11
11
11
11
11
199
1
1
1
1
11
11
11
11
11
11
11
11
11
11
1
129
1
561
1
1
1
1
269
1
1
1
1
1
1
1
1
1
1
1
1
1
1
1
520
1
16
16
143
1
1
1
1
1
1
1
362
1
805
414
1
1
1
1
1
1
1
1
1
1
1
1
1
1
1
1
1
1
1
1
554
1
806
1
807
1
1
1
1
1
1
1
1
1
1
1
1
1
169
195
1
1
1
1
1
1
1
1
85
1
1
302
1
1
1
304
1
1
1
1
1
808
86
1
1
1
809
1
1
1
1
1
810
1
1
1
1
1
1
82
1
811
1
335
1
812
82
82
82
1
82
1
82
82
82
813
814
1
1
389
1
1
1
1
1
1
1
1
1
1
1
1
1
1
240
1
1
1
583
1
584
1
1
1
83
83
815
239
1
1
1
1
84
1
83
83
83
83
1
1
237
1
1
1
1
1
1
1
816
1
1
1
1
1
817
590
1
1
1
1
818
1
1
1
1
1
1
1
1
1
85
85
1
819
820
1
1
1
95
1
1
1
821
88
1
822
1
86
1
1
1
1
146
1
1
1
1
585
1
1
1
1
1
1
1
1
1
1
1
1
1
1
1
1
381
1
1
1
1
1
1
1
1
1
1
574
1
1
1
1
1
1
1
1
1
1
1
1
1
1
1
1
1
599
1
87
1
1
1
88
1
1
1
1
1
1
1
1
1
1
1
1
823
1
824
1
1
825
1
1
1
1
1
1
1
1
1
587
1
1
1
1
1
1
1
1
89
1
170
1
1
1
1
1
1
1
1
1
1
1
1
1
1
1
1
1
1
1
1
1
1
100
101
1
1
1
826
1
358
359
1
1
1
90
91
1
1
388
1
1
90
377
1
827
1
1
90
90
90
1
1
828
829
830
831
1
1
1
91
91
1
1
1
409
1
1
410
1
92
93
1
1
1
832
1
1
1
833
1
1
93
1
1
1
1
1
1
1
93
1
834
1
1
330
1
406
1
1
1
1
1
1
1
1
1
1
1
835
94
298
1
1
836
1
1
1
837
1
1
1
1
1
1
1
1
95
838
839
344
96
96
383
1
1
1
1
1
1
97
1
1
1
1
1
1
1
299
1
98
840
1
99
1
1
602
100
100
1
100
1
1
1
1
1
841
1
1
1
842
1
1
1
1
1
1
1
101
102
1
1
1
101
1
98
1
98
1
102
1
102
98
98
98
1
1
1
1
1
1
1
1
1
1
1
1
1
1
1
1
1
1
1
1
843
1
1
1
331
1
1
1
1
1
1
1
1
1
1
1
844
1
1
1
1
1
1
1
1
1
1
1
845
1
846
1
1
1
1
1
1
1
1
847
848
1
1
1
1
849
1
1
1
1
1
103
103
1
1
1
1
324
493
1
1
1
1
1
1
1
850
851
1
1
852
1
1
1
1
853
1
1
1
1
1
1
1
1
1
1
854
1
1
1
1
855
1
1
1
1
1
1
1
1
1
1
1
1
856
857
1
1
858
1
1
104
104
104
1
1
1
1
1
1
1
1
1
1
1
1
1
1
1
859
105
1
1
1
1
1
1
461
860
1
1
1
106
1
1
107
1
1
861
1
1
452
1
1
1
18
18
18
18
18
18
1
1
1
1
1
1
1
1
1
1
1
1
1
1
1
1
1
108
108
108
108
108
108
108
108
108
108
108
22
110
109
109
109
109
109
1
360
110
110
110
1
862
863
1
1
1
110
1
1
109
109
109
109
109
110
110
109
109
109
864
109
109
1
1
1
1
1
1
1
1
1
1
1
1
1
1
1
1
1
865
1
36
36
614
1
1
1
1
1
1
111
111
111
1
1
1
1
1
1
1
1
866
1
1
1
1
1
1
1
1
61
507
61
61
61
61
61
61
61
61
61
1
1
1
1
1
1
1
1
1
1
61
61
61
1
3
3
3
3
3
1
1
1
1
1
1
1
1
112
112
1
1
1
1
1
27
27
27
27
27
1
559
451
548
40
1
23
23
23
23
23
23
1
1
1
1
1
1
1
1
1
1
1
1
1
1
1
1
1
1
1
1
1
1
1
1
1
1
1
1
1
1
1
225
1
1
1
1
1
1
867
1
1
1
1
1
186
1
868
603
1
1
1
1
1
1
1
1
1
1
1
1
1
1
1
1
1
869
1
1
1
1
1
1
1
1
870
1
208
1
1
1
1
871
1
1
1
1
1
305
1
1
1
1
1
198
1
1
1
1
113
1
1
1
872
1
1
1
1
407
1
1
1
1
1
873
394
1
1
1
457
1
1
1
1
1
1
1
1
1
1
1
874
1
875
1
876
1
1
877
1
1
1
1
596
1
114
166
878
879
382
114
114
1
1
880
881
1
1
882
1
1
1
1
1
1
1
1
1
1
1
1
1
1
1
1
1
1
1
1
1
883
1
1
1
884
1
1
1
127
162
1
1
1
1
1
1
1
1
1
1
1
1
1
483
1
1
1
1
1
1
499
1
528
1
1
1
1
115
885
1
1
1
1
1
464
1
1
1
1
115
634
115
1
115
1
1
1
886
1
1
1
1
1
1
1
887
1
1
1
1
1
888
889
1
1
1
1
1
1
1
1
1
1
1
1
1
1
1
1
116
116
116
116
116
116
116
116
116
116
116
116
116
116
116
116
116
116
116
1
1
1
1
890
243
1
1
1
891
1
1
1
397
1
1
1
405
1
1
1
1
1
1
1
1
1
1
1
1
1
1
1
892
893
401
1
1
1
894
565
636
1
1
117
117
1
1
144
1
1
1
1
895
1
1
1
506
29
29
30
30
30
30
30
30
30
30
896
1
1
1
1
1
1
624
1
1
1
1
1
1
1
1
1
1
1
136
1
155
163
241
1
1
1
391
897
898
1
1
1
1
899
639
1
1
118
900
1
491
901
902
1
1
1
903
1
119
1
1
120
1
121
122
1
1
1
1
123
1
1
1
1
904
1
1
1
1
1
1
1
1
1
1
1
1
1
1
905
906
314
1
1
1
124
1
1
1
1
1
1
1
1
1
1
1
1
1
1
1
1
1
1
1
1
125
125
125
125
125
125
1
1
1
1
1
125
125
125
125
125
125
125
125
125
125
125
125
1
1
1
1
1
1
1
1
128
1
1
1
1
1
1
1
1
1
1
1
1
1
1
312
126
126
1
1
1
127
127
127
127
127
1
1
127
127
1
1
1
1
907
1
1
1
1
1
128
1
1
1
1
1
1
1
1
129
130
131
132
133
134
135
81
81
1
1
231
1
1
1
1
1
1
1
1
1
1
1
1
1
1
1
1
1
1
1
1
1
1
1
1
1
1
1
1
1
36
36
36
36
36
36
36
36
32
37
1
1
1
1
1
1
1
1
1
1
1
1
1
1
1
1
1
1
1
1
1
1
1
1
1
1
1
1
1
1
1
1
1
136
136
136
136
129
129
40
40
40
40
40
40
40
40
40
443
908
1
909
1
1
1
250
1
227
1
1
137
1
1
137
910
338
1
1
137
137
1
1
1
1
1
1
1
1
1
1
1
1
1
1
249
348
1
579
1
1
1
138
1
138
138
138
6
6
6
6
6
6
1
1
1
1
1
1
1
140
911
350
1
912
1
139
1
1
1
1
1
140
640
141
141
1
140
1
1
1
1
1
1
1
1
142
142
142
142
142
142
142
142
142
142
143
143
109
109
109
1
1
1
1
1
1
1
233
1
1
1
238
1
144
1
144
1
1
1
145
145
144
1
144
1
1
1
1
1
1
1
1
1
1
1
1
1
913
1
1
1
1
1
1
1
1
1
1
306
1
1
1
1
1
1
1
1
1
1
1
1
1
1
1
1
1
914
1
1
915
1
1
1
1
1
1
1
1
1
146
1
1
1
1
1
147
147
147
1
1
1
1
1
1
1
1
1
1
1
148
1
1
148
148
148
148
148
148
148
148
148
148
148
1
916
1
1
1
1
1
1
1
1
1
1
1
1
1
168
1
917
1
657
918
1
1
1
1
1
1
1
1
919
1
1
1
1
1
1
1
1
1
1
1
1
665
1
1
1
1
920
666
1
1
1
1
1
1
921
1
1
1
1
1
663
922
1
1
1
1
1
1
923
924
1
925
1
1
1
1
1
1
1
1
1
1
1
926
1
1
1
1
927
223
1
1
472
1
928
621
1
1
1
1
1
1
1
1
1
1
929
1
505
1
1
1
1
1
1
1
1
1
1
149
1
1
1
1
514
150
1
1
1
1
1
1
1
1
1
1
1
1
1
1
1
1
1
151
1
1
1
1
1
1
930
1
1
931
1
308
1
1
1
1
1
1
1
1
1
1
1
1
1
1
1
1
152
1
1
1
1
1
1
1
1
1
153
153
153
1
1
1
1
1
932
933
1
934
1
404
1
1
1
1
1
1
1
1
1
1
1
1
1
1
1
935
1
1
1
1
1
1
1
936
1
1
1
1
1
1
1
376
1
1
1
1
1
1
1
937
154
300
1
1
155
1
155
1
1
1
154
1
155
155
1
1
1
1
1
159
1
938
164
156
1
1
334
1
1
1
157
157
157
158
1
159
1
159
159
1
160
513
1
1
159
1
1
1
1
1
1
1
1
939
1
355
940
1
1
1
1
1
1
941
1
1
1
1
1
1
1
1
1
346
1
1
1
1
1
161
942
1
162
1
1
1
1
1
1
1
1
1
1
1
1
163
163
163
1
399
1
1
1
1
1
1
1
1
393
164
164
164
164
164
164
164
164
164
164
164
164
164
164
164
164
164
164
164
164
164
164
164
164
164
943
577
1
1
1
165
165
1
1
944
1
945
1
1
1
1
1
1
656
1
1
1
1
1
1
166
1
1
1
1
1
1
1
1
1
1
1
1
1
1
1
1
1
1
1
1
1
1
1
1
1
1
1
1
1
1
1
167
1
1
1
1
1
1
1
1
1
1
1
1
1
1
1
1
1
1
1
196
1
1
1
1
1
1
1
1
1
1
1
1
1
1
1
1
1
1
1
1
1
1
1
1
1
168
1
1
1
1
1
1
1
1
1
1
1
1
1
946
1
1
1
1
1
1
1
1
1
1
1
1
1
169
170
1
1
1
1
1
1
170
170
1
1
1
947
1
1
1
1
1
1
1
1
1
1
1
1
1
1
1
1
1
1
1
1
1
1
171
1
1
1
172
1
1
1
43
43
43
43
1
1
1
1
1
1
1
1
1
1
1
173
173
1
1
1
1
174
1
1
1
1
174
1
1
1
1
1
1
1
1
1
1
1
1
948
1
1
567
1
1
1
1
1
1
1
1
1
1
1
1
1
1
949
1
1
1
1
1
1
653
1
1
1
175
1
1
950
951
1
1
1
1
1
1
1
1
1
1
1
176
1
1
177
1
1
178
178
178
631
178
1
179
1
1
952
411
180
1
180
1
1
1
1
181
1
1
46
46
46
1
1
1
332
147
1
1
1
1
953
1
1
353
954
1
1
1
1
1
1
1
1
1
1
1
1
182
183
183
183
1
1
1
1
1
1
1
1
1
1
1
1
185
1
1
955
460
1
1
1
1
1
184
1
1
1
1
1
1
1
1
1
185
288
956
1
1
186
1
1
1
191
957
1
958
1
1
1
1
1
959
1
960
1
1
1
187
1
961
622
962
1
1
1
623
1
1
1
1
1
1
1
1
187
1
1
1
1
1
1
188
188
1
1
1
1
189
1
1
1
1
1
1
1
1
1
1
1
1
1
1
1
1
1
1
1
189
1
1
1
1
1
1
1
1
1
1
1
1
1
1
1
1
1
1
1
672
963
1
1
1
1
1
1
1
1
1
1
1
190
1
626
1
1
1
1
190
191
191
191
191
191
1
1
1
1
1
1
1
1
1
598
633
1
1
1
1
1
1
1
1
1
192
1
192
1
1
1
964
1
965
1
1
1
1
1
1
1
1
193
966
1
212
1
1
1
967
1
1
371
968
969
970
971
1
194
1
1
1
1
1
1
1
1
972
973
1
1
1
1
1
1
974
1
1
1
1
1
1
1
1
311
1
1
1
1
1
1
1
1
1
1
1
1
1
1
1
336
1
1
1
1
1
1
1
1
1
1
1
1
1
975
1
1
1
1
1
1
1
1
1
1
1
1
1
1
1
1
1
1
1
1
1
327
1
1
1
1
1
1
195
1
1
1
1
1
1
1
1
1
1
1
1
1
1
1
1
1
1
1
1
1
1
1
1
1
1
1
1
246
1
1
1
1
361
586
1
1
1
1
976
977
1
1
1
978
1
1
1
1
1
1
1
1
1
1
1
1
1
1
1
1
1
1
1
1
1
1
1
1
1
1
1
1
1
1
580
1
1
1
1
1
1
196
1
196
196
196
1
229
1
1
196
1
196
197
197
1
1
1
1
1
1
1
1
1
1
1
1
1
1
1
1
1
979
1
1
1
1
1
1
1
1
1
1
980
198
1
1
1
1
1
1
1
1
1
1
1
1
1
1
1
1
1
1
1
1
1
199
199
199
199
199
347
981
1
1
673
1
200
201
1
202
1
1
203
203
1
1
1
1
204
1
1
1
487
1
204
204
205
1
1
1
1
1
363
1
1
1
501
1
628
1
1
1
1
1
1
1
1
1
1
206
1
1
1
1
1
1
1
1
1
1
1
252
207
207
1
1
1
1
982
1
1
208
208
1
208
209
1
1
1
210
1
1
1
322
1
1
983
1
1
1
1
1
210
210
210
1
1
1
1
1
1
1
1
1
1
1
1
1
1
1
1
1
319
1
1
1
1
1
1
1
289
984
1
1
1
1
1
1
1
1
1
1
1
1
1
1
1
589
1
1
1
1
1
1
211
1
1
1
211
211
211
258
1
1
212
1
1
212
212
212
212
212
212
212
213
1
1
364
985
207
1
1
214
214
215
216
1
1
217
1
1
1
1
1
1
1
1
1
1
1
1
1
1
1
1
1
1
1
1
1
1
1
1
1
1
1
1
1
218
1
218
986
987
1
988
1
1
597
1
1
1
218
219
1
1
1
503
1
1
1
1
1
989
440
1
524
1
1
1
1
1
1
1
1
1
1
1
1
1
220
220
220
220
1
1
1
1
1
368
1
990
671
991
1
1
1
1
1
1
1
1
356
1
543
1
1
1
1
1
1
1
1
1
508
1
221
221
1
1
1
1
1
222
221
1
1
1
1
1
1
1
1
223
1
1
1
224
1
1
247
1
225
225
1
1
226
226
1
1
1
1
1
227
1
1
1
1
1
1
992
993
1
1
1
1
228
1
1
1
1
1
1
1
1
1
1
1
994
995
1
996
1
1
1
1
1
1
229
229
229
229
1
229
1
1
1
1
1
997
1
1
1
328
230
230
230
1
998
1
1
1
1
231
231
231
231
231
231
231
231
231
1
1
1
1
1
1
1
1
1
1
1
1
1
1
1
1
1
316
1
1
1
1
1
352
1
1
1
1
232
1
1
1
233
233
233
1
1
1
1
1
1
1
1
999
1
1
1
1
1
1
234
1
1
1
1
1
1
1
1
1
1
1
1
1
1
1000
1
345
1
1
1
1
1
1
1
1
1
1
1001
1
235
1
1
1
1
1
1
1
1
1
1
1
1
1
1002
1
1
1
1
1
236
1
1
1
1
1
1
1
1
1
1
1
1
1
1
317
1
318
1
1
1
237
1
1
1
592
593
1
1
1
1
1
238
238
1
1
239
239
1
1
1
1
1
1
1
1
1
1
240
240
1
1
1
1
1
1
1
1
1
1
1
1
568
1
1
1
1
1003
1
1
1
1
1
1
1
1004
1
1
1
1
1
1
1
1
1
1
1
1
1
509
1
1
1
1
267
1
1
1
1005
1
1
1
1
1006
1
241
1
1
1
1
1
1
1
1
1
1
1007
1
1
1
1
1
1
1
1
1
1
1
1
1
1
1
1
1
242
1
1
1
1
1
1
1
1
1
1
1
1
1
1
357
1
1
1
1
1
243
243
243
1
1
1008
1
1
1
1
1
1
1
1
1
1
1
1
1
1
244
245
245
245
245
1
1
1
1
1
1
1
1
1
1
1
1
1
1
1
544
619
1
1
1
246
246
1
246
1
1
1
1009
1
1
1
686
1
247
248
248
1
247
247
687
652
1
1
1
1
1
1
1
1
1010
1
1
1
1
249
249
249
249
502
683
1
1
1
1
1
1
1
1
1
1
629
1
1
1
1
1
1
1
1
1
1
1
1
1
1
1
1
1
1
1
1
1
1
1
1
1
1
1
1
1
1
1
1
1
1
1
1
1
1
1
1
1
1
1
1
1
1
1
1
250
209
209
209
1
1
1
1
609
1
1
1
1
1
1
1
1
251
1
1
1
1
1
1011
1
1
1
1
1
102
1
1
251
251
251
1
1
1
1
1
1
1
1
1
1
1
1
1
1
1
1
1
1
1
1
1
1
1
1
1
1
1
1
1
1012
1
1
1
1
257
1
1
1
1
1
1
1
1
1
1
1
1
252
252
252
1
252
252
252
252
252
1
1
519
1
1
1
1
1
1
1
1
1
309
1013
1
1
253
1
1
1
1
1
1014
635
254
254
1
1
255
255
1
1
549
1
1
1
1
1015
540
1
1
1016
1
1
1
1
256
1
1
1
1
1
1
617
1
1
1
1
1
1
1017
1
1
1
1
1
1018
1
1
1
1
490
1
1
1
1
1
1
1
1
1
1
1
1
1019
581
1020
1021
1
1
1
1
1
1
1
1
1
1
1
257
1
1
1
1
1
1
1
1
1
1
1
261
1
1
1
1
1
262
1
1
1
1
1
1
415
1
1
1
1022
1
1
1023
351
1
1
1
1
258
258
258
258
1
259
258
258
258
258
1
1
1
1
260
261
1
1
1
262
262
262
262
262
262
262
262
1
1
1
1
1
1
1
1
263
1
1
1
1
1
1
1
1
1
1
1
1
1
1024
1025
1
1
1
1
1
1
1
1
1
1
1
1
1
1
1
692
1026
1
1
1027
1
1
693
264
265
265
1
1
1
1
1
1
1
1
1
1
1
1
1
1
1
1
1
1
1
1
1
1
1
1
1
1
1028
266
1
1
1
1
1
1
267
267
1
1
1
1
1
1
81
81
81
268
81
81
81
81
81
81
81
81
1
1
1
1
1
269
269
1
269
269
269
269
269
269
269
1
1
1
1
1
1
1
1
1
1
51
51
51
51
51
51
1
1
1
1
1
1
1
1
645
678
1
1
1
1
270
1
1
1
1
1
1
1
1
1
1
1
1
1
1
1
1
1
1
1
1
1
1
1
1
1
1
271
1
1
1
1
1
1
396
1
1
1
1
1
1
1
1
1
1
555
1
1
1
1
1
1
1
1
272
273
274
274
274
274
1
1
1
1
1
1
1
1
1
1
1
1
1
1
1
1
1
1
1
1
1
1
1
1029
1
1
1
1
1
1
275
275
1
1030
1
1
1
1
1
276
1
1
1
1
1
1
1
1
1
1
1
1
1
1
1
497
1
1
1
1
1
1
1
1
1
1
1
1
1
1
1
1
1
1
1
1
1
1
1
1
1
1
1
1
1
1
1
1
1
1
1
1
1
1
1
560
1
1
1
1
1
1031
1032
1
1
1
1
1
1
1
1
1
53
53
53
1
1
1
1
1
1
1
1
1
1
1
1
1
277
277
277
277
277
277
1
1
1033
1
1
1
1
1
1
1
1
466
1
1
1
1
1
536
1
1
1
1
1
1
1
1
278
1
1
1
1
1
1
1
1
1
279
279
279
279
1
279
279
1
1
1
1
1
1
1
1
1
1
1
1
1
1
55
1
1
56
56
56
56
56
56
1
1
1
1
1
1
1
1
1
1
1034
1
280
1
1
1
1
1
1
1
1
281
1
1
1
1
282
1
1
282
58
58
1
1
637
1
283
1
1
1
1
284
1
1
285
285
285
285
285
285
285
285
285
285
285
285
285
285
285
285
1
1
59
59
59
1
1
1
1
1
1
1
1
1
286
1
1
287
685
1
1
1
1
1
288
1
1
1035
1
1
1
1
1
1
289
1
1
1
1
1
1
1
1
1
1
1
1
1
1
290
291
291
291
291
291
291
291
291
291
291
291
291
291
291
291
69
70
70
70
70
1
1
1
1
1
290
292
292
292
292
292
292
292
292
292
292
292
292
292
292
292
292
292
292
292
292
292
292
1
1
158
158
1
1
158
158
158
158
158
158
1
158
158
158
158
158
158
158
158
1
1
158
69
1
1
293
294
294
1
1
1
1
1
1036
1
1
1
1
1
1
1
1
1
1
1
1
1
1
1
1
1
1
1
1
1037
1
1
1
1
1
1
1
1
1
1
1
1
1
1
1
1
295
1
1
1
1
542
1
582
1
296
297
1
1
1
1
1038
1
1
1
1
1
1
1
1
1
1
1
298
1
1
1
1
1
1
1
1
1
1
1
1
1
1
1
1
1
1
1
1
1
299
1
1
1
1
1
1
1
1
1
1
1
1
300
301
301
301
1
1
1
1
1
300
300
300
1
1
1
1
1
1
1
1
1
1039
1
1
1
1
1
1
1
1
302
302
1
303
1
1
1
1
1040
1
469
1
1
1041
1
1
1
1
1
1
1
304
1
1
1
1
1
1
1
1
1
1
1
1
1
1
1
1
1
1
1
1
1
1
1
1
1
1
1
1
1
1
1
1
1
1
1
1
1
1
1
1
1
1
1
1
1
1
1
1
1
1
1
1
1
1
1
1
1
1
1
1
1
1
1
1
1
1
1
1
1
1
1
1
1
1
1
305
305
1
1
1
1
1
1042
1
1
1
1
306
1
1
1
1
1
307
1
1
307
1
1
1
1
1
1
1
1
1
1
1
1
1
1
308
308
308
1
1
1
1
1
1
1
1
1
1
1
1
1
1
1
1
1
1
1
1
1
1
1
1
1
1
1
1
1
1
1
1
1
309
1
1
1
310
1
1
1
1
1
1043
1
1
1
1
311
313
1
1
1
1
1
312
312
1
1044
1
1
1
1
1
313
1
1
1
1
1
1
1
1
1
1
1
1045
1
1
1
1
1
1
1
1
1
1
1
1
1
1
1
1
1
1
1
1
1
1
1
1
1
1
1
1
1
1
1
1
1
311
1
1
1
1
1
1
1
1
1
1
1
1
1
1
1
1
1
1
1
1
1
1
1
1
1
1
1
1
1
1
1
1
1
1
1
1
1
1
1
1
1
1
1
1
1
1
1
1
1
1
1
1
1
1
314
1046
1
1
1
1
1
315
1
1
1
1
1
1
1
1
1
1
1
316
1
1
1
1
1
1047
625
1
1
1
1
317
317
317
1
1
1
1
1
1
1
1
1
1
1
318
318
318
318
1
1
704
319
319
319
319
1
1
1
1048
1
455
1
1
1049
1
1
1
1
1
1
1
1
1
1
1
1
1
1
1
1
1
1
1
1
1
1
1
1
1
320
320
321
449
1
1
1
1
1
1
1
1
1
1
1
1
1
1
1
1
1
1
1
1
1050
1
322
322
322
322
322
322
322
322
322
322
322
322
1
1
1
1
1
129
129
129
1
129
129
129
129
129
129
129
129
129
129
129
1
1
1
323
323
1
1
324
1
325
1
1
1
1
1
1
1
1
1
1
1
1
1
1
1
1
326
1
1
1051
1
1
569
1
1
1
1
327
327
1
328
328
1
1
1
1
1
1
1
1
1
1
1
1
1
1
1
1
1
1
1
1
1
1
329
1
1
1
1
1
1
1052
330
1
1
1
1
1
1
1
1
1
1
1
1
1
1
1
1
1
1
1
1
1
1
1
1
1
1
1
1
1
1
1
1
1
1
1
1
1
1
1
1
1
1
1
1
1
1
1
1
1
1
1
1
1
1
1
1
1
1
1
1
1
1
1
1
1
1
1
1
1
331
1
1
331
1
331
1
1
1
332
333
332
332
1
1
332
332
1053
1
1
1
1
1
1
1
1
1054
1
1
1
334
335
335
1
1
1
1
1
1
1
1
1
1
1
1
1
1
1
1
1
1
1
1
1
1
1
1
1
331
1055
1
1
1
1
1
1
1
1
1
336
1
1
1
1056
1
1
1
1
676
1
1
1
1
1
1
1
1
1
1
1
1
1
1
1
1
1
1
1
1
1
1
1
1
1
1
1
1
1
1
1
1
1
1
1
1
1
1
1
1
1
1
1
1
1
1
1
129
129
129
1
1
1
1
1
1
1
1
1
1
1
1
1
1
1
1
1
1
1
1
1
1
1057
1
1
1
337
1
337
337
338
688
339
340
338
1
338
1
1
1
1
1
1
1
1
1
1
1
1
1
1
1
1
442
1058
1
1
1
1
1
1
1
1
1
1
1
1
1
1
1
1
1
1
1
1
1
1
1
1
1
1
1
1
1
1
1
1
1
1
1
1
1
1
1
1
1
1
1
1
1
1
1
1
1
1
1
1
1
1
1
1
1
1
1
1
1
1
1
1
1
1
1
1
1
1
1
1
1
570
341
1
342
343
343
343
1
1
1
1
1
1
1
1
1
1
1
1
1
1
1
1
1
1
1
1
1
1
344
1
638
1
1
1
1
1
1
1
1
1
1
1
1
1
675
1
1
1
1
1
1
1
1
1
1
1
632
1
1
1
1
1
1
1
1
1
1
1
1
1
1
1
1
1
1
1
1
1
1
1
1
1
1
1
1
1
1
1
345
345
345
1
1
1
1
1
1
346
1
346
346
346
1
1
1
1
1
1
347
1
1
1
1
347
1
1
347
1
1
1
1
1
1
1
1
1
1
1
1
1059
1060
1
1
1
1
1
1
1
1
1
1
1
1
1
1
348
1
1
349
1
1
1
1
1
1
1
1061
1
1
1
1
1
1
1
1
1
1
1
1
1
1
1
1
1
1
1
1
1
67
67
67
1
1
1
1
1
1
1
1
1
1
1
1
1
1
1
1
1
1
1
1
329
1
1
1
1
1
1
1
1
350
1
1
1
1
1
1
1
351
1
351
1
1
351
351
1
1
1
1
1
1
352
352
352
1
1
353
1
1
1
1
1
1
354
355
1
1
1
1
1
1
1
1
1
1
1
1
1
1
1062
1
664
1
1
1
1
1
1
1
1
1
1
1
1
356
356
356
356
356
1
1
1
1
1
1
1
1
1
1
1
1
1
1
1
1
1
1
1
1
1
1
1
1
1
1
1
1
1
1
1
1
1
1
1
1
1
212
212
1
1
1
1
1
1
1
1
1
1
1
357
703
1
1
1
1
1
1
1
1
357
1
1
1
358
358
358
1
1
359
1
1
1
1
1
1
1
1
1
1
1
1
1
1
1
1
1
1
1
1
1
1
1
1
1
360
360
360
360
360
360
360
1
1063
1
1
1
1
1
1
1
1
1
1
1
1
1
1
1
1
1
1
361
1
1
1
361
1
361
1
1
1
1
361
361
361
1
1064
1
1
1
1
1
1
362
1
1
1
1
1
1
1
1
1
1
1
1
558
1065
1
562
1
1
1
1
1
1
1
1
1
1
220
363
1
1
363
1
364
1
1
1
1
1
1
395
1
1
1
681
682
365
365
366
1
1
365
365
367
1
1
1
1
1
1
1
1
1
1
1
1
1
368
1
1
1
1
1
368
369
1
1
1
1
283
1066
1
1
1
1
1
1
1
1
705
1
1
1
370
370
370
370
1
1
1
1
1
1
1
1
1
1
1
1
1
1
1
371
1
1
1
372
1
1
1
1
1
1
1
1
1
1
1
1
1067
1
1
1
1
1
1
1
373
1
374
374
374
1
1
1
1
98
1
1
1
1
522
1
1
1
1
1
375
1
376
376
1
1
1
1
1
1
58
377
1
1
1
1
377
1068
1
380
1
1
311
311
1
1
378
1
1
1
1
311
1
1
1
1
1
1
1
1
1
1
1
1069
1
1
379
379
1
1
1
1
1
1
1
380
380
380
380
380
380
380
380
380
1
1
1
1
437
1
1
1
1
1
1
1
1
1
1
1
576
1
1
1
1
1
1
1
1
1
1
1
1
1
1
1
1
1
1
1
381
1
1
1
1
1
1
1
1
1
1
1
1
382
1
1
190
1
383
383
383
383
1
384
190
1
1
1
1
363
1
1
1
1
1
1
1
1
1
1
1
1
1
1
1
1
1
1
1
1
1
1
1
1
385
1
1
1
1
1
1
1
1070
1
1
1
595
1
1
1
1
386
386
1
607
1
1
1
387
1
1
1
388
388
1
1
1
1
1
1
1
1
1
1
1
389
1
1
1
1
1
1
1
1
1
390
1
1
1
1
1
1
1
1
1
684
1
1
1
1
1071
1
1
1
1
391
1
1
392
1
393
1
393
394
394
394
394
1
1
1
1
1
1
1
1
1
1
1
1
1
1
1
1
395
1
290
702
1
290
1
1
1
395
395
1
1
1
1
1
1
1
1
1
1
1
1
1
1
1
1
1
1
1
1
1
1
1
1
1
1
1
1
1
1
396
1
1
1
1
1
1
1
1
1
1
471
1
1
1
1
1
1
1
397
1
1
1
1
1
1
1
1
1
1
1
1
1
1
398
1
1
1
1
1
1
1
1
1
1
1
399
399
1
1072
1
1
400
1
1
1
1
1
1
1
1
1
1
1
1
1
1
1
1
1
1
1
1
1
1073
1
1
1
1
1
1
1
1
1
1
1
1
1
1
1
1
1
1
1
1
1
1
1
1
401
401
152
1
1
1
1
1
1
1
1
1
1
1
1
1
1
1
1
1
1
1
1
1
1
1
1
1
1
1
1
697
1
1
1074
402
403
1
1
404
1
1
1
1
1
1
1
1
1
1
1
1
1
1
1
1
1
1
1
1
1
1
1
1
1
1
1
1
1
1
1
405
1
1
1
1
405
1
1
1
1
1
1
1
1
406
406
1
1
1
1
1
1
1
1
1
1
1
407
1
1
1
1
1
1
1
408
409
409
1
1
1
410
1
1
1
1
1
1
1
1
92
1
1
1
1
1
1
1
1
1
1
1
1
1
1
411
1
1
1
1
1
1
411
411
1
411
411
1
1
1
1
1
1
1
1
1
1
1
1
1
1
1
1
1
1
1
1
1
1
1
1
1
1
1
1
1
1
1
1
1
1
1
1
1075
412
1
413
1
1
414
1
1
1
1
1
1
1
1
1
1
1
1
1
1
1076
1
1
1
1
1
1
1
1
1
1
1077
1
1
1
1
1
1
1
1
1
1
1
1
1
1
1
1
1
1
1
1
1
1
1
1
1
1
1
1
1
1
1
1
547
1
1
1
1
1
1078
1079
1080
1081
1082
1
1083
1
1
1
1
1
1
1
415
415
415
1
1
1
533
1
1
1
1
1
1
1
1
1
1
1
1
535
1
1
1
1
1
1
1
1
1
1
1
572
160
1
1
1
1
1
1
1
1
1
1
1
1
1
1
1
1
1
1
1084
1
1085
1
1
1
647
651
1086
1
1
654
655
1
1
710
1
1
1
1
1
1
1
1
1
1
1
429
1
1
1
1
1
1
1
1087
416
1
1
416
1
1
1
1
1088
1
1
1
1
1
1
1
1
1
418
417
423
426
417
427
417
417
418
418
418
418
417
418
1
419
419
417
418
420
1
417
417
421
1
1
1
1
1
1
1
1
1
1
1
1
1
1
1
1
1
1
1
422
1089
1
1
1
1
1
1
1
1
422
1
422
422
422
1
1
1
1
1
423
424
419
419
423
423
424
424
424
425
424
426
711
424
426
426
424
424
424
417
417
417
417
417
417
417
417
417
417
417
424
424
424
424
427
1
1
424
427
428
427
427
427
1
1
1
1
1
1
712
1
417
417
417
1
1
417
417
424
424
424
424
424
418
418
418
418
418
418
418
418
1
1
1090
1
1
1
1
1
1
1
1
1
1
1
1
713
1
1
1
722
1
1
1
1
1
1
1
1
1
1
1
1
1
429
1
1
1
1
1
1
1091
1
1092
515
516
1
1
1
1093
1
1
1
1
1
430
723
1
1
1
724
1
1
1
1
1
1
1
1
1
1
1
1
1
1
1
1
431
1
1
1
1
431
431
431
431
431
431
431
431
431
431
431
431
431
1
1
1
1
1
1
1
1
1
1
1
1
1
1
432
433
1
1
1
1
434
1
435
1
1
1
1
1
436
1
1
1
1
1
1
1
1
1
1
1
1
1
1
1
1
1
1
1
1
1
1
1
437
1
1
437
437
1
437
1
437
1
437
437
1
1
1
1
1
1
1
1
1
1
1
1
1
1
1
450
1
1
1
1
1
1
1
1
1
438
438
1
1
1
439
1
1
1
1
1
440
440
1
441
440
1
1
442
442
1094
443
1
443
443
443
443
443
443
1
443
443
1
444
1
1
1
1
1
1
1
1
1
1095
1
1
1
1
1
446
1
1
1
445
1
1
446
446
446
446
446
446
446
446
446
446
446
1
1
1
1
1
447
1
1
1
1
1
1
1
1
1
1
1
1
1
1
1
1
1
1
1
1
1
575
448
448
1
1
1
449
1
1
1
1
1
1
1
1
450
1096
1
451
451
451
451
451
451
451
451
451
451
451
451
451
451
451
451
451
451
451
451
451
451
451
451
451
451
451
451
1
1
1
1
1
1
1
1
1
1
1
1
1
1
1
1
1
1
452
1
1
452
452
452
452
452
452
452
452
452
452
452
452
452
452
1
1
1
1
1
1
1
1
1
1
1
1
1
1
1
1
1
1
1
1
1
1
1
1
1
1
1
1
1
453
1
1
1
1
1
1
1
1
1
1
1
1
1
1
1
1
1
1
1
453
1
1
1
1
1
1
1
1
1
1
1
1
1
1
1
1
454
1
1
455
1
1
1
1
1
456
456
1
456
1
1
456
456
456
456
456
456
456
456
456
456
1
1
457
457
458
458
457
459
1
1
1
1
1
1
1
1
1
1
1
1
1
1
1
1
1
1
1
1
1
1
1
1
1
1
1
82
1
1
1
1
1
1
1
1
1
1
1
1
1
1
1
1
1
1
1
1
1
1
1
1
1
1
1
1
1
1
1
1
1
1
1
1
1
1
1
1
1
1
1
1
1
1097
1
1
1
1
1
1
1
1
1
1
1
1
1
460
1
460
1
1
1
1
1
1
1
1
1
1
1
1
1
1
1
1
461
1
1
1
1
1
461
461
461
1098
1
1
1
1
1
1
1
1
462
1
1
1
1
1
1
1
1
1
1
1
1
1
1
1
1
1
1
1
1
1
1
74
463
1099
1
1
1
1
1
1
1
1
1
1
1
1
1
1
1
1
529
532
1
1
1
1
1
1
1
1
1
464
464
464
464
1
1
1
1
1
1
1
1
1
1
1
465
466
465
1
674
1
1
1
1
1
1
1
1
1
611
1
1
1
1
1
1
1
1
1
1
1
1
467
467
467
467
467
467
608
610
1100
1101
612
1
1
1
1102
1
1
1
468
1
1
1
1
1
709
1
1
1
1
1
1
1
1
679
1
1
1
1
1
1
1
1
1
1
1
1
1
1
1
1
1
1
1
1
1
1
1
1
1
1
1
1
1
1
1
1
1
1
1
1
1
1
1
1
1
1
1
1
1
1
1
1
1
517
1
1
1
470
1
1
1
1
1
1
1
1
1
1
1
1
1
1
1
1
1
1
63
63
63
63
63
63
63
63
1
1103
1
1
552
1
1104
1
1
1
1
1105
1
1
469
1
469
1
469
469
1
1
1
1
1
1
1
1
1
1
1
470
470
470
1
1
470
470
470
470
470
1
1
1
1
1
1
36
1
471
1
1
1
1
1
1
1
1
472
473
474
474
474
1
1
1
1
1
475
475
1
476
477
1
1
477
478
477
477
1
1
479
1
1
479
479
1
1
1
1
1
1
480
1
1
1
1
1
1
1
1
1
1
1
1
1
1
1
1
1
481
1
481
1
1
1
1
1
1
1
1
707
482
1
1
1
1
1
1
1
1
1
1
1
1
1
525
1
290
67
67
67
67
67
67
290
290
290
67
67
67
67
1
483
1
1
1
204
204
204
204
1
1
1
1
1
1
1
1
1
1
1
484
484
485
1
486
487
487
488
488
1
1
1
1
1
1
1
1
1
1
1
489
489
1
1
1
490
1
1
1
1
1
1
1
1
1
1
1
1
1
1
1
1
1
1
1
1
1
491
1
1
1
1
1
1
1
1
1
1
492
1
1
1
1
1
1
1
1
1
1
1
1
1
1
1
1
493
1
494
495
495
1
496
496
496
1
1
1
1
1
497
1
498
498
498
1
1
1
1
1
1
1
1
1
1
1
1
1
1
1
1
1
1
1
1
1
1
1
1
1
1
1
1
1
1
1
1
1
1
1
1
1
1
1
1
1
1
1
1
1
1
1
1
1
1
1
1
1
1
1
1
1
1
1
1
1
1
1
1
1
1
1
1
1
1
1
1
499
1
1
1
1
1
1
1
1
1
1
1
1
1
1
1
1
1
1
1
1106
1
1
1
1
1
1
1
1
1
1
1107
1
1
1
1
1
1
1
1
1
1
1
1
1
1
1
1
1
1
1
500
1
1
501
501
1
1
1
1
1
1
1
1
1
1
1
1
1
1
1
1
502
502
502
502
1
1
1
1
1
1
1
1
1
1
1
1
1
1
1
1
1
1
1
1
1
1
1
1
1
1
1
646
1108
1
1
1
1
1
1
1
1
1
1
1
1
1
1
1
1
1
1
1109
503
504
503
503
504
1
1
1
1
1
1
1
1
1
1
1
1
1
1
505
505
1
1
1
505
505
505
505
1
1
1
1
1
1
1
1
1
1
1
1
1
1
1
1
1
1
1
1
1
1
1
1
1
1
1
1110
1
53
53
266
266
1
506
1
1
1
1
1
1
1
1
1
1
1
1
1
1
1
1
1
1
1
1
1
1
1
1
1
1
1
1
1
1
1
1
1
1
1
1
1
1
1
1
1
1
1
1
1
1
507
507
507
507
507
61
61
61
61
61
61
61
61
61
1
1
1
1
1
1
1
1
1
507
507
507
507
507
507
507
507
507
507
507
1
1
1
1
1
1
1
1
1
1
1
1
1
1
1
1
1
1
1
1
1
1
1
1
1
1
1
1
1
1
1
1
508
508
509
510
1
1
511
1
1
1
1
1
1
1
1
1
512
1
1
512
1
1
1
1
1
1
1
1
1
1
1
1
1
1
1
1
1
1
1
1
1
1
1
1
1
1
1
1
1
1
1
1
1
1
1
416
416
1
1
1
1
1
1
1
1
1
1
1
1
1
1
1
1
1
1
1
1
1
1
1
708
1
1
1
513
513
513
513
513
513
1
1
1
1
1
1
1
1
1
1
1
1
1
1
74
74
1
1
1
1
1
1
1
1
1
1
1
1
1111
1112
1
1
1
1
1
1
1
1
1
1
1
1
1
1
1
1
1
1
1
1
1
1
1
1
1
1
1
1
1
514
1
1
515
515
515
516
517
517
517
1
517
517
517
517
517
1
1
1
1
1
1
1
1
1
1
1
1
1
1
1
1
1
1
1
1
1
1
1
1
1
1
1
1
1
1
1
1
523
1
1
1
79
79
79
1
518
519
1
1
1
520
1
1
520
520
520
520
1
1
520
520
520
520
520
520
520
520
1
1
1
1
521
1
522
522
522
522
522
522
522
522
522
1
1
1
523
1
523
523
523
523
523
523
523
523
523
523
523
523
523
1
523
523
523
523
523
523
523
523
1
1
1
1
1
1
1
1
1
1
523
523
523
523
523
1
1
1
1
1
1
1
1
1
1
1
1
1
1
1
1
1
1
1
1
1
1
1
1
1
1
1
1
1
1
1
1
1
1
524
524
524
1
1
1
525
525
1
525
526
527
527
525
525
1
525
527
1
1
1113
1
1
1
1
1
1
1
1
1
1
1
1
1
1
1
1
1
528
1
1
1114
1
1
526
529
1
1
530
1
1
1
1
1
1
1
1
1
1
1
1
1
1
531
531
531
1
1
532
1
1
1
1
1
1
1
1
533
1
1
1
1
1
534
1
1
1
535
535
535
1
1
536
536
1
1
1
1
1
1
1
1
1
1
1
1
1
1
537
1
1
538
1
1
1
1
1
349
349
349
349
349
349
349
1
1
1
1
1
1
1
1
1
1
1
539
1
1
540
1
1
1
1
1
1
1
1
1
541
541
1
1
1
1
542
1
1
542
542
542
1
1
1
1
1
518
518
1
1
1
1
1
543
1
1
518
680
1
1
1
1
1
1
1
1
1
1
544
544
1
1
1
1
1
544
1
1
1
1
1
1
1
1
1
1
1
1
1
1
1
1
1
1
1
1
1
1
1
518
518
518
518
518
518
518
518
518
1
1
1
1
1
1
1
1
1
1
1
1
1
1
1
1
1
1
1
1
1
1
1
1
1
1
1
1
1
1
1
1
1
1
545
545
545
545
545
545
1
1
1
1
1
1
1
1
1
1
546
1
1
1
1
547
79
79
1
1
1
1
548
548
548
548
548
548
548
548
1
1
1
1
1115
1116
1
1
1
1117
1
1
1
1
1
1
1
1
1
1
1
1
1
1
1
1
1
1
1
1
1
549
1
549
1
1
545
545
545
545
545
545
1
1
1
1
1
1
1
1
1
1
1
1
1
1
1
1
1
1
1
1
1
1
1
1
1
550
551
1
1
1
1
551
551
551
551
551
551
727
1
552
552
552
552
552
553
552
552
552
552
552
1
1
1
1
1
1
1
1
1
1
1
1
1
1
1
545
545
545
545
545
545
545
545
545
545
545
545
545
545
545
1
1
554
554
554
554
554
554
554
554
554
554
554
554
554
554
554
554
554
554
554
554
554
554
554
554
554
554
1
1
1
1
1
1
1
1
1
1
1
1
1
1
1
1
1
1
1
1
1
1
1
1
555
1
1
1
1
1
556
1
557
1
1
1
1
1
558
558
1
1
1
1
1
1
1
559
559
559
559
559
559
559
559
559
559
559
559
559
1
1
1118
1
1
1
1
1
1
735
1
1
1
1
1
1
560
1
1
560
1
1
1
1
1
1
1
1
1
1
1
1
1
1
1
1
1
1
1
1
1
1
1
1
1
1
1
1
1
561
561
561
561
561
561
561
561
561
561
561
561
1
1
1
1
1
1
143
1
1
1
1
1
1
143
143
143
222
143
143
143
143
143
1
143
1
143
562
562
562
1
557
1
1
1
557
1
1
1
1
1
1
1
1
1
1
1
365
563
365
564
565
566
1
1
1
567
567
1
1
1
1
1
1
1
1
1
1
1
1
1
1
1
568
1
1
1
1
1
1
1
1
1
1
1
569
1
1119
1
1
1
1
1
1
1
1
1
1
1
570
1
1
1
1
1
1
1
1
1
1
1
1
1
1
1
325
1
1
1
1
1
1
1
1
1
1
1
1
1
1
1
1
1
1
1
1
1
1
1
1
1
1
1
571
1
1
1
1
1
1
1
1
1
1
1
1
1
1
1
1
1
1
1
1
1
1
1
1
1
1
1
1
1
1
1
1
1
1
1
1
1
1
1
1
1
1
1
1
1
1
1
1
1
1
1
1
1
1
1
572
572
572
572
572
572
572
1
1
1
1
572
572
572
1
1
1
572
572
1
572
572
1
1
1
1
1
1
1
1
1
1
1
1
1
1
1
1
1
1
1
1
1
1
1
1
1
1
1
1
1
1
1
1
1
1
1
1
1
1
1
1
1
1
1
1
1
1
1
1
1
1
1
1
1
1
1
1
1
1
1
1
1
1
1
1
1
1
1
1
1
1
1
1
1
1
1
1
1
1
1
1
1
1
1
1
1
1
1
1
1
1
1
1
1
573
574
574
574
1
1
1
1
1
1
1
1
1
1
736
1
1
1
1
1
1
1
1
1
1
1
1
1
1
1
1
575
1
1
1
1
1
1
576
576
576
1
577
577
577
577
577
1
1
1
1
1
1
1
1
1
1
81
81
81
81
11
11
11
11
11
1
1
1
1
1
1
1
1
1
1
1
1
1
1
1
1
1
1
1
1
1
1
1
1
1
1
1
1
1
1
1
1
1
1
1
1
696
1
1
578
1
1
1
1
1
1
1
1
1
1
1
1
1
1
579
1
1
1
1
1
1
1
1
1
1
1
1
1
1
1
1
1
1
1
1
1
1
1
1
1
1
1
1
1
1
1
1
1
1
1
1
1
1
1
1
1
1
1
1
1
1
1
1
1
1
1
1
1
1
1
580
1
1
1
1
1
1
1
1
1
1
1
1
1
1
1
1
1
1
1
1
1
1
1
1
1
1
1
1
1
1
1
1
1
1
1
1
1
1
1
1
1
1
1
1
1
1
1
1
1
1
1
1
1
1
402
402
1
1
581
1
1
1
1
1
1
1
1
1
1
1
190
1
1
1
1
1
1
1
1
1
1
1
1
1
1
1
1
1
1
1
1
1
1
1
1
1
1
1
1
1
1
582
582
582
582
582
582
1
1
1
1
1
1
1
583
1
1
1
1
584
1
1
84
84
84
84
1
1
1
1
1
1
1
1
1
585
585
585
1
1
1
1
1
1
1
1
1
1
1
1
1
1
1
1
1
1
1
1
1
586
1
586
587
587
587
587
587
1
1
1
1
1
1
1
1
1
1
1
1
1
1
588
589
588
1
1
1
1
1
1
1
1
1
1
1
1
1
1
1
1
1
1
590
590
1
590
590
591
591
590
1
590
590
590
590
590
590
592
592
1
1
593
1
1
1
1
1
1
1
1
1
1
1
1120
1
1
1
1
1
1
594
1
1
1
1
594
594
1
1
1
1
1
1
595
595
595
595
595
1
1
1
1
1
1
1
1
1
596
1
1
1
1
1
1
1
1
1
1
1
1
1
1
1
1
1
1
1
1
1
597
597
1
1
1
1
1
1
1
1121
1122
1
1
1
1
598
598
598
598
1
1
598
200
1
1
1
1
1
1
648
650
1
1
1
1
706
1
1
1
1
1
1
1
1
1
1
1
1
1
1
1
1
599
1
87
1
1
1
1
1
1
1
1
1
1
1
1
1
1
1
600
600
601
601
97
97
1123
1
1
602
1
1
1
602
1
1
1
1
1
1
1
1
1
1
1
603
1
1
1
1
1
1
1
1
1
1
604
604
604
1
1
1
1
1
1
1
1
1
1
1
1
1
1
1
1
1
1
1
1
1
1
1
1
1
1
1
1
1
1
1
1
1
1
1
1
1
1
1
1
1
1
1
1
1
1
1
1
1
1
1
1
1
1
1
1
1
1
1
1
1
1
1
1
1
1
1
1
1
1
1
1
1
1
1
1
1
1
1
1
1
1
605
605
605
1
1
1
1124
1
1
1
1
1
1
1
1
1
1
1
1
1
1
1
1
1
1
1
1
1
1
1
1
1
1
695
606
1
1
1
1
1
1
1
1
1
1
1
1
1
1
1
1
1
1
1
1
1
1
1
1
1
1
1
1
1
1
1
1
1
1
1
1
1
1
1
1
1
1
1125
1
1
1
1
1
1126
1
1
1
1
1
1
1
1
607
607
1
1
1
1
1
1
1
1
1
1
1
1
1
1
1
1
1
1
608
1
1
1
1
608
142
142
142
1
1
1
1127
142
142
142
1
1
1
1
1
1
1
1
1
1
1
1
1
1
609
609
1
1
1
1
1
1
610
1
1
1
1
1
1
1
1
1
611
611
611
1
1
1
1
1
1
1
1
1
1
1
1
1
1
1
1
1
1
1
1
1
1
1
1
1
1
1
1
1
1
1
1
1
1
1
594
1
1
1
1
1
1
1
1
1
1
1
1
1
1
1
1
1
1
1
1
1
1
1
1
1
1
1
1
1
1
1
1
612
1
1
1
1
1
1
1
1
1
1
1
1
1
1
1
1
1
1
1
279
279
279
279
279
1
1
460
460
460
460
460
460
460
460
1
1
1
1
1
1
1
1
1
1
290
290
290
290
290
290
290
1
1
1
1
1
1
1
1
1
1
1
1
1
1
1
1128
1
1
1
1
1
1
1
1
1
1
1
1
1
1
1
1
1
1
1
1
1
1
1
1
1
1
1
1
1
1
1
1
1
1
1
1
1
1
1
1
1
1
1
1
108
108
110
1
1
1
1129
1
1
1
1
1
1
1
1
1
1
1
1
1
1
1
1
1
1
1
1
36
36
1
1
1130
613
1
614
1
1
1
614
1
1
1
1
615
1
615
615
111
1
1
1
1
616
111
111
1
1
1
1
1
1
1
1
1
1
1
1
1
1
40
40
40
40
23
23
23
1
1
1
1
1
1
1
1
1
1
1
1
1
1
1
1
1
1
1
1
1
1
1
1
1
1
1
1
1
1
1
1
1
1
1
1
1
1
1
1
1
1
1
1
1
1
1
1
1
1
1
1
1
1
1
1
1
1
1
1
1
1
1
1
1
1
1
1
1
1
1
1
1
1
617
1
1
618
1
1
1
1
1
1
1
1
1
1
1
1
1
1
1
1
1
1
1
1
1
1
1
1
1
1
1
1
619
620
1
619
621
1
1
1
1
1
1
1
1
1
1
1
1
1
1
1
1
1
1
1
1
1
1
1
1
1
1
1
1
1
1
1
1
622
622
622
622
622
1
1
1
1
1
1
623
623
1
623
623
623
1
623
624
624
624
624
624
624
1
1
1
1
1
1
1
1
1
1
1
1
1
1
1
1
1
1
1
1
1
1
1
1
1
624
624
624
624
624
624
624
624
624
624
624
624
1
1
1
1
1
1
1
1
1
1
1
1
1
1
1
1
1
409
409
1
1
1
1
1
1
625
625
1
1
1
1
1
1
1
1
1
1
1
1
626
626
1
1
626
626
626
627
628
629
630
629
1
1
1
631
631
631
266
266
1
632
1
1
1
1
1
1
1
1
1
1
1
1
1
1
1
1
1
437
437
437
437
437
1
1
437
437
437
1
1
1
1
1
1
1
1
1
1
1
1
1
1
1
1
1
1
1
1
1
1
1
1
1
1
1
1
1
1
1
1
1
1
1
1
1
1
1
1
1
1
1
1
1
1
633
1
1131
1
1
1
1
634
634
1
1
1
1
1
1
1
1
1
1
1
1
1
1
1
1
1
1
1
1
1
1
1
1
1
1
1
1
1
694
1
1
1
1
1
1
1
1
1
635
1
635
635
635
635
635
115
636
1
1
636
1
1
1
1
1
1
1
1
1
1
1
1
1
1
1
1
1
1
1
1
1
1
1
637
1
1
1
1
1
1
1
1
1
1
1
1
1
1
1
1
1
1
1
1
1
1
1
1
1
1
1
1
1
1
1
638
638
337
337
337
337
1132
734
337
337
337
337
337
337
337
337
337
337
337
337
337
337
1
1
1
1
1
1
1
1
1
1
1
1
1
1
1
1
1
1
1
1
1
1
1
1
1
1
1
1
159
159
159
1
1
1
1
1
1
1
1
1
1
1
1
1
1
1
1
1
1
1
1
30
30
1
1
1
1
1
1
1
1
1
1
1
639
639
1
1
1
1
1
1
1
1
1
1
1
1
1
1
1
1
1
1
1
1
1
1
1
1
1
1
1
1
1
1
1
37
1
1
1
1
6
6
6
6
6
1
1
1
1
1
1
1
1
1
1
1
1
640
640
641
642
642
643
644
644
1
1
1
1
1
1
1
1
142
142
142
142
142
142
142
142
1
1
1
1
1
1
1
1
1
1
645
1
1
1
1
1
1
1
1
1
1
1
1
1
1
1
1
1
1
341
1
1
1
1
537
1
1
1
1
1
1
1
1
1
1
1
1
1
1
1
1
646
1
646
1
1
1
1
1
1
1
1
1
1
1
1
1
1
1
647
1
1
1
648
1
649
1
648
1
648
648
648
648
1
1
1
650
650
1
1
1
1
1
1
1
1
1
1
1
1
1
651
1
1
1
1
1
1
1
1
1
1
1133
1
1
1
1
1
1
1
1
1
520
1
1
1
1
1
1
1
1
1
1
1
1
51
51
51
51
51
254
254
254
254
254
254
254
1
1
1
1
1
652
652
652
652
652
1
1
1
1
1
1
1
1
1
1
1
1
1
1
1
1
1
1
1
1
1
1
653
653
1
1
1
1
1
1
1
1
1
1
1
1
1
1
1
1
1
1
1
1
1
1
1
1
1
1
1
1
1
1
1
1
1
1
1
1
1
1
1
1
1
1
1
1
1
1
1
1
1
1
1
1
1
1
1
1
1
1
1
1
1
1
1
1
1
1
1
1
1
1
1
1
1
1
1
1
1
1
1
1
1
1
1
1
1
1
1
1
1
1
1
654
1
1
1
655
655
1
1
1
1
1
1
1
1
1
1
1
1
1
1
1
1
1
1
1
1
1
1
1
1
1
1
1
1
1
1
1
1
1
1
1
1
1
1
1
1
1
1
1
1
1
1
1
1
1
1
1
1
1
1
1
1
1
1
1
1
1
1
1
1
1
1
1
1
656
1
656
1
1
1
1
1
1
1
1
1
1
1
1
1
1
1
1
1
1
1
1
1
1
1
1
1
1
557
557
266
266
559
559
110
148
148
148
1
1
1
1
1
657
1
725
726
658
1
1
1
659
1
1
1
1
1
1
1
660
1
1
661
1
1
662
1
663
1
1
1
1
1
1
664
664
664
664
1
1
1
1
1
1
1
1
1
1
1
1
1
1
1
1
1
1
1
1
665
665
665
665
665
665
665
665
665
665
665
665
665
666
666
666
666
1
1
1
1
1
1
1
1
1
1
1
1
1
1
1
1
1
1
1
1
1
1
1
1
1
1
1
1
1
1
1
1
1
1
1
1
1
1
1
1
1
1
1
1
1
1
1
1
1
1
1
1
1
1
1
1
1
1
1
1
1
1
1
1
1
1
1
1
1
1
667
667
1
1
1
1
1
667
1
1
1
1
1
1
1
1
1
1
1
1
1
1
1
1
1
1
1
1
1
1
1
1
1
1
1
1
1
1
1
1
1
1
1
668
669
670
671
513
513
629
629
1
1
1
1
1
1
1
1
1
1
733
1
1
1
1
1
1
1
1
1
1
1
1
1
1
1
1
1
1
1
1
1
1
672
1
1
1
1
1
1
1
1
1
1
1
1
1
1
1
46
46
46
46
46
46
46
46
1
1
1
1
1
1
1
1
1
192
192
1
1
332
1
1
1
1
1
1
1
1
1
1
1
1
1
1
1
1
1
1
1
1
1
1
1
1
1
1
1
1
1
1
1
673
1
1
1
1
1
1
1
1
1
199
1
1
1
1
1
1
1
1
1
1
1
1
563
563
563
74
74
74
1
1
1
1
1
1
1
1
1
1
1
1
1
1
1
1
1
1
1
1
1
1
1
1
1
1
1
1
1
1
1
1
1
1
1
1
1
1
1
1
1
1
1
1
1
1
674
674
674
674
674
1
1
675
675
675
1
675
1
1
1
1
1
1
1
1
1
1
1
1
1
1
1
1
1
1
1
1
1
1
1
1
1
1
1
1
1
222
222
1
1
1
1
1
1
317
317
1
1
1
1
1
1
1
1
1
1
1
1
1
1
1
1
1
1
1
1
1
1
1
1
1
1
1
1
1
1
1
1
1
1
1
1
1
1
1
1
1
1
412
412
412
1
302
1
1
1
1
1
1
1
1
676
676
1
677
677
677
677
1
1
1
1
1
1
1
1
1
1
678
678
1
347
347
1
1
1
1
1
1
1
1
1
1
1
1
1
1
1
1
322
322
322
322
322
322
322
322
1
1
1
1
1
1
1
1
1
1
675
675
675
675
675
675
1
1
1
1
1
1
1
1
1
1
1
1
1
1
1
1
1
1
1
679
679
679
679
679
679
1
1
1
1
1
1
1
1
1
1
1
1
1
1
1
1
1
1
680
1
1
1
1
1
681
365
365
365
365
365
1
1
1
682
1
1
682
1
365
1
1
1
1
1
683
683
683
683
683
683
683
683
683
683
683
683
683
683
1
1
1
1
1
1
1
1
1
1
1
1
1
1
1
1
289
684
684
1
1
1
1
1
1
1
1
1
1
1
1
1
1
1
1
1
1
1
1134
1
1
1
1
1
1
1
685
1
1
1
1
1
1
1
1
1
1
1
1
1
1
1
1
489
1
1
1
1
1
287
1
1
1
1
1
1
637
1
1
1
1
1
1
1
1
1
1
1
1135
1
1
1
1
1
1
1
1
686
1
1
1
1
1
1
1
1
1
1
687
1
1
1
1
1
1
1
1
1
1
1
1
1
1
249
1
1
1
1
1
1
1
1
1
337
337
337
337
337
338
688
688
688
1
688
688
688
688
688
338
338
1
1
371
485
485
1
1
1
1
1
1
1
1
1
1
1
1
1
1
1
1
1
1
261
1
1
1
1
1
1
1
1136
689
690
690
690
690
690
691
691
1137
1138
1139
1
692
692
1
1
693
394
674
674
674
674
674
674
674
674
674
674
674
674
674
674
674
674
674
1
1
1
1
1
1
1
1
1
1
1
1
1
1
1
1
1
1
1
1
1
1
1
694
1
1
1
1
1
1
1
1
1
1
563
1140
563
563
1141
563
563
1142
563
563
563
563
563
563
563
563
563
563
563
563
563
563
563
563
563
563
563
563
563
563
563
563
563
563
563
563
563
563
563
563
563
563
563
563
563
563
563
563
563
563
563
563
563
563
563
563
563
563
563
563
563
563
563
563
563
563
563
563
563
563
563
563
1
1
1
1
1
1
1
1
1
1
1
1
1
1
1
1
1
1
1
1
1
1
1
1
1
1
1
1
1
1
1
1
1
1
1
1
1
1
1
1
1
1
1
1
53
53
53
53
53
53
53
53
53
53
53
53
53
1
1
1
1
1
1
290
290
290
290
290
1
1
56
56
1
1
285
1
1
1
1
1
1
1
1
1
1
1
1
1
1
1
1
1
1
1
1
1
1
1
1
1
1
1
1
1
1
1
1
1
1
1
1
361
361
361
361
361
1
349
349
349
1
1
1
1
1
1
1
1
1
1
1
1
1
1
1
1
1
1
1
1
1
1
1
677
677
677
677
677
677
677
677
1
1
1
1
1
1
1
1
1
1
1
1
1
1
1
1
1
1
1
1
1
1
332
332
332
332
1
1
1
1
1
1
1
1
1
1
1
1
1
1
1
1
1
1
1
1
1
1
1
1
1
1
1
1
1
1
695
695
1
1
1
1
1
1
1
1
696
1
1
1
1
1
1
1
1
1
1
1
1
1
1
1
1
1
1
1
545
545
1
1
1
1
1
1
1
1
1
142
142
142
142
142
142
1
1
1
1
1
1
1
1
1
1
1
1
1
1
1
1
1
1
142
142
142
142
142
142
142
1
1
1
444
444
444
697
697
1
1
1
1
1
1
1
1
1
1
1
1
1
1
1
1
1
1
1
1
1
1
1
1
1
1
1
1
1
1
1
1
1
1
1
1
1
1
1
560
1
1
1
1
1
1
1
1
1
1
1
1
1
1
1
1
1
1
1
1
1
1
1
1
1
1
1
1
1
1
1
1
1
1
368
368
1
1
665
665
665
665
665
665
665
665
1
1
1
204
204
204
1
1
1
1
1
1
488
1
1
1
1
1
1
1
1
1
1
1
1
1
1
1
1
1
1
699
1
1
1
1
1
1143
1
1144
1
1
1
1
1
1
1
1
698
1
1
699
700
1
1
1
1
1
1
1
1
1
1
1
1
1
1
1
1
1
1
1
1
1
1
1
1
1
1
1
1
1
1
1
1
1
1
1
1
1
365
365
1
1
1
1
1
1
1
1
1
291
1
1
1
1
1
158
1
1
1
1
1
1
1
1
1
1
1
1
1
1
1
1
1
1
701
701
701
701
701
1
737
1
1
1
1
1
1
1
1
1
1
1
1
1
1
1
1
1
1
1
1
1
1
1
1
697
1
1
1
1
1
1
1
1
1
1
1
1
1
1
1
1
1
1
1
1
1
1
1
1
1
1
1
1
1
1
1
1
1
1
1
1
1
1
1
1
1
1
1
702
702
702
702
1
1
1
1
1
1
1
1
1
1
1
1
1
1
1
1
1
1
1
1
1
591
591
591
591
591
591
591
591
591
1
1
1
1
1
1
1
1
1
1
1
1
1
1
1
1
1
1
1
1
366
366
366
1
1
1
1
1
1
1
1
1
522
522
522
522
522
522
522
522
522
1
1
545
545
545
545
545
545
545
545
545
545
1
1
479
1
1
1
1
1
1
1
1
1
1
1
1
1
1
558
1
703
1
1
1
1
1
1
1
1
1
1
1
1
1
1
1
1
694
694
694
694
694
694
694
694
694
694
694
694
1
1
1
522
522
522
1
522
522
522
522
522
1
1
1
1
1
1
1
1
1
1
1
1
1
1
1
1
1
1
1
1
1
1
1
1
1
1
1
1
1
1
1
1
1
1
1
1
1
1
1
1
704
704
704
1
704
1
1
704
704
704
704
1
1
1
1
1
705
705
705
1
1
1
1
1
1
1
1
1
1
1
1
1
1
1
706
1
1
1
1
1
1
1
1
1
1
1
1
1
1
1
1
1
1
1
1
1
1
1
1
1
1
1
1
1
1
1
1
1
1
1
1
1
1
1
1
667
667
667
667
667
667
667
667
667
667
667
667
667
667
667
667
667
667
667
667
667
667
1
1
1
1
1
590
590
590
590
590
590
590
590
590
590
590
1
1
1
1
707
707
1
1
707
707
707
1
1
1
1
1
1
1
1
1
1
1
1
1
1
1
1
1
1
1
1
1
1
1
1
1
1
1
1
1
1
1
1
1
1
1
1
1
1
683
683
1
1
1
1
1
1
1
1
485
1
1
1
1
1
1
1
1
1
1
1
1
1
1
1
1
1
1
1
1
1
1
1
585
585
585
585
585
1
1
1
1
1
1
1
1
1
1
290
563
563
563
563
563
563
563
563
563
563
563
563
563
1
1
1
1
1
1
1
1
1
1
1
563
563
563
563
563
563
563
563
1
1
1
1
1
1
1
1
1
1
1
1
1
1
708
1
1
1
1
1
1
1
1
1
1
674
674
1
1
1
1
1
1
1
1
1
1
1
1
1
1
1
1
1
1
1
1
1
1
1
1
1
684
677
677
1
1
1
1
1
1
1
1
1
1
1
1
1
1
1
1
1
1
1
1
1
1
1
1
1
1
1
1
709
709
709
709
709
1
1
1
1
1
709
709
709
1
1
545
1
1
1
1
142
1
1
1
1
1
1
1
1
1
1
1
1
1
450
1
1
1
1
1
652
652
652
652
652
652
1
1
1
1
1
1
1
1
1
1
1
1
1
1
1
1
646
1
710
1
1
1
1
1
1
1
1
1
1
1
1
1
1
1
1
1
1
1
1
322
322
322
322
322
322
322
1
1
1
1
129
129
129
129
1
1
1
1
1
1
290
290
1
1
1
1
1
1
1
1
1
1
1
1
1
1
1
1
1
1
1
1
1
1
1
1
1
1
1
1
1
1
1
1
1
1
1
1
1
1
1
1
1
1
1
1
1
1
1
1
1
1
1
1
1
1
1
1
1
1
572
1
1
572
572
572
1
1
1
1
572
1
1
572
572
572
572
1
1
1
1
159
572
1
1
1
1
1
405
1
1
1
1
1
1
1
1
1
1
1
1
1
1
1
1
1
1
1
1
1
1
1
1
1
1
1
1
1
1
1
1
1
1
1
1
1
1
1
711
711
711
711
711
711
711
711
711
711
424
424
424
424
424
420
420
427
427
427
427
1
1
417
417
417
1
1
1
1
1
1
1
1
1
1
1
1
427
1
1
1
1
1
1
1
1
1
422
738
1
1145
1
1
1
1
1
1
1
712
1
1
1
712
712
1
1
1
1
1
1
1
1
1
1
1
1
1
1
1
1
743
1
1
1
1
1
1
1
1
1
713
713
1
713
713
713
713
713
1
1
1
1
1
747
1
1
714
715
716
716
715
717
718
719
719
719
719
720
721
722
722
722
722
715
722
722
722
722
722
722
722
722
1
1
1
1
1
723
723
723
723
723
723
723
1
1
1
724
724
724
1
1
1
725
725
725
1
1
726
726
726
726
726
726
726
726
1
1
1
1
1
437
1
1
1
1
1
1
443
443
443
443
443
443
443
1
446
1
1
1
1
1
1
1
1
1
1
1
1
1
1
1
1
1
1
454
1
1
1
1
1
1
1
1
1
1
1
1
1
1
1
739
53
53
1
559
1
1
1
1
1
1
1
1
1
1
1
1
1
1
1
1
1
1
1
1
1
1
1
507
581
581
581
1
1
1
1
1
1
1
727
1
1
1
1
1
1
1
1
1
1
1
1
1
1
1
1
728
1
1
1
1
1
1
1
1
470
470
470
470
470
470
1
1
1
1
1
1
1
1
1
1
1
1
1
1
1
1
1
1
1
1
1
1
729
730
731
1
732
1
554
554
520
1
1
1
1
1
1
1
1
1
1
1
1
1
1
559
559
559
1
63
63
63
1
1
1
1
502
502
502
502
502
502
502
1
1
1
1
648
648
648
648
648
648
648
611
611
1
1
1
655
655
545
545
545
545
545
545
545
545
545
1
1
1
1
1
1
1
1
111
1
1
1
1
1
1146
1
1
1
1
1
733
1
740
1
1
1
1
1
1
1
1
545
545
545
545
545
545
545
545
545
545
545
545
545
545
545
545
545
1
1
1
1
1
1
1
1
1
1
1
1
545
1
1
1
1
1
1
1
1
1
1
1
1
1
1
1
1
1
1
1
1
1
1
1
572
572
572
572
572
572
572
1
1
1
1
1
1
1
1
1
1
1
1
1
1
1
1
1
1
1
1
1
1
1
1
1
1
1
1
1
1
1
1
1
707
678
665
665
665
665
665
665
665
665
1
1
1
1
1
1
1
1
1
1
1
1
1
1
1
1
734
734
734
734
734
734
734
734
734
734
734
734
734
734
734
734
734
337
337
337
337
337
337
337
337
337
337
337
337
337
337
337
1
547
547
1
1
1
1
1
1
1
1
1
1
1
1
1
1
1
735
735
735
735
735
735
735
735
735
735
735
735
735
735
735
735
1
1
1
1
1
1
1
1
1
1
1
1
1
1
1
1
1
1
1
1
1
1
1
736
1
1
736
736
736
736
736
736
1
1
1
1
1
1
1
1
1
1
656
656
1
1
1
1
1
1
1
737
737
1
1
1
1
1
737
1
1
1
1
1
1
290
702
702
368
368
368
368
1
1
1
1
1
1
1
1
1
1
1
677
1
1
1
1
1
1
1
1
1
1
1
1
1
1
1
1
1
1
1
1
1
1
1
1
1
1
1
1
1
1
1
1
1
1
1
1
1
1
1
1
1
1
1
656
656
656
656
656
1
1
1
1
1
129
1
437
1
1
1
1
705
705
705
705
705
1
1
1
1
361
1
1
1
1
1
1
1
1
563
563
1
1
734
337
337
337
337
1
1
1
1
1
1
1
1
1
1
1
1
1
1
1
1
1
1
1
1
1
1
1
1
1
1
1
1
1
1
1
1
1
1
1
1
1
1
1
1
1
742
1
738
738
1
1
1
1
1
1
1
1
1
1
1
1
1
1
1
1
1
1
1
1
1
1
1
1
1
1
1
1
1
1
1
1
1
1
1
1
1
1
1
737
737
737
737
737
737
737
737
737
737
737
53
53
53
53
53
739
53
739
739
739
739
739
739
739
53
53
53
53
53
53
53
53
585
585
585
585
1
1
1
1
1
1
1
1
1
1
1
1
1
1
1
1
338
1
1
1
1
1
1
1
1
1
1
53
53
53
53
53
53
53
53
53
53
53
53
53
6
6
6
6
1
1
1
1
1
1
142
142
56
56
1
1
1
1
1
1
740
740
1
1
1
1147
1
1
1
1
1
1
1
1
1
1
1
1
1
1
1
1
1
1
1
1
741
454
454
454
454
454
454
741
741
741
454
454
454
741
741
741
454
454
454
741
454
454
454
454
454
454
454
454
454
454
454
454
454
454
454
454
454
454
454
1
1
1
1
1
1
1
1
1
1
1
1
1
1
1
1
1
1
1
1
1
1
1
1
1
1
1
1
1
1
1
1
1
1
1
1
1
1
1
1
1
1
1
1
1
1
1
1
1
1
488
1
1
142
1
1
1
1
1
563
563
1
1
1
1
726
726
726
726
726
590
590
590
590
590
590
590
590
590
1
1
1
1
1
1
742
1
1
742
742
743
743
744
744
743
743
743
745
746
1
1
1
1
1
743
743
743
1
1
744
744
744
744
744
747
747
1
1
1
1
1
1
1
1
1
1
1
1
1
1
1
1
1
1
1
1
683
1
1
705
290
290
290
290
290
290
290
702
1
1
446
488
488
488
488
488
1
1
1
1
1
1
1
1
1
1
1
1
1
1
1
1
1
1
1
1
1
1
1
1
1
1
1
1
1
1
1
1
1
1
1
1
1
1
1
1
711
424
559
488
488
488
1
1
1
1
1
1
1
1
740
740
740
1
1
1
142
1
1
1
1
