13089	13101
13089	13109
13089	13110
13089	13111
13089	13112
13089	25285
13089	25286
13089	25287
13101	13109
13101	13110
13101	13111
13101	13112
13101	13148
13101	13149
13101	25285
13101	29896
13101	29897
13101	29955
13101	29956
13109	13110
13109	13111
13109	13112
13109	13148
13109	13149
13109	29896
13109	29897
13110	13111
13110	13112
13111	13112
13111	13148
13111	13149
13148	13149
13148	24605
13148	30229
13148	30230
24605	30229
24605	30230
25285	25286
25285	25287
25285	29896
25285	29897
25285	29955
25285	29956
25286	25287
29896	29897
29896	29955
29896	29956
29897	29955
29897	29956
29955	29956
30229	30230
