626	787
627	13386
628	16085
629	16307
630	16311
631	16315
632	16318
633	16322
634	16324
635	16327
636	16330
637	16331
638	16332
639	16334
640	16335
641	16337
642	16341
643	16349
644	16351
645	16352
646	16354
647	16355
648	16360
649	16361
650	16362
651	16365
652	16366
653	16368
654	16369
655	16371
656	16375
657	16376
658	16378
659	16379
660	16382
661	16383
662	16388
663	16391
664	16393
665	16400
666	16401
667	16402
668	16406
669	16411
670	16413
671	16414
672	16415
673	16418
674	16421
675	16422
676	16423
677	16424
678	16425
679	16426
680	16427
681	16428
682	16429
683	16434
684	16435
685	16436
686	16441
687	16443
688	16444
689	16447
690	16448
691	16452
692	16455
693	16461
694	16462
695	16464
696	16465
697	16466
698	16467
699	16469
700	16470
701	16471
702	16472
703	16473
704	16477
705	16478
706	16479
707	16481
708	16482
709	16484
710	16485
711	16487
712	16488
713	16489
714	16490
715	16491
716	16492
717	16493
718	16494
719	16495
720	16496
721	16500
722	16501
723	16502
724	16503
725	16504
726	16506
727	16510
728	16511
729	16512
730	16513
731	16514
732	16516
733	16518
734	16519
735	16520
736	16525
737	16528
738	16529
739	16530
740	16531
741	16086
742	16087
743	16088
744	16089
745	16251
746	30441
