227	6181
228	8235
229	15943
230	12688
231	12696
232	12712
233	12716
234	12728
235	12755
236	12763
237	12769
238	12787
239	12822
240	12850
241	12856
242	12881
243	12884
244	12890
245	12923
246	12938
247	12959
248	12963
249	12968
250	12977
251	12978
252	13002
253	13072
254	13112
255	13119
256	13120
257	13132
258	13133
259	13141
260	13175
261	13275
262	15922
263	15929
264	15945
265	15949
266	15950
267	15953
268	15993
269	15997
270	16006
271	16007
272	16012
273	16013
274	16019
275	16040
276	16041
277	16043
278	16045
279	16083
280	16089
281	16108
282	16112
283	16120
284	29778
285	29828
286	29932
287	30065
288	30066
289	12713
290	12986
291	16008
