6181	8235
6181	15943
8235	12688
8235	12696
8235	12712
8235	12716
8235	12728
8235	12755
8235	12763
8235	12769
8235	12787
8235	12822
8235	12850
8235	12856
8235	12881
8235	12884
8235	12890
8235	12923
8235	12938
8235	12959
8235	12963
8235	12968
8235	12977
8235	12978
8235	13002
8235	13072
8235	13112
8235	13119
8235	13120
8235	13132
8235	13133
8235	13141
8235	13175
8235	13275
8235	15922
8235	15929
8235	15945
8235	15949
8235	15950
8235	15953
8235	15993
8235	15997
8235	16006
8235	16007
8235	16012
8235	16013
8235	16019
8235	16040
8235	16041
8235	16043
8235	16045
8235	16083
8235	16089
8235	16108
8235	16112
8235	16120
8235	29778
8235	29828
8235	29932
12688	30065
12688	30066
12696	16006
12696	16089
12712	12713
12755	12986
12938	13175
13132	13133
16006	16089
16007	16008
