66	1594
67	13312
68	13313
69	13317
70	13318
71	13320
72	13321
73	13322
74	13327
75	13329
76	13330
77	13332
78	13333
79	13334
80	13337
81	13338
82	13339
83	13340
84	13341
85	13342
86	13343
87	13344
88	13346
89	13347
90	13349
91	13350
92	13351
93	13352
94	13353
95	13356
96	13359
97	13360
98	13361
99	13363
100	13364
101	13365
102	13366
103	13367
104	13369
105	13373
106	13374
107	13376
108	13377
109	13378
110	13379
111	13380
112	13381
113	13382
114	13383
115	13384
116	13385
117	13386
118	13387
119	13390
120	13391
121	13392
122	33205
123	33206
124	33207
125	33226
126	33227
127	33228
