0	195
1	7072
2	7076
3	7077
4	7080
5	7087
6	7100
7	7101
8	7110
9	7111
10	7120
11	7121
12	7123
13	7129
14	7136
15	7138
16	7140
17	7145
18	7150
19	7152
20	7159
21	7171
22	7179
23	7218
24	7225
25	7229
26	7233
27	7237
28	7238
29	7249
30	7251
31	7257
32	7266
33	7268
34	7272
35	7275
36	7290
37	7291
38	7293
39	7303
40	7308
41	7315
42	7320
43	7323
44	7324
45	7325
46	7332
47	7337
48	7338
49	7345
50	7346
51	7350
52	7355
53	7356
54	7358
55	7361
56	7370
57	7377
58	7378
59	7392
60	7395
61	7397
62	7399
63	7407
64	7411
65	7413
66	7419
67	7438
68	7459
69	7460
70	7461
71	7468
72	7473
73	7479
74	7481
75	7482
76	7485
77	7486
78	22454
79	22455
80	22456
81	22457
82	22458
83	22459
84	22460
85	22461
86	22462
87	22463
88	22464
89	22465
90	22333
91	22334
92	22335
93	21892
94	21893
95	21894
96	21895
97	21896
0	195
1	7072
2	7076
3	7077
4	7080
5	7087
6	7100
7	7101
8	7110
9	7111
10	7120
11	7121
12	7123
13	7129
14	7136
15	7138
16	7140
17	7145
18	7150
19	7152
20	7159
21	7171
22	7179
23	7218
24	7225
25	7229
26	7233
27	7237
28	7238
29	7249
30	7251
31	7257
32	7266
33	7268
34	7272
35	7275
36	7290
37	7291
38	7293
39	7303
40	7308
41	7315
42	7320
43	7323
44	7324
45	7325
46	7332
47	7337
48	7338
49	7345
50	7346
51	7350
52	7355
53	7356
54	7358
55	7361
56	7370
57	7377
58	7378
59	7392
60	7395
61	7397
62	7399
63	7407
64	7411
65	7413
66	7419
67	7438
68	7459
69	7460
70	7461
71	7468
72	7473
73	7479
74	7481
75	7482
76	7485
77	7486
78	22454
79	22455
80	22456
81	22457
82	22458
83	22459
84	22460
85	22461
86	22462
87	22463
88	22464
89	22465
90	22333
91	22334
92	22335
93	21892
94	21893
95	21894
96	21895
97	21896
