220	1248
221	18415
222	18419
223	18420
224	18421
225	18423
226	18424
227	18433
228	18442
229	18445
230	18446
231	18447
232	18448
233	18449
234	18450
235	18451
236	18456
237	18459
238	18460
239	18461
240	18462
241	18463
242	18464
243	18466
244	18469
245	18470
246	18472
247	18473
248	18475
249	18476
250	18480
251	18481
252	18486
253	18487
254	18488
255	18490
256	18491
257	18501
258	18502
259	18503
260	18504
261	18505
262	18506
263	18507
264	18509
265	18512
266	18513
267	18514
268	18517
269	18518
270	18521
271	18523
272	18526
273	18529
274	18530
275	18533
276	18534
277	18538
278	18542
279	18549
280	18552
281	18553
282	18555
283	18562
284	18565
285	18566
286	18570
287	18571
288	18576
289	18578
290	18580
291	18582
292	18586
293	18588
294	18589
295	18590
296	18591
297	18593
298	18595
299	18596
300	18599
301	18604
302	18613
303	18615
304	18616
305	18617
306	18618
307	18624
308	18625
309	18632
310	18633
311	18635
312	18636
313	18639
314	18640
315	18641
316	18642
317	18644
318	18645
319	18646
320	18647
321	18648
322	18650
323	18652
324	18657
325	18658
326	18659
327	18662
328	18663
329	18664
330	18666
331	18668
332	18669
333	18670
334	18672
335	18680
336	18682
337	18687
338	18688
339	18690
340	18695
341	18696
342	18700
343	18701
344	18703
345	18706
346	18707
347	18708
348	18712
349	18716
350	18719
351	18720
352	18721
353	18726
354	18729
355	18731
356	18732
357	29624
358	29625
359	29632
360	29633
361	29634
362	29635
363	29610
364	29611
365	29612
366	29613
367	29614
