1248	18415
1248	18419
1248	18420
1248	18421
1248	18423
1248	18424
1248	18433
1248	18442
1248	18445
1248	18446
1248	18447
1248	18448
1248	18449
1248	18450
1248	18451
1248	18456
1248	18459
1248	18460
1248	18461
1248	18462
1248	18463
1248	18464
1248	18466
1248	18469
1248	18470
1248	18472
1248	18473
1248	18475
1248	18476
1248	18480
1248	18481
1248	18486
1248	18487
1248	18488
1248	18490
1248	18491
1248	18501
1248	18502
1248	18503
1248	18504
1248	18505
1248	18506
1248	18507
1248	18509
1248	18512
1248	18513
1248	18514
1248	18517
1248	18518
1248	18521
1248	18523
1248	18526
1248	18529
1248	18530
1248	18533
1248	18534
1248	18538
1248	18542
1248	18549
1248	18552
1248	18553
1248	18555
1248	18562
1248	18565
1248	18566
1248	18570
1248	18571
1248	18576
1248	18578
1248	18580
1248	18582
1248	18586
1248	18588
1248	18589
1248	18590
1248	18591
1248	18593
1248	18595
1248	18596
1248	18599
1248	18604
1248	18613
1248	18615
1248	18616
1248	18617
1248	18618
1248	18624
1248	18625
1248	18632
1248	18633
1248	18635
1248	18636
1248	18639
1248	18640
1248	18641
1248	18642
1248	18644
1248	18645
1248	18646
1248	18647
1248	18648
1248	18650
1248	18652
1248	18657
1248	18658
1248	18659
1248	18662
1248	18663
1248	18664
1248	18666
1248	18668
1248	18669
1248	18670
1248	18672
1248	18680
1248	18682
1248	18687
1248	18688
1248	18690
1248	18695
1248	18696
1248	18700
1248	18701
1248	18703
1248	18706
1248	18707
1248	18708
1248	18712
1248	18716
1248	18719
1248	18720
1248	18721
1248	18726
1248	18729
1248	18731
1248	18732
18420	18707
18420	18708
18423	18642
18423	18644
18423	18645
18423	18646
18423	18666
18423	18687
18423	18688
18447	18448
18462	18506
18462	18507
18501	18502
18501	18503
18501	18504
18502	18503
18502	18504
18503	18504
18506	18507
18517	18518
18517	18618
18517	18670
18517	29624
18517	29625
18518	18618
18521	29632
18521	29633
18521	29634
18521	29635
18526	18595
18526	18596
18589	18635
18595	18596
18615	18616
18615	18617
18615	18618
18616	18617
18616	18618
18616	29610
18616	29611
18616	29612
18617	18618
18617	29613
18617	29614
18624	18625
18642	18646
18644	18645
18644	18666
18670	29624
18670	29625
18687	18688
18707	18708
29610	29611
29610	29612
29611	29612
29613	29614
29624	29625
29632	29633
29632	29634
29632	29635
29633	29634
29633	29635
29634	29635
