1113	6669
1113	6730
1113	9707
1113	9708
1113	13276
1113	16089
1113	22021
1113	22023
1113	22025
1113	22026
1113	22028
1113	22030
1113	22031
1113	22032
1113	22034
1113	22035
1113	22036
1113	22037
1113	22040
1113	22042
1113	22043
1113	22044
1113	22045
1113	22046
1113	22047
1113	22048
1113	22052
1113	22054
1113	22058
1113	22059
1113	22060
1113	22061
1113	22062
1113	22063
1113	22065
1113	22066
1113	22069
1113	22070
1113	22071
1113	22072
1113	22074
1113	22075
1113	22076
1113	22078
9707	9708
13276	13277
22044	29658
22044	29659
22071	22072
