924	925
0	924
0	925
925	926
52	924
52	143
52	145
52	502
53	924
53	503
54	925
54	926
54	967
54	418
54	968
1	2
1	927
927	1106
927	1107
3	928
3	929
4	928
4	197
5	928
5	198
929	989
929	997
198	784
198	785
198	786
198	1109
6	7
7	930
6	1114
930	988
930	1115
8	1023
8	1116
8	1117
9	931
9	204
931	1121
204	931
204	1122
204	496
10	205
205	332
205	333
11	640
11	1123
11	206
12	1068
932	933
932	934
932	935
933	934
933	935
933	936
934	1125
934	1126
934	1127
935	936
936	1125
29	937
29	156
39	937
39	40
212	937
13	938
13	16
16	938
213	938
213	949
215	938
215	396
215	412
217	938
217	955
217	1131
217	742
15	16
14	16
14	15
18	272
18	415
939	940
939	941
939	942
939	943
19	939
19	940
19	941
19	942
940	941
940	942
941	942
943	958
20	23
20	21
23	944
21	1204
944	1287
22	23
22	944
945	946
24	945
24	947
946	1201
946	1288
25	945
25	447
447	945
447	723
447	779
947	1200
26	27
26	948
27	450
450	589
28	948
28	451
451	948
156	453
156	454
949	950
949	951
950	953
951	1154
30	344
30	952
344	952
344	1162
31	950
31	953
32	215
32	39
33	34
34	1139
35	456
35	954
35	955
35	956
456	954
456	955
456	956
456	1294
954	955
954	956
955	956
955	1131
36	957
36	247
36	343
957	1040
957	1041
247	1151
343	957
457	943
457	1295
457	458
459	943
459	1296
459	871
459	460
958	1296
958	1297
37	635
37	981
37	982
38	676
38	653
38	862
40	452
41	959
41	960
41	42
41	43
959	960
960	961
42	137
42	962
42	176
43	234
43	474
43	44
43	494
45	959
45	391
49	960
49	961
49	50
51	960
51	350
51	500
961	966
137	622
176	962
234	350
474	494
474	1029
474	1149
44	234
391	1251
46	963
46	964
963	964
964	965
462	963
462	1191
261	964
47	964
47	261
48	964
48	965
965	1318
350	1145
350	1198
500	1319
966	1190
501	961
501	966
143	145
143	144
967	1049
418	1190
55	926
55	445
56	60
969	970
100	969
57	969
57	100
517	969
517	970
517	1097
517	1098
517	1326
970	1097
970	1326
970	1327
970	1328
970	1329
58	957
58	1041
58	574
58	73
61	1019
61	1020
62	381
381	1222
62	392
63	573
63	1313
64	1202
64	313
66	971
65	66
65	67
971	972
971	973
67	974
67	332
67	333
68	971
68	361
68	69
972	973
974	1208
974	1209
332	333
69	361
366	972
366	368
70	972
70	973
467	975
467	1007
467	478
468	975
469	975
469	1063
470	975
470	1248
470	807
71	382
71	471
382	1067
72	77
72	976
72	493
77	980
493	976
493	1140
977	978
76	977
978	1204
73	977
74	980
74	257
74	1422
74	634
75	602
75	979
602	1261
602	671
980	1422
635	982
981	982
981	1085
78	79
78	983
78	80
79	983
79	80
94	983
94	419
81	984
81	985
984	985
984	1084
985	1084
986	987
986	988
636	986
636	987
637	986
637	988
637	1115
637	1333
988	1115
989	990
990	995
990	996
82	989
82	990
83	991
83	992
991	992
991	1058
992	1058
84	993
84	994
993	994
994	1193
995	998
995	999
998	999
998	1000
998	1001
999	1000
999	1001
1000	1001
86	996
86	87
87	996
85	86
85	87
88	166
166	701
89	1002
89	1003
89	1004
89	1005
1002	1003
1002	1004
1002	1005
1002	1027
1003	1004
1004	1005
90	132
91	342
91	606
92	144
93	138
93	1006
138	361
138	1006
138	238
1006	1043
1006	1044
1006	1045
419	1140
419	603
96	99
96	1007
96	97
95	96
95	99
97	1007
342	606
342	1205
342	1206
606	607
98	1029
98	304
98	360
101	1008
101	1009
101	700
101	757
1009	1473
1009	1474
700	1420
700	764
758	1008
102	1008
102	758
103	106
103	1010
103	115
106	722
115	1017
104	1128
104	1129
104	1130
105	106
105	115
722	1506
107	1011
107	109
109	1011
109	1012
108	1011
108	1021
110	1013
110	1014
1013	1015
1013	1016
1015	1022
1016	1135
1016	1136
111	1013
111	573
600	1014
600	1018
600	1402
600	1403
600	1404
112	1014
112	600
431	1010
431	443
717	1010
113	1010
113	717
114	115
114	142
1017	1148
1017	1248
1017	1249
1017	1250
116	1018
116	117
117	1018
1019	1105
1020	1207
1021	1220
1022	1023
118	1022
118	1170
119	1022
119	294
294	1022
294	1185
1023	1116
1023	1117
249	1015
120	1015
120	263
121	299
121	377
121	122
299	1104
377	1059
377	1060
377	378
122	377
242	1012
242	278
242	288
242	296
295	1012
1024	1025
123	1024
123	1026
124	1024
124	1025
125	1024
125	1027
664	1025
664	1195
664	1256
414	1026
126	1026
126	414
127	1028
88	127
1028	1132
128	1029
128	741
129	474
129	1029
130	476
130	1030
476	643
1030	1299
1030	1300
1030	1301
1030	1302
131	132
1031	1032
1031	1033
1031	1034
1032	1033
1032	1034
1032	1035
1032	1036
1032	1037
133	1031
133	1038
133	134
133	1039
1033	1034
1035	1036
1035	1037
1036	1037
1038	1039
134	1039
135	1040
135	504
136	1040
136	1042
1041	1108
504	927
504	1105
504	1106
504	505
1042	1334
238	361
362	1006
362	363
362	1043
362	1044
362	1045
363	1006
363	1043
363	1044
363	1045
1043	1044
1043	1045
1044	1045
1044	1061
139	322
139	207
140	444
140	1046
444	1046
444	445
1046	1342
1046	1343
141	1139
141	481
141	667
141	668
340	1047
340	532
340	1220
340	341
532	1047
624	1047
624	625
624	1417
60	142
142	267
146	1048
146	150
147	967
147	1048
147	1049
147	1050
148	1048
148	149
149	1048
149	497
149	753
1049	1197
1050	1198
1050	1199
497	520
151	493
151	1140
151	235
151	1141
151	236
152	1051
152	153
1051	1052
1051	1053
1051	1054
1051	1055
153	1056
254	1051
254	466
1052	1053
1052	1054
1052	1055
1053	1054
1053	1055
1054	1055
1056	1229
154	997
154	1057
154	155
1057	1478
1057	1479
1057	1480
1057	1481
155	1057
453	454
453	707
1058	1318
1058	1499
1058	1500
1059	1060
1059	1061
157	1059
157	1060
158	1062
159	1063
167	1062
167	1068
167	168
169	1062
169	359
734	1063
160	1063
160	734
162	1064
1064	1303
161	162
161	1064
163	1310
163	790
163	902
164	1065
164	1066
1065	1067
1066	1286
1066	1372
1066	1373
376	1065
376	1067
165	1122
1068	1072
168	1068
359	1239
1069	1070
1069	1071
170	1069
1070	1071
1070	1247
552	1068
552	1072
552	1340
552	1341
835	1068
835	848
835	915
171	172
171	1073
172	1074
1073	1075
1074	1124
1074	1363
1074	1364
173	1073
173	1075
1076	1077
1076	1078
1077	1078
174	1076
174	1077
174	1078
174	282
174	317
193	1077
282	1173
1079	1080
1079	1081
1079	1082
1079	1083
1080	1081
1080	1082
1081	1082
392	1083
393	1083
175	962
175	176
177	968
177	984
1084	1085
465	1084
178	1084
178	1085
179	985
179	1441
180	1086
180	1087
180	1088
180	192
1086	1087
1086	1088
1087	1088
192	684
192	1097
192	1098
192	1099
1089	1090
1089	1091
182	1089
182	1092
181	1089
181	222
1090	1091
183	1090
183	1091
184	1090
184	1091
185	1090
185	1091
187	1093
187	1094
1093	1094
1093	1095
186	187
186	1093
188	1093
188	1095
416	1094
416	1226
416	417
416	1227
189	659
189	1096
659	1096
659	1295
659	1330
190	432
190	762
432	435
191	428
191	1268
684	1366
684	1450
1097	1098
1097	1099
1097	1326
1098	1099
1100	1101
1100	1102
1100	1103
194	1100
194	811
1101	1102
1101	1103
1102	1103
811	813
811	812
195	299
195	1104
387	1019
387	1092
565	1019
565	1105
574	575
196	504
196	1105
196	565
196	1106
196	1107
1106	1107
1108	1312
1108	1379
785	1534
786	1535
786	1536
786	1537
1109	1417
1110	1111
1110	1112
1110	1113
199	1110
199	1111
199	1112
1111	1112
1113	1477
1113	1478
1113	1479
1113	1480
1114	1463
1114	1464
1114	1465
1116	1117
200	663
200	796
796	1498
201	202
201	509
1118	1119
1118	1120
1119	1120
511	1118
511	1119
511	1120
203	1118
203	509
1121	1531
1121	1532
496	1122
1123	1228
1123	1525
206	640
601	1124
601	1186
601	1405
601	691
331	1124
331	1518
322	1207
207	322
1125	1127
1125	1179
1126	1127
1126	1180
1126	1181
1126	1182
1126	1183
1128	1129
1128	1130
1129	1130
1129	1164
208	209
208	211
211	290
211	543
290	1174
210	211
210	543
396	1202
412	1071
214	215
214	412
1131	1410
1131	1411
216	217
216	742
218	221
218	223
221	222
221	226
223	616
223	617
223	618
219	501
219	640
219	396
220	222
220	221
616	617
618	1412
618	1413
618	1414
224	1028
224	1132
1132	1133
1132	1134
696	1132
696	1133
696	1134
696	1491
696	697
1133	1134
318	1028
225	1028
225	318
227	1016
227	1135
229	1016
229	1136
229	266
231	1135
228	1135
228	231
230	1136
230	289
289	1136
232	1137
232	233
1137	1138
233	1137
243	1137
243	1138
1138	1155
235	493
236	1141
237	409
237	1142
1142	1283
239	343
239	993
239	323
323	993
323	689
1143	1144
263	1143
240	1143
240	319
609	1143
609	1144
1145	1146
1145	1147
1146	1147
1146	1266
1147	1267
241	1148
241	1149
1148	1248
1148	1249
1148	1250
1148	1335
1149	1335
278	1155
278	1156
288	295
288	296
288	1155
296	1187
296	1188
296	1189
244	245
244	525
244	1150
245	525
246	247
246	1151
1151	1152
1151	1153
1152	1153
1152	1202
248	951
248	1154
251	1138
251	1155
251	280
1155	1156
280	284
280	287
250	251
250	280
274	278
274	1155
274	1156
252	1157
252	1158
252	1159
252	1160
252	1161
1157	1158
1157	1159
1157	1160
1158	1159
1158	1160
1159	1160
1161	1497
1161	1552
1161	1553
253	1123
253	678
466	1119
255	1072
255	1162
255	256
551	1072
551	1361
1162	1163
256	257
767	1162
767	1163
767	768
1163	1529
258	606
258	607
259	604
259	1330
1164	1165
260	1129
260	1164
1165	1307
1165	1308
262	594
594	1393
264	266
264	328
265	266
265	1224
268	269
268	271
269	271
269	1166
270	271
270	1563
17	952
17	1196
415	1261
273	1167
273	1168
273	1169
1167	1169
275	1167
275	1169
279	1168
279	744
279	1171
276	1168
276	385
1170	1172
277	300
277	301
300	301
300	1193
744	1171
744	1231
1171	1231
284	287
284	743
284	285
287	662
287	605
281	1170
281	1172
1173	1313
1173	1314
1173	1315
1173	1316
283	514
514	752
285	743
286	287
286	662
1174	1175
1174	1176
1174	1177
1174	1178
1176	1177
1176	1178
1176	1459
1177	1178
292	1125
1179	1184
291	1125
291	1179
1180	1181
1180	1182
1180	1183
1180	1451
1181	1182
1181	1451
1182	1183
528	1179
528	1384
528	1520
1184	1430
1184	1448
1184	1449
293	1179
293	1184
1185	1186
536	1185
1186	1355
1187	1188
1187	1189
1188	1189
1190	1191
297	1190
297	1262
1191	1263
420	1190
298	1192
298	632
1192	1421
632	1192
632	1318
632	1421
632	633
1193	1243
1193	1244
1194	1195
308	1194
308	309
308	723
1195	1256
302	1194
302	586
303	414
303	413
413	414
304	360
305	1104
306	307
306	1286
131	308
309	768
1198	1199
1198	1228
1199	1424
1199	1425
1199	1426
310	388
388	1240
388	389
311	401
401	660
312	1200
312	1201
560	1200
560	1266
560	561
313	1202
314	1202
315	357
315	1203
357	1203
357	1245
357	1246
1203	1245
316	317
316	1253
320	978
320	1204
321	342
321	1205
321	1206
1205	1206
1206	1222
324	1070
324	325
325	1070
338	974
338	1208
339	974
339	1208
339	1209
339	394
1208	1209
1208	1221
326	1210
326	1211
1210	1387
1210	1388
1212	1213
1212	1214
1212	1215
1212	1216
1213	1214
1213	1215
1213	1216
1214	1215
1214	1216
1215	1216
713	1213
713	1505
714	1214
714	715
715	1214
327	1211
327	716
716	1211
716	1223
328	329
328	330
329	1150
329	595
330	1217
330	1218
330	1219
595	1150
595	1191
1217	1218
1217	1219
1218	1219
334	1021
334	1220
335	1021
335	1220
336	1021
336	337
337	1021
341	1220
341	793
394	1208
1221	1578
1221	1580
793	1505
793	794
345	532
345	346
346	716
346	1223
1223	1525
347	1092
1224	1378
1224	1491
1224	1497
348	1264
348	421
349	416
349	1225
349	1226
349	417
349	1227
1225	1232
1225	1233
1225	1234
1226	1227
417	1226
417	1227
1228	1463
1228	1525
351	1056
351	1229
529	1056
529	1229
529	1336
529	530
352	353
352	1230
352	1231
353	1230
806	1131
806	1230
806	1410
806	1411
354	1230
354	806
1232	1233
1232	1234
355	1232
355	1235
355	1236
355	1237
1233	1234
1233	1238
1235	1236
1235	1237
1236	1237
356	1233
356	1238
358	359
358	425
364	1044
364	1061
365	467
365	478
365	477
368	369
369	370
369	371
367	368
367	369
370	374
371	1240
371	372
374	1241
372	1240
373	374
373	789
1241	1242
789	1311
375	1241
375	439
439	1241
1242	1543
1242	1544
1242	1545
379	381
379	382
379	1067
556	1193
556	1243
556	1244
1243	1244
378	1590
1246	1317
1247	1259
1247	1260
380	381
380	1222
383	391
384	468
384	385
1248	1249
1248	1250
1249	1250
386	1331
389	1240
390	391
390	1251
406	1252
406	647
405	1252
395	1252
395	406
782	1253
397	1253
397	782
398	1253
398	1268
399	1254
399	728
399	1255
1254	1255
1254	1266
728	1254
728	1255
400	401
400	1334
1256	1257
402	1256
1257	1304
699	1256
699	1257
402	635
403	404
404	761
647	765
407	1258
407	408
408	1490
1259	1260
833	1247
833	1259
833	1260
410	466
410	1163
411	507
411	702
507	702
507	706
702	703
603	1140
1262	1554
1263	1286
1264	1265
421	1264
1265	1446
669	1264
669	1265
422	1264
422	669
423	1147
423	1267
424	425
424	823
426	428
426	427
428	1268
427	428
429	431
429	430
430	431
435	1276
435	908
1269	1270
1269	1271
1269	1272
433	1269
433	1272
1270	1271
901	1269
901	1270
901	1271
1272	1607
1273	1274
1273	1275
1274	1275
905	1273
905	1274
905	1275
434	435
434	908
1276	1637
676	1354
676	816
862	872
862	867
862	906
1277	1278
1277	1279
1277	1280
1278	1279
1278	1280
1278	1281
1279	1280
1281	1282
437	1278
437	1281
438	1278
438	1281
522	1281
1283	1284
1283	1285
440	1283
440	815
1284	1285
1284	1613
1284	1633
1284	1634
1284	1635
1286	1372
1286	1373
1287	1395
441	944
441	1287
446	946
446	1201
564	1201
442	1201
442	564
1288	1466
1288	1467
544	947
448	947
448	544
449	450
449	976
589	747
589	590
452	1289
1289	1311
707	739
1290	1291
1290	1292
1290	1293
1291	1292
1291	1293
1292	1293
1292	1352
542	953
455	953
455	542
1294	1407
1294	1408
1294	1409
458	1603
1296	1297
1296	1452
871	1612
871	914
460	871
461	958
461	1297
482	968
463	968
463	482
464	981
464	1085
473	1096
473	1298
473	677
472	1298
472	473
827	1298
827	1442
827	1581
827	1582
828	1298
828	830
828	829
677	1096
677	678
741	1523
741	1524
643	987
475	476
475	644
888	1030
888	1299
888	1300
888	1301
888	1302
1299	1300
1299	1301
1299	1302
1300	1301
1300	1302
1301	1302
477	491
1303	1304
479	1303
479	1304
480	484
480	1305
480	486
480	1306
484	1305
484	486
1305	1306
486	1305
1307	1308
1308	1345
748	1075
748	1307
481	1309
1309	1312
1310	1390
1310	1391
1310	1392
790	1242
790	902
790	1544
790	1545
483	760
760	1270
760	778
679	1289
679	1311
487	643
487	1305
485	1305
485	1306
581	1312
581	582
488	1108
488	1312
1313	1503
1313	1504
1314	1315
1314	1316
711	1173
711	1314
711	1315
711	1316
1315	1316
492	1154
492	1197
489	1154
489	492
490	1258
490	491
495	1203
495	1245
314	1246
1317	1514
1317	1567
1317	1568
498	1186
499	965
499	1318
1319	1359
505	1106
506	1320
1320	1379
1320	1380
1320	1381
508	514
508	509
510	875
510	889
436	548
436	1354
436	1611
512	1321
512	513
1321	1451
513	1321
752	875
1322	1323
1322	1324
1322	1325
1323	1324
1323	1325
1324	1325
516	1322
516	519
515	1322
515	516
519	1239
519	1331
519	680
531	1239
531	585
585	1239
585	1382
585	675
1327	1328
1327	1329
1328	1329
518	1330
855	1330
680	1331
521	1235
521	1332
1332	1482
1332	1483
518	522
523	1333
523	524
524	1333
526	1150
526	595
527	1042
527	1334
527	1335
1336	1337
1336	1338
530	1336
821	1336
821	1337
821	822
821	1338
1337	1338
822	1336
822	1337
822	1338
533	1020
533	1207
534	700
534	535
535	700
537	1339
537	538
1339	1352
538	1339
539	552
539	1340
539	1341
539	729
1340	1341
729	1507
729	1508
729	1509
1342	1343
558	1046
558	1342
558	1343
558	559
540	541
541	797
797	1441
1344	1345
1344	1346
1344	1347
1345	1346
1347	1348
1347	1349
1347	1350
1347	1351
769	1345
769	1346
745	1347
745	1350
1348	1349
1348	1351
1349	1351
1349	1453
1350	1583
1350	1584
1350	1585
545	1166
545	872
872	1166
546	676
546	1353
546	547
547	1353
548	1354
1355	1356
1355	1357
648	1355
648	1356
648	1357
1356	1357
838	1095
838	1593
838	1594
838	1595
1358	1359
1358	1360
549	1358
549	1359
1361	1362
550	551
550	1361
1362	1591
1362	1592
615	1141
615	1406
553	997
553	554
554	997
1363	1364
1363	1459
1363	1530
557	994
555	994
555	557
559	1342
559	1343
561	1266
562	1254
562	1266
563	1238
563	671
671	1261
671	672
1365	1366
1365	1367
566	1365
566	1367
843	1365
843	1600
843	1601
843	1602
567	568
567	1368
567	1369
567	1370
567	1371
568	730
1368	1369
1368	1370
1368	1371
1369	1370
1369	1371
1370	1371
1372	1373
1372	1530
570	572
570	1374
570	571
569	570
569	572
571	1374
575	1309
576	578
576	1375
576	1376
578	1375
578	1376
578	1377
1375	1376
1375	1378
577	578
577	1377
1378	1491
1378	1497
579	1375
579	1378
731	1153
580	1139
580	1172
831	1108
831	1586
831	1587
831	1588
583	1379
583	1380
1380	1381
1381	1548
584	1380
584	1381
1382	1415
1382	1416
675	792
587	1038
587	854
1383	1384
1383	1385
1383	1386
1384	1385
1384	1386
1385	1386
588	1210
588	1387
588	1388
588	881
588	1389
1387	1388
881	895
1389	1624
1389	1625
1389	1626
1389	1627
1389	1628
590	747
591	1075
592	1186
1390	1391
1390	1392
1391	1392
847	1390
593	1390
593	847
59	1569
1393	1432
596	1027
596	597
597	1027
1394	1395
1394	1396
1394	1397
1394	1398
1396	1397
1396	1398
599	1394
599	1399
599	1400
599	1401
1397	1398
598	1287
598	1395
1399	1400
1399	1401
1400	1401
1402	1403
1402	1404
1403	1404
1405	1468
1405	1469
1405	1470
1405	1471
1405	1472
691	1405
608	1144
608	673
611	1038
611	612
610	1038
610	611
612	733
733	1519
613	615
613	842
614	615
614	1406
1407	1408
1407	1409
1408	1409
1410	1411
1412	1413
1412	1414
1413	1414
619	620
620	855
621	1382
621	1415
621	1416
1415	1416
625	693
623	624
623	625
1417	1418
693	796
1418	1616
626	1109
626	1417
627	1417
627	1418
628	1419
1419	1420
629	680
629	1419
630	1419
630	1420
631	1263
631	1286
633	1192
633	1421
768	1421
634	1422
798	979
798	800
798	818
798	799
800	979
638	665
638	788
638	1423
638	639
665	1432
788	1423
1423	1538
1423	1539
1423	1540
639	1518
673	1339
673	1352
1424	1425
1424	1426
1425	1426
642	1265
641	1265
641	642
644	645
644	646
645	646
1427	1428
1427	1429
1427	1430
1427	1431
1428	1429
1428	1430
1428	1431
1430	1431
1430	1448
1430	1449
681	1428
681	1429
765	1527
765	1528
765	766
649	1115
649	1267
650	748
651	1393
651	1432
652	1433
652	655
655	1364
655	1433
777	1433
654	1433
654	777
1434	1435
1434	1436
1434	1437
1434	1438
1435	1437
1435	1438
1435	1452
1436	1453
1436	1454
1436	1455
1436	1456
1436	1457
1436	1458
1437	1438
656	1295
656	658
656	1439
658	1439
658	1440
1439	1440
657	659
657	1295
1440	1571
1440	1603
900	1439
1441	1442
1442	1581
1442	1582
661	1441
661	1442
666	1443
666	1444
666	1445
1443	1444
1443	1445
1443	1447
1444	1445
667	1139
668	1139
1446	1447
739	1446
739	1447
670	1446
670	1447
674	675
674	792
801	1175
801	803
801	802
803	1175
816	861
816	863
592	1367
746	1184
746	1430
1448	1449
682	1197
683	684
683	1366
1450	1630
1450	1631
1450	1632
688	1282
685	1282
685	688
686	1321
686	1451
710	1435
710	1452
1452	1593
1453	1454
1453	1455
1453	1456
1454	1455
1454	1456
1455	1456
1456	1457
1456	1458
1457	1458
687	773
687	1459
687	1460
687	1461
687	1462
773	1459
1460	1461
1460	1462
1461	1462
1463	1464
1463	1465
1464	1465
690	1288
690	1466
690	1467
1466	1467
1468	1469
1468	1470
1468	1471
1468	1472
1469	1470
1469	1471
1469	1472
1470	1471
1470	1472
1471	1472
1473	1474
1473	1475
1473	1476
1474	1475
1474	1476
1475	1476
1477	1478
1477	1479
1477	1480
1478	1479
1478	1480
1478	1481
1479	1480
1479	1481
1480	1481
726	1332
726	1482
726	1483
1482	1483
1484	1485
1484	1486
1484	1487
1484	1488
1485	1486
1485	1487
1485	1488
1486	1487
1486	1488
1487	1488
740	741
740	1486
740	1523
740	1524
692	737
692	776
737	796
737	1520
776	1121
776	1531
776	1532
628	1489
1489	1619
1489	1620
1489	1621
698	1258
698	1492
695	1196
694	1196
694	695
890	1406
1491	1497
697	1491
1492	1493
1492	1494
1492	1495
1492	1496
751	1492
751	849
751	1493
751	1494
849	1492
849	1495
849	1496
1493	1494
1495	1496
706	1310
706	909
764	1420
1497	1552
1497	1553
704	1142
705	1310
705	1498
1499	1500
709	1058
709	1499
709	1500
1500	1501
1500	1502
836	1499
708	1499
708	836
1501	1502
877	1500
877	1501
877	1502
824	1313
1503	1504
1503	1575
1503	1576
1503	1577
825	1313
825	1504
712	713
712	1505
718	1377
718	719
720	722
720	1506
721	722
721	1506
724	881
724	895
724	896
724	725
725	896
727	1195
727	1562
1507	1508
1507	1509
1508	1509
1508	1590
1510	1511
1510	1512
1510	1513
1510	1514
1511	1512
1511	1513
1511	1515
1511	1516
1511	1517
1512	1513
1514	1567
1514	1568
1515	1516
1515	1517
1515	1622
1515	1623
1516	1517
1516	1622
1516	1623
730	731
1519	1558
1519	1559
1519	1560
1519	1561
732	733
732	1519
832	1027
735	1027
735	832
1520	1521
1520	1522
736	1520
736	1521
736	1522
1521	1522
738	1443
738	1447
1523	1524
749	1228
749	1463
750	1228
750	1463
754	757
761	1526
755	1251
755	756
756	1251
759	1260
759	833
1526	1614
763	764
1527	1528
766	1420
766	1527
766	1528
1529	1541
1529	1542
856	1180
856	1181
770	1319
770	804
771	1359
771	1518
917	1360
772	1360
772	917
774	1363
774	1459
775	1363
775	1530
1531	1532
907	1270
781	1533
780	781
780	1533
783	784
1534	1569
1534	1570
1535	1536
1535	1537
1536	1537
814	1109
814	1533
787	1109
787	814
1538	1539
1538	1540
1539	1540
1541	1542
1541	1596
1543	1544
1543	1546
1543	1547
1544	1545
1544	1546
1544	1547
1546	1547
791	909
1548	1549
1548	1550
1548	1551
1549	1550
1549	1551
1550	1551
794	1505
795	796
795	1498
799	818
802	803
1552	1553
1552	1608
1552	1609
1552	1610
868	1491
804	1319
805	1262
1554	1555
1554	1556
1554	1557
1555	1556
1555	1557
1556	1557
854	1296
854	1297
854	1452
1558	1559
1558	1560
1558	1561
1559	1560
1559	1561
1560	1561
884	1559
808	810
808	1562
808	809
810	811
810	813
809	1562
812	813
1563	1564
1563	1565
1563	1566
859	1563
860	1563
860	920
860	921
1564	1565
1564	1566
1565	1566
861	863
861	1612
1567	1568
817	1317
817	1567
1569	1570
1570	1617
1570	1618
876	1534
876	1569
876	1570
876	1617
876	1618
819	1268
819	820
1571	1572
1571	1573
1571	1574
1572	1573
1572	1574
1573	1574
1575	1576
1575	1577
1576	1577
1578	1579
1578	1580
1579	1580
826	1221
826	1579
826	1580
50	1589
1581	1582
829	830
1583	1584
1583	1585
1584	1585
1586	1587
1586	1588
1587	1588
1589	1613
848	911
834	835
834	848
915	1638
1591	1592
837	1362
837	1591
837	1592
1593	1594
1593	1595
1594	1595
1596	1597
1596	1598
1596	1599
839	1541
839	868
840	1541
840	1542
841	1541
841	1542
1597	1598
1597	1599
1598	1599
1600	1601
1600	1602
1601	1602
844	1274
844	1374
845	1374
845	895
1603	1636
911	1638
850	1354
850	851
851	1354
852	1604
852	1605
852	1606
1604	1605
1604	1606
1604	1607
1605	1606
853	1604
853	1607
1608	1609
1608	1610
1609	1610
857	859
857	858
858	859
920	921
1611	1615
867	872
867	1611
1613	1633
1613	1634
1613	1635
864	1589
864	1613
1614	1615
865	1614
865	1615
866	1526
866	1614
870	1612
870	892
870	893
869	1612
869	870
892	893
874	1418
874	1616
873	874
873	1616
1617	1618
886	1489
886	1619
886	1620
886	1621
1619	1620
1619	1621
1619	1629
1620	1621
846	900
878	1622
1622	1623
879	1515
879	1623
880	881
880	895
1624	1625
1624	1626
1624	1627
1624	1628
1625	1626
1625	1627
1625	1628
1626	1627
1626	1628
1627	1628
882	1490
882	883
883	1490
885	1353
885	906
1629	1639
1629	1640
1629	1641
887	1619
887	1629
1630	1631
1630	1632
1631	1632
1633	1634
1633	1635
1634	1635
891	1284
891	1285
894	1508
894	1590
898	1636
897	1636
897	898
899	900
899	907
904	1271
903	1276
903	904
910	911
910	916
913	1637
912	1637
912	913
916	1638
919	1633
918	1633
918	919
1639	1640
1639	1641
1639	1642
1639	1643
1640	1641
1642	1643
923	1639
923	1642
923	1643
922	1640
922	1641
