925
1
926
53
54
55
927
3
2
3
3
3
928
929
4
5
6
930
198
199
7
8
7
931
8
9
9
10
10
10
932
205
11
11
206
11
11
12
12
13
13
13
933
934
935
936
937
938
30
40
213
939
14
17
214
216
218
14
14
16
15
16
17
17
18
18
19
19
273
940
20
941
942
943
944
20
21
21
24
22
945
23
24
946
25
947
26
448
948
27
27
28
949
451
29
452
30
157
950
951
952
31
345
953
954
32
33
33
34
34
34
35
36
457
955
956
957
36
37
958
248
344
37
37
458
460
959
38
38
39
39
39
40
41
40
40
41
42
960
961
43
44
42
46
50
52
962
138
963
43
177
43
235
475
44
45
495
392
46
46
47
964
965
463
262
48
49
966
50
51
50
351
501
52
52
967
502
144
146
503
53
53
504
54
968
419
969
55
56
57
57
970
101
58
518
971
59
59
60
60
61
57
62
62
62
63
382
63
64
64
64
65
65
67
66
67
972
68
69
973
974
975
333
334
68
362
69
70
367
71
976
468
469
470
471
72
383
472
73
78
73
977
494
978
77
979
74
75
75
76
603
980
77
77
981
78
636
982
983
79
80
984
81
79
80
80
80
95
81
81
81
82
985
986
987
988
637
638
989
990
991
83
84
84
992
993
85
994
995
85
85
996
997
998
999
1000
1001
1002
87
88
86
87
87
88
89
89
167
90
90
1003
1004
1005
1006
91
133
91
91
92
92
92
93
93
93
145
94
139
1007
95
420
95
97
100
96
1008
97
98
343
607
99
99
99
99
100
100
97
101
101
102
1009
1010
701
758
102
759
103
104
107
1011
104
116
105
105
106
107
723
108
1012
110
108
109
1013
110
111
1014
1015
111
1016
1017
112
601
113
432
718
114
115
1018
116
117
117
1019
118
1020
1021
1022
1023
119
120
295
1024
250
121
122
300
378
122
123
243
296
1025
124
1026
125
126
1027
665
1028
415
127
128
89
1029
128
1030
129
130
131
131
477
1031
132
133
132
1032
1033
134
1034
1035
1036
1037
1038
1039
134
135
1040
1041
136
137
1042
136
505
136
137
1043
138
138
239
139
363
364
1044
1045
1046
140
140
140
141
141
445
1047
142
142
142
1048
341
533
625
623
138
61
143
143
268
144
145
146
146
1049
147
148
149
150
151
1050
1051
148
148
149
149
498
150
754
151
151
152
152
152
152
153
153
1052
153
154
153
153
255
1053
1054
1055
1056
1057
154
154
154
154
154
155
155
155
1058
156
454
455
157
1059
1060
158
1061
1062
158
158
159
1063
159
159
159
159
160
160
1064
160
168
170
735
161
160
163
1065
162
163
164
164
164
164
164
165
1066
1067
165
377
1068
166
166
166
167
168
1069
168
169
168
170
360
170
170
1070
171
1071
1072
171
171
168
1073
553
836
172
173
1074
1075
173
1076
174
1077
1078
175
1079
194
283
175
175
318
1080
1081
1082
1083
1084
393
394
176
177
178
1085
178
1086
466
179
180
181
1087
1088
1089
193
181
1090
183
182
1091
1092
1093
183
223
184
185
186
188
1094
1095
187
188
1096
189
417
190
190
660
1097
191
433
763
192
192
192
685
1098
1099
193
1100
194
194
1101
195
1102
1103
1104
195
812
194
196
196
1105
196
388
1106
566
575
74
197
197
1107
1108
1109
198
198
785
786
787
1110
199
1111
200
1112
1113
1114
200
200
1115
1116
1117
1118
9
9
201
664
797
10
203
202
203
203
1119
1120
512
1121
204
1122
1123
497
205
206
206
206
641
1124
207
1125
602
332
323
140
208
1126
1127
1128
1129
1130
1131
210
209
210
210
212
291
544
211
212
212
213
213
214
397
413
215
216
1132
743
217
218
219
222
224
220
220
221
227
222
223
617
618
224
224
619
225
1133
225
697
1134
1135
319
226
220
220
227
227
228
1136
230
1137
232
229
230
267
231
290
232
574
233
1138
234
244
1139
234
234
1140
235
1141
236
1142
237
238
410
1143
239
239
240
240
324
1144
264
241
1145
610
1146
1147
1148
242
242
1149
1150
13
279
289
297
243
244
245
245
245
246
526
1151
247
247
247
1152
248
248
1153
1154
1155
249
252
1156
250
250
250
250
281
251
252
252
275
1157
253
1158
1159
1160
1161
1162
253
254
254
254
467
255
256
552
1163
256
257
256
768
1164
258
258
256
259
608
259
260
260
605
1165
261
1166
262
263
263
595
263
264
264
265
266
267
267
268
268
269
270
269
272
270
1167
271
272
272
18
416
273
273
274
1168
1169
1170
274
274
275
275
276
280
277
1171
278
301
302
278
275
279
745
1172
280
386
285
288
281
281
1173
282
1174
283
283
284
284
515
284
285
744
286
663
287
606
288
288
289
290
291
1175
291
1176
1177
1178
1179
293
1180
292
1181
1182
1183
1184
293
293
529
1185
294
1186
295
295
537
1187
296
296
296
1188
1189
1190
297
1191
298
1192
421
299
299
1193
633
300
300
1194
301
302
1195
309
1196
303
304
304
304
414
18
1197
305
361
306
306
306
306
1198
308
307
308
308
132
309
310
724
1199
1200
311
389
311
311
312
312
312
402
312
1201
313
561
1202
1203
314
315
316
316
358
1204
316
316
194
175
317
318
318
136
319
319
319
320
320
320
1205
321
322
322
1206
1207
322
323
1208
324
690
325
325
325
326
325
339
340
1209
1210
327
327
327
1211
1212
1213
1214
1215
1216
1217
714
715
716
328
328
328
717
329
330
331
329
596
330
331
331
1218
1219
1220
331
332
332
332
333
333
334
334
335
1221
336
337
338
342
338
339
339
339
339
395
340
1222
341
341
342
794
343
1223
344
345
345
345
346
347
1224
347
348
1225
348
348
349
349
349
350
350
1226
1227
418
1228
351
351
1229
352
352
1230
352
352
530
353
354
1231
1232
353
354
807
355
1233
356
1234
1235
1236
1237
1238
356
1239
357
358
358
359
1240
360
361
361
362
362
363
363
364
365
206
333
366
366
369
367
370
368
369
371
372
370
375
371
1241
372
373
374
1242
375
790
376
440
1243
377
380
377
557
1244
1245
378
379
158
1246
1247
1248
380
381
382
383
383
384
384
384
385
386
1249
1250
1251
387
387
388
388
389
390
389
389
1252
391
392
393
394
394
395
395
1253
407
406
396
397
1254
783
398
399
400
400
1255
729
1256
401
402
661
1257
403
1258
700
403
404
404
404
405
406
648
407
407
406
408
1259
408
409
408
410
410
410
1260
1261
834
411
411
411
412
508
703
413
413
413
414
414
414
414
415
315
1262
416
417
418
419
419
420
604
1263
1264
421
421
1265
422
1266
670
423
1267
1268
424
426
425
426
824
427
427
429
428
1269
429
430
430
431
444
432
433
433
436
433
1270
434
1271
1272
902
1273
1274
1275
1276
906
433
435
436
1277
436
909
437
437
437
677
654
863
1278
1279
1280
1281
1282
438
439
523
1283
440
1284
441
1285
1286
816
333
333
1287
1288
442
447
565
443
444
444
445
1289
446
446
446
447
780
448
545
449
450
590
451
452
452
453
1290
453
453
708
454
454
1291
1292
1293
1294
455
543
456
1295
457
1296
458
459
1297
872
460
460
461
462
1298
463
178
483
464
465
466
466
467
479
468
469
470
471
808
471
472
472
1299
474
473
828
829
678
474
742
475
644
476
477
889
1300
1301
1302
1303
478
366
366
366
479
479
492
322
1304
480
1305
481
481
485
1306
487
1307
171
1308
1309
749
482
1310
482
483
702
1311
791
903
484
761
484
484
680
1312
485
488
486
487
488
488
1313
582
489
1314
1315
712
1316
1317
493
490
235
491
492
493
494
495
496
315
1318
496
496
496
496
497
497
497
498
521
323
499
499
499
499
500
1319
51
1320
501
502
503
503
53
504
504
505
506
507
507
1321
507
508
508
509
510
509
510
510
511
511
512
512
437
513
513
1322
514
753
515
510
876
890
1323
1324
1325
1326
517
516
520
517
532
586
1327
518
1328
1329
1330
1331
519
856
1332
681
520
521
521
455
455
522
1333
523
519
97
524
524
1334
525
526
527
528
1335
528
1336
529
529
530
1337
530
531
822
1338
823
1339
532
532
533
534
535
535
536
537
537
537
538
1340
538
539
538
540
1341
1342
730
540
445
1343
559
1344
541
541
541
542
541
798
542
542
543
543
1345
1346
1347
1348
770
746
1349
1350
1351
1352
1353
544
545
546
873
547
547
1354
548
549
1355
1356
649
1357
1358
188
839
1359
1360
550
1361
1362
551
552
553
1363
436
616
554
555
1364
1365
554
555
558
556
557
557
558
560
559
560
560
561
562
563
564
564
672
564
564
565
566
1366
1367
1368
567
844
568
568
569
1369
1370
1371
1372
1373
1374
571
573
570
1375
571
572
573
136
574
315
575
576
566
577
577
577
579
1376
1377
1378
578
579
1379
580
732
581
581
582
583
582
583
583
583
1380
832
584
1381
1382
585
1383
676
586
587
587
588
588
588
1384
1385
1386
1387
589
1388
1389
882
1390
589
589
590
748
591
592
592
592
593
1391
1392
1393
848
594
60
1394
595
595
324
596
597
597
597
598
1395
1396
1397
600
1398
1399
599
600
1400
1401
1402
601
1403
1404
1405
602
1406
692
603
604
587
605
605
605
606
606
607
607
608
608
609
610
612
611
613
612
734
613
614
1407
615
616
1408
1409
1410
1411
1412
617
617
618
619
619
1413
1414
1415
620
620
621
620
622
622
1416
1417
273
623
623
626
624
1418
625
625
694
626
1419
627
628
629
629
629
1420
629
630
1421
631
632
1422
634
633
769
634
1423
635
799
801
636
637
638
638
446
639
639
666
789
1424
640
674
641
1425
1426
1427
643
642
643
643
644
644
644
645
645
645
645
646
647
646
647
647
647
647
1428
1429
1430
1431
1432
682
537
648
766
649
650
651
651
651
651
1433
652
653
1434
656
654
778
655
656
1435
1436
1437
1438
1439
657
659
657
1440
658
1441
659
657
901
660
661
661
661
1442
1443
662
663
663
664
664
664
664
665
666
666
667
1444
1445
1446
667
668
669
1447
670
670
1448
740
671
672
673
672
673
673
674
674
675
793
676
802
804
677
817
678
678
679
678
678
680
681
681
593
747
1449
1450
682
683
683
684
685
1451
685
689
686
1452
687
711
1453
1454
1455
1456
1457
1458
1459
688
688
688
774
1460
1461
688
1462
1463
689
690
690
1464
1465
1466
691
1467
1468
691
1469
1470
1471
1472
1473
692
692
1474
1475
1476
1477
97
1478
1479
1480
1481
1482
727
1483
1484
97
604
1485
1486
1487
1488
1489
741
649
693
738
777
629
1490
694
694
699
1491
696
695
696
843
891
1492
697
698
697
699
699
699
1493
752
850
1494
1495
1496
1497
700
508
707
508
765
701
702
702
702
702
702
702
471
1498
705
703
703
704
704
704
309
705
705
706
910
707
707
707
1499
708
708
1500
710
1501
837
709
710
1502
878
1503
711
711
825
1504
1505
826
712
712
1506
713
714
715
716
717
718
718
720
719
720
720
721
1507
722
723
723
724
458
134
725
725
725
896
897
726
727
727
728
729
1508
730
1509
730
1510
1511
1512
1513
1514
1515
1516
1517
1518
1519
731
731
731
732
99
1520
733
734
735
833
736
1521
737
1522
1523
737
737
738
739
740
741
1524
1525
741
742
742
743
744
745
746
747
747
748
749
749
1526
750
751
752
752
753
754
754
53
755
755
755
742
762
756
756
757
758
759
760
761
779
1527
762
763
763
764
764
764
765
766
1528
1529
767
767
767
752
768
769
769
1530
770
770
770
857
771
771
297
772
918
773
774
775
1531
776
1532
1533
777
778
778
779
779
908
711
419
729
729
780
780
497
782
1534
781
782
782
783
784
784
784
785
1535
786
1536
1537
1538
787
815
788
254
188
789
789
1539
1540
1541
1542
1543
790
1544
1545
1546
1547
1548
791
792
792
792
1549
1550
1551
1552
136
387
387
387
387
793
794
795
796
797
798
799
819
800
801
802
803
804
804
1553
1554
869
805
806
1555
806
806
1556
1557
1558
683
587
807
808
808
855
588
1559
1560
1561
1562
885
809
809
809
811
809
1563
810
809
814
811
809
812
813
812
814
815
256
816
816
1564
860
861
1565
1566
1567
749
817
862
864
432
1568
818
1569
819
1570
60
60
1571
877
820
821
821
821
822
822
822
823
823
175
1572
1573
1574
1575
824
824
824
824
825
825
1576
1577
1578
826
826
1579
1580
1581
827
827
51
1582
1583
828
828
831
829
830
831
831
829
1584
1585
1586
641
832
1587
1588
1589
833
1590
834
175
849
835
916
836
1591
837
1592
838
1593
838
839
839
1594
1595
1596
319
1597
840
841
842
1598
1599
1600
843
843
1601
1602
1603
844
845
846
847
847
1604
848
595
573
849
912
849
850
850
851
851
852
853
853
1605
1606
1607
854
1608
855
777
542
856
856
856
1609
1610
1611
857
858
858
859
860
860
860
860
921
922
861
1612
745
1613
862
654
654
868
907
863
864
864
864
1614
865
1615
1616
866
867
868
869
871
870
871
893
894
871
915
872
873
875
1617
874
875
875
875
782
876
876
876
1618
1619
877
887
1620
1621
1622
847
702
710
878
879
879
879
1623
879
879
1624
880
881
882
882
1625
1626
1627
1628
1629
432
883
884
884
884
884
885
885
886
887
1630
888
1631
1632
1633
889
890
890
891
891
891
891
891
1634
1635
1636
892
893
894
895
896
896
897
1637
899
898
588
899
899
900
901
847
905
902
902
903
460
904
905
905
906
907
907
907
908
1638
909
909
715
910
910
910
812
1639
911
912
914
913
914
914
915
915
916
916
917
917
917
917
917
918
920
919
920
1640
1641
1642
921
921
921
921
922
922
912
1643
924
1644
923
924
924
