0	135
1	136
2	137
3	545
4	547
5	549
6	550
7	200
8	201
9	202
10	1187
11	1848
12	1850
13	204
14	206
15	207
16	208
17	956
18	1853
19	1854
20	242
21	243
22	1948
23	1949
24	1950
25	246
26	1959
27	249
28	1418
29	1965
30	1976
31	1977
32	251
33	260
34	1978
35	1980
36	1981
37	256
38	1996
39	267
40	2175
41	2176
42	348
43	349
44	2019
45	2021
46	2022
47	360
48	395
49	483
50	2035
51	362
52	363
53	365
54	2037
55	2038
56	2040
57	2041
58	2042
59	364
60	366
61	2043
62	2044
63	2045
64	369
65	2371
66	371
67	2373
68	2375
69	380
70	381
71	429
72	430
73	431
74	433
75	382
76	384
77	385
78	386
79	2614
80	3481
81	3482
82	3483
83	388
84	389
85	3487
86	3494
87	3495
88	3496
89	390
90	391
91	392
92	393
93	3497
94	2988
95	3498
96	394
97	1297
98	407
99	409
100	2212
101	408
102	2743
103	3516
104	3517
105	3518
106	410
107	484
108	411
109	414
110	416
111	2116
112	415
113	3526
114	3527
115	3528
116	3529
117	3530
118	423
119	1189
120	2204
121	2729
122	3552
123	3553
124	3574
125	3575
126	3576
127	445
128	855
129	463
130	3374
131	3376
132	486
133	487
134	488
135	3592
136	3593
137	528
138	529
139	530
140	531
141	532
142	533
143	534
144	541
145	542
146	543
147	1225
148	1525
149	1526
150	1527
151	1528
152	2120
153	3725
154	3917
155	3920
156	3922
157	3026
158	3945
159	3946
160	535
161	539
162	540
163	3586
164	2330
165	3959
166	3960
167	3961
168	3962
169	3963
170	3965
171	2772
172	3966
173	3967
174	3968
175	3215
176	3969
177	1236
178	1239
179	3970
180	3971
181	3972
182	3974
183	3975
184	2527
185	3208
186	3601
187	3977
188	3983
189	602
190	734
191	622
192	3357
193	4197
194	4198
195	4199
196	667
197	1840
198	696
199	5053
200	1505
201	1506
202	749
203	1104
204	1105
205	794
206	2964
207	4908
208	796
209	3904
210	3905
211	797
212	4902
213	810
214	811
215	812
216	813
217	814
218	815
219	817
220	818
221	2664
222	2704
223	2705
224	2706
225	2859
226	3594
227	3607
228	2883
229	5538
230	825
231	3702
232	3703
233	3704
234	3705
235	830
236	2965
237	3709
238	839
239	846
240	847
241	3910
242	3911
243	841
244	845
245	4763
246	4865
247	842
248	5576
249	843
250	5577
251	5578
252	2333
253	2334
254	5582
255	5583
256	5584
257	5585
258	5586
259	866
260	867
261	868
262	869
263	870
264	4498
265	4499
266	4500
267	988
268	4507
269	4508
270	4509
271	875
272	1529
273	1533
274	876
275	5587
276	5588
277	5590
278	5592
279	892
280	951
281	952
282	899
283	1312
284	1313
285	1314
286	900
287	2643
288	4734
289	5663
290	5664
291	958
292	962
293	4713
294	959
295	961
296	6955
297	6956
298	966
299	967
300	6965
301	6966
302	6967
303	6968
304	968
305	3713
306	3842
307	970
308	971
309	4539
310	6969
311	6970
312	6971
313	976
314	1157
315	1158
316	1159
317	978
318	1011
319	1013
320	980
321	981
322	982
323	1238
324	985
325	1202
326	1203
327	989
328	3211
329	4483
330	1002
331	1017
332	1018
333	1019
334	1020
335	1021
336	2727
337	5303
338	1014
339	1015
340	6664
341	2847
342	2158
343	2159
344	4318
345	1039
346	3356
347	1045
348	1046
349	6185
350	6420
351	7064
352	7065
353	7066
354	7067
355	1053
356	1058
357	1082
358	1083
359	1084
360	1056
361	4527
362	2641
363	5918
364	6541
365	1061
366	1062
367	1063
368	1064
369	1106
370	1113
371	1115
372	1067
373	1068
374	1069
375	1070
376	1110
377	2072
378	2095
379	5164
380	6689
381	3307
382	6535
383	6537
384	2515
385	2983
386	7123
387	1095
388	1096
389	1099
390	1100
391	1837
392	6394
393	2707
394	1109
395	2384
396	2452
397	2453
398	2454
399	2217
400	2358
401	1111
402	2482
403	2924
404	5281
405	7128
406	2177
407	2467
408	1122
409	1123
410	1138
411	1139
412	1141
413	1142
414	5885
415	6703
416	3176
417	7173
418	1149
419	1150
420	2063
421	3711
422	1152
423	3724
424	3726
425	1153
426	3187
427	3728
428	3730
429	1168
430	1244
431	5117
432	1172
433	1173
434	1174
435	1175
436	1176
437	7187
438	7188
439	7189
440	5319
441	6578
442	7190
443	7191
444	1188
445	1190
446	1191
447	1842
448	2596
449	4023
450	4855
451	3099
452	4352
453	1198
454	1227
455	2620
456	2858
457	2860
458	2861
459	2862
460	2863
461	2864
462	1204
463	2015
464	2018
465	1213
466	2343
467	4484
468	4485
469	1214
470	5939
471	6315
472	1217
473	2723
474	4437
475	5507
476	5484
477	6495
478	1231
479	1232
480	1234
481	2363
482	2245
483	4479
484	6619
485	6620
486	1259
487	1260
488	1261
489	1262
490	1263
491	1265
492	2540
493	2551
494	2552
495	2553
496	6009
497	6010
498	3947
499	6975
500	6976
501	6130
502	7080
503	1266
504	1268
505	1269
506	2131
507	1271
508	1272
509	1273
510	1274
511	1275
512	1276
513	1277
514	2255
515	5344
516	5345
517	5346
518	5347
519	2776
520	6849
521	6850
522	6851
523	6852
524	6853
525	1280
526	1281
527	1282
528	6588
529	7226
530	3505
531	3508
532	6683
533	6497
534	1321
535	1322
536	1323
537	2923
538	2925
539	2926
540	1330
541	1337
542	1338
543	1339
544	1340
545	1341
546	1332
547	1335
548	1344
549	1345
550	1451
551	1452
552	6694
553	6695
554	9564
555	1384
556	6379
557	6380
558	7660
559	1401
560	1402
561	1404
562	1417
563	3843
564	1410
565	1411
566	4836
567	4837
568	2902
569	2903
570	1419
571	2191
572	2564
573	1433
574	1483
575	1485
576	1486
577	1487
578	1488
579	2833
580	2834
581	2836
582	2837
583	1464
584	1465
585	2935
586	3152
587	3816
588	3817
589	1484
590	2268
591	4683
592	8486
593	1510
594	1513
595	1514
596	4721
597	4722
598	5021
599	6346
600	1515
601	1516
602	1517
603	1518
604	1763
605	2412
606	2590
607	2591
608	2592
609	1519
610	1520
611	1521
612	1522
613	1523
614	3028
615	3029
616	5831
617	9607
618	1530
619	1531
620	3600
621	3621
622	3622
623	3623
624	5842
625	1550
626	1551
627	1552
628	1553
629	1732
630	1733
631	1614
632	1615
633	1616
634	1617
635	1618
636	2751
637	4222
638	2055
639	8709
640	8710
641	8711
642	1624
643	1625
644	1626
645	4666
646	4667
647	4668
648	4669
649	3202
650	1629
651	1630
652	5816
653	6016
654	1658
655	3324
656	7131
657	1710
658	8209
659	8212
660	6091
661	9953
662	9954
663	9955
664	9956
665	1742
666	1743
667	1751
668	1752
669	1807
670	1808
671	1809
672	1753
673	7909
674	2589
675	1816
676	1817
677	6283
678	6284
679	2993
680	4025
681	4789
682	4862
683	4863
684	1841
685	4019
686	4026
687	4894
688	4930
689	10445
690	10446
691	7429
692	7433
693	7434
694	7435
695	7436
696	1928
697	1929
698	1930
699	1931
700	6225
701	1932
702	1933
703	6142
704	5726
705	2461
706	2462
707	5514
708	5515
709	1962
710	5868
711	7614
712	6466
713	1967
714	4126
715	5648
716	5649
717	1975
718	3700
719	4100
720	4101
721	4127
722	7339
723	3943
724	3944
725	9203
726	2866
727	5535
728	5536
729	5614
730	6909
731	8415
732	2008
733	5170
734	6642
735	2638
736	2639
737	2640
738	2435
739	2437
740	2438
741	2025
742	2316
743	4528
744	2031
745	2034
746	4512
747	4513
748	2033
749	2428
750	4529
751	4530
752	4531
753	4532
754	3555
755	5997
756	2213
757	3084
758	3172
759	5106
760	5110
761	5375
762	6765
763	6766
764	6767
765	2050
766	2054
767	2060
768	2052
769	2066
770	2056
771	2068
772	2069
773	2071
774	5391
775	5392
776	5393
777	5394
778	5395
779	2061
780	2062
781	2229
782	6390
783	6391
784	6392
785	2602
786	7285
787	5612
788	5613
789	7471
790	7472
791	2073
792	2074
793	2075
794	2076
795	2079
796	2081
797	2339
798	2361
799	2369
800	2427
801	2481
802	4857
803	2096
804	2099
805	2100
806	2178
807	2215
808	7987
809	7989
810	5942
811	3893
812	3914
813	3915
814	4710
815	4711
816	2132
817	3156
818	6467
819	2147
820	2148
821	2149
822	2152
823	2642
824	2171
825	2359
826	2613
827	5310
828	5311
829	2172
830	3224
831	3225
832	2173
833	2174
834	4368
835	4369
836	7052
837	2396
838	2426
839	2472
840	2473
841	2181
842	2196
843	2197
844	2198
845	4328
846	4329
847	4330
848	2199
849	2200
850	2201
851	2205
852	4904
853	4905
854	4766
855	4906
856	3892
857	4486
858	2220
859	2221
860	2216
861	2222
862	2227
863	2228
864	2401
865	2418
866	2419
867	2420
868	2378
869	2397
870	2224
871	7734
872	7735
873	7736
874	7737
875	7744
876	7745
877	2253
878	5984
879	7461
880	3697
881	8165
882	2269
883	4682
884	2270
885	2272
886	2273
887	6696
888	7234
889	7237
890	2271
891	7624
892	8031
893	2280
894	5306
895	7778
896	2314
897	4624
898	5242
899	2315
900	2317
901	4510
902	2332
903	2355
904	2357
905	5061
906	5357
907	2433
908	2434
909	2695
910	2752
911	2753
912	6436
913	2365
914	6336
915	2364
916	2366
917	2367
918	2368
919	7362
920	7363
921	8851
922	8852
923	8853
924	2532
925	3194
926	5467
927	9869
928	2377
929	2380
930	2381
931	2392
932	2393
933	2394
934	2379
935	2395
936	2398
937	2399
938	2400
939	2411
940	2387
941	2488
942	2489
943	2493
944	4719
945	5790
946	6780
947	6781
948	7844
949	2982
950	2421
951	2422
952	2423
953	2424
954	5616
955	5617
956	3887
957	3888
958	3889
959	2413
960	4081
961	4116
962	4117
963	5547
964	6778
965	6779
966	5859
967	5862
968	7054
969	7055
970	7056
971	7288
972	6701
973	2429
974	2431
975	2432
976	5977
977	7302
978	7729
979	7730
980	2448
981	2450
982	2451
983	7278
984	7279
985	9371
986	9376
987	3212
988	3213
989	6722
990	8332
991	9790
992	2457
993	2459
994	2460
995	4473
996	5050
997	2475
998	2476
999	2477
1000	4679
1001	4680
1002	4681
1003	7286
1004	2478
1005	3214
1006	3216
1007	3217
1008	2479
1009	2480
1010	5572
1011	5573
1012	2483
1013	2484
1014	2920
1015	6040
1016	6170
1017	2492
1018	2547
1019	6599
1020	6936
1021	2495
1022	2496
1023	3166
1024	3175
1025	2525
1026	6355
1027	2534
1028	2848
1029	2537
1030	2538
1031	6375
1032	2539
1033	7280
1034	2545
1035	3479
1036	3797
1037	6335
1038	6342
1039	6472
1040	6557
1041	6558
1042	2774
1043	5618
1044	2555
1045	3014
1046	3015
1047	3016
1048	2573
1049	2574
1050	2575
1051	3115
1052	3116
1053	2578
1054	2579
1055	4776
1056	3484
1057	2580
1058	2581
1059	3179
1060	2583
1061	2584
1062	2928
1063	3928
1064	6198
1065	7787
1066	2999
1067	8260
1068	3102
1069	8537
1070	8538
1071	4853
1072	2603
1073	2604
1074	8540
1075	2607
1076	2610
1077	2612
1078	2616
1079	4811
1080	2626
1081	2629
1082	2726
1083	2728
1084	3747
1085	3954
1086	4443
1087	5086
1088	6141
1089	2655
1090	2657
1091	2662
1092	2936
1093	2937
1094	2719
1095	2720
1096	2721
1097	2722
1098	2681
1099	2688
1100	2689
1101	4983
1102	4987
1103	2682
1104	2683
1105	2684
1106	2685
1107	2686
1108	6531
1109	6532
1110	6533
1111	2687
1112	2690
1113	2691
1114	6534
1115	2694
1116	2696
1117	2698
1118	2699
1119	5119
1120	5120
1121	8504
1122	8505
1123	8506
1124	8507
1125	8508
1126	8509
1127	2700
1128	2701
1129	2702
1130	2867
1131	8859
1132	8860
1133	8861
1134	2708
1135	2709
1136	2710
1137	2711
1138	2712
1139	2724
1140	2764
1141	8084
1142	8085
1143	8086
1144	8087
1145	3032
1146	8781
1147	8313
1148	6290
1149	6291
1150	6743
1151	7610
1152	5307
1153	3001
1154	6841
1155	2740
1156	2741
1157	6378
1158	2747
1159	2749
1160	8550
1161	8556
1162	2754
1163	6437
1164	6447
1165	6448
1166	2755
1167	3218
1168	3221
1169	2757
1170	2761
1171	2802
1172	3201
1173	3203
1174	3204
1175	2773
1176	2793
1177	6908
1178	2775
1179	2777
1180	2778
1181	2779
1182	2780
1183	4373
1184	2784
1185	2785
1186	2786
1187	6782
1188	8899
1189	8900
1190	7867
1191	7868
1192	2799
1193	2800
1194	2801
1195	2803
1196	4306
1197	4309
1198	4310
1199	6491
1200	5950
1201	6729
1202	2827
1203	3835
1204	3265
1205	4183
1206	4184
1207	6665
1208	6666
1209	5159
1210	5160
1211	2956
1212	2957
1213	5312
1214	7783
1215	5537
1216	6333
1217	2872
1218	3736
1219	2885
1220	2897
1221	2890
1222	2891
1223	2914
1224	2892
1225	2895
1226	2896
1227	2898
1228	4912
1229	3019
1230	4911
1231	8562
1232	2899
1233	2900
1234	2901
1235	7512
1236	3407
1237	3409
1238	7515
1239	2904
1240	2958
1241	10661
1242	4735
1243	4736
1244	4737
1245	7063
1246	8497
1247	5128
1248	3929
1249	3930
1250	3160
1251	2966
1252	3000
1253	3002
1254	3004
1255	3005
1256	2975
1257	3023
1258	3024
1259	6384
1260	6389
1261	7211
1262	7212
1263	7213
1264	2992
1265	7566
1266	6038
1267	6039
1268	3017
1269	3020
1270	3021
1271	3022
1272	8417
1273	8418
1274	8419
1275	5988
1276	5321
1277	8181
1278	3042
1279	3044
1280	3080
1281	3132
1282	3133
1283	3134
1284	4965
1285	3100
1286	7413
1287	7414
1288	8207
1289	3112
1290	3114
1291	6597
1292	6600
1293	6601
1294	4359
1295	5837
1296	5838
1297	3120
1298	3121
1299	6405
1300	6406
1301	8036
1302	3126
1303	3128
1304	3129
1305	7021
1306	3127
1307	5716
1308	8130
1309	8131
1310	8450
1311	3154
1312	6303
1313	6305
1314	6307
1315	6308
1316	6475
1317	6476
1318	6477
1319	7077
1320	7078
1321	8474
1322	3161
1323	3164
1324	3701
1325	3169
1326	6407
1327	6468
1328	5107
1329	5108
1330	5109
1331	6280
1332	6281
1333	7631
1334	7632
1335	7661
1336	4861
1337	4909
1338	4910
1339	3205
1340	3207
1341	3209
1342	7329
1343	3210
1344	6243
1345	7792
1346	5569
1347	10741
1348	10742
1349	3219
1350	3220
1351	5945
1352	5946
1353	6697
1354	4778
1355	5725
1356	5729
1357	3263
1358	3266
1359	3267
1360	8274
1361	3275
1362	3276
1363	3277
1364	3279
1365	8206
1366	8211
1367	3293
1368	3298
1369	3308
1370	3485
1371	8128
1372	3341
1373	3344
1374	3345
1375	3346
1376	3330
1377	3331
1378	7319
1379	10646
1380	10647
1381	10648
1382	3338
1383	10293
1384	10455
1385	10734
1386	3342
1387	4206
1388	4708
1389	10804
1390	10907
1391	10908
1392	3370
1393	4106
1394	9330
1395	5982
1396	9475
1397	9478
1398	3393
1399	3394
1400	3395
1401	3396
1402	3397
1403	3398
1404	3399
1405	4312
1406	6100
1407	6922
1408	3432
1409	3433
1410	10514
1411	10515
1412	8046
1413	3439
1414	8863
1415	5570
1416	5151
1417	7421
1418	3489
1419	4783
1420	4784
1421	4834
1422	4835
1423	3486
1424	6151
1425	3488
1426	3491
1427	5593
1428	4357
1429	7335
1430	8002
1431	4534
1432	4535
1433	3912
1434	5020
1435	6702
1436	7849
1437	7850
1438	3501
1439	3863
1440	5317
1441	5318
1442	6484
1443	7494
1444	7495
1445	3506
1446	3507
1447	4524
1448	4525
1449	4289
1450	4501
1451	5032
1452	5370
1453	5371
1454	5811
1455	6571
1456	8622
1457	8968
1458	9603
1459	10703
1460	10704
1461	10705
1462	8593
1463	8966
1464	6397
1465	4718
1466	3826
1467	3827
1468	8045
1469	5829
1470	8515
1471	3698
1472	3737
1473	3778
1474	6383
1475	6712
1476	6431
1477	7881
1478	7882
1479	7469
1480	7470
1481	3716
1482	3719
1483	3720
1484	8340
1485	8341
1486	6015
1487	9804
1488	6760
1489	9817
1490	5673
1491	5684
1492	5685
1493	10404
1494	10405
1495	10406
1496	10407
1497	10408
1498	3738
1499	3739
1500	3740
1501	3741
1502	3782
1503	3783
1504	3896
1505	4972
1506	3771
1507	3775
1508	4467
1509	3804
1510	3805
1511	3870
1512	3871
1513	3872
1514	3875
1515	3818
1516	3821
1517	4520
1518	6835
1519	3824
1520	4929
1521	5941
1522	5826
1523	6430
1524	6478
1525	9870
1526	10649
1527	3847
1528	7115
1529	7117
1530	7118
1531	6020
1532	7487
1533	3869
1534	3873
1535	3874
1536	3876
1537	5678
1538	5679
1539	3878
1540	4925
1541	4931
1542	6525
1543	6526
1544	6527
1545	6528
1546	6529
1547	3897
1548	3898
1549	5376
1550	6802
1551	6803
1552	7822
1553	3916
1554	4947
1555	3938
1556	4964
1557	8129
1558	6199
1559	6200
1560	6201
1561	6202
1562	7338
1563	9627
1564	9628
1565	4228
1566	4229
1567	3955
1568	3956
1569	3957
1570	4732
1571	6042
1572	5296
1573	6501
1574	8339
1575	7749
1576	8049
1577	8140
1578	7488
1579	7489
1580	6983
1581	10545
1582	10546
1583	4024
1584	4027
1585	4028
1586	4029
1587	4934
1588	7541
1589	4033
1590	4034
1591	4095
1592	4097
1593	4124
1594	4128
1595	4129
1596	4099
1597	4132
1598	4102
1599	6920
1600	9443
1601	4110
1602	4113
1603	6101
1604	6102
1605	6917
1606	6918
1607	7644
1608	9680
1609	10414
1610	4157
1611	4158
1612	4160
1613	4161
1614	4171
1615	4172
1616	4208
1617	4209
1618	4936
1619	4937
1620	10173
1621	10174
1622	10175
1623	10176
1624	10177
1625	4203
1626	6366
1627	9245
1628	6033
1629	6034
1630	6035
1631	7137
1632	7138
1633	4284
1634	8093
1635	4308
1636	6230
1637	6121
1638	6122
1639	6219
1640	4326
1641	4327
1642	4331
1643	4332
1644	4334
1645	6399
1646	4351
1647	4353
1648	4355
1649	4356
1650	4363
1651	8646
1652	4374
1653	4376
1654	4377
1655	4378
1656	8218
1657	8219
1658	8220
1659	8221
1660	4409
1661	5972
1662	6292
1663	6395
1664	4445
1665	4450
1666	6421
1667	4477
1668	5706
1669	5707
1670	4474
1671	5968
1672	6612
1673	6613
1674	6614
1675	4475
1676	6615
1677	6616
1678	6617
1679	6618
1680	5594
1681	4767
1682	4768
1683	4769
1684	4488
1685	4489
1686	4490
1687	4491
1688	9683
1689	7626
1690	9221
1691	9684
1692	5031
1693	5033
1694	4511
1695	4521
1696	4522
1697	4523
1698	7240
1699	6788
1700	8369
1701	8370
1702	8371
1703	8372
1704	5969
1705	10929
1706	4536
1707	4544
1708	9624
1709	4625
1710	5794
1711	10319
1712	10320
1713	4627
1714	9472
1715	4658
1716	5717
1717	5718
1718	5719
1719	7467
1720	8533
1721	4677
1722	7292
1723	7293
1724	7294
1725	4684
1726	4685
1727	4686
1728	8485
1729	8523
1730	5047
1731	5343
1732	4723
1733	4725
1734	7303
1735	8064
1736	4724
1737	8536
1738	4741
1739	4742
1740	4879
1741	4880
1742	8161
1743	4770
1744	4771
1745	5219
1746	5220
1747	4777
1748	4779
1749	6598
1750	4780
1751	4781
1752	5949
1753	5951
1754	5952
1755	7659
1756	4893
1757	4791
1758	6087
1759	7358
1760	8587
1761	8588
1762	4796
1763	4797
1764	7652
1765	7653
1766	7654
1767	7655
1768	7656
1769	8118
1770	8119
1771	4844
1772	4846
1773	4847
1774	8603
1775	8605
1776	8606
1777	8750
1778	7542
1779	4913
1780	4903
1781	4919
1782	6800
1783	4924
1784	4896
1785	4897
1786	4898
1787	4899
1788	4900
1789	4901
1790	8903
1791	8909
1792	8910
1793	7739
1794	9957
1795	6661
1796	4921
1797	7972
1798	4926
1799	4927
1800	4928
1801	10298
1802	10299
1803	10300
1804	4932
1805	8428
1806	4933
1807	4935
1808	7534
1809	7535
1810	5446
1811	5973
1812	5974
1813	4940
1814	5240
1815	4955
1816	7884
1817	10295
1818	4957
1819	4958
1820	4959
1821	8645
1822	4984
1823	4985
1824	4986
1825	9879
1826	9883
1827	10984
1828	10985
1829	6830
1830	6831
1831	6832
1832	5023
1833	5022
1834	5024
1835	6037
1836	5051
1837	6482
1838	6483
1839	8657
1840	8658
1841	8194
1842	5771
1843	8691
1844	8692
1845	6125
1846	7553
1847	5126
1848	5127
1849	5134
1850	6498
1851	5145
1852	5146
1853	5147
1854	5148
1855	5149
1856	5150
1857	5152
1858	5153
1859	5154
1860	5155
1861	5156
1862	6690
1863	6691
1864	6692
1865	6693
1866	6158
1867	6159
1868	6160
1869	5222
1870	5233
1871	7866
1872	5246
1873	5247
1874	7856
1875	5256
1876	5260
1877	5304
1878	5305
1879	7779
1880	7780
1881	5605
1882	6036
1883	5320
1884	5325
1885	5323
1886	9795
1887	6672
1888	6674
1889	6371
1890	6372
1891	6373
1892	6374
1893	5372
1894	5373
1895	5374
1896	10466
1897	10467
1898	5396
1899	5415
1900	5416
1901	10991
1902	10992
1903	10993
1904	10994
1905	10995
1906	5437
1907	5439
1908	10326
1909	10996
1910	5444
1911	5445
1912	5447
1913	5448
1914	5468
1915	5505
1916	5506
1917	5516
1918	5517
1919	5518
1920	5519
1921	5520
1922	6294
1923	7523
1924	9637
1925	9805
1926	9806
1927	5521
1928	5522
1929	5523
1930	5524
1931	7669
1932	6786
1933	7165
1934	7575
1935	5571
1936	5574
1937	5575
1938	6979
1939	7235
1940	8400
1941	5727
1942	5728
1943	7646
1944	7647
1945	8037
1946	5737
1947	5744
1948	5745
1949	6012
1950	5596
1951	5597
1952	5924
1953	7499
1954	7500
1955	7501
1956	5967
1957	8416
1958	8239
1959	8240
1960	8241
1961	5627
1962	5948
1963	6724
1964	6725
1965	5681
1966	5682
1967	5683
1968	5686
1969	5687
1970	5688
1971	5689
1972	5690
1973	5691
1974	5693
1975	5694
1976	5695
1977	5696
1978	8788
1979	5701
1980	5702
1981	5703
1982	6061
1983	6062
1984	6063
1985	7060
1986	7028
1987	7153
1988	6264
1989	5724
1990	5739
1991	5742
1992	7914
1993	7915
1994	5928
1995	8671
1996	5786
1997	5788
1998	5789
1999	5787
2000	7311
2001	9700
2002	7554
2003	5793
2004	6114
2005	6115
2006	6116
2007	6117
2008	5810
2009	5812
2010	5813
2011	5814
2012	5817
2013	10700
2014	10771
2015	10460
2016	10636
2017	6579
2018	5839
2019	5840
2020	5841
2021	5846
2022	10031
2023	10032
2024	5860
2025	5861
2026	5869
2027	9204
2028	9205
2029	9206
2030	5886
2031	7573
2032	7574
2033	5926
2034	7620
2035	8022
2036	8023
2037	8024
2038	5943
2039	5944
2040	5947
2041	6698
2042	6699
2043	6726
2044	6727
2045	6728
2046	5953
2047	5954
2048	5955
2049	5960
2050	6723
2051	5970
2052	5971
2053	7601
2054	7602
2055	7603
2056	7731
2057	7732
2058	5983
2059	8125
2060	6013
2061	6014
2062	6017
2063	6018
2064	6019
2065	6021
2066	7567
2067	7568
2068	6161
2069	6839
2070	9791
2071	9792
2072	10743
2073	6082
2074	7821
2075	8704
2076	10359
2077	10360
2078	10361
2079	6123
2080	6124
2081	6103
2082	6104
2083	7321
2084	10331
2085	10961
2086	10962
2087	10963
2088	10964
2089	10965
2090	10966
2091	6118
2092	6119
2093	6120
2094	7299
2095	7300
2096	7305
2097	7306
2098	7307
2099	7308
2100	6235
2101	8055
2102	8056
2103	8547
2104	9289
2105	9290
2106	6152
2107	6153
2108	6154
2109	7174
2110	8227
2111	8228
2112	8229
2113	8230
2114	8231
2115	8233
2116	8234
2117	6186
2118	6187
2119	8625
2120	8626
2121	6232
2122	6226
2123	6227
2124	6228
2125	6229
2126	6589
2127	6591
2128	6592
2129	6593
2130	7966
2131	6496
2132	6244
2133	6257
2134	6258
2135	6259
2136	6260
2137	6759
2138	6544
2139	6275
2140	6721
2141	7309
2142	6276
2143	9704
2144	8830
2145	8831
2146	6400
2147	10095
2148	6356
2149	6357
2150	6370
2151	8554
2152	10443
2153	7740
2154	9758
2155	9759
2156	9760
2157	6401
2158	6402
2159	6403
2160	6404
2161	7858
2162	8843
2163	8844
2164	8845
2165	8846
2166	8847
2167	8321
2168	6408
2169	6480
2170	6409
2171	7149
2172	7592
2173	9835
2174	9836
2175	9837
2176	9838
2177	9839
2178	9840
2179	10318
2180	7738
2181	6474
2182	6469
2183	6470
2184	6471
2185	9369
2186	9370
2187	6473
2188	7670
2189	9458
2190	6481
2191	11061
2192	11062
2193	11063
2194	11064
2195	8848
2196	6485
2197	6486
2198	6502
2199	6503
2200	6504
2201	8510
2202	8512
2203	9852
2204	9853
2205	9854
2206	9855
2207	6512
2208	9326
2209	8289
2210	8290
2211	8291
2212	8292
2213	8700
2214	8701
2215	7616
2216	10107
2217	10108
2218	10924
2219	10928
2220	7295
2221	6536
2222	7668
2223	6538
2224	6539
2225	9377
2226	9378
2227	10524
2228	10525
2229	10526
2230	10527
2231	10528
2232	8787
2233	6573
2234	7883
2235	6581
2236	6582
2237	6583
2238	10581
2239	10588
2240	10589
2241	9769
2242	9770
2243	7912
2244	9449
2245	8789
2246	10577
2247	10578
2248	10579
2249	10580
2250	6634
2251	6639
2252	6640
2253	6641
2254	8429
2255	9862
2256	9864
2257	9868
2258	7497
2259	6660
2260	8058
2261	8059
2262	9710
2263	6682
2264	9482
2265	10296
2266	10297
2267	8410
2268	8440
2269	8441
2270	6716
2271	6718
2272	6719
2273	6720
2274	7133
2275	7134
2276	7625
2277	7109
2278	7802
2279	6761
2280	6762
2281	6763
2282	6764
2283	7007
2284	7008
2285	6768
2286	9462
2287	9463
2288	6791
2289	6828
2290	6829
2291	7498
2292	8073
2293	8074
2294	6910
2295	8548
2296	8549
2297	6912
2298	7200
2299	9681
2300	8166
2301	8167
2302	6984
2303	6995
2304	6996
2305	7789
2306	10410
2307	7119
2308	7061
2309	7062
2310	8420
2311	8568
2312	11589
2313	8475
2314	7317
2315	7318
2316	9497
2317	10504
2318	7839
2319	7840
2320	7148
2321	7150
2322	7151
2323	7593
2324	7156
2325	7157
2326	7158
2327	7160
2328	7166
2329	7167
2330	7777
2331	7236
2332	8309
2333	8310
2334	7505
2335	7241
2336	10663
2337	10664
2338	9372
2339	7283
2340	7747
2341	8081
2342	7296
2343	11451
2344	11452
2345	7301
2346	7304
2347	8160
2348	9461
2349	9197
2350	9198
2351	9199
2352	9702
2353	9703
2354	10602
2355	10603
2356	10802
2357	7322
2358	7330
2359	7332
2360	9450
2361	7336
2362	7337
2363	7378
2364	7341
2365	7984
2366	9525
2367	9677
2368	9679
2369	10645
2370	7428
2371	7430
2372	7431
2373	7432
2374	8360
2375	8361
2376	8892
2377	8893
2378	8894
2379	8895
2380	7983
2381	9524
2382	7600
2383	7468
2384	7583
2385	7584
2386	7585
2387	7586
2388	7587
2389	8541
2390	8545
2391	7513
2392	7516
2393	7517
2394	9871
2395	7520
2396	7521
2397	7518
2398	7525
2399	7526
2400	7527
2401	7537
2402	7538
2403	7539
2404	7540
2405	11081
2406	7588
2407	7589
2408	7590
2409	7591
2410	7607
2411	7612
2412	7617
2413	8849
2414	8850
2415	10354
2416	8132
2417	8133
2418	8134
2419	8136
2420	7756
2421	7757
2422	7758
2423	7759
2424	9265
2425	9266
2426	9560
2427	7748
2428	7793
2429	7794
2430	7797
2431	7798
2432	7873
2433	7874
2434	7875
2435	7823
2436	7869
2437	10465
2438	8785
2439	8786
2440	8967
2441	10612
2442	7891
2443	7892
2444	7893
2445	9484
2446	10317
2447	7899
2448	7900
2449	7901
2450	7902
2451	7903
2452	7905
2453	7906
2454	7908
2455	7910
2456	7911
2457	7913
2458	11066
2459	11067
2460	11068
2461	11069
2462	9523
2463	10346
2464	8047
2465	8048
2466	8051
2467	9430
2468	9435
2469	9436
2470	9437
2471	9438
2472	8094
2473	8600
2474	9474
2475	9479
2476	10068
2477	8430
2478	8431
2479	8432
2480	8135
2481	8195
2482	8196
2483	8197
2484	9695
2485	9696
2486	8208
2487	8210
2488	11909
2489	11910
2490	8797
2491	8798
2492	8799
2493	8820
2494	8821
2495	8480
2496	8262
2497	8263
2498	8264
2499	8265
2500	10023
2501	10024
2502	10025
2503	10026
2504	8293
2505	8294
2506	8757
2507	8758
2508	8759
2509	8760
2510	8761
2511	8311
2512	8312
2513	8314
2514	8315
2515	10035
2516	8462
2517	11486
2518	11487
2519	11488
2520	11489
2521	8349
2522	8350
2523	8352
2524	11490
2525	11491
2526	8351
2527	10988
2528	10989
2529	10990
2530	11646
2531	8557
2532	8730
2533	8731
2534	8732
2535	8442
2536	9480
2537	11605
2538	8479
2539	8829
2540	11090
2541	11325
2542	11616
2543	10614
2544	8511
2545	8524
2546	8526
2547	8527
2548	11718
2549	9689
2550	9690
2551	9691
2552	9692
2553	9693
2554	10650
2555	8542
2556	8543
2557	8544
2558	8546
2559	9557
2560	9558
2561	9559
2562	8555
2563	10444
2564	8705
2565	8706
2566	8707
2567	8708
2568	9881
2569	9882
2570	8620
2571	9821
2572	10604
2573	8659
2574	10968
2575	10088
2576	11088
2577	11089
2578	11091
2579	11419
2580	11420
2581	8956
2582	8957
2583	10321
2584	8959
2585	8960
2586	8961
2587	8962
2588	8963
2589	8980
2590	10601
2591	10332
2592	10523
2593	9222
2594	10327
2595	10328
2596	10329
2597	9267
2598	9268
2599	9269
2600	9471
2601	9428
2602	9429
2603	9431
2604	9439
2605	9440
2606	9441
2607	9442
2608	11626
2609	11627
2610	11628
2611	9502
2612	10453
2613	9600
2614	10611
2615	9740
2616	9741
2617	9503
2618	10786
2619	10792
2620	9723
2621	10728
2622	10729
2623	11468
2624	11472
2625	9496
2626	9498
2627	9499
2628	9500
2629	10791
2630	10576
2631	9601
2632	9602
2633	10560
2634	10561
2635	10562
2636	10563
2637	11245
2638	11246
2639	9625
2640	9638
2641	9639
2642	9640
2643	9641
2644	11178
2645	11179
2646	9678
2647	10413
2648	10415
2649	10418
2650	9697
2651	9698
2652	9699
2653	10342
2654	10343
2655	10344
2656	10345
2657	10637
2658	11809
2659	11806
2660	11807
2661	9856
2662	9857
2663	9858
2664	9859
2665	9860
2666	9861
2667	9863
2668	9867
2669	10582
2670	10585
2671	10586
2672	9884
2673	9885
2674	9886
2675	9887
2676	9888
2677	10069
2678	10091
2679	10092
2680	10093
2681	10096
2682	10097
2683	10517
2684	10518
2685	10787
2686	10383
2687	11510
2688	11511
2689	11812
2690	11813
2691	11814
2692	11065
2693	10416
2694	10417
2695	10554
2696	10555
2697	10556
2698	10557
2699	10558
2700	11465
2701	11469
2702	11470
2703	11471
2704	10796
2705	10797
2706	10617
2707	10583
2708	10584
2709	10587
2710	10605
2711	10629
2712	10644
2713	10613
2714	10630
2715	10643
2716	10638
2717	10639
2718	10642
2719	10733
2720	11897
2721	11898
2722	10978
2723	10809
2724	10803
2725	11782
2726	11783
2727	10911
2728	10788
2729	10789
2730	10790
2731	10801
2732	11166
2733	11149
2734	11150
2735	10925
2736	11119
2737	11120
2738	11121
2739	11181
2740	11719
2741	11720
2742	11721
2743	11167
2744	11168
2745	11169
2746	11170
2747	11665
2748	11666
2749	11800
2750	11801
2751	11326
2752	11802
2753	11803
2754	11804
2755	11805
2756	11675
2757	11464
2758	11466
2759	11467
2760	12060
2761	12061
2762	12062
2763	12125
2764	12126
2765	12127
2766	12128
2767	12123
2768	12124
2769	11918
2770	12063
2771	12064
2772	12065
2773	12066
2774	12067
2775	12068
