3647	17813
3647	23286
3647	24163
3647	24165
3647	24166
3647	24167
3647	24172
3647	24177
3647	24178
3647	24179
23286	28735
23286	28736
23286	28737
24166	24167
24166	32151
24166	32180
24167	32151
24177	24178
24177	24179
24178	24179
24178	32151
28735	28736
28735	28737
28736	28737
32151	32152
32151	32153
32151	32154
32151	32155
32151	32156
32151	32157
32151	32158
32151	32159
32151	32160
32151	32161
32151	32162
32151	32163
32151	32164
32151	32165
32151	32166
32151	32167
32151	32168
32151	32169
32151	32170
32151	32171
32151	32172
32151	32173
32151	32174
32151	32175
32151	32176
32151	32177
32151	32178
32151	32179
32151	32180
32151	32181
32151	32182
32151	32183
32151	32184
32151	32185
32151	32186
32151	32187
32151	32188
32151	32189
32151	32190
32151	32191
32151	32192
32151	32193
32151	32194
32151	32195
32151	32196
32151	32197
32151	32198
32156	32176
32157	32171
32157	32184
32159	32160
32177	32213
32192	32197
