22091	22160
22091	22174
22174	22222
22174	27129
22174	44428
22174	44429
22174	44430
22174	44431
22174	44432
22174	44434
22174	44435
22174	44436
22174	44437
22174	44438
22174	44439
22174	44440
22174	44441
22174	44442
22174	44443
22174	44444
22174	44445
22174	44446
22174	44447
22174	44448
22174	44449
22174	44450
22174	44451
22174	44452
27129	44447
44438	44439
44438	44440
44438	44441
44438	44442
44438	44443
44439	44440
44439	44441
44439	44442
44439	44443
44440	44441
44440	44442
44440	44443
44441	44442
44441	44443
44442	44443
44449	44450
