5747	5958
5747	5959
5747	11026
5747	12795
5747	13469
5747	14086
5747	17367
5747	20360
5747	20395
5747	20396
5747	27606
5958	5959
11026	12795
12869	27605
12869	27606
12869	34954
12869	34955
12869	34956
12869	34957
12869	34958
12869	34959
12869	34977
12869	34978
12869	34979
12869	34980
13469	13470
13469	14086
13469	20360
13469	20395
13469	20396
13469	27606
13469	34961
14086	20395
20360	20396
20360	34961
20395	20396
20395	27606
20396	34961
27605	27606
27605	34954
27605	34955
27605	34956
27605	34957
27605	34958
27605	34959
27605	34960
27605	34977
27605	34978
27605	34979
27605	34980
27605	35467
27605	36638
27605	36639
27606	34954
27606	34955
27606	34956
27606	34957
27606	34958
27606	34959
27606	34960
34954	34955
34954	34956
34954	34957
34954	34958
34954	34959
34955	34956
34955	34960
34955	34977
34955	34978
34955	35467
34955	36178
34955	36179
34956	34957
34956	34958
34956	34959
34957	34958
34957	34959
34958	34959
34959	34979
34960	35467
34960	36638
34960	36639
34977	34978
34979	34980
35467	36178
35467	36179
35467	36638
35467	36639
36178	36179
36638	36639
