4188	12160
4189	23064
4190	39892
4191	39893
4192	30888
4193	39895
4194	39897
4195	39898
4196	39899
4197	39900
4198	39901
4199	39902
4200	39903
4201	39904
4202	39905
4203	39906
4204	39907
4205	39908
4206	39909
4207	39910
4208	39911
4209	39912
4210	39913
4211	39914
4212	39915
4213	39916
4214	39917
4215	39918
4216	39919
4217	39920
4218	39921
4219	39922
4220	39923
4221	39924
4222	39925
4223	39926
4224	39927
4225	39928
4226	39929
4227	39930
4228	39931
4229	39932
4230	39933
4231	39934
4232	39935
4233	39894
4234	39896
