1
1
824
1
1
2
3
3
3
3
4
4
5
6
7
1
1
8
5
9
9
10
10
11
11
12
754
13
414
14
15
16
16
17
10
1857
12
1045
12
4
12
4
1858
4
4
789
12
523
4
475
18
18
12
1859
19
19
372
20
26
238
21
4
341
22
889
23
24
25
26
381
27
1860
12
28
12
29
29
624
12
30
544
229
12
31
31
10
3
12
12
380
1861
12
32
12
33
12
34
35
12
1706
12
1862
98
36
443
12
26
568
37
30
12
12
38
241
12
1863
12
1864
12
12
12
12
12
1865
12
12
51
457
1866
39
12
12
12
43
12
12
202
1867
22
1868
12
12
40
12
12
39
39
39
41
41
40
268
1869
12
42
1870
43
12
12
21
12
44
12
12
45
798
46
12
1871
47
12
48
12
12
12
49
12
50
51
12
12
12
1467
620
52
12
1872
1873
12
12
39
12
53
1874
12
12
54
12
55
56
12
1041
12
57
58
59
12
39
12
12
12
12
12
12
12
1875
489
635
1876
60
121
273
12
33
33
804
12
61
611
62
63
63
59
64
12
65
1877
1878
1879
12
12
10
4
17
66
23
12
25
67
12
1110
27
969
12
965
12
68
69
69
69
1575
12
31
36
1253
630
70
12
10
1427
3
3
14
14
14
14
71
71
71
71
71
71
71
71
72
71
73
73
73
73
73
74
74
74
74
1880
74
74
71
71
71
71
278
75
72
1285
76
77
407
1291
78
1315
79
12
80
81
110
901
1249
370
1881
12
12
12
82
1599
12
617
456
481
12
12
1882
12
12
12
12
12
83
83
12
28
12
12
12
753
821
585
12
84
12
12
1883
12
1884
406
12
85
1885
86
1278
12
12
12
12
1886
82
15
12
12
1887
12
12
81
86
12
12
378
87
1888
1889
12
12
86
86
88
12
4
89
90
1747
15
15
12
1161
12
12
131
91
981
12
1890
92
12
93
1188
12
814
12
94
12
12
1891
95
12
12
96
96
96
97
95
98
12
99
99
1602
1892
640
12
100
101
12
102
12
103
12
12
12
104
666
33
271
1785
1893
12
12
12
1355
33
105
12
12
600
1894
12
106
1895
107
1896
12
852
12
12
1526
1133
108
108
108
109
1897
12
12
110
23
120
111
1898
112
113
12
83
83
83
83
83
12
112
112
114
10
12
15
12
115
12
116
116
111
954
117
12
12
12
12
22
118
119
120
12
12
12
12
697
1899
1900
1901
12
121
62
566
1902
12
12
747
111
12
994
122
1903
12
110
123
124
12
125
27
27
12
12
1904
111
12
12
12
12
39
126
127
708
12
12
12
128
1905
129
83
83
112
1906
608
1656
12
130
131
132
12
12
1030
12
10
67
133
134
12
12
12
170
135
135
135
111
10
30
136
137
137
111
12
12
138
1114
139
147
12
12
106
12
140
141
614
110
10
10
110
142
639
143
454
3
3
3
3
3
144
119
144
144
1374
144
144
145
99
146
42
42
186
12
12
12
99
12
1907
12
118
12
12
144
12
12
12
12
1908
12
147
19
12
12
12
12
12
144
1909
4
153
10
148
373
149
1910
1375
12
12
10
10
240
12
149
150
27
1582
27
10
451
151
151
151
152
1911
1912
1913
153
953
154
155
1148
1106
156
442
10
10
12
512
10
157
1914
10
12
158
159
160
161
1511
45
128
10
12
415
12
162
12
163
164
164
164
239
10
459
1915
165
17
17
1354
698
12
12
166
166
166
221
167
167
167
168
12
24
24
1916
169
10
10
1917
148
170
171
12
172
173
173
172
12
174
175
176
176
175
67
67
67
124
176
177
177
118
176
175
176
1918
176
176
178
392
179
175
124
176
1919
124
176
176
387
12
12
12
180
175
175
179
124
12
1430
1920
12
181
555
12
12
1921
12
182
183
105
1922
632
183
183
184
193
187
1923
1924
183
150
1925
1926
183
1927
185
185
12
186
186
187
1338
5
12
825
182
30
188
189
189
189
189
12
30
190
190
191
190
12
192
1928
193
194
195
195
184
12
12
12
12
12
12
12
25
12
190
190
1463
27
12
12
196
196
197
1593
198
198
1929
1624
375
1054
12
12
199
200
12
1930
12
1931
77
12
12
12
12
842
201
127
12
12
4
12
202
202
202
12
203
204
39
39
205
12
12
12
206
1932
104
12
12
207
207
1067
1176
280
330
12
12
12
12
897
12
208
208
209
215
210
12
211
12
12
12
1933
181
212
212
209
208
1934
12
12
1935
213
368
340
214
12
12
542
215
1936
216
12
217
212
209
209
711
329
12
218
218
1937
217
12
12
704
342
219
12
209
220
12
30
261
359
12
12
71
181
181
181
12
12
1938
15
1939
12
221
12
1940
222
12
223
1941
263
224
12
1942
12
225
226
12
1943
12
12
12
12
12
577
12
12
12
12
12
227
42
1944
26
228
229
228
230
1945
231
232
423
233
12
12
12
12
234
925
235
12
861
1946
12
12
12
232
12
12
12
236
10
237
12
12
12
238
1947
12
178
246
12
12
239
240
12
12
241
12
12
1042
1948
12
242
12
244
243
243
244
155
245
245
245
245
244
12
12
665
12
12
155
246
248
1949
247
248
248
249
12
250
250
251
655
667
12
835
222
1751
12
815
252
253
253
12
39
1782
254
253
253
12
12
256
255
256
257
257
258
258
1950
259
12
1951
260
12
12
219
261
1952
218
260
839
12
12
12
15
12
1953
144
262
12
216
263
264
1954
1955
265
218
218
266
12
267
12
1956
144
144
452
216
216
12
1957
12
1725
268
1958
12
12
12
30
266
12
12
1059
12
339
282
269
72
270
12
1959
271
272
266
12
12
1960
30
30
273
273
12
209
12
12
12
12
12
12
1961
131
12
460
274
961
275
276
1962
277
278
56
59
30
30
30
279
279
211
12
1709
280
30
281
282
12
467
12
1657
144
144
252
218
12
1213
283
284
290
1963
1964
285
285
311
1965
286
328
1674
209
209
209
1966
287
288
1503
1967
289
12
1673
1968
1969
1970
1971
290
71
291
1972
276
367
292
293
294
295
295
296
1118
297
298
298
181
1973
299
299
299
1974
1975
12
1217
12
1666
1976
300
301
12
302
302
303
1687
304
287
287
12
12
1977
352
1978
131
209
305
306
307
307
308
306
306
1979
303
264
355
12
309
1980
1981
298
1556
310
162
311
312
312
312
1702
313
313
314
314
315
538
303
71
71
12
316
1982
1135
317
318
12
12
1983
267
350
319
319
1668
1724
93
12
320
218
1984
307
1985
1986
289
321
288
266
1987
308
322
323
324
324
870
298
324
324
325
1726
30
30
297
297
297
297
289
71
71
30
12
1988
1989
319
1990
326
218
327
311
311
1688
30
93
93
93
328
1679
329
312
1569
1991
12
1992
330
331
331
1993
332
332
12
287
333
12
217
285
71
71
1705
162
1994
207
334
1995
1235
303
298
267
1700
335
292
292
71
336
302
337
337
1996
1997
333
323
292
12
162
651
338
339
294
335
335
313
1998
1999
2000
322
2001
71
12
12
172
292
311
1665
324
332
285
285
285
30
340
340
328
321
301
301
12
341
342
343
12
344
281
2002
345
2003
12
211
365
300
300
287
287
287
311
346
347
287
12
323
348
348
348
348
349
366
340
12
293
294
298
12
12
350
56
2004
2005
351
351
352
12
344
207
71
323
12
30
292
281
292
353
162
327
327
12
311
354
332
355
1115
12
12
12
356
2006
12
357
357
358
359
30
71
93
360
318
318
318
209
209
361
308
2007
12
350
350
234
209
362
363
364
296
294
329
12
12
2008
279
1694
30
365
365
366
93
273
273
162
12
12
12
321
12
339
181
2009
367
367
2010
299
368
297
325
805
289
12
12
12
2011
369
370
590
371
2012
2013
888
12
12
372
50
50
792
12
2014
2015
20
20
20
373
12
12
2016
371
374
375
376
12
373
374
27
15
377
12
1339
172
12
12
378
2017
12
2018
12
379
379
12
12
12
380
381
1108
12
381
433
12
382
2019
2020
15
394
887
383
12
1190
384
90
385
12
12
386
387
388
388
12
30
389
389
390
1203
2021
131
1204
33
391
391
392
216
242
942
267
362
2022
402
267
902
2023
518
264
178
267
15
12
393
180
394
395
395
396
396
396
12
12
396
396
396
396
396
396
396
39
12
12
12
12
626
2024
397
398
12
377
2025
12
12
12
383
399
956
400
2026
2027
12
12
12
401
401
1528
537
15
15
30
386
400
12
402
403
404
131
131
463
2028
15
405
389
25
25
12
12
2029
2030
12
409
406
407
408
12
364
120
128
2031
12
2032
12
12
860
397
12
2033
12
12
12
409
12
12
410
411
411
10
12
12
32
2034
12
12
12
412
2035
376
413
414
414
414
414
414
1095
1018
1386
2036
12
12
2037
415
415
415
862
2038
415
415
415
416
2039
2040
2041
341
12
12
12
341
341
15
195
417
195
417
418
2042
12
419
195
2043
2044
420
420
421
12
12
1261
12
1158
12
142
643
564
422
422
12
12
429
12
12
56
12
423
423
12
1164
2045
56
424
425
226
124
694
15
15
12
426
1165
993
12
231
15
427
424
12
428
12
12
12
2046
316
316
12
12
2047
12
429
430
12
12
430
1157
1046
12
12
12
175
118
2048
604
431
175
432
432
417
433
433
194
195
2049
211
211
35
35
208
1247
12
12
943
575
218
2050
12
434
1849
434
435
436
32
413
12
671
1446
12
1207
932
12
12
1775
12
2051
99
818
627
437
437
12
12
680
301
233
12
438
438
12
12
12
12
200
200
654
12
12
12
12
439
113
440
2052
1423
441
505
442
262
12
218
443
444
444
444
444
12
12
12
12
12
12
12
12
12
12
12
12
858
27
32
2053
27
12
163
155
155
445
2054
406
446
447
447
12
448
82
449
163
450
2055
1583
27
12
12
12
12
2056
451
87
155
155
2057
2058
2059
37
37
12
12
452
1162
453
2060
454
455
455
456
12
457
457
457
12
12
12
681
781
458
459
273
12
12
423
460
458
161
2061
461
1021
462
462
463
463
463
10
10
10
32
463
10
32
32
32
10
2062
12
1072
15
12
12
32
12
58
464
5
5
5
5
5
5
1797
169
169
127
447
14
348
358
465
465
845
602
133
466
358
1293
467
467
468
12
312
312
12
12
12
2063
469
1520
12
12
12
12
470
498
470
2064
56
56
471
471
12
12
12
182
12
12
470
470
470
12
12
12
2065
12
12
472
18
12
12
12
12
2066
12
2067
245
12
473
473
277
48
2068
546
162
277
247
247
12
2069
12
757
474
474
12
12
12
2070
12
475
475
475
475
475
476
476
477
475
12
12
2071
478
2072
2073
479
12
810
12
2074
12
480
480
481
1650
482
12
483
465
484
484
2075
12
12
12
2076
485
485
467
486
486
487
486
1480
488
489
12
2077
144
144
144
12
12
12
1465
490
2078
486
12
466
233
458
12
509
310
310
2079
491
12
12
12
480
1475
2080
12
492
30
493
12
12
1547
277
413
12
486
486
1298
12
580
494
494
468
2081
2082
479
490
495
12
496
1627
12
12
12
497
498
498
498
12
391
499
500
12
144
501
277
12
12
502
528
503
277
12
12
488
488
497
504
504
480
486
486
486
12
12
12
310
501
501
1629
310
1550
478
12
489
12
2083
2084
391
391
391
391
12
391
505
506
506
506
12
507
867
508
508
509
493
510
510
510
511
511
512
512
514
513
106
12
514
515
382
517
516
517
516
106
1652
516
1822
10
14
517
10
516
32
12
10
12
12
518
519
519
1196
15
520
216
12
12
12
1437
521
12
12
12
12
12
360
360
89
522
522
385
12
1083
634
2085
523
12
12
12
12
12
12
12
524
524
226
12
23
2086
12
12
525
777
12
525
525
525
2087
12
12
12
12
12
12
12
526
12
12
329
493
493
2088
12
2089
458
458
12
12
527
533
8
1258
12
12
12
12
315
270
270
256
528
285
529
12
2090
530
12
531
531
722
531
532
532
532
12
533
534
354
2091
12
12
531
12
30
30
354
56
535
72
159
72
211
109
12
536
12
12
2092
280
717
106
315
12
280
537
280
280
280
538
12
539
540
495
541
541
542
2093
12
12
257
12
12
63
291
56
130
130
12
12
543
543
12
12
2094
1633
342
130
130
536
12
12
12
272
1177
181
544
545
12
544
544
544
12
12
12
12
12
12
12
12
12
12
1387
849
12
546
547
12
548
12
12
549
12
550
550
551
12
12
12
12
126
12
552
12
12
553
511
553
554
12
1525
12
12
552
12
579
12
12
576
53
597
551
551
555
578
12
12
12
12
12
12
1469
556
426
557
558
12
559
559
559
550
12
560
561
24
24
549
456
12
562
562
12
12
555
172
563
12
550
12
12
226
12
12
2095
12
12
12
564
85
85
98
12
12
12
12
12
12
553
553
1449
12
552
12
12
12
401
12
553
553
553
12
12
565
12
188
12
742
559
659
346
126
227
12
780
12
2096
1167
1168
549
566
126
567
567
12
12
568
155
12
12
12
12
569
569
570
12
12
12
12
12
572
979
12
571
2097
545
1259
98
98
12
12
12
12
572
594
12
938
560
126
126
126
12
2098
2099
573
1614
573
362
423
555
555
2100
49
12
574
574
12
12
575
12
12
12
576
577
294
578
578
85
85
569
579
12
12
12
12
12
580
580
126
12
12
581
582
12
572
572
53
2101
136
371
570
12
370
12
12
12
12
2102
581
106
12
136
56
583
53
53
1254
53
56
584
585
12
2103
12
12
553
12
586
188
587
588
12
589
356
36
590
591
12
536
592
549
15
583
583
12
53
593
12
594
12
877
595
584
553
478
596
12
12
549
597
358
10
2104
598
10
599
599
118
600
51
2105
413
601
10
12
141
296
610
602
457
603
604
2106
605
605
606
606
606
606
607
12
608
609
370
10
2107
610
610
610
611
10
612
611
618
602
328
328
385
30
30
4
2108
30
613
613
2109
1065
12
12
614
208
614
141
2110
2111
615
615
615
1558
616
10
10
12
12
12
141
10
586
12
10
142
142
12
2112
110
601
613
613
12
33
70
12
34
2113
1130
285
285
648
12
132
12
617
393
12
12
618
12
619
12
12
534
620
620
12
132
53
12
12
56
56
173
4
4
951
4
12
2114
12
1088
281
12
12
1250
621
621
621
12
621
12
12
12
12
12
12
12
458
622
622
1395
12
12
2115
12
12
999
118
12
623
12
178
624
624
624
624
624
2116
252
625
12
2117
633
228
625
12
12
12
616
626
627
628
628
411
1630
436
629
1513
227
227
227
12
2118
629
629
12
630
12
1850
12
630
631
12
1468
12
12
12
12
2119
12
632
633
634
629
12
635
636
855
2120
12
12
12
12
2121
2122
12
12
637
12
12
627
638
421
639
639
640
12
12
636
633
830
641
12
71
2123
627
12
71
1509
642
12
12
435
12
643
630
1352
182
644
644
645
658
12
12
1379
254
254
1172
1152
646
12
12
12
12
12
12
12
11
899
2124
422
12
56
12
12
530
12
12
56
56
56
56
15
15
12
12
786
12
2125
15
647
755
2126
12
245
12
648
12
661
649
646
12
12
205
650
650
650
399
12
651
2127
12
12
12
12
12
652
652
2128
301
653
654
33
2129
12
49
49
655
1439
12
678
12
656
480
1320
12
657
1262
12
12
12
12
254
658
659
592
646
865
12
15
12
27
12
108
12
135
2130
254
660
660
661
541
12
421
799
128
128
301
301
2131
12
12
662
2132
663
2133
664
664
12
665
364
666
2134
667
551
668
12
12
543
598
598
598
669
128
128
438
438
438
438
670
671
27
672
2135
12
326
2136
658
12
12
673
12
1369
2137
47
301
301
1038
1008
12
12
926
674
674
674
12
12
12
675
524
524
2138
12
12
33
27
12
12
38
569
12
12
126
2139
458
12
2140
676
676
12
197
197
658
569
569
12
12
677
122
12
364
2141
678
678
12
56
1166
12
561
679
679
12
3
3
680
681
12
968
35
12
12
2142
55
2143
55
686
55
682
12
1295
12
12
12
12
2144
12
683
2145
12
12
599
685
684
684
12
12
685
685
686
12
277
885
691
55
12
687
692
688
1006
39
39
12
687
289
12
689
2146
2147
690
55
687
687
12
691
1831
692
502
502
55
12
256
256
256
55
256
12
55
12
231
12
12
693
694
12
695
695
695
696
65
697
458
12
2148
12
695
12
12
2149
12
12
162
698
212
699
53
12
181
700
701
216
12
12
2150
12
12
702
1154
1452
12
2151
703
2152
700
33
704
280
806
12
212
30
12
277
528
607
227
2153
15
695
704
12
2154
207
12
2155
12
705
695
12
272
706
707
113
272
708
708
294
12
1
709
458
2156
528
528
710
976
2157
506
12
277
660
660
711
12
12
712
712
713
714
603
876
247
480
12
93
928
12
715
674
272
12
12
502
12
716
674
33
33
12
717
718
718
12
12
12
12
13
175
175
12
458
719
784
155
720
2158
719
118
12
176
175
721
192
176
128
328
719
132
132
328
328
104
104
12
57
57
2159
1143
12
277
277
138
722
723
106
12
12
12
12
12
2160
178
724
228
725
725
421
12
12
12
726
12
12
249
249
727
12
12
12
728
739
728
734
2161
1413
1522
731
45
12
729
233
233
233
233
12
2162
2163
2164
2165
730
730
731
730
500
1410
642
2166
732
12
2167
733
734
728
735
12
736
737
2168
737
738
12
739
739
562
64
12
12
12
12
33
33
12
12
740
741
727
742
12
12
12
12
743
727
679
12
744
12
12
12
12
12
745
745
745
12
727
746
12
745
745
745
562
249
12
742
96
96
12
12
745
12
12
12
12
747
748
748
748
748
378
2169
669
669
12
249
249
742
742
12
12
78
12
12
202
202
202
12
1590
749
12
12
154
154
12
12
12
12
117
12
12
12
2170
12
12
12
104
457
457
457
457
2171
12
109
502
12
12
252
750
174
174
174
751
751
751
2172
12
428
752
2173
751
751
753
753
480
155
2174
155
754
12
755
480
39
12
12
242
506
12
12
12
12
12
12
756
12
217
757
758
759
729
729
729
12
502
760
2175
545
1812
761
762
2176
12
12
763
12
763
12
315
764
765
765
274
294
766
767
12
12
274
768
12
2177
15
769
769
769
12
56
517
517
12
218
765
281
281
595
12
770
771
514
12
12
601
218
12
12
12
12
12
12
12
12
1
7
12
12
558
558
197
12
12
12
772
772
141
12
774
2178
773
12
772
774
772
772
775
381
12
104
104
226
12
776
631
12
1257
2179
12
556
777
743
12
778
778
12
12
12
12
226
226
226
226
226
226
226
779
779
12
226
780
780
138
781
781
781
12
12
15
1256
12
12
12
556
2180
12
2181
426
782
783
783
783
2182
12
12
19
12
12
12
172
784
12
49
12
2183
1267
226
2184
785
785
2185
373
373
2186
2187
12
12
786
787
12
788
788
788
236
788
12
789
12
12
56
12
790
12
12
791
2188
2189
12
747
33
792
793
340
2190
12
12
2191
12
794
794
794
598
12
33
49
12
795
795
795
795
384
796
747
555
784
784
442
458
797
530
798
197
197
589
589
12
598
2192
784
784
2193
883
42
12
799
589
33
800
886
801
802
12
12
245
135
484
803
795
794
794
12
244
554
669
798
804
12
12
12
12
12
12
927
12
624
28
2194
2195
2196
210
9
2
1023
8
605
803
7
12
12
12
2197
805
805
1381
896
12
2198
2199
2200
12
2201
12
12
177
806
12
135
12
12
277
12
807
808
2202
12
806
12
12
53
12
2203
809
12
810
12
12
12
99
806
811
458
478
806
528
12
12
12
2204
812
177
1020
2205
12
12
756
756
48
806
12
12
12
458
696
15
813
814
2206
12
815
12
12
1120
12
12
12
12
12
106
12
12
1842
42
816
817
816
816
816
816
816
816
12
817
817
12
133
199
133
816
816
816
818
816
12
817
819
819
819
820
821
316
12
12
154
316
154
154
611
316
12
447
447
447
822
69
823
803
349
513
1790
824
5
2207
12
12
512
825
825
27
27
2208
826
27
27
27
1361
12
832
826
12
27
371
827
828
27
27
124
27
826
203
829
829
829
2209
829
830
27
27
217
27
831
27
27
12
110
825
825
12
2210
12
588
588
12
2211
12
825
829
27
12
417
172
12
27
12
27
56
826
829
832
27
588
33
743
12
12
833
833
12
833
12
2212
12
743
174
174
191
12
834
835
835
836
836
836
140
12
837
837
838
12
554
554
554
140
554
554
554
140
839
140
12
840
12
12
12
140
841
9
824
836
657
657
104
81
69
69
12
12
12
12
12
842
12
105
12
12
12
12
838
12
12
12
12
2213
12
2214
12
12
12
12
447
1055
843
844
12
12
10
10
12
643
10
1588
1581
101
101
12
2215
843
447
845
53
846
259
2216
643
847
235
845
12
12
200
200
12
12
223
2217
10
10
848
849
850
849
851
797
12
3
852
12
853
629
3
629
854
637
852
12
629
316
853
855
854
434
434
124
600
600
176
176
856
124
118
857
118
600
858
600
600
600
15
401
401
859
859
12
12
602
30
12
12
850
12
12
12
12
27
411
397
155
860
860
12
12
12
12
12
861
174
663
663
663
663
663
663
1050
663
663
12
12
862
32
480
771
12
863
864
14
865
2218
866
225
867
491
12
254
1551
660
294
252
252
179
12
12
12
709
868
33
869
502
291
2219
291
291
245
870
2220
809
601
12
12
12
33
12
775
420
871
871
1272
556
872
179
940
2221
530
543
12
872
872
2222
2223
873
873
871
12
556
1322
458
596
870
882
199
199
530
12
12
12
77
106
874
106
12
2224
77
252
1301
12
12
824
409
12
12
12
12
12
237
12
12
875
12
12
423
876
877
877
878
77
879
748
880
880
880
12
556
403
12
12
726
12
543
881
12
911
33
12
12
882
12
881
870
12
530
12
12
12
883
12
12
12
12
12
12
873
458
872
12
884
188
12
12
12
12
1
12
12
2225
12
12
885
885
12
886
12
12
12
41
12
808
60
2226
2227
2228
15
887
12
70
12
12
693
12
12
12
12
888
2229
601
889
889
12
890
2230
12
12
2231
891
109
891
169
1058
892
892
893
12
109
12
894
12
53
895
896
896
663
663
663
663
242
242
663
663
12
663
663
242
12
663
242
12
174
12
45
1332
33
252
770
770
12
12
2232
12
12
12
106
806
806
12
806
70
12
1414
12
12
12
1255
252
252
288
12
12
12
12
555
135
155
155
997
12
12
12
789
789
789
789
897
12
12
233
233
12
12
12
12
828
12
898
898
31
2233
899
83
83
61
900
900
901
12
1319
12
12
12
393
393
12
12
12
2234
178
67
67
12
902
656
793
56
12
9
2235
836
836
2236
903
903
903
903
903
109
118
12
12
836
785
908
43
12
12
12
12
12
12
1455
12
618
623
623
12
81
2237
502
502
502
446
12
12
2238
2239
904
15
15
12
1491
836
12
836
836
836
12
12
905
12
12
12
12
12
12
2240
907
15
906
2241
907
12
908
1093
582
2242
582
892
109
2243
892
909
909
910
909
910
798
911
12
458
910
910
910
12
800
699
699
800
800
751
458
912
12
547
78
32
155
155
913
914
915
630
916
919
917
403
403
12
766
766
918
915
919
920
921
766
766
766
918
1848
12
922
919
919
766
12
1553
159
291
291
106
267
267
766
923
923
81
81
81
1282
12
155
130
130
291
81
81
81
915
12
12
779
766
766
559
923
919
924
925
926
926
926
12
12
227
539
123
927
927
928
928
12
2244
2245
12
12
123
123
123
12
12
123
52
52
12
12
541
12
12
12
12
59
59
59
541
929
227
227
227
12
12
930
12
12
458
931
12
501
12
931
49
932
2246
1273
992
933
12
50
12
934
12
12
2247
12
12
935
935
12
1372
770
133
12
2248
746
12
12
12
804
12
12
12
123
172
172
277
936
936
12
12
2249
12
277
277
277
56
56
478
937
937
938
478
106
802
802
12
939
12
975
12
1505
12
12
800
12
56
2250
635
635
940
941
706
197
197
942
12
12
12
15
15
2251
943
12
12
12
12
12
12
12
174
2252
53
53
12
12
172
12
12
12
12
1090
2253
55
55
12
12
53
168
944
930
930
2254
12
12
945
12
12
12
944
800
944
945
12
946
361
279
944
944
947
39
800
948
948
800
12
945
12
949
949
12
12
12
12
12
950
951
951
687
949
949
951
845
951
951
950
950
1113
12
12
12
12
951
951
950
950
687
687
12
12
12
12
12
17
12
952
953
953
163
768
953
12
12
12
12
944
944
1202
590
12
1252
954
411
30
12
543
743
12
12
955
12
956
647
424
12
1327
141
957
172
12
33
12
12
12
301
301
301
2255
487
487
12
12
545
958
959
145
960
937
937
937
961
957
33
950
957
33
33
2256
950
950
970
113
12
12
12
12
12
12
12
170
12
2257
12
12
12
12
15
15
15
962
962
12
12
12
963
963
964
584
584
12
30
329
12
965
821
966
12
194
2258
393
12
12
12
111
12
12
943
12
12
12
12
227
106
106
106
12
12
65
12
65
39
12
12
12
12
957
967
967
12
137
967
967
12
12
967
137
12
12
1163
12
206
12
1238
12
12
967
12
605
556
12
12
710
12
968
968
12
716
716
721
2259
721
721
232
790
12
12
969
168
12
957
33
957
33
33
957
957
123
123
1464
793
403
12
793
970
12
971
971
241
285
285
12
702
972
12
321
2260
1155
12
12
12
12
12
856
172
172
12
12
12
285
707
973
2261
973
974
12
321
321
31
975
2262
973
12
12
959
959
2263
12
856
856
989
423
976
172
12
1786
2264
977
12
2265
12
570
12
959
937
978
1105
12
979
12
93
93
980
12
12
2266
530
530
978
978
455
455
981
978
2267
982
982
12
12
985
983
12
984
2268
984
12
937
1810
12
985
986
12
487
978
987
987
987
988
979
989
12
959
990
990
1159
321
777
991
991
991
991
991
991
291
12
1808
285
170
992
12
12
12
113
170
12
993
12
12
957
957
535
12
316
982
856
994
12
995
12
12
713
713
530
369
996
996
226
997
105
10
998
12
2269
2270
2271
428
999
12
12
12
277
833
833
145
12
12
2272
1000
1000
2273
756
12
1502
12
12
12
12
12
1001
12
12
931
1002
1002
988
988
931
931
937
937
983
474
702
30
924
982
12
12
1003
12
1004
1005
1005
611
12
770
12
59
39
39
39
39
59
59
1006
1006
59
1006
1006
59
2274
12
12
902
902
172
12
1007
1007
12
1008
2275
12
12
42
42
12
12
12
12
12
791
1251
459
12
1009
1010
997
782
12
12
12
12
1011
1012
12
12
1031
2276
14
1013
1013
1013
1002
1014
2277
12
12
12
12
12
2278
1015
12
12
12
2279
12
12
56
285
285
1016
2280
12
72
1017
1017
1017
181
181
126
582
1018
1018
1018
1019
1019
1019
1019
1019
12
1018
567
567
800
800
401
1020
1020
12
884
140
864
235
925
1021
1021
1021
884
424
461
12
12
32
543
543
99
11
11
413
413
16
775
775
1022
1023
1023
1023
1023
1023
1023
1023
1023
12
1026
1027
1024
1024
1025
69
1026
1025
1246
1025
1025
69
1027
922
1028
1027
1027
1027
1027
588
162
582
582
32
1004
1029
32
12
235
12
149
2281
32
32
12
1029
12
1434
12
12
117
117
924
12
12
12
15
12
995
12
995
58
1030
9
9
296
12
1031
1031
1031
1031
1032
1032
10
2282
118
12
1032
1401
663
663
663
226
1033
12
12
12
12
12
12
12
805
805
12
376
310
1034
1035
1035
1035
12
1035
1034
12
1729
1039
1040
1036
1035
12
1150
1034
155
1037
1037
2283
1038
12
12
12
1035
1035
12
1039
12
1039
1034
1035
12
1040
1035
12
12
1037
12
12
1035
12
1035
2284
799
25
1271
649
12
12
12
1041
1041
1042
105
12
12
1043
459
12
1044
1045
1046
42
42
2285
2286
1047
1048
1048
588
588
12
12
12
42
1049
1048
12
12
239
1050
1051
1051
1051
1051
340
340
1052
1052
2287
2288
1053
155
2289
1054
1054
1584
2290
12
1585
376
1651
1055
1053
12
200
1056
895
1057
1058
874
562
12
12
15
1059
1280
424
12
56
56
2291
1060
1655
12
601
601
601
12
12
12
426
12
12
12
1061
1061
1062
1063
1063
1064
607
12
708
56
56
12
12
12
711
711
711
30
213
101
1065
30
1065
12
1065
1066
1066
1067
1067
1067
1067
224
12
1070
1068
1068
1068
12
12
12
12
1069
610
797
797
1089
1087
12
12
1070
166
1078
2292
1071
12
1081
1072
45
1073
1094
45
45
1074
1075
1075
208
134
1076
142
1069
141
141
141
12
2293
142
1077
1077
2294
1078
1078
1014
1069
921
921
921
1079
1080
1069
285
45
1065
1065
797
921
921
481
1078
1100
582
582
142
1081
1079
548
1082
142
2295
12
797
12
110
1083
1070
2296
1084
12
12
1085
1085
1085
1086
12
1077
1087
1087
12
1088
1088
1089
45
12
1077
12
1088
142
1082
12
1075
1075
12
1089
142
59
142
12
12
12
12
1075
1090
1091
12
12
1092
12
1093
12
12
12
12
12
142
110
110
582
12
12
206
1094
1356
12
12
1069
12
166
12
12
1074
1074
12
12
610
1094
1095
1095
1078
1089
1089
1096
1096
615
1074
1068
12
1097
1097
12
12
12
12
1098
12
1096
1096
1070
12
12
1099
12
1089
1100
1100
1101
935
1102
12
12
12
12
59
1103
12
12
12
12
12
559
1104
1104
12
207
797
616
614
1068
12
12
1070
27
682
582
12
12
12
12
2297
912
978
427
1105
370
1105
532
12
12
12
12
414
174
687
687
110
1106
1107
89
12
12
12
12
62
62
2298
1045
1671
38
38
38
71
1108
12
1109
587
244
723
1110
1110
1111
169
169
1815
12
1112
1112
1112
864
864
1113
399
399
12
12
1114
201
480
480
480
12
382
382
12
140
140
140
140
140
140
140
1115
1115
1115
1115
12
2299
554
2300
554
554
944
44
1116
12
12
674
12
1117
1117
232
88
12
12
2301
12
2302
12
2303
1118
1118
1118
1118
1119
12
607
242
242
12
1120
12
12
12
15
12
1132
12
831
12
995
596
1124
2304
59
12
12
1121
831
642
642
2305
642
1122
1122
1122
1122
59
1006
1006
1006
831
12
12
12
12
12
1121
12
12
1121
1006
1123
477
989
1006
1006
1006
1124
1006
1006
12
39
136
9
59
831
831
12
1006
59
1006
1006
1125
1121
1121
1121
21
21
21
1126
12
12
2306
12
1006
1006
12
12
15
12
76
76
663
12
12
12
12
12
1830
836
602
602
1127
1128
1635
1460
1129
226
12
12
12
12
12
15
1130
1130
12
12
1131
1131
12
839
839
839
268
268
268
268
1126
1132
1306
912
203
203
765
765
253
253
12
1133
1133
1133
740
740
2307
2308
740
683
490
490
835
1134
2309
1134
1134
2310
1134
1134
1134
1135
155
1136
1136
1136
46
217
1141
12
12
12
2311
1137
2312
1807
1827
809
809
355
2313
1501
1138
495
1139
1139
1138
1138
1138
1112
957
12
155
1140
1140
1140
1141
12
1142
1143
1144
1144
883
155
12
883
1134
1134
1145
155
940
883
285
12
12
12
12
12
12
1134
1134
1380
2314
1146
2315
2316
1147
1147
2317
106
155
155
12
1148
1149
155
12
506
12
809
12
649
1150
15
1112
2318
468
1151
12
1152
1152
1152
1152
155
702
702
1153
12
1154
172
2319
2320
959
983
174
428
172
985
12
12
856
1155
1156
1157
793
984
1158
103
1159
12
137
511
12
427
12
12
989
989
12
69
1160
1160
694
433
486
1540
216
216
539
1161
1161
1162
30
30
30
838
838
12
12
12
12
12
427
427
12
316
12
426
1163
426
12
1164
427
1165
56
122
12
12
12
1164
1164
1524
1166
1167
370
725
808
1309
370
1168
1168
1169
12
65
1066
1066
1066
835
1170
12
12
12
836
226
1171
775
1847
12
234
27
12
1171
427
1172
1172
186
234
234
234
12
411
12
12
31
31
1173
1173
1173
378
378
378
841
144
144
144
1174
2321
12
216
701
144
12
211
1174
520
216
216
144
518
12
389
12
12
12
1175
1176
1175
1174
12
1177
1177
1177
1177
267
1177
836
389
389
389
401
1181
520
1118
12
12
12
1183
1178
1178
1178
520
334
334
334
2322
334
1179
1179
1180
520
520
1180
1180
1180
1180
1180
1180
1181
1182
1182
1182
520
520
1183
1183
1183
1180
1180
1180
1184
1184
1184
1181
1179
12
12
1181
520
520
1201
1185
520
1184
1184
520
1186
1187
1187
1188
400
400
12
1182
1182
218
218
218
218
1189
1189
224
32
1190
1118
1118
1184
1184
1180
79
89
79
139
72
1241
131
131
15
12
459
12
12
463
557
386
12
401
320
15
12
71
12
72
1191
1191
1192
1193
1191
12
1194
701
1194
534
209
209
218
218
836
1759
1195
1163
56
1196
1196
1196
71
71
71
71
71
71
71
1197
1685
218
218
1197
71
1198
12
1199
289
384
384
1161
1161
1161
1200
144
836
12
836
552
144
32
144
144
144
32
12
1201
1201
1201
1201
1201
1201
1201
1201
1201
1201
1201
404
557
12
12
12
12
39
1202
1202
1202
1203
520
520
1204
1204
56
211
922
12
473
360
219
2323
2324
1205
360
1205
1632
181
274
274
274
386
1206
1435
2325
12
1189
767
12
12
1206
1207
12
12
1208
2326
2327
1209
1210
1211
1211
1211
1211
1212
1211
1212
218
1211
218
1194
1194
1213
327
292
292
12
12
12
12
12
15
12
12
12
12
12
12
1214
1214
2328
1215
1215
296
296
296
296
218
218
218
1216
218
218
296
296
296
1217
296
71
2329
71
71
1218
2330
2331
1219
1219
1219
1220
1220
218
1221
2332
2333
2334
2335
1221
1221
296
218
218
71
218
218
218
218
218
218
1222
1222
1222
1200
1223
1223
338
1114
12
12
1224
880
880
84
12
1225
1225
398
1226
1225
1226
1226
12
12
1227
1227
1227
1227
1228
12
1229
1230
416
1349
1231
2336
358
2337
1225
1225
1232
1233
12
1230
1231
663
663
663
663
12
12
12
2338
1234
1234
12
2339
1235
2340
206
12
12
1236
12
1210
12
12
1235
1235
1235
12
1237
1237
1237
12
71
12
72
1061
1238
1239
1239
89
1240
12
1061
181
688
136
1721
1241
1242
966
1316
12
12
12
1243
1243
1061
1061
1061
12
111
111
1061
79
1238
1240
167
1244
1240
12
12
549
12
1238
181
972
2341
1239
1245
1246
1243
105
12
1243
1243
1247
12
2342
2343
570
12
2344
2345
1248
12
1249
1249
12
12
12
12
1250
216
216
106
403
403
1248
1251
12
106
12
12
12
125
125
2346
125
1252
1252
962
1252
966
1060
226
1253
49
1060
226
226
1254
12
1255
192
192
192
192
192
1256
1257
63
192
753
1258
192
106
557
192
585
12
12
1259
755
755
755
755
49
49
12
2347
1173
1173
1173
1173
1173
1796
12
2348
1173
12
12
167
167
578
578
578
12
2349
12
12
53
2350
578
12
12
1260
1260
12
188
12
1261
12
1557
1240
1240
1720
114
136
136
122
324
12
1195
1262
972
972
972
12
1263
49
578
1166
12
12
12
1264
578
49
590
1165
1165
1252
1252
552
1165
570
1265
1266
122
12
12
578
12
590
12
12
216
12
12
1281
1267
29
12
192
426
427
12
618
1268
1268
1264
2351
192
192
962
1269
560
935
2352
1270
2353
2354
12
12
1263
12
12
12
1271
1271
12
1252
12
1272
1834
12
1165
12
371
1165
12
569
557
966
1273
226
463
85
85
1274
1274
1274
588
12
12
192
1275
456
128
578
12
588
12
12
1276
1277
1278
12
12
1269
1279
192
12
2355
428
1164
12
12
12
1263
125
125
588
426
1277
1277
226
12
1280
1280
1481
1214
226
1274
1274
622
622
622
1267
1267
1267
1281
1281
1281
226
851
851
1282
12
1288
1173
1199
1300
12
12
1283
1163
12
12
12
937
573
573
172
124
1107
967
1284
1036
173
12
12
573
782
12
12
12
1131
1832
12
12
1285
1286
1286
12
617
617
617
617
617
55
1287
1200
1200
692
12
1287
1222
1222
256
256
256
256
256
355
355
1285
617
76
1285
1288
1288
447
1200
1289
39
39
1290
687
1200
685
12
12
1285
1291
447
1297
682
1292
1292
12
12
617
76
76
1286
12
1131
1173
1287
1285
39
39
39
1223
1223
256
1131
1293
1293
682
1200
12
1294
1295
1296
1297
1297
447
76
12
114
844
256
1251
258
1295
76
1297
1297
114
114
76
1297
1297
361
447
447
1199
1298
1131
447
1299
1297
355
256
1287
1222
617
1200
258
258
15
1300
1300
1300
169
111
281
1293
1131
1301
12
12
76
617
691
1285
1200
1200
1302
447
447
201
1285
1285
1300
1303
692
682
682
1285
12
1222
1297
1304
599
599
692
12
684
1222
12
355
12
1297
1297
1305
1300
1287
922
258
903
1200
1200
1306
1291
106
1298
1295
76
258
296
663
663
663
12
12
12
12
12
12
12
12
458
458
596
1258
1258
1258
1307
1308
1191
1191
1191
192
192
370
564
744
12
782
1311
551
1309
12
370
907
907
12
396
370
586
1309
1309
12
12
12
725
564
371
370
370
1191
155
155
24
24
551
2356
964
12
1310
1310
564
564
24
254
254
12
1269
370
725
725
1311
1311
155
1312
1313
935
780
1308
939
1314
1307
141
296
296
744
586
808
1307
370
1308
551
371
1189
1189
1315
744
744
12
12
370
49
1316
1316
58
12
12
254
254
972
551
1317
12
58
12
1307
1318
1318
12
561
12
1486
12
2357
841
12
1749
12
12
12
12
1319
571
1320
1320
1320
1320
1320
1320
12
12
12
1321
370
370
370
1322
1322
1323
1323
1324
1324
1325
1325
34
724
12
1326
12
625
132
1191
1315
89
1319
1279
12
12
1327
1327
107
426
12
1533
12
785
2358
785
785
1312
1328
1328
2359
1329
12
12
1762
12
1330
1727
481
1331
1331
1331
1331
417
195
195
195
195
195
285
1332
12
1333
1333
411
411
411
12
12
206
206
12
12
2360
12
196
196
196
196
27
1334
1334
1335
1335
2361
277
277
2362
483
2363
277
2364
277
1335
1335
1336
1336
238
1335
277
1337
1337
12
1338
2365
362
2366
2367
1339
12
1340
12
127
358
2368
1229
358
1341
1342
150
1341
358
1343
358
12
1225
1344
449
1345
12
1346
1763
496
2369
12
12
1346
12
2370
2371
1347
1347
2372
2373
1347
1348
1348
2374
552
174
413
513
513
513
1225
1225
1349
1349
1349
1225
1349
1349
1225
1349
1230
2375
1350
2376
12
1351
1350
1353
1352
1353
1353
1353
1353
12
12
1297
899
1090
12
82
1354
1354
899
82
82
1353
216
1350
12
1344
12
12
339
1143
1355
478
2377
2378
1357
2379
2380
1356
1145
12
1357
1357
12
46
45
12
397
1358
196
899
1758
1359
1360
1195
12
656
656
1341
1341
1361
1362
830
1363
12
487
1451
1145
1364
1365
1366
1367
1368
2381
1369
1369
1369
10
397
2382
1370
1145
1371
1757
1372
1145
944
1373
448
552
552
12
15
377
1374
832
12
15
12
12
371
371
371
147
12
413
155
1375
155
419
1376
12
1341
1341
10
1377
12
1145
1145
913
399
1374
12
930
930
1378
1378
1293
772
12
12
12
1379
751
663
1380
401
1381
552
1382
1382
1382
1382
1539
1383
1383
1383
1383
2383
12
1357
1357
12
10
12
2384
12
513
513
12
394
187
12
12
12
1384
1384
1330
12
1312
458
458
458
458
458
458
396
396
155
285
770
12
12
12
1385
1333
1386
1377
12
12
12
12
1510
12
12
67
101
15
101
588
588
588
1387
217
827
827
237
237
786
2385
866
2386
1393
1388
2387
491
491
1391
1389
1389
491
491
1837
1390
491
491
491
1388
12
1391
42
588
1392
491
1839
491
547
491
491
491
491
12
27
491
1393
491
491
1390
304
2388
1397
105
739
12
1025
863
12
12
12
12
1399
105
1394
835
12
997
835
1395
105
133
997
12
12
69
1396
144
12
997
997
1422
1397
1397
1398
1399
12
1400
1400
1400
69
105
1397
105
863
863
863
105
12
1401
12
12
12
12
12
12
1402
4
105
105
105
431
12
1032
118
1032
1403
1398
1398
1398
1403
1403
1404
1404
105
105
105
105
105
105
105
1210
733
2389
1405
1406
1406
12
12
12
12
1407
45
12
2390
12
391
12
12
12
506
735
732
732
732
12
12
2391
12
12
1408
1408
2392
1409
12
12
12
233
1410
735
1411
1411
1411
733
12
2393
1412
1512
2394
735
12
12
730
730
1410
1410
12
12
715
715
715
155
731
1562
1413
733
12
735
264
12
12
12
1414
1414
738
738
738
12
1415
1415
1416
731
12
12
1416
642
12
12
1416
12
1410
1410
1407
1415
1417
45
733
731
233
730
12
12
12
1132
1120
1120
42
1399
1399
1399
1399
1399
1399
1399
1399
1399
1033
12
12
1418
43
617
1041
105
105
447
447
296
863
863
863
863
863
863
863
1565
12
1521
1419
12
468
12
12
12
2395
1483
641
1420
12
216
999
12
261
261
836
12
29
29
12
12
458
12
12
1421
404
236
12
12
12
2396
105
997
1422
1422
1422
1404
1404
157
157
12
15
1423
1423
1561
1784
1424
1424
1424
69
1423
687
687
687
1216
1216
1425
12
113
1204
1204
1204
12
617
1204
1204
1204
1426
1204
1204
1204
1204
1204
1204
1427
15
765
765
765
1107
69
687
2397
771
796
547
547
105
105
547
547
1432
2398
1307
1428
2399
2400
1429
2401
1151
1151
12
12
1151
1151
56
39
1430
12
12
12
1429
1429
1431
1151
12
12
1432
1151
32
32
32
32
32
1433
304
304
1434
1434
12
1434
281
1435
1435
813
1436
1265
12
607
607
1437
1437
1437
1437
12
12
12
12
12
12
12
12
8
12
12
8
12
2402
12
997
12
12
1394
12
12
809
308
12
12
12
838
379
379
379
144
12
12
12
12
133
1438
1404
1404
234
739
739
739
739
739
1400
1400
1400
1400
491
838
559
1473
12
12
12
997
997
1323
1323
2403
1142
1387
1387
349
349
69
12
1373
1373
1373
277
1117
1117
252
252
12
1439
699
12
1440
2404
2405
503
12
12
1441
12
12
2406
1442
1443
1577
1444
1440
1001
1001
2407
1445
458
12
1446
437
437
1339
1339
501
501
377
377
1447
490
12
191
191
191
649
806
12
1448
12
12
12
1449
727
570
570
1153
12
12
570
1237
12
31
1450
12
1149
1149
12
957
957
12
1149
356
356
1451
1451
12
957
695
123
12
12
285
356
12
1452
123
12
12
12
12
12
627
627
627
627
472
1453
12
566
12
1454
12
1455
12
1454
1456
12
12
1457
2408
1458
1458
12
2409
12
12
12
301
527
2410
2411
12
1459
1437
2412
1460
155
155
830
830
830
830
12
12
945
112
112
112
2413
12
12
12
656
12
12
12
1461
1461
12
12
12
12
12
12
12
1462
1462
1463
1463
502
502
2414
743
107
1464
1465
12
502
502
502
699
1465
12
12
762
1195
12
1466
646
646
646
646
1467
12
12
1468
65
65
1297
1297
12
12
12
2415
12
12
294
1469
12
12
12
987
458
460
460
15
15
15
272
272
272
272
272
1117
12
12
674
1470
2416
12
12
759
1471
423
214
2417
214
1471
1471
510
214
12
1472
1472
1473
1473
12
1474
1474
2418
214
12
1475
1475
1476
12
12
12
1477
2419
403
403
488
144
403
194
12
1478
214
214
12
12
12
12
975
12
1479
144
1480
1472
214
214
1481
1482
1482
1482
214
501
1420
1456
1440
12
1483
468
1484
1485
1484
1484
768
468
12
1485
1485
1485
1485
1485
1485
1485
1485
1405
31
39
56
12
20
12
1161
1161
1486
12
12
490
18
272
272
12
376
233
233
12
233
12
12
22
666
12
1373
56
423
30
30
1487
1487
1487
2420
12
454
921
1307
12
12
137
1804
111
111
559
556
654
1488
12
12
12
12
12
942
944
944
470
470
470
1494
1489
975
975
775
1344
214
426
12
12
12
1474
12
12
1490
1490
12
12
12
205
442
1491
178
12
12
262
1606
12
1601
1492
12
421
421
1493
1493
1494
233
12
503
600
1001
135
502
135
732
499
12
12
12
12
136
12
1276
1276
1276
12
12
12
511
15
12
12
12
765
2421
2422
1495
657
657
1312
233
12
1381
809
12
720
720
720
631
12
1381
2423
1496
2424
12
1112
70
704
502
155
70
70
1497
1497
1498
1498
1498
1498
1498
1498
1499
1499
2425
12
12
12
12
12
12
707
963
963
963
963
1500
1501
1501
1501
1501
1501
12
12
1501
1502
1500
12
12
12
844
543
2426
2427
2428
1501
1503
1303
1303
818
456
456
12
458
458
1439
1439
1439
1504
1504
748
748
12
1559
12
1505
1505
142
853
864
436
853
853
12
713
713
713
53
12
12
12
12
12
526
1092
451
12
470
1506
2429
470
1564
2430
1507
233
466
466
466
1767
12
466
1508
1509
466
466
1475
638
466
466
1555
466
1510
466
466
1511
948
630
1512
1513
12
12
277
12
1523
326
1514
2431
1515
1516
1517
1517
465
1518
12
12
1478
12
214
1519
12
1520
12
1476
214
480
214
214
1476
1521
12
12
12
12
1522
1519
12
12
12
1523
1523
1519
214
1524
1476
480
480
214
478
442
727
209
15
136
234
1525
1525
12
12
106
560
560
12
553
1526
12
12
12
1062
1427
1427
1387
1387
1387
885
12
12
1527
1527
12
12
1528
1529
135
135
135
135
94
2432
12
12
1530
1530
2433
1531
785
1532
2434
385
2435
2436
135
1533
1533
1534
1535
1535
2437
2438
135
1506
1545
1536
1548
2439
952
1537
1457
2440
1531
1531
748
12
12
1554
641
1423
1535
1538
2441
470
1531
2442
12
1532
1352
732
641
1535
2443
641
1535
12
1411
1411
1539
1539
641
12
12
1441
1540
12
12
12
738
1541
12
1542
2444
1052
1052
1052
1543
2445
1543
1001
12
12
1544
1506
732
1544
1544
1544
1545
1545
470
470
470
1545
1545
1545
468
12
12
15
15
15
2446
1546
505
505
12
12
732
470
507
1535
507
225
12
1547
252
470
499
2447
1548
12
12
1052
1052
12
12
642
715
1504
1504
135
503
1549
1550
748
12
732
1551
1001
12
12
1552
15
12
1504
1504
2448
730
1553
106
1504
1504
1504
1413
385
1554
1555
1555
1555
12
1556
2449
487
487
12
12
1001
1457
955
955
955
955
955
955
955
955
955
955
955
12
468
468
1557
12
12
12
2450
499
12
12
748
12
12
12
1558
1558
12
1559
1559
1559
1559
803
1546
1546
1546
1546
12
12
12
748
1543
45
1560
2451
1554
470
470
498
1001
135
1323
1561
1561
1561
827
1576
732
732
732
1443
1559
1559
1537
1060
1543
639
1543
1562
12
1406
12
12
15
1563
1416
737
737
1564
1548
1548
1448
174
1565
1543
1543
1543
1566
1566
296
296
1352
1412
1352
1352
1352
12
12
296
1852
1567
1567
1567
1519
1352
12
291
1853
1567
1567
291
12
1519
1567
291
356
1519
1519
71
291
1568
460
460
460
460
12
71
1568
1568
498
1519
1567
1519
1567
1567
1567
1028
470
498
498
498
1569
785
785
12
1570
1570
2452
1571
1571
1571
470
12
12
12
1572
729
729
729
12
1573
12
486
486
1574
1574
12
12
628
628
1573
1575
1575
1483
12
507
12
12
507
12
1576
15
15
15
12
12
1577
468
1578
12
12
56
1151
1464
1464
1464
1464
14
1031
1031
1031
155
565
1587
385
348
895
895
2453
214
1595
565
12
12
2454
1579
1580
749
12
12
786
1581
1582
1583
1584
1026
1585
1585
1591
1586
1585
847
894
1058
1587
1585
820
376
1587
1588
1056
1056
786
1589
1590
200
155
1591
1591
1592
1592
1593
847
1594
1595
820
820
385
214
214
1596
214
385
447
447
447
12
385
1597
1597
1598
1599
12
12
12
12
155
235
606
861
155
1148
12
2455
12
12
12
155
614
1004
12
1600
155
155
1058
602
953
913
12
12
44
900
921
921
921
1601
1459
162
1602
872
2456
262
1603
921
915
921
262
1492
12
1604
1604
2457
12
12
12
1605
159
1603
1603
1606
12
1603
212
1607
12
872
872
2458
1608
12
1609
1076
1076
1007
12
12
12
56
56
174
12
1610
1610
1610
1610
2459
1611
1611
1611
12
1611
495
495
495
1612
1612
1612
12
12
12
136
136
136
1177
1177
12
207
784
784
12
15
941
941
941
2460
1613
1613
1613
1266
570
570
1615
1613
1613
1266
1266
570
570
951
951
1303
12
12
1614
1614
1614
12
12
12
12
12
12
570
1615
570
1505
1505
1505
1501
1501
870
870
1232
1616
742
742
742
742
12
12
1617
1617
1618
1618
31
1619
980
980
1303
1083
1437
1437
748
233
735
233
233
1620
1620
1620
1620
1620
1620
1621
2461
1620
1620
1620
1620
1126
1126
1620
1622
1622
1438
12
1438
12
1126
12
12
1126
1620
2462
1126
12
1121
1126
1126
1438
1126
1438
12
1121
1121
1126
1126
1121
264
264
12
12
1623
447
447
447
447
12
1416
12
15
71
511
511
511
12
12
12
733
296
296
296
1623
738
641
1624
1624
486
486
486
737
12
72
1408
1626
12
1387
1625
1293
1647
1626
1626
1627
1628
1628
1628
1629
1629
1630
12
1631
486
486
207
844
844
844
12
599
600
715
1387
1387
1105
1105
15
227
1419
12
15
12
155
155
790
1210
1210
12
12
1422
737
737
2463
12
12
491
491
491
491
12
1844
1123
1123
1123
1123
1574
2464
296
130
12
111
53
877
877
877
877
603
226
427
12
12
876
876
876
876
876
12
582
582
582
12
257
1117
878
12
878
1476
878
878
12
589
12
12
12
12
12
1082
1082
1082
596
596
56
921
921
1632
1632
12
12
1103
617
1633
1634
1128
1635
1636
1460
1129
12
1128
12
226
12
281
12
1637
1637
12
1204
836
836
1128
1254
1638
1638
1638
2465
1638
1638
12
1478
663
663
663
1506
1506
1649
2466
1639
1639
1639
1640
1640
2467
2468
1640
507
1535
1535
2469
174
1641
2470
1642
1642
1643
1643
1580
1644
1645
1645
2471
1645
1646
1647
1647
1647
1648
1639
1639
1649
1642
1650
1650
756
1651
1652
1652
1652
7
7
1651
639
639
296
296
12
1651
1651
1651
1653
1653
1653
663
663
663
1535
1535
2472
1654
1654
2473
1654
1654
1654
1655
1655
1655
1656
304
317
317
317
317
701
701
701
701
701
701
701
701
701
701
701
1192
144
401
401
547
547
766
267
966
966
1601
1657
2474
262
1658
1211
1118
433
2475
1659
1659
1659
1659
821
772
772
772
772
127
1660
1660
127
1353
1353
321
321
321
321
2476
321
321
332
332
332
1661
1661
1661
1661
325
325
292
321
1662
270
997
997
997
997
975
975
975
975
218
218
181
2477
1672
1663
218
296
595
1664
595
287
1665
1666
294
534
1667
595
595
1385
337
337
337
1668
534
306
1669
93
71
71
71
1661
71
308
1670
1670
1671
1220
1220
1217
1217
1217
1219
1672
1219
1673
1674
1674
1674
1675
2478
305
305
305
325
1672
218
218
12
12
12
1676
1676
332
305
305
2479
305
305
1677
297
331
1678
1678
307
307
1679
1679
1679
287
287
2480
12
1680
1681
1681
71
975
975
12
1682
1683
1684
303
71
71
71
71
1685
71
287
2481
287
309
309
309
1686
1677
287
287
323
1686
1686
1686
1686
307
307
1687
1687
1687
1687
1687
305
452
452
71
1670
302
297
1678
1678
365
297
1688
1688
309
309
309
309
307
305
305
2482
1689
71
1690
181
532
532
232
1679
1691
1691
305
322
305
305
302
331
331
1678
1678
1678
305
1678
1678
331
1699
1678
1692
1692
331
1693
1693
1693
302
1698
1678
302
302
323
1694
1695
1695
1695
71
71
1153
316
1696
1693
1697
1692
1692
305
1692
1698
1692
1699
1692
1692
331
331
1692
1700
1700
1700
428
428
428
428
428
1670
12
365
365
1701
331
1702
1702
1702
1688
1688
304
1702
1196
81
71
71
71
71
1556
1556
2483
73
297
1703
71
83
710
710
710
292
292
432
432
335
335
1704
1704
1704
1704
1704
1704
1704
1704
307
339
71
74
72
71
1705
71
1706
1706
360
360
360
360
2484
71
1705
1705
1705
1653
1653
1669
1703
1669
309
300
300
12
12
12
1085
1707
1708
71
71
71
1707
332
2485
1709
1709
1710
1710
1258
1258
1258
536
536
339
12
1711
1711
1711
1712
1712
297
297
297
297
297
319
218
318
1713
1713
1714
1713
1713
1714
1714
297
297
297
297
65
65
2486
308
308
1656
1656
1210
12
12
1715
1715
12
12
12
574
1527
256
309
309
280
71
71
1716
274
274
274
1692
1692
12
718
1193
1193
1193
1679
1679
1679
296
296
1717
1717
1717
764
764
915
789
1718
2487
900
12
12
460
12
12
921
169
2488
1719
1719
12
12
921
570
1720
1720
1721
1721
935
559
1657
12
365
365
365
71
71
71
12
12
1607
1722
1722
1722
1722
1722
1385
1385
72
162
162
270
270
336
336
74
1723
1723
1723
2489
1723
2490
93
1724
1724
1433
285
285
463
1725
1725
1725
1725
1725
209
209
209
209
209
796
1726
1726
1726
348
348
12
307
12
1628
1727
12
46
268
1034
1034
1034
1040
1040
1403
1403
1403
1403
1730
1035
1611
1728
1728
1728
12
12
12
12
1729
1729
1730
1035
1035
1730
1730
1730
1730
1730
32
1730
1037
12
12
1037
1037
12
12
12
12
113
113
769
1382
1382
1382
1382
1382
2491
2492
1731
2493
1732
1732
2494
1733
1733
2495
1734
1734
769
769
1735
1735
1735
769
769
769
1732
1732
2496
1732
12
12
1732
1732
2497
1732
1732
1732
12
12
12
12
2498
1780
1736
1841
1737
1737
1738
2499
2500
12
1148
1148
1204
1433
1433
1433
1433
1433
1433
1433
1739
1739
1742
1739
1739
1739
1739
1740
1433
2501
1433
801
1433
1433
1740
1740
1433
1741
1741
1741
801
1742
2502
1741
1743
2503
2504
2505
1743
801
801
2506
801
2507
2508
1433
1744
1744
2509
985
1160
983
983
1745
1157
2510
1746
1746
1746
2511
1747
1747
12
12
1748
2512
1748
1746
1746
310
12
177
899
899
899
39
478
1749
1749
1749
1749
1500
1500
1500
1500
1749
1749
1749
1749
1749
584
584
2513
1750
2514
1750
2515
12
597
514
1751
1576
12
12
1576
268
268
1244
15
12
1574
1574
449
449
413
413
413
1596
803
803
12
104
602
602
431
431
431
431
174
2516
174
174
174
174
174
174
174
174
169
169
169
169
191
191
191
191
174
110
110
110
110
1752
1350
1371
1371
1359
2517
12
12
12
1753
1145
205
1754
12
205
205
1145
12
2518
1145
12
12
1145
12
1753
205
1145
12
1754
1754
1755
1756
1756
1757
1757
1757
1757
478
939
939
1754
1754
1145
1145
1145
1758
514
12
42
42
1195
1195
1759
1759
166
32
32
32
1760
1760
12
12
12
12
69
69
69
69
69
105
172
613
514
514
514
514
514
514
1761
1761
582
582
582
480
15
15
1762
1763
1763
1763
12
1312
1762
1764
1764
1762
12
1762
12
12
1346
1764
12
12
813
813
1329
1329
1762
1762
1762
1764
1762
1762
1264
12
1765
1765
1746
1766
1766
1427
8
8
1214
1214
12
12
12
12
1433
12
12
12
12
12
12
12
1767
1767
503
267
267
267
267
267
267
279
945
945
12
12
12
12
948
948
948
106
1387
1387
1387
1387
1387
1768
1768
1768
1769
1769
1769
1769
2519
1770
2520
1769
1769
1318
12
1318
12
12
12
12
1318
12
12
12
373
4
4
149
1582
1582
122
122
122
122
122
122
1143
1143
1143
1771
442
1352
1352
1772
1625
447
1773
1774
155
447
348
348
348
1775
1775
1775
1592
12
12
12
12
12
454
454
12
1776
1580
1580
1580
1580
1580
1580
1596
1777
1776
1589
1589
1589
1776
1776
1776
1776
1776
1776
155
155
155
565
565
565
565
565
1173
1586
1586
1586
1026
1026
1026
1026
1026
155
155
922
32
32
32
32
32
694
564
564
564
1778
1778
1778
1778
2521
1778
1779
1779
1779
1780
1433
1433
1781
935
349
1018
1018
1018
1386
416
416
1019
1019
1341
1341
56
1341
1782
1783
1341
1341
1341
1341
1341
1341
1341
1341
1341
1341
1341
12
12
435
1784
1784
1785
1786
474
1787
12
12
12
12
985
151
151
151
971
971
971
1175
1204
338
338
401
552
570
570
1788
1788
570
1615
570
570
570
570
570
570
570
1266
1266
1266
1266
1266
1266
559
570
1612
1612
1789
1789
1612
570
570
570
1788
1788
570
1790
570
1613
1612
1794
1791
1791
570
570
570
560
560
560
560
560
560
1239
570
570
559
570
12
570
570
81
1082
1792
12
12
1017
1017
589
589
589
155
72
72
12
12
1793
706
155
155
1794
1794
1794
1794
1175
1175
1191
1191
1191
1193
1193
12
1194
1191
1194
1191
12
12
12
763
763
763
1177
2522
2523
2524
1156
1795
12
12
12
12
12
1796
491
1797
1797
1797
454
454
454
1798
1798
1798
1802
1799
1803
1800
1798
1798
1798
1798
1801
1799
1802
1803
1195
1802
1802
1799
1804
1195
1195
1195
1798
1195
1802
1802
1802
1790
925
925
486
486
1628
1628
1628
1628
358
493
493
1586
182
500
500
500
498
498
1617
2525
1618
1618
1618
1618
796
15
15
2526
142
142
127
1244
1805
142
142
142
689
689
1806
1094
1094
1094
1079
1069
12
12
12
403
2527
296
2528
12
560
560
396
396
1307
972
972
535
535
535
989
707
707
145
985
985
12
12
1807
1807
986
986
986
1156
12
12
702
931
12
12
1808
1808
1808
570
12
1809
1809
986
12
12
977
977
977
977
12
972
972
933
933
933
1155
1155
960
960
960
986
983
983
983
983
983
985
985
985
985
985
125
125
856
172
172
973
973
12
12
145
12
959
960
960
986
983
983
983
1808
1808
986
1810
1810
1810
702
702
702
702
707
12
12
12
145
1811
1811
1811
1137
2529
1812
1812
12
12
12
12
959
69
986
694
694
12
12
12
12
12
12
986
986
986
986
986
986
986
986
986
985
699
12
12
12
12
12
12
900
900
255
255
255
255
255
1840
12
12
12
703
705
1490
695
1137
1813
1813
1139
1138
1814
1814
1139
1813
155
705
703
1122
639
639
1750
1750
1750
12
233
233
109
2
1815
1815
1815
2530
1816
1816
1817
1817
1818
1818
1819
1820
1820
232
169
169
169
784
589
687
517
1821
1821
516
1652
1822
1822
1822
1797
3
10
10
10
12
12
12
12
1823
12
23
23
23
23
12
12
1823
1823
1823
1823
1823
1823
1823
1823
12
62
62
1824
1824
1824
1824
1824
1824
155
2531
2532
1825
2533
2534
2535
2536
2537
1826
1827
1138
1138
1142
1142
1142
1142
1828
1828
1497
1497
133
1497
1829
1829
1829
1829
1829
1829
1134
495
495
1112
12
12
191
191
191
191
5
913
913
913
913
9
401
401
338
1651
1651
1651
1651
588
588
39
39
39
1722
507
507
507
507
507
507
507
507
1830
1830
507
507
507
411
411
411
5
12
12
12
12
12
12
12
1831
1831
1831
1831
1285
1832
1832
1832
1832
1832
1832
12
797
174
174
477
12
235
235
1833
1833
1833
2
2
1069
1761
142
142
142
921
582
1079
1079
1079
1079
582
836
1094
1094
1094
1070
1070
1070
1070
1070
1070
1094
12
1796
1796
1834
1263
2538
1263
1835
1835
1061
1061
1061
1391
1391
1836
491
1837
1838
1838
1839
491
491
491
491
1391
1391
1391
1391
1391
491
1392
1392
1392
1576
1576
1576
1576
1576
268
827
32
32
32
552
552
552
552
9
1840
1840
1840
1841
816
816
816
816
816
816
816
816
816
816
816
816
1842
816
816
819
819
819
819
819
819
819
817
817
88
12
12
12
12
12
2539
1843
1843
1843
1843
1844
1844
1844
1844
1844
1844
870
870
870
870
870
1210
1121
1121
1121
1121
1210
1210
1845
12
12
39
12
9
9
9
9
9
9
9
9
9
9
12
10
10
10
10
845
845
845
845
10
10
924
924
1242
1242
1242
924
1846
1846
1846
1846
1846
1847
1847
1847
1847
1061
1061
921
1459
1459
1459
1459
1459
1082
12
12
12
1707
1707
1707
12
1603
1025
1848
1848
1603
1603
1603
1603
1709
1709
1709
1848
1848
1848
1848
1546
1546
1546
133
133
629
2540
854
854
629
629
855
855
436
436
436
436
12
12
853
853
853
636
12
1849
1849
636
1849
1849
637
637
12
12
1850
1850
1850
1519
853
853
853
729
854
854
854
854
854
12
12
12
12
629
629
629
629
629
3
1264
1264
1264
1264
1264
12
12
12
1264
1264
1264
1851
1851
1851
2541
2542
136
884
536
69
69
69
413
413
413
12
12
864
864
864
864
864
864
864
32
1525
1525
1525
552
552
552
552
1525
1525
552
411
233
1586
1586
493
493
493
1004
1004
1004
1004
1567
1567
1567
1567
1567
1567
1852
1568
1852
1852
1852
1853
1853
1853
291
9
9
9
1854
1854
1855
234
1171
1171
1171
1171
1171
613
613
951
951
951
951
951
951
951
951
12
949
949
949
687
687
1335
12
1856
1856
1856
1856
1151
1151
1151
1494
12
12
727
727
727
