7907	7925
7907	7914
7906	7913
7906	7908
7906	7916
7906	7928
7906	7930
7906	7931
7924	7925
7924	7927
7924	7930
7907	7912
7912	7925
7912	7916
7912	7927
7912	7917
7907	7915
7907	7929
7909	7927
7909	7912
7910	7925
7910	7912
7908	7916
7926	7929
7926	7930
7926	7931
7913	7927
7913	7930
7916	7928
7927	7930
7917	7927
7915	7926
7915	7928
7915	7929
7915	7921
7915	7922
7911	7926
7911	7915
7911	7929
7911	7922
7909	7911
7909	7929
7908	7928
7918	7926
7918	7928
7918	7930
7919	7924
7919	7927
7919	7930
7930	7931
7920	7924
7920	7930
7921	7928
7922	7926
7922	7929
7923	7926
7923	7931
