2783	11908
2784	24046
2785	24047
2786	24049
2787	24050
2788	24051
2789	13411
2790	13413
2791	30695
2792	30698
2793	30753
2794	33328
2795	33311
2796	33312
2797	33313
2798	30716
2799	30719
2800	30721
2801	30734
2802	30746
2803	30757
2804	33325
2805	30707
2806	30693
2807	30713
2808	30744
2809	30694
2810	30725
2811	30756
2812	33315
2813	33316
2814	33318
2815	30699
2816	30700
2817	30708
2818	30714
2819	30697
2820	30702
2821	30727
2822	30731
2823	30738
2824	30705
2825	30711
2826	30726
2827	30728
2828	30732
2829	30733
2830	30750
2831	30704
2832	30752
2833	33327
2834	30741
2835	30709
2836	30739
2837	33317
2838	30712
2839	30715
2840	30755
2841	33321
2842	33336
2843	33337
2844	33338
2845	33339
2846	33340
2847	30717
2848	33307
2849	33326
2850	30718
2851	33330
2852	33341
2853	33342
2854	33343
2855	33344
2856	30736
2857	30720
2858	33314
2859	30724
2860	30748
2861	30723
2862	30747
2863	33319
2864	33320
2865	30743
2866	33324
2867	33345
2868	33346
2869	33347
2870	33348
2871	33349
2872	33350
2873	33351
2874	33352
2875	33353
2876	33354
2877	33331
2878	33332
2879	33355
2880	33356
