11908	24046
11908	24047
11908	24049
11908	24050
11908	24051
13411	13413
13411	30695
13411	30698
13411	30753
13413	30698
13413	33328
24046	24047
24046	24050
24046	33311
24046	33312
24046	33313
24047	24049
24047	30716
24047	30719
24047	30721
24047	30734
24047	30746
24047	30757
24047	33325
24050	30707
30693	30713
30693	30719
30693	30744
30693	30746
30694	30695
30694	30725
30694	30756
30694	30757
30694	33315
30694	33316
30694	33318
30695	30698
30695	30699
30695	30700
30695	30708
30695	30714
30697	30700
30697	30702
30697	30727
30697	30731
30698	30699
30698	30731
30698	30738
30699	30700
30699	30714
30700	30705
30700	30708
30700	30711
30700	30714
30700	30721
30700	30725
30700	30726
30700	30728
30700	30732
30702	30727
30702	30733
30702	30750
30704	30705
30704	30725
30704	30752
30704	33327
30705	30741
30709	30739
30709	33317
30712	30713
30712	30721
30713	30719
30713	30746
30715	30733
30715	30739
30715	30750
30715	30755
30715	30757
30715	33321
30715	33325
30715	33336
30715	33337
30715	33338
30715	33339
30715	33340
30716	30717
30716	30725
30716	30757
30716	33307
30717	30725
30717	33326
30718	33328
30718	33330
30718	33341
30718	33342
30718	33343
30718	33344
30719	30736
30719	30746
30720	30733
30720	33314
30721	30724
30721	30734
30721	30736
30721	30746
30721	30748
30723	30747
30725	30732
30725	30752
30725	30756
30725	30757
30725	33318
30725	33327
30727	30733
30731	30738
30733	30734
30733	30739
30733	30750
30733	33314
30733	33319
30733	33320
30733	33321
30734	30746
30734	30755
30734	33319
30734	33320
30736	30743
30736	30748
30739	30741
30739	30750
30739	33317
30739	33321
30739	33324
30741	30750
30741	33324
30747	30753
30750	33321
30750	33324
30752	33327
30755	30757
30756	30757
30756	33318
30757	33315
30757	33316
30757	33318
30757	33325
33311	33312
33311	33313
33312	33313
33315	33316
33319	33320
33325	33336
33325	33337
33325	33338
33325	33339
33325	33340
33328	33341
33328	33342
33328	33343
33328	33345
33328	33346
33328	33347
33328	33348
33328	33349
33328	33350
33328	33351
33328	33352
33328	33353
33328	33354
33330	33331
33330	33332
33336	33337
33336	33338
33336	33339
33336	33340
33337	33338
33337	33339
33337	33340
33338	33339
33338	33340
33339	33340
33341	33342
33341	33343
33342	33343
33349	33350
33349	33351
33349	33352
33349	33355
33349	33356
33350	33351
33350	33352
33350	33355
33350	33356
33351	33352
33353	33354
33355	33356
