227	479
228	10029
229	10030
230	10032
231	10035
232	10036
233	10037
234	10038
235	10042
236	10044
237	10046
238	10047
239	10050
240	10053
241	10054
242	10056
243	10062
244	10063
245	10064
246	10067
247	10068
248	10069
249	10070
250	10071
251	10078
252	10079
253	10084
254	10085
255	10086
256	10089
257	10094
258	10096
259	10099
260	10100
261	10102
262	10103
263	10104
264	10111
265	10114
266	10115
267	10119
268	10120
269	10122
270	10124
271	10125
272	10126
273	10130
274	10131
275	10132
276	10133
277	14977
278	14978
279	16152
280	16156
281	16157
282	16158
283	16159
284	17928
