479	10029
479	10030
479	10032
479	10035
479	10036
479	10037
479	10038
479	10042
479	10044
479	10046
479	10047
479	10050
479	10053
479	10054
479	10056
479	10062
479	10063
479	10064
479	10067
479	10068
479	10069
479	10070
479	10071
479	10078
479	10079
479	10084
479	10085
479	10086
479	10089
479	10094
479	10096
479	10099
479	10100
479	10102
479	10103
479	10104
479	10111
479	10114
479	10115
479	10119
479	10120
479	10122
479	10124
479	10125
479	10126
479	10130
479	10131
479	10132
479	10133
10032	14977
10032	14978
10062	10063
10062	16152
10067	10068
10070	10071
10102	16156
10102	16157
10102	16158
10102	16159
14977	14978
16156	16157
16156	16158
16157	16158
16159	17928
