226	476
227	10026
228	10027
229	10029
230	10032
231	10033
232	10034
233	10035
234	10039
235	10041
236	10043
237	10044
238	10047
239	10050
240	10051
241	10053
242	10059
243	10060
244	10061
245	10064
246	10065
247	10066
248	10067
249	10068
250	10075
251	10076
252	10081
253	10082
254	10083
255	10086
256	10091
257	10093
258	10096
259	10097
260	10099
261	10100
262	10101
263	10108
264	10111
265	10112
266	10116
267	10117
268	10119
269	10121
270	10122
271	10123
272	10127
273	10128
274	10129
275	10130
276	14974
277	14975
278	16149
279	16153
280	16154
281	16155
282	16156
283	17925
