1	274
2	17240
3	17241
4	17244
5	17249
6	17251
7	17254
8	17265
9	17266
10	17267
11	17271
12	17273
13	17274
14	17275
15	17276
16	17280
17	17284
18	17290
19	17296
20	17297
21	17298
22	17300
23	17301
24	17303
25	17308
26	17310
27	17317
28	17318
29	17322
30	17323
31	17325
32	17326
33	17331
34	17333
35	17334
36	17335
37	17338
38	17340
39	17342
40	17344
41	17345
42	17348
43	17349
44	17351
45	17352
46	17357
47	17364
48	17365
49	17366
50	17369
51	17372
52	17373
53	17374
54	17375
55	17376
56	17377
57	17378
58	17379
59	17383
60	17384
61	17385
62	17386
63	17388
64	17391
65	17393
66	17394
67	17396
68	17397
69	17398
70	17399
71	17400
72	17402
73	17404
74	17405
75	17409
76	17410
77	17411
78	17414
79	17416
80	17418
81	17419
82	17420
83	17422
84	17427
85	17428
86	17429
87	17440
88	17458
89	17463
90	17465
91	17467
92	17468
93	17469
94	17470
95	17471
96	17472
97	17474
98	17476
99	17480
100	17481
101	17482
102	17483
103	17484
104	17486
105	17488
106	17491
107	17492
108	17493
109	17494
110	17495
111	17500
112	17501
113	17503
114	17504
115	17508
116	17509
117	17511
118	17513
119	17514
120	17515
121	17516
122	17518
123	17521
124	17522
125	17523
126	17526
127	17534
128	17536
129	17539
130	17541
131	17544
132	17545
133	17546
134	17548
135	17549
136	17550
137	17552
138	17553
139	17554
140	17555
141	17557
142	17558
143	17559
144	17563
145	17564
146	17570
147	17572
148	17573
149	17574
150	17581
151	17584
152	17587
153	17588
154	17596
155	17599
156	17600
157	17601
158	17605
159	17607
160	17608
161	17609
162	17610
163	17612
164	17613
165	17616
166	17618
167	17621
168	17625
169	17627
170	17635
171	17642
172	17644
173	17645
174	17646
175	17647
176	17648
177	17653
178	17656
179	17658
180	17659
181	17662
182	17667
183	17677
184	17678
185	33108
186	33109
187	33110
188	33111
189	33112
190	33113
191	33114
192	33118
