274	17240
274	17241
274	17244
274	17249
274	17251
274	17254
274	17265
274	17266
274	17267
274	17271
274	17273
274	17274
274	17275
274	17276
274	17280
274	17284
274	17290
274	17296
274	17297
274	17298
274	17300
274	17301
274	17303
274	17308
274	17310
274	17317
274	17318
274	17322
274	17323
274	17325
274	17326
274	17331
274	17333
274	17334
274	17335
274	17338
274	17340
274	17342
274	17344
274	17345
274	17348
274	17349
274	17351
274	17352
274	17357
274	17364
274	17365
274	17366
274	17369
274	17372
274	17373
274	17374
274	17375
274	17376
274	17377
274	17378
274	17379
274	17383
274	17384
274	17385
274	17386
274	17388
274	17391
274	17393
274	17394
274	17396
274	17397
274	17398
274	17399
274	17400
274	17402
274	17404
274	17405
274	17409
274	17410
274	17411
274	17414
274	17416
274	17418
274	17419
274	17420
274	17422
274	17427
274	17428
274	17429
274	17440
274	17458
274	17463
274	17465
274	17467
274	17468
274	17469
274	17470
274	17471
274	17472
274	17474
274	17476
274	17480
274	17481
274	17482
274	17483
274	17484
274	17486
274	17488
274	17491
274	17492
274	17493
274	17494
274	17495
274	17500
274	17501
274	17503
274	17504
274	17508
274	17509
274	17511
274	17513
274	17514
274	17515
274	17516
274	17518
274	17521
274	17522
274	17523
274	17526
274	17534
274	17536
274	17539
274	17541
274	17544
274	17545
274	17546
274	17548
274	17549
274	17550
274	17552
274	17553
274	17554
274	17555
274	17557
274	17558
274	17559
274	17563
274	17564
274	17570
274	17572
274	17573
274	17574
274	17581
274	17584
274	17587
274	17588
274	17596
274	17599
274	17600
274	17601
274	17605
274	17607
274	17608
274	17609
274	17610
274	17612
274	17613
274	17616
274	17618
274	17621
274	17625
274	17627
274	17635
274	17642
274	17644
274	17645
274	17646
274	17647
274	17648
274	17653
274	17656
274	17658
274	17659
274	17662
274	17667
274	17677
274	17678
17244	17298
17244	17364
17244	17471
17273	17274
17273	17275
17274	17275
17280	17618
17298	17364
17298	17365
17298	17471
17338	17509
17348	33108
17348	33109
17348	33110
17348	33111
17348	33112
17348	33113
17364	17365
17364	17471
17369	17625
17375	17376
17375	17377
17376	17377
17397	17398
17397	17399
17398	17399
17404	33114
17468	17469
17503	17504
17513	33118
17544	17545
17544	17546
17545	17546
17548	17601
17554	17555
17607	17608
17644	17645
17646	17647
33108	33109
33108	33110
33109	33110
33109	33111
33109	33112
33109	33113
33111	33112
33111	33113
33112	33113
