0	229
1	2245
2	2260
3	2261
4	2262
5	2263
6	2266
7	2268
8	2269
9	2270
10	2271
11	2272
12	2274
13	2275
14	2276
15	2277
16	2278
17	2279
18	2281
19	2282
20	2283
21	2284
22	2286
23	2287
24	2289
25	2291
26	2292
27	2294
28	2295
29	2300
30	2301
31	2303
32	2305
33	2306
34	2307
35	2308
36	2309
37	2310
38	2311
39	2312
40	2313
41	2314
42	2315
43	2316
44	2319
45	2321
46	2322
47	2323
48	2324
49	2325
50	2326
51	2327
52	2328
53	2329
54	2330
55	2332
56	2334
57	2337
58	2338
59	2339
60	2341
61	2342
62	2344
63	2345
64	2346
65	2347
66	2348
67	2349
68	2350
69	2351
70	2353
71	2354
72	2356
73	2357
74	2358
75	2359
76	2360
77	2361
78	2362
79	2366
80	2370
81	26781
82	26782
83	26783
84	26790
85	26795
86	26796
87	26797
88	30069
