633	1433
634	17591
635	17592
636	17593
637	17594
638	17595
639	17598
640	17600
641	17610
642	17611
643	17612
644	17613
645	17614
646	17615
647	17616
648	17617
649	17618
650	17619
651	17620
652	17621
653	17622
654	17623
655	17624
656	17625
657	17626
658	17627
659	17631
660	17632
661	17633
662	17635
663	17636
664	17638
665	17639
666	17640
667	17644
668	17646
669	17649
670	17650
671	17654
672	17655
673	17656
674	17657
675	17658
676	17659
677	17664
678	17667
679	17670
680	17677
681	17680
682	17681
683	17688
684	17689
685	17699
686	17700
687	17701
688	17703
689	17704
690	17706
691	17710
692	17712
693	17714
694	17716
695	17717
696	17718
697	17726
698	17727
699	17729
700	17731
701	33521
702	33525
703	33526
704	33527
705	33528
706	33529
707	33538
708	33539
709	33540
710	33541
711	33542
712	33543
713	33544
714	33545
715	33546
716	33547
717	33548
718	33522
719	33523
720	33549
721	33562
722	33563
723	33564
724	33559
