226	3043
227	7747
228	10132
229	21949
230	24012
231	24031
232	25235
233	25776
234	25777
235	25778
236	25781
237	25782
238	25787
239	25791
240	25792
241	25793
242	25794
243	25797
244	25802
245	25808
246	25809
247	25810
248	25813
249	25814
250	25815
251	25816
252	25817
253	25818
254	25819
255	25821
256	25822
257	25823
258	25824
259	25828
260	25829
261	25832
262	25833
263	25834
264	25835
265	25836
266	25837
267	25838
268	25839
269	25840
270	25841
271	25842
272	25845
273	25846
274	25847
275	25848
276	10133
277	24030
