458	12405
458	12407
458	12409
458	12444
458	12446
458	12454
458	12457
458	12461
458	12471
458	12478
458	12491
458	12495
458	12499
458	12500
458	12504
458	12519
458	12528
458	12531
458	12539
458	12540
458	12545
458	12546
458	12550
458	12552
458	12560
458	12564
458	12566
458	12567
458	12576
458	12577
458	12591
458	12615
458	12616
458	12618
458	12624
458	12625
458	12627
458	12639
458	12647
458	12649
458	12654
458	12657
458	12661
458	12674
458	12675
458	12687
458	12695
458	12700
458	12701
458	12702
458	12704
458	12708
458	12715
458	12717
458	12719
458	12725
458	12726
458	12728
458	12734
458	12735
458	12737
458	12739
458	12748
458	12749
458	12751
458	12763
458	12764
458	12765
458	12778
458	12781
458	12783
458	12784
458	12785
458	12794
458	12796
458	12800
458	12801
458	12803
458	12807
458	12809
458	12810
458	12811
458	12813
458	12822
458	12828
458	12829
458	12832
458	12833
458	12839
458	12840
458	12849
458	12851
458	12852
458	12853
458	12857
458	12859
458	12860
458	12863
458	12868
458	12871
12639	12828
12701	12702
458	12405
458	12407
458	12409
458	12444
458	12446
458	12454
458	12457
458	12461
458	12471
458	12478
458	12491
458	12495
458	12499
458	12500
458	12504
458	12519
458	12528
458	12531
458	12539
458	12540
458	12545
458	12546
458	12550
458	12552
458	12560
458	12564
458	12566
458	12567
458	12576
458	12577
458	12591
458	12615
458	12616
458	12618
458	12624
458	12625
458	12627
458	12639
458	12647
458	12649
458	12654
458	12657
458	12661
458	12674
458	12675
458	12687
458	12695
458	12700
458	12701
458	12702
458	12704
458	12708
458	12715
458	12717
458	12719
458	12725
458	12726
458	12728
458	12734
458	12735
458	12737
458	12739
458	12748
458	12749
458	12751
458	12763
458	12764
458	12765
458	12778
458	12781
458	12783
458	12784
458	12785
458	12794
458	12796
458	12800
458	12801
458	12803
458	12807
458	12809
458	12810
458	12811
458	12813
458	12822
458	12828
458	12829
458	12832
458	12833
458	12839
458	12840
458	12849
458	12851
458	12852
458	12853
458	12857
458	12859
458	12860
458	12863
458	12868
458	12871
12639	12828
12701	12702
