1377	11435
1378	22716
1379	25378
1380	26141
1381	26146
1382	34847
1383	34848
1384	34849
1385	34850
1386	34851
1387	34852
1388	34853
1389	34854
1390	34855
1391	34856
1392	34857
1393	34859
1394	34860
1395	34861
1396	34862
1397	34863
1398	34864
1399	34865
1400	34866
1401	34867
1402	34868
1403	34869
1404	34870
1405	34871
1406	34872
1407	34873
1408	34874
1409	34875
1410	34876
1411	34877
1412	34878
1413	34879
1414	34880
1415	34881
1416	34882
1417	34883
1418	34884
1419	34885
1420	34886
1421	34887
1422	34888
1423	34889
1424	34890
1425	34891
1426	34892
1427	34893
1428	34894
1429	34895
1430	34896
1431	34897
1432	34898
1433	34899
1434	34900
