625	5709
626	13133
627	13155
628	13170
629	13202
630	13240
631	13264
632	13272
633	13402
634	13433
635	13475
636	13483
637	13499
638	13563
639	18901
640	19042
641	24809
642	30077
643	30078
644	30170
645	30171
646	30177
647	30178
648	30181
649	30183
650	30184
651	30185
652	30189
653	30192
654	30193
655	30195
656	30196
657	30198
658	30201
659	30203
660	30204
661	30205
662	30206
663	30207
664	30208
665	30212
666	30214
667	30217
668	30221
669	30222
670	30227
671	30229
672	30230
673	30231
674	30232
675	30233
676	30234
677	30235
678	30236
679	30237
680	30240
681	30241
682	30242
683	30248
684	30249
685	30250
686	30251
687	30252
688	30256
689	30257
690	30259
691	30260
692	30261
693	30263
694	30264
695	30265
696	30266
697	30267
698	30268
699	30269
700	30270
701	30271
702	30272
703	30273
704	30274
705	30275
706	30276
707	30277
708	30278
709	30279
710	30280
711	30281
712	30282
713	30284
714	30286
715	30287
716	30290
717	30291
718	30292
719	30293
720	30294
721	30295
722	30296
723	30299
724	30300
725	30305
726	30312
727	30313
728	30314
729	30318
730	30319
731	30320
732	30322
733	30323
734	30324
735	30325
736	30326
