5709	13133
5709	13155
5709	13170
5709	13202
5709	13240
5709	13264
5709	13272
5709	13402
5709	13433
5709	13475
5709	13483
5709	13499
5709	13563
5709	18901
5709	19042
5709	24809
5709	30077
5709	30078
5709	30170
5709	30171
5709	30177
5709	30178
5709	30181
5709	30183
5709	30184
5709	30185
5709	30189
5709	30192
5709	30193
5709	30195
5709	30196
5709	30198
5709	30201
5709	30203
5709	30204
5709	30205
5709	30206
5709	30207
5709	30208
5709	30212
5709	30214
5709	30217
5709	30221
5709	30222
5709	30227
5709	30229
5709	30230
5709	30231
5709	30232
5709	30233
5709	30234
5709	30235
5709	30236
5709	30237
5709	30240
5709	30241
5709	30242
5709	30248
5709	30249
5709	30250
5709	30251
5709	30252
5709	30256
5709	30257
5709	30259
5709	30260
5709	30261
5709	30263
5709	30264
5709	30265
5709	30266
5709	30267
5709	30268
5709	30269
5709	30270
5709	30271
5709	30272
5709	30273
5709	30274
5709	30275
5709	30276
5709	30277
5709	30278
5709	30279
5709	30280
5709	30281
5709	30282
5709	30284
5709	30286
5709	30287
5709	30290
5709	30291
5709	30292
5709	30293
5709	30294
5709	30295
5709	30296
5709	30299
5709	30300
5709	30305
5709	30312
5709	30313
5709	30314
5709	30318
5709	30319
5709	30320
5709	30322
5709	30323
5709	30324
5709	30325
5709	30326
13483	30263
18901	19042
18901	30077
18901	30078
19042	30077
19042	30078
30077	30078
30192	30193
30205	30206
30205	30207
30206	30207
30249	30250
30249	30251
30250	30251
30278	30279
