40	111
40	180
40	190
40	148
40	149
40	41
40	163
40	84
40	115
40	175
40	182
40	191
40	192
40	342
148	154
148	163
148	182
148	346
40	120
40	281
149	150
149	157
149	159
149	161
149	167
149	180
149	189
149	190
149	191
149	192
149	198
149	346
40	150
40	171
150	154
150	162
150	171
150	180
150	189
150	192
150	193
150	206
150	214
150	281
150	347
40	138
40	144
40	80
40	42
40	346
40	79
40	159
40	167
40	66
40	164
40	348
40	151
40	158
40	127
40	189
40	329
40	98
40	212
40	338
40	186
40	123
40	218
40	126
40	140
40	272
151	223
151	272
151	329
40	237
111	149
111	150
111	157
111	163
111	132
111	180
111	184
111	189
111	192
111	197
111	276
111	281
111	338
111	341
40	152
152	166
152	333
40	184
40	75
82	149
82	150
82	111
82	138
82	154
82	157
82	158
82	120
82	115
82	171
82	102
82	186
82	189
82	192
82	105
82	206
82	214
82	348
40	185
40	57
40	153
153	177
153	181
153	184
153	189
153	193
153	206
153	326
153	328
153	331
40	68
40	81
40	105
40	69
40	162
40	193
40	331
40	317
40	328
40	122
40	216
40	102
40	260
138	148
138	149
138	150
138	154
138	171
138	189
138	190
138	192
138	214
138	247
138	347
40	227
40	295
40	54
40	314
40	213
40	294
40	45
40	308
40	312
40	61
40	266
40	271
40	321
40	128
122	154
122	186
122	194
122	198
122	227
122	295
40	82
40	154
40	176
40	194
40	198
40	224
40	165
40	92
40	307
40	335
154	162
154	163
154	164
154	171
154	189
154	190
154	192
154	193
154	198
154	214
154	307
40	43
40	325
155	202
155	213
155	314
40	155
40	96
79	149
79	150
79	111
79	82
79	138
79	154
79	120
79	163
79	164
79	171
79	102
79	189
79	191
79	192
79	193
79	105
79	81
79	140
79	214
79	260
79	281
79	331
79	338
79	86
79	346
79	347
40	173
40	196
40	157
40	205
40	137
40	156
40	113
40	275
40	277
40	344
40	89
40	223
40	319
156	223
156	315
156	319
156	344
40	345
40	243
40	139
69	149
69	111
69	82
69	171
69	80
69	206
69	331
69	124
69	348
40	124
40	132
40	203
40	91
100	156
100	142
100	187
100	201
100	218
40	250
40	336
40	214
40	343
40	179
40	219
40	220
40	289
40	309
40	310
40	313
40	315
40	114
40	67
40	90
40	199
40	206
40	78
40	55
40	291
40	292
40	106
40	72
157	158
157	171
157	192
157	205
144	191
144	223
144	232
144	286
40	168
40	110
40	210
40	211
40	287
41	148
41	149
41	82
41	138
41	154
41	79
41	157
41	144
41	158
41	189
41	190
41	191
41	192
41	105
41	81
41	198
41	203
41	212
41	216
41	218
41	260
41	317
41	346
41	94
41	104
158	186
158	217
158	261
159	172
159	173
159	192
159	202
159	267
159	345
159	346
40	172
40	302
160	210
160	211
160	223
160	232
160	233
160	280
40	160
40	200
40	252
40	135
40	254
40	161
40	274
40	351
40	269
40	70
40	56
40	166
40	299
40	59
40	293
40	242
40	332
48	219
48	289
48	294
48	296
48	54
48	56
48	49
40	249
120	148
120	150
120	153
120	138
120	154
120	163
120	164
120	171
120	185
120	189
120	192
120	205
120	140
120	214
120	281
120	331
120	337
120	338
120	341
120	346
120	347
120	348
131	165
131	167
131	224
131	243
131	245
131	274
161	165
161	200
161	234
161	305
161	350
40	195
40	225
40	187
40	304
162	165
162	190
162	201
162	326
162	328
162	335
162	346
119	155
119	162
119	164
119	165
119	142
119	139
119	307
119	326
119	335
119	347
40	108
40	278
163	182
163	189
163	206
163	214
163	331
163	338
163	346
163	347
98	148
98	163
98	182
98	193
98	201
98	107
98	346
98	348
98	117
40	169
40	221
40	251
40	284
40	86
40	51
40	142
40	74
40	52
40	49
40	316
66	69
66	105
66	195
66	81
66	137
66	318
66	331
66	348
40	65
40	209
164	165
164	194
164	198
164	218
164	307
164	348
164	351
40	188
40	208
40	100
40	297
40	298
40	202
132	159
132	191
132	197
132	205
132	206
132	281
132	325
40	341
40	99
40	197
40	215
40	133
63	89
63	252
63	256
63	258
40	63
40	204
40	50
40	234
40	93
40	147
40	256
40	119
165	224
165	351
40	181
40	320
40	131
40	64
166	336
40	103
40	76
40	286
40	174
40	222
40	253
40	257
40	60
40	285
167	200
167	232
167	248
167	322
40	247
40	311
40	177
40	207
40	301
40	264
40	236
40	246
40	333
40	279
40	53
168	189
168	201
40	347
84	115
84	180
84	184
84	192
84	217
84	282
84	87
84	141
84	146
115	180
115	192
115	217
115	348
115	141
115	146
40	306
40	235
169	183
169	231
169	234
169	273
169	323
169	340
40	231
40	330
40	44
40	232
40	270
40	71
40	276
40	339
40	349
170	184
170	185
170	197
170	199
170	346
40	170
171	173
171	177
171	189
171	192
171	206
171	214
171	260
171	348
40	88
40	233
172	183
172	320
40	318
40	201
174	201
174	222
142	149
142	174
142	182
142	201
142	345
142	347
142	348
90	148
90	151
90	158
90	160
90	184
90	223
90	336
40	107
40	230
40	258
40	259
40	334
40	229
40	261
110	111
110	175
110	176
110	184
110	196
110	213
110	248
110	326
110	347
175	176
175	184
175	186
175	191
175	192
175	196
175	213
175	236
175	263
175	326
40	267
40	136
40	248
176	178
176	196
176	210
176	233
176	287
176	294
176	296
176	328
176	337
176	342
40	255
177	180
177	193
177	206
177	214
177	338
177	348
177	349
178	196
178	210
178	215
178	233
178	241
178	287
178	294
178	296
178	314
178	324
178	337
178	342
40	178
40	296
40	337
179	216
179	219
179	220
179	289
179	297
179	301
179	306
179	309
179	310
179	313
179	315
179	316
180	189
180	192
180	197
180	214
180	338
180	341
80	148
80	150
80	84
80	115
80	180
80	182
80	189
80	193
80	206
80	282
127	152
127	166
127	175
127	190
127	194
127	205
127	140
127	251
42	150
42	82
42	144
42	163
42	98
42	168
42	175
42	80
42	181
42	102
42	184
42	189
42	107
181	189
181	193
181	282
181	326
181	328
181	331
181	345
181	347
40	112
40	300
102	150
102	138
102	154
102	120
102	171
102	189
102	192
102	105
102	202
102	214
102	108
102	284
102	300
102	139
102	327
102	343
40	245
40	226
88	217
88	253
88	259
88	285
88	306
88	318
88	125
40	217
182	194
182	267
182	336
182	342
182	345
182	347
182	348
40	322
40	228
40	183
40	268
40	283
40	327
183	230
183	244
183	246
183	320
183	321
183	322
183	323
183	334
184	197
184	201
184	235
184	254
184	256
184	267
184	304
184	330
184	333
184	339
184	345
40	303
40	326
128	169
128	170
128	183
128	259
128	304
128	136
128	323
40	46
40	290
78	99
78	291
78	292
78	294
78	300
78	302
78	305
78	106
78	312
40	273
185	192
185	203
185	207
185	213
185	214
185	294
185	302
185	316
185	337
40	280
68	203
68	213
186	187
186	188
186	191
186	217
186	218
186	227
187	188
187	218
187	325
188	207
188	209
188	309
40	118
40	263
189	192
189	193
189	206
189	214
189	281
189	307
189	328
189	331
189	338
189	341
189	346
189	347
190	203
190	212
190	214
191	192
191	197
191	202
191	203
191	205
191	216
191	286
191	303
192	202
192	214
192	337
193	206
193	282
193	328
193	346
105	149
105	150
105	138
105	154
105	120
105	163
105	171
105	189
105	191
105	192
105	193
105	198
105	214
105	346
40	48
194	214
194	224
194	331
194	337
194	345
194	348
40	350
195	222
195	229
195	237
195	248
195	253
195	254
195	255
195	279
195	322
96	155
96	120
96	102
96	185
96	192
96	214
96	283
96	288
96	303
96	311
96	321
96	136
96	323
96	337
96	340
196	210
196	211
196	213
196	215
196	216
196	227
196	233
196	287
196	294
196	296
196	317
196	326
196	328
196	337
196	342
43	111
43	122
43	192
197	203
197	205
197	212
197	215
197	216
197	254
197	338
81	149
81	171
81	189
81	191
81	192
81	105
81	260
81	330
40	340
198	307
198	346
198	348
40	77
199	200
199	225
199	249
199	250
199	253
199	271
199	290
199	321
199	332
199	349
200	228
200	229
200	242
200	247
200	252
200	261
200	265
200	271
200	275
200	322
200	330
40	238
201	251
201	254
201	339
201	345
201	346
40	262
89	152
89	156
89	127
89	185
89	222
89	223
89	228
89	319
40	241
40	265
202	216
202	284
202	300
202	343
203	204
203	205
203	212
203	213
203	215
203	216
203	251
203	317
204	213
204	216
204	314
204	317
205	216
205	260
205	341
40	244
206	281
206	282
206	328
206	346
206	348
40	282
207	209
207	294
207	301
207	302
207	309
207	314
207	316
208	209
208	219
208	291
208	295
208	298
208	299
208	312
208	313
55	78
55	203
55	207
55	209
55	251
55	126
55	291
55	292
55	57
55	294
55	301
55	106
55	72
55	124
55	145
50	188
50	205
50	207
50	55
50	209
50	213
50	65
50	260
50	57
50	295
50	301
50	314
209	210
209	211
209	215
209	222
209	301
210	211
210	215
210	233
210	241
210	249
210	280
210	287
210	294
210	296
210	337
210	342
211	233
211	280
211	287
211	294
211	296
211	317
212	218
212	317
213	216
213	227
213	286
213	314
213	317
213	325
213	326
140	151
140	163
140	177
140	180
140	189
140	190
140	194
140	199
140	214
140	300
140	331
140	338
140	345
140	346
140	347
214	247
214	257
214	281
214	293
214	331
214	336
214	337
214	338
214	346
214	347
215	227
215	294
216	219
216	220
216	227
216	258
216	283
216	297
216	301
216	306
216	313
216	315
216	316
216	317
217	282
44	153
44	138
44	120
44	92
44	107
44	337
44	86
44	345
44	346
44	348
44	130
137	176
137	194
137	331
137	338
137	342
123	194
123	137
123	224
123	337
123	348
59	185
59	207
59	289
59	294
59	302
59	309
40	116
218	325
219	220
219	289
219	295
219	297
219	298
219	301
219	306
219	309
219	310
219	312
219	313
219	315
219	316
220	221
220	289
220	297
220	301
220	306
220	308
220	309
220	310
220	313
220	314
220	315
220	316
221	308
221	314
222	223
222	244
222	332
223	239
223	256
223	258
223	271
223	283
223	286
223	315
223	319
223	324
223	327
223	344
40	239
99	103
99	299
99	300
99	305
99	309
40	240
225	226
225	259
225	270
225	278
225	330
225	350
65	168
65	102
65	190
65	191
65	197
65	203
65	205
65	212
65	216
65	264
65	343
226	233
226	234
226	245
226	258
226	261
226	267
226	268
226	278
226	321
226	323
40	305
108	120
108	174
108	205
108	220
103	295
103	305
103	106
103	331
227	243
227	294
227	302
227	306
227	312
227	314
227	317
228	231
228	239
228	244
228	247
228	255
228	258
228	261
228	268
228	278
228	279
228	318
228	324
228	334
229	238
229	240
229	241
229	244
229	245
229	246
229	268
229	334
230	254
230	259
230	278
230	279
230	282
230	323
71	160
71	200
71	236
71	249
71	253
71	261
71	263
71	264
71	268
71	270
71	271
71	274
71	277
71	308
71	319
71	136
71	333
40	324
231	234
231	240
231	255
231	266
231	268
231	275
231	318
231	321
231	323
231	324
231	344
232	237
232	244
232	246
232	252
232	261
232	264
232	266
232	286
232	303
232	311
232	318
232	333
233	287
233	294
233	296
233	337
233	342
234	264
234	269
234	273
234	288
234	311
234	340
235	244
235	266
235	272
235	277
235	322
235	324
236	240
236	286
237	243
237	248
237	250
237	257
237	259
237	265
237	266
237	269
237	319
237	351
238	248
238	252
238	262
238	264
238	271
238	278
238	321
238	323
40	288
135	228
135	230
135	232
135	236
135	242
135	243
135	250
135	252
135	255
135	263
135	270
135	273
135	278
135	136
116	232
116	236
116	238
116	243
116	245
116	247
116	252
116	257
116	265
116	270
239	257
239	258
239	262
239	265
239	277
239	278
239	279
239	282
239	322
239	324
240	244
240	248
240	249
240	252
240	258
240	268
240	273
240	283
240	322
241	243
241	249
241	254
241	263
241	264
241	268
241	276
241	304
241	323
242	263
242	268
242	270
242	272
242	318
242	324
242	329
242	334
40	323
243	244
243	248
243	252
243	266
243	278
243	288
243	318
244	290
244	303
244	322
245	248
245	253
245	259
245	288
245	318
246	250
246	259
246	270
246	276
246	332
247	261
247	264
247	266
247	318
248	249
248	250
248	261
248	264
248	271
248	274
248	279
248	322
248	329
249	257
249	268
249	271
249	278
249	318
249	321
249	323
249	334
250	266
250	327
250	332
252	257
252	263
252	265
252	271
252	319
253	277
253	278
253	318
253	349
113	156
113	144
113	223
113	286
113	300
113	308
113	311
113	315
113	344
254	269
254	312
254	339
91	167
91	250
91	304
91	321
255	269
255	283
256	280
256	339
257	271
257	286
257	329
257	349
258	261
258	265
258	268
258	274
258	277
258	318
258	334
60	148
60	167
60	184
60	200
60	89
60	228
60	231
60	237
60	240
60	241
60	249
60	250
60	254
60	255
60	257
60	265
60	268
60	272
126	158
126	159
126	142
126	190
126	137
126	229
126	135
126	251
126	261
126	264
259	261
259	277
259	318
260	295
260	341
64	131
64	232
64	242
64	266
64	271
64	277
64	278
77	230
77	116
77	259
77	268
77	321
77	330
261	270
261	272
261	278
261	285
261	308
261	334
261	350
262	282
262	290
262	327
262	329
263	268
263	334
263	350
264	332
265	268
265	288
265	322
265	329
266	271
266	288
266	318
266	330
266	351
267	268
267	277
267	322
267	330
267	332
267	333
267	339
267	344
268	271
268	273
268	278
268	283
268	318
268	321
269	271
269	274
269	278
269	288
269	322
269	327
269	330
269	332
269	333
269	349
270	272
270	288
271	283
271	303
271	304
271	321
271	322
272	278
272	288
272	318
273	279
273	310
273	326
273	328
273	340
274	277
274	278
274	334
274	341
275	302
275	319
275	327
276	282
276	332
276	333
93	184
93	199
93	217
93	223
93	135
93	275
93	147
93	321
93	129
277	283
277	324
277	344
278	329
278	344
279	330
280	287
280	294
280	296
280	324
281	346
281	347
281	348
283	318
283	321
283	323
283	327
283	340
284	291
284	296
284	300
284	343
284	348
285	311
285	318
286	303
286	314
286	327
286	329
286	333
287	294
287	296
287	324
287	337
287	342
289	292
289	301
289	309
289	310
289	313
289	315
291	292
291	294
291	299
52	179
52	188
52	207
52	216
52	59
52	219
52	220
52	112
52	296
52	297
52	301
52	306
52	309
52	72
52	313
52	315
52	61
52	316
52	58
52	73
292	294
57	88
57	185
57	188
57	207
57	209
57	227
57	147
57	301
57	306
46	179
46	216
46	219
46	220
46	265
46	52
46	112
46	297
46	301
46	306
46	49
46	106
46	72
46	313
46	315
46	316
293	331
294	296
294	302
294	316
294	324
294	337
294	342
295	298
295	301
295	306
295	309
295	312
295	313
295	314
147	186
147	187
147	188
147	208
147	219
147	228
147	295
147	298
147	312
147	313
147	314
147	318
112	179
112	208
112	216
112	219
112	220
112	297
112	298
112	301
112	306
112	313
112	315
112	316
296	315
296	337
296	342
297	298
297	301
297	306
297	313
297	315
297	316
298	312
298	313
300	305
300	308
300	311
300	315
300	343
45	55
45	221
45	251
45	301
45	54
45	308
45	47
45	61
301	306
301	313
301	314
301	315
301	316
304	323
304	329
54	102
54	294
54	296
56	197
56	253
56	289
56	292
56	297
139	202
139	275
139	284
139	299
139	300
139	305
139	310
139	312
139	326
139	343
53	284
53	289
53	291
53	292
53	297
53	56
53	92
306	312
306	313
306	315
306	316
307	335
307	341
308	311
308	314
308	315
308	340
47	54
49	179
49	216
49	219
49	220
49	289
49	52
49	112
49	297
49	301
49	56
49	306
49	309
49	72
49	313
49	315
49	61
49	316
309	310
309	313
309	315
309	316
310	312
310	313
310	315
310	326
310	328
310	340
106	185
106	186
106	108
106	227
106	291
106	292
106	294
106	306
106	312
106	341
311	312
311	315
311	340
51	269
312	313
312	314
72	179
72	78
72	216
72	219
72	220
72	291
72	292
72	294
72	112
72	297
72	301
72	306
72	309
72	106
72	313
72	315
72	316
72	76
313	315
313	316
315	316
61	179
61	219
61	220
61	289
61	308
61	309
61	310
61	72
61	313
61	315
61	316
61	92
317	325
114	149
114	131
114	199
114	223
114	238
114	286
114	321
319	327
92	102
92	202
92	108
92	284
92	291
92	300
92	139
92	343
321	323
321	330
136	237
136	242
136	245
136	252
136	257
136	259
136	265
136	266
136	272
136	278
136	279
136	290
136	329
323	330
58	188
326	328
326	335
70	71
70	234
70	240
70	246
70	248
70	252
70	254
70	264
70	269
70	274
70	93
70	318
74	169
74	102
74	202
74	140
74	251
74	126
74	275
74	284
74	300
74	139
74	92
74	321
74	327
74	124
74	343
328	335
331	338
331	346
331	347
75	82
75	182
75	184
75	262
75	267
75	93
75	282
75	321
75	332
75	333
75	339
332	333
332	349
107	186
107	123
107	243
107	114
107	339
107	348
67	151
67	111
67	174
67	199
67	276
67	114
67	329
67	332
67	349
67	134
76	320
133	176
133	178
133	196
133	209
133	210
133	215
133	233
133	287
133	294
133	296
133	321
133	337
133	342
62	208
62	209
124	156
124	251
124	126
124	290
124	303
336	345
336	347
337	342
338	341
338	346
338	347
339	345
118	153
118	120
118	177
118	193
118	194
118	206
118	328
118	348
341	348
86	138
86	120
86	163
86	189
86	140
86	214
86	247
86	282
86	331
86	338
86	346
86	347
86	351
345	346
345	347
345	348
345	349
346	347
346	348
347	348
73	188
83	242
83	274
85	180
87	115
94	148
95	189
95	338
97	223
97	114
101	223
101	114
104	317
109	110
109	175
85	111
117	346
121	223
121	258
125	318
129	184
130	346
134	151
143	186
143	188
145	251
