655	688
655	751
655	691
655	934
655	845
655	705
655	672
655	770
655	750
655	763
655	775
655	911
655	869
655	956
655	676
655	759
655	720
655	838
655	864
655	695
655	772
655	698
655	1003
655	660
655	900
655	803
655	699
655	683
655	919
655	708
655	739
655	898
655	686
688	691
688	838
688	1022
688	774
688	1026
688	1031
688	894
688	758
688	786
688	823
688	785
688	694
688	689
655	1020
655	665
655	1021
655	1022
655	774
655	696
655	1052
1020	1042
1020	1089
1020	1090
665	688
665	774
665	696
665	1026
665	1028
665	749
665	803
665	742
665	726
665	703
665	740
665	919
665	773
665	1087
665	1097
665	779
665	735
665	736
676	688
676	691
676	838
676	774
676	737
676	703
676	919
676	896
676	684
676	793
676	735
676	736
676	805
676	830
655	678
655	1042
655	789
655	1058
655	773
655	1061
655	786
655	897
691	1020
691	838
691	705
691	774
691	803
691	978
691	857
691	871
691	750
691	694
655	1026
655	1027
655	1032
655	1051
655	950
655	1065
655	829
655	658
655	849
655	894
655	1077
655	656
655	965
1021	1029
1021	1030
1021	1041
1021	1057
1021	1068
1021	1070
1021	1084
1021	1099
655	910
655	669
655	823
655	954
838	1026
838	894
838	1038
838	919
838	864
838	950
838	1068
838	896
838	1071
655	752
655	1033
655	1047
655	986
655	854
655	1067
655	1069
655	694
655	781
655	657
655	679
655	712
655	1029
655	862
655	667
655	892
655	974
655	1059
655	972
655	1073
655	1074
655	1075
655	1076
655	1078
655	1079
655	1001
655	718
655	998
655	784
655	851
655	734
655	1045
655	855
655	835
655	1013
655	826
695	1021
695	934
695	1025
695	752
695	849
695	740
695	1034
695	734
695	854
695	1070
695	824
695	896
695	753
695	707
695	1091
695	1099
695	925
695	936
695	943
695	944
695	945
655	740
655	680
655	1060
655	896
655	1072
1022	1042
1022	1052
1022	1069
1022	1089
934	1025
934	954
934	1070
934	1093
934	1099
934	948
934	935
934	936
845	1022
845	1024
845	1034
845	1046
845	855
845	1065
845	897
845	1089
705	934
705	803
705	960
705	750
705	775
705	777
705	842
705	843
655	978
655	1091
655	1048
655	824
655	820
655	1087
655	1094
655	737
655	797
655	703
655	701
655	729
655	1049
655	890
655	912
655	903
655	755
655	1080
774	1025
774	1036
774	919
774	857
774	1058
774	1062
774	912
774	908
774	896
774	910
774	805
774	806
655	731
655	1025
655	753
696	774
696	1027
696	797
696	1029
696	870
696	1032
696	703
696	1003
696	837
696	828
696	1051
696	699
696	708
696	764
696	773
696	1060
696	912
696	903
696	814
696	1072
696	1073
696	1074
696	1081
696	1004
696	697
655	742
655	878
655	871
1023	1029
1023	1037
1023	1044
1023	1046
1023	1048
1023	1060
1023	1068
1023	1073
1023	1090
1023	1091
1023	1092
1023	1093
1023	1094
655	1023
655	1037
655	1038
655	828
655	1046
655	833
655	690
655	738
655	782
655	880
655	1088
655	1090
655	1093
655	1102
655	885
655	815
655	1034
655	664
655	668
655	1041
655	661
655	841
655	716
655	788
655	908
656	665
656	676
656	934
656	774
656	696
656	737
656	797
656	1030
656	849
656	717
656	726
656	703
656	701
656	1003
656	822
656	1041
656	725
656	724
656	1049
656	773
656	1060
656	716
656	755
656	941
656	1016
656	814
656	718
656	1082
656	719
656	721
656	815
656	1106
655	1024
655	870
655	837
655	1035
655	764
655	1068
655	1081
655	1004
655	868
655	1040
655	1043
655	1054
655	1055
655	1064
655	794
655	989
655	767
655	1031
655	952
655	1063
655	949
655	1071
655	723
655	941
655	1016
655	814
655	1082
655	1083
655	1106
655	1107
655	1112
679	862
679	1032
679	768
679	1037
679	868
679	748
679	890
679	1054
679	715
679	782
679	965
679	897
679	1102
679	831
655	893
655	1089
655	783
655	748
655	1066
655	765
655	795
655	881
655	793
655	959
655	819
655	758
655	778
655	704
655	762
655	785
655	1057
655	1086
655	780
655	741
1024	1034
1024	1037
1024	1038
1024	1041
1024	1042
1024	1048
1024	1050
1024	1070
731	1021
731	934
731	752
731	740
731	768
731	795
731	1044
731	885
731	854
731	1070
731	896
731	753
731	1012
731	1093
731	1099
731	907
655	749
655	1050
655	766
1025	1030
1025	1034
1025	1036
1025	1042
1025	1043
1025	1058
1025	1064
704	1031
704	1032
704	892
704	1038
704	919
704	764
704	765
704	826
704	785
704	1057
704	952
704	1060
704	1063
704	715
704	1065
704	965
704	829
704	900
704	949
704	780
657	688
657	665
657	691
657	774
657	749
657	1031
657	698
657	740
657	892
657	974
657	1060
657	903
657	972
657	750
657	1072
657	1075
657	1076
657	1004
657	1091
657	913
657	730
712	1024
712	1026
712	749
712	803
712	849
712	784
712	1031
712	1032
712	894
712	892
712	734
712	868
712	1042
712	823
712	1051
712	826
712	1057
712	713
712	714
712	788
712	1095
1026	1031
1026	1032
1026	1058
1026	1063
1026	1065
1026	1070
1026	1078
1026	1079
1026	1088
655	791
655	802
1027	1029
1027	1043
1027	1051
1027	1052
1027	1060
1027	1064
1027	1072
1027	1078
1027	1081
1027	1086
1027	1100
1028	1045
1028	1054
1028	1055
1028	1056
1028	1058
1028	1101
749	1028
749	803
749	1038
749	822
749	786
749	764
749	766
749	950
749	765
749	1054
749	785
749	1058
749	1059
749	954
749	760
749	1013
749	780
749	1087
749	1111
749	910
749	874
749	875
749	876
655	991
655	857
655	1070
655	1100
658	691
658	774
658	696
658	749
658	849
658	870
658	1003
658	837
658	894
658	669
658	851
658	1038
658	978
658	919
658	950
658	1055
658	785
658	903
658	1064
658	871
658	824
658	694
658	861
803	1020
803	862
803	870
803	823
803	897
803	1086
655	997
655	822
655	792
655	725
655	760
655	719
659	1084
659	1085
659	1097
659	747
659	1105
659	1106
659	745
659	987
659	1108
659	1113
659	799
659	800
659	1116
659	801
655	779
655	916
655	960
737	1021
737	934
737	797
737	752
737	740
737	822
737	1041
737	890
737	755
737	1012
737	1083
737	815
737	844
737	1096
737	1098
737	754
655	1095
655	1002
655	951
655	1117
655	1044
655	1062
655	1030
655	717
655	722
655	1101
797	934
797	1060
797	1016
797	1082
797	1083
1029	1032
1029	1037
1029	1038
1029	1060
1029	1068
1029	1071
1029	1072
1029	1078
1029	1091
1029	1101
655	808
655	1096
1030	1041
1030	1062
1030	1096
655	726
752	1021
752	1026
752	797
752	1034
752	854
752	1070
752	896
752	753
752	1093
752	1099
752	925
752	948
752	1014
849	1022
849	1025
849	1027
849	894
849	1042
849	974
849	1049
849	1052
849	919
849	1054
849	854
849	871
849	898
849	1083
655	768
655	984
655	721
655	662
655	727
655	1036
717	731
717	1025
717	737
717	797
717	740
717	822
717	727
717	724
717	1049
717	855
717	826
717	755
717	941
717	1016
717	814
717	1082
717	719
717	753
717	1012
717	815
717	907
717	946
784	1022
784	845
784	1029
784	849
784	894
784	851
784	855
784	1052
784	912
784	854
784	835
784	1075
784	1076
784	1078
784	1089
784	1090
784	788
784	1095
655	872
655	693
655	670
862	1031
862	1033
862	1036
862	1037
862	1039
862	893
862	863
655	1039
655	1084
655	1092
1031	1032
1031	1038
1031	1048
1031	1057
1031	1065
1031	1073
1031	1075
1031	1088
1031	1100
667	1020
667	1022
667	803
667	870
667	894
667	851
667	1043
667	978
667	857
667	908
667	715
667	878
667	898
667	824
667	681
667	1073
667	1074
667	1077
667	1078
667	1079
667	1100
667	910
667	798
667	843
870	1020
870	1023
870	1024
870	894
870	1037
870	878
870	881
870	965
870	880
870	873
870	886
1032	1038
1032	1051
1032	1060
1032	1063
1032	1065
1032	1073
1032	1074
1032	1078
1032	1079
1032	1092
742	1001
742	919
742	764
742	1055
742	871
742	1013
742	747
742	997
742	743
726	870
726	740
726	1080
726	1097
726	1098
726	989
726	1002
726	778
726	779
726	873
726	1104
726	1106
726	1108
726	1113
726	1115
726	999
726	1116
726	1118
703	737
703	797
703	1030
703	729
703	791
703	716
703	755
703	835
703	814
703	718
703	1080
703	1082
703	721
703	1012
703	1083
703	788
703	1097
655	873
698	1024
698	1026
698	1028
698	749
698	1032
698	894
698	740
698	892
698	1038
698	795
698	792
698	699
698	708
698	764
698	950
698	785
698	954
698	715
698	770
698	871
698	1013
698	949
698	730
698	741
701	731
701	1025
701	797
701	1030
701	752
701	703
701	725
701	755
701	941
701	854
701	794
701	719
701	721
701	1012
701	1099
701	757
701	1119
701	940
1003	1027
1003	1029
1003	1051
1003	1052
1003	1060
1003	1072
1003	1073
1003	1081
1003	1004
1003	1086
1003	1091
837	838
837	1027
837	849
837	870
837	1003
837	1042
837	1043
837	1049
837	1051
837	978
837	950
837	903
837	871
837	972
837	1068
837	1086
837	1087
837	910
837	906
837	1011
894	1022
894	1034
894	1042
894	960
894	954
894	1065
894	972
894	898
894	895
740	1021
740	934
740	774
740	1025
740	849
740	1032
740	1034
740	1042
740	823
740	766
740	950
740	765
740	760
740	941
1033	1034
1033	1040
1033	1044
1033	1047
1033	1066
892	1026
892	1029
892	1031
892	1032
892	1038
892	1039
892	1044
892	974
892	1051
892	950
892	1057
892	1058
892	1063
892	1065
892	1068
892	965
892	1073
892	1075
892	1078
892	1079
892	897
892	900
892	1090
669	1020
669	774
669	1028
669	849
669	1036
669	868
669	677
669	1042
669	841
669	1045
669	1054
669	1056
669	912
669	916
669	984
669	835
669	1068
669	782
669	1004
669	793
669	910
669	856
729	774
729	731
729	1025
729	1027
729	797
729	849
729	740
729	1036
729	868
729	822
729	1043
729	758
729	792
729	1064
729	755
729	941
729	854
729	808
729	896
729	1096
851	1020
851	1022
851	862
851	1031
851	1003
851	894
851	978
851	857
851	1059
851	854
851	1065
851	1067
851	898
851	1068
851	1073
851	1074
851	1077
851	897
851	1100
851	910
1034	1038
1034	1042
1034	1057
1034	1065
1034	1074
1034	1083
1034	1089
1034	1096
678	1020
678	934
678	1024
678	1025
678	1028
678	849
678	740
678	851
678	868
678	1041
678	1042
678	786
678	841
678	823
678	855
678	789
678	1058
678	773
678	986
678	854
678	1068
678	1101
655	1012
1035	1037
1035	1040
1035	1044
1035	1067
1035	1102
655	756
768	1028
768	828
768	885
768	1046
768	893
768	952
768	912
768	963
768	984
768	1066
768	1101
768	1102
768	1103
1036	1040
1036	1042
1036	1043
1036	1044
1036	1045
1036	1103
1037	1038
1037	1040
1037	1041
1037	1043
1037	1045
1037	1048
1037	1050
1037	1101
1037	1102
1038	1050
1038	1057
1038	1063
1038	1071
1038	1074
1038	1090
655	963
734	1022
734	934
734	1023
734	1024
734	1026
734	784
734	1032
734	740
734	1037
734	1038
734	1041
734	974
734	841
734	1050
734	978
734	864
734	1057
734	783
734	854
734	738
734	871
734	782
734	1070
734	1071
734	1079
734	753
734	1095
664	774
664	1025
664	849
664	1036
664	991
664	677
664	666
664	1044
664	670
664	959
664	841
664	708
664	789
664	1061
664	1062
664	912
664	1064
664	835
664	871
664	1089
664	873
664	958
664	961
664	971
655	715
655	1104
662	731
662	1030
662	1035
662	693
662	822
662	1041
662	795
662	758
662	727
662	670
662	663
662	890
662	986
662	719
662	1102
655	844
655	994
872	1035
872	1039
872	1046
872	1049
872	1067
872	881
872	1082
872	1101
872	1103
872	994
872	922
655	747
693	1028
693	1035
693	1036
693	1037
693	872
693	822
693	1041
693	795
693	758
693	727
693	984
693	794
693	1067
693	846
693	844
693	989
693	747
693	994
693	922
655	673
655	913
655	1111
868	894
868	872
868	1039
868	991
868	1046
868	893
868	1049
868	881
868	1080
868	1012
868	994
655	677
655	1103
991	1036
991	1056
991	1059
991	1062
991	1064
991	1094
991	994
655	987
655	846
1040	1043
1040	1044
1040	1045
1040	1054
1040	1064
1040	1067
1040	1080
1040	1102
1040	1103
677	1024
677	729
677	768
677	1036
677	1037
677	1040
677	822
677	1042
677	1043
677	727
677	792
677	1045
677	1046
677	1050
677	890
677	1064
677	835
677	965
677	844
677	910
677	821
668	1025
668	669
668	729
668	1036
668	734
668	868
668	1040
668	677
668	1043
668	959
668	792
668	791
668	1054
668	789
668	912
668	835
668	763
655	685
822	1021
822	1029
822	1030
822	1037
822	872
822	1040
822	828
822	1041
822	890
822	826
822	986
822	844
822	994
828	1023
828	1031
828	892
828	1035
828	868
828	1039
828	1040
828	1041
828	1044
828	885
828	1046
828	893
828	833
828	1016
828	829
828	1090
828	1091
828	1092
828	920
1041	1045
1041	1048
1041	1050
1041	1068
1041	1101
655	724
1042	1043
1042	1054
1042	1058
1042	1064
666	1036
666	991
666	677
666	1043
666	1044
666	959
666	885
666	1045
666	857
666	1055
666	762
666	826
666	1058
666	912
666	908
666	963
666	1016
666	1069
666	824
666	820
666	846
666	1094
666	1101
666	994
655	666
661	1025
661	712
661	1034
661	1036
661	664
661	991
661	668
661	1043
661	959
661	841
661	792
661	791
661	912
661	1094
661	1095
661	998
1043	1045
1043	1054
1043	1055
1043	1061
1043	1064
655	1056
655	1028
680	1021
680	731
680	1025
680	1030
680	752
680	703
680	701
680	729
680	1034
680	1056
680	1061
680	1064
680	753
680	1096
680	685
680	1099
680	732
680	790
748	862
748	828
748	795
748	893
748	890
748	783
748	1066
748	794
748	881
748	989
748	787
748	832
748	920
748	985
795	862
795	1033
795	872
795	1039
795	828
795	1044
795	1016
795	852
795	853
1044	1045
1044	1067
1044	1069
655	1053
758	872
758	868
758	822
758	795
758	1046
758	857
758	1062
758	986
758	794
758	1016
758	814
758	824
758	1082
758	844
758	1084
758	793
758	994
758	813
727	1021
727	1030
727	1035
727	768
727	1036
727	1040
727	822
727	828
727	1041
727	795
727	1044
727	758
727	835
727	844
727	989
727	873
727	1111
786	892
786	1037
786	974
786	1048
786	1058
786	1060
786	972
786	1068
786	1076
786	829
786	1088
786	1090
786	1101
670	1023
670	862
670	678
670	1036
670	872
670	693
670	868
670	1040
670	677
670	828
670	1042
670	748
670	758
670	959
670	1045
670	723
670	986
670	835
670	1016
670	1067
670	808
670	1069
670	989
670	747
670	994
670	787
670	847
670	924
959	1022
959	1025
959	1036
959	991
959	1043
959	1044
959	1049
959	1056
959	1061
959	1062
959	1064
959	1095
959	1096
959	961
959	971
974	1023
974	1038
974	991
974	1050
974	1057
974	1059
974	1060
974	1062
974	1072
974	1073
974	1074
974	1075
974	1076
974	1077
974	1078
974	1079
974	1004
974	1090
974	987
974	1112
885	894
885	1038
885	1040
885	1050
885	952
885	963
885	984
885	1090
885	998
885	1102
885	888
885	953
885	957
841	1020
841	1022
841	1024
841	849
841	1033
841	851
841	1034
841	959
841	855
841	1054
841	954
841	1096
841	998
792	1024
792	1025
792	1027
792	1034
792	1037
792	1040
792	822
792	1043
792	1050
792	1061
792	912
792	986
792	1064
792	835
792	820
792	965
792	1077
792	1096
792	1100
792	910
792	834
1045	1054
1045	1055
1045	1059
1045	1094
1045	1103
1045	1111
1045	1112
655	1099
655	925
1046	1047
1046	1068
1046	1081
1046	1092
1046	1102
655	1014
655	990
1001	1077
1001	1085
1001	1098
1001	1002
1001	1104
1001	1106
1001	1108
1001	1109
1001	1111
1001	1112
1001	1114
1001	1118
893	1031
893	1050
893	984
893	1066
893	1102
725	1030
725	729
725	1053
725	755
725	941
725	756
1047	1069
1047	1087
1047	1093
724	725
724	890
724	1053
724	941
724	1012
724	946
1048	1063
1048	1068
1048	1070
1048	1071
1048	1087
1048	1088
1048	1096
1048	1100
723	774
723	797
723	729
723	851
723	758
723	885
723	984
723	986
723	755
723	794
723	1016
723	1067
723	1069
723	814
723	1082
723	1083
723	815
723	1084
723	1103
1049	1082
1049	1083
1050	1101
1050	1102
1050	1114
823	845
823	862
823	894
823	1033
823	1052
823	950
823	960
823	954
823	897
823	1081
823	1087
823	865
823	866
823	867
1051	1072
1051	1081
1051	1086
663	727
833	1023
833	1036
833	1037
833	872
833	1044
833	974
833	1046
833	1047
833	1048
833	854
833	1067
833	1080
833	1092
833	1094
833	987
833	1109
890	1030
890	1041
890	1069
890	1012
890	1103
890	1111
890	1112
890	985
890	993
791	1025
791	792
791	1056
791	1061
791	1064
791	814
699	837
699	751
699	919
699	770
699	898
699	1013
699	1004
699	1094
699	850
978	1022
978	1064
978	979
978	980
683	696
683	704
683	1027
683	803
683	1029
683	1032
683	742
683	1003
683	837
683	892
683	1051
683	919
683	708
683	857
683	764
683	903
683	1081
683	1086
683	969
683	1018
855	857
855	1065
855	900
855	1088
855	1089
855	1093
855	1095
1052	1060
1052	1081
1052	1086
1052	1091
751	1022
751	845
751	851
751	855
751	857
751	770
751	897
751	859
751	860
751	861
919	1027
919	1003
919	1042
919	1051
919	1052
919	1072
919	1081
919	1004
919	1086
672	712
672	1027
672	803
672	849
672	1003
672	823
672	1051
672	683
672	919
672	708
672	764
672	773
672	898
672	1081
672	1095
672	901
708	774
708	1027
708	1028
708	749
708	849
708	742
708	1003
708	837
708	1051
708	919
708	773
708	903
708	871
708	898
708	1081
708	1086
708	904
708	1018
857	1101
857	1102
857	1103
857	1112
857	858
857	859
739	966
864	1024
864	1038
864	1042
864	1071
864	968
764	1026
764	1027
764	1031
764	1032
764	837
764	894
764	892
764	1038
764	991
764	959
764	766
764	950
764	765
764	1055
764	826
764	785
764	952
764	1060
764	960
764	1062
764	912
764	1063
764	916
764	819
764	954
764	1065
764	949
764	780
764	1087
764	1090
764	895
764	906
764	1011
766	894
766	1045
766	1001
766	823
766	1058
766	1059
766	960
766	1062
766	912
766	916
766	819
766	954
766	949
766	866
766	1017
950	1026
950	1031
950	1032
950	1045
950	1054
950	1057
950	1058
950	954
950	1065
950	965
950	1087
950	955
765	1021
765	774
765	1026
765	1028
765	1031
765	1032
765	892
765	1038
765	991
765	786
765	1045
765	766
765	950
765	826
765	785
765	1057
765	1058
765	952
765	912
765	963
765	819
765	802
765	1065
765	1066
765	949
765	942
1054	1055
1054	1058
1054	1077
1054	1087
1054	1100
1054	1101
1055	1059
1055	1094
1055	1101
762	892
762	1038
762	766
762	765
762	1058
762	1059
762	952
762	960
762	1062
762	1063
762	916
762	954
762	1065
762	897
762	949
762	1094
826	934
826	1026
826	1029
826	1031
826	892
826	1034
826	1037
826	959
826	841
826	1049
826	1057
826	952
826	954
826	986
826	1065
826	1068
826	896
826	829
826	949
826	1088
826	1096
826	1111
826	923
826	982
1056	1061
1056	1064
1056	1100
789	1025
789	1036
789	1040
789	1042
789	959
789	791
789	1056
789	1058
789	1061
789	912
789	1064
789	835
655	955
785	1026
785	1031
785	1032
785	837
785	892
785	1038
785	1045
785	950
785	1055
785	1057
785	1058
785	1063
785	954
785	1087
785	1088
785	788
1057	1063
1057	1079
1057	1090
1058	1061
1058	1065
1058	1068
1058	1087
773	774
773	1027
773	1029
773	849
773	1003
773	837
773	1036
773	974
773	792
773	1049
773	978
773	1052
773	1060
773	908
773	903
773	802
773	871
773	972
773	898
773	1077
773	1078
773	1100
773	910
773	804
1059	1060
1059	1062
1059	1068
1059	1072
1059	1073
1059	1077
1059	1100
952	1032
952	1037
952	1038
952	963
952	1063
952	954
952	1090
952	1096
952	1101
952	953
952	957
952	962
952	964
1060	1068
1060	1072
1060	1078
1060	1081
1060	1086
1060	1091
1060	1100
1061	1064
1061	1100
960	1055
960	1056
960	1057
960	1059
960	1062
960	1066
960	1094
960	1100
960	966
960	967
1062	1073
1062	1074
1062	1077
1062	1094
912	1028
912	959
912	1056
912	1059
912	960
912	1062
912	916
912	1073
912	1074
912	1094
912	1107
912	915
908	1055
908	1059
908	1062
908	912
908	916
908	1073
908	1074
908	910
963	1038
963	1066
963	1096
963	1101
963	1102
963	964
1063	1065
1063	1079
1063	1088
1063	1090
916	1054
916	1055
916	1059
916	1062
916	1077
783	1029
783	892
783	1038
783	786
783	974
783	950
783	1057
783	1065
783	972
783	1068
783	1076
783	1079
783	829
783	1088
783	1090
783	975
819	1026
819	1028
819	1033
819	1034
819	959
819	841
819	1048
819	826
819	1057
819	952
819	960
819	954
819	820
819	880
819	1083
819	900
819	1088
819	1089
819	1096
819	1100
819	917
903	1027
903	1029
903	1003
903	1051
903	1052
903	1060
903	1072
903	1081
903	1004
903	1086
903	1091
903	904
655	659
655	1105
716	737
716	797
716	717
716	795
716	758
716	792
716	723
716	1049
716	890
716	984
716	755
716	941
716	1066
716	1016
716	1082
716	719
716	721
716	1012
716	1083
716	844
716	756
716	1084
716	722
716	998
716	1103
716	745
954	1038
954	1043
954	960
954	1087
954	1096
984	1030
984	1039
984	1016
984	1102
984	1103
715	1028
715	749
715	837
715	894
715	892
715	1038
715	764
715	950
715	765
715	762
715	908
715	1063
715	760
715	1087
715	741
760	1028
760	1032
760	894
760	764
760	766
760	950
760	765
760	762
760	785
760	1057
760	963
760	954
760	1066
760	1087
760	1101
802	1027
802	1031
802	892
802	1038
802	828
802	1057
802	1060
802	972
802	824
802	829
802	897
802	1096
802	905
986	1023
986	1025
986	1037
986	1042
986	1044
986	1046
986	1067
986	1068
986	1082
1064	1100
755	1025
755	797
755	758
755	1049
755	908
755	1016
755	814
755	1082
755	1083
755	815
755	1084
755	788
755	998
941	1025
941	1082
941	1012
941	998
655	948
854	1021
854	1022
854	934
854	1025
854	894
854	1047
854	1068
854	1070
854	896
854	880
854	1099
1065	1079
1065	1087
1065	1100
770	1020
770	1026
770	849
770	1042
770	919
770	857
770	1065
770	898
770	780
770	816
770	1005
770	1006
770	1007
770	1008
770	1009
770	1010
655	1085
655	745
835	1022
835	849
835	868
835	1042
835	1043
835	959
835	841
835	855
835	1054
690	1024
690	797
690	870
690	1038
690	893
690	878
690	965
690	880
690	873
690	884
690	886
655	1114
794	872
794	868
794	1039
794	893
794	1050
794	857
794	984
794	1084
794	989
794	1103
794	1106
794	994
738	1021
738	1022
738	1023
738	784
738	1034
738	841
738	855
738	1057
738	819
738	808
738	1068
738	1089
738	1093
738	788
738	1095
1016	1049
1016	1082
1016	1083
878	1046
878	1066
878	897
878	880
878	882
878	883
878	884
878	887
871	1022
871	950
871	1066
871	1016
871	878
871	910
871	882
871	883
871	976
871	977
871	979
972	1027
972	1029
972	974
972	1060
972	1068
972	1072
972	1073
972	1075
972	1076
972	1078
972	1081
972	1004
972	1090
972	1091
972	1093
671	1022
671	784
671	808
1067	1069
1067	1084
1067	1103
660	1020
660	1022
660	845
660	1024
660	784
660	669
660	868
660	1042
660	855
660	826
660	819
660	954
660	802
660	854
660	738
660	1016
660	820
660	897
660	706
660	1089
660	713
655	1098
808	845
808	1027
808	1028
808	851
808	1034
808	1036
808	868
808	1043
808	959
808	1054
808	826
808	986
808	835
808	1067
808	1070
808	846
808	1014
808	1102
808	1103
808	1112
808	994
808	809
808	810
808	811
808	812
808	840
898	1022
898	1027
898	1003
898	1052
898	919
898	1060
898	903
898	1081
898	1086
898	899
1068	1069
1068	1070
1068	1071
1068	1078
1068	1081
1068	1087
1068	1088
1068	1093
1068	1100
673	1046
673	1102
673	810
673	811
674	734
674	1070
675	1022
675	784
1069	1084
1069	1112
814	1034
814	872
814	1042
814	1049
814	1082
814	1083
814	815
782	892
782	786
782	974
782	1050
782	820
782	965
782	1090
782	1101
782	1102
1070	1071
1070	1088
1070	1091
1070	1093
824	934
824	1023
824	1028
824	851
824	1036
824	1037
824	872
824	868
824	991
824	959
824	833
824	826
824	1061
824	1064
824	1065
824	1077
824	829
824	1087
824	1088
824	1094
824	1100
824	994
824	918
896	1021
896	934
896	1034
896	1042
896	1070
896	1096
896	1099
896	925
896	948
896	945
820	1030
820	894
820	822
820	1042
820	841
820	1048
820	826
820	1058
820	952
820	963
820	954
820	824
820	1094
820	1096
820	1100
820	825
820	827
820	877
820	918
655	1109
681	851
750	838
750	774
750	786
750	857
750	916
750	1078
750	780
750	816
750	914
750	1019
772	944
772	995
881	1033
881	1037
881	885
881	1050
881	1066
881	965
881	1111
881	980
881	981
965	1024
965	1026
965	1027
965	1029
965	1031
965	1032
965	1037
965	1048
965	1050
965	1063
965	986
965	1065
965	1070
965	1071
965	1087
965	1100
1071	1073
1071	1074
1071	1075
1071	1078
682	1024
682	1037
682	965
655	1097
655	1115
655	1118
1072	1073
1072	1074
1072	1075
1072	1076
1072	1078
1072	1091
684	911
694	838
694	774
694	750
694	897
694	1087
694	914
694	1019
687	803
687	900
1073	1074
1073	1075
1073	1076
1073	1077
1073	1078
1073	1079
1074	1075
1074	1076
1074	1078
1074	1079
1075	1076
1075	1078
1075	1079
1076	1078
1076	1079
1076	1090
1076	1091
1077	1100
1077	1114
1078	1079
1078	1088
1078	1090
1078	1091
1079	1090
1013	1024
1013	1026
829	1031
829	1037
829	1038
829	872
829	959
829	974
829	1048
829	1063
829	954
829	1065
829	835
829	1088
829	1095
829	1096
689	1026
897	934
897	1031
897	1038
897	978
897	919
897	898
897	900
897	905
718	774
718	737
718	797
718	726
718	1034
718	822
718	725
718	723
718	1049
718	802
718	755
718	1016
718	881
718	719
718	721
718	1083
718	815
718	998
718	925
718	948
1080	1092
1080	1097
1080	1104
1080	1106
1080	1107
1080	1109
692	857
692	705
759	935
759	943
759	969
759	970
1081	1086
1081	1091
1004	1027
1004	1029
1004	1051
1004	1060
1004	1072
1004	1075
1004	1076
1004	1078
1004	1081
1004	1086
1004	1091
697	1027
697	1051
880	1023
880	1037
880	885
880	893
880	1066
880	881
1082	1083
1082	1084
719	1030
719	729
719	822
719	725
719	724
719	723
719	1049
719	755
719	941
719	1082
719	940
721	737
721	797
721	768
721	758
721	725
721	984
721	755
721	1016
721	814
721	1083
721	722
721	754
700	725
700	718
846	1028
846	890
846	1067
846	1069
846	1103
753	1021
753	1022
753	934
753	1026
753	797
753	1034
753	868
753	792
753	854
753	1070
753	896
753	897
753	1012
753	1096
753	1099
753	925
753	948
753	1014
753	850
753	937
753	938
753	939
1012	1021
1012	1030
702	726
702	719
702	778
815	1049
815	984
815	1016
815	1082
815	1083
844	1021
844	1030
844	872
844	1041
844	1044
844	881
844	846
844	1103
844	1111
844	1112
844	994
844	992
756	1082
756	1012
756	757
756	860
1084	1105
1084	1106
1084	1113
1084	1116
1085	1097
1085	1098
1085	1107
1085	1110
900	1031
900	1032
900	1034
900	1038
900	1089
949	1033
949	950
949	1055
949	1058
949	1059
949	952
949	960
949	1062
949	963
949	1065
949	1016
949	1094
949	1100
949	1101
780	1026
780	1038
780	1048
780	785
780	1057
780	1063
780	1065
780	1068
780	1074
780	949
780	1087
780	1088
780	1090
1087	1088
1087	1093
1087	1100
1088	1093
1088	1100
655	926
706	900
707	759
1089	1093
1089	1095
1090	1102
1091	1093
655	1108
1092	1098
1092	1104
1092	1109
781	1023
781	1033
781	892
781	786
781	974
781	1047
781	833
781	783
781	972
781	1068
781	880
781	1087
781	1090
781	1093
781	869
1093	1095
709	1023
709	1046
710	1023
710	828
711	1023
711	1046
714	870
788	1022
788	1034
788	959
788	841
788	855
788	819
788	954
788	1065
788	1068
788	900
788	949
788	1089
788	1091
788	1093
788	1095
788	921
1096	1100
722	872
722	725
722	723
722	984
722	755
722	1082
722	815
722	1084
722	949
722	998
722	793
722	1101
998	1021
998	1030
998	1034
998	1083
998	1084
1097	1104
1097	1107
1097	1108
1097	1109
1097	1113
1097	1114
1097	1115
655	999
1098	1104
1098	1108
1098	1109
1098	1110
1098	1111
1098	1114
655	1119
655	1015
989	1033
989	1085
989	1092
989	1002
989	990
1002	1080
1002	1085
1002	1097
1002	1098
655	1113
655	1116
778	870
778	1001
778	1080
778	1085
778	1097
778	1098
778	989
778	1002
778	779
778	1104
778	1105
778	990
778	1109
778	1110
778	1113
778	1114
778	1116
778	1117
778	988
779	1001
779	898
779	1085
779	1092
779	1097
779	1098
779	989
779	1002
779	1104
779	951
779	987
779	1109
779	1110
779	1115
779	999
779	1117
779	1118
728	766
728	755
763	991
763	1066
763	1012
763	949
763	847
793	862
793	1033
793	795
793	794
793	878
793	881
793	897
793	880
793	1106
793	852
793	853
793	863
913	1040
913	922
730	740
873	878
873	881
873	880
873	887
775	1021
775	948
685	1021
685	695
685	731
685	1026
685	752
685	740
685	1034
685	738
685	896
685	753
685	775
685	925
685	948
685	776
685	938
925	1021
925	1034
925	1096
925	1099
925	948
925	1014
948	1021
948	1034
948	1070
948	1093
948	1099
1014	1021
732	1021
733	1021
733	896
741	1028
741	749
741	894
741	1038
741	885
741	823
741	857
741	764
741	766
741	950
741	765
741	1055
741	1057
741	952
741	963
741	954
741	760
741	949
741	874
741	875
741	891
655	1110
655	1000
1102	1103
1103	1112
1104	1109
1104	1110
1104	1111
1104	1114
1104	1115
1104	1117
1104	1118
747	1033
747	1035
747	1036
747	872
747	794
747	1069
747	1080
747	1085
747	1092
747	1097
747	989
747	1002
747	1106
747	1107
747	990
1105	1106
1105	1108
1105	1113
1105	1116
767	1022
767	1043
767	1084
767	949
767	1089
767	998
911	970
911	981
869	1072
869	1073
869	1074
869	1075
869	995
686	784
686	1033
686	734
686	841
686	855
686	819
686	808
686	880
686	900
686	1089
686	1093
686	788
686	1095
997	1045
997	1080
997	1097
997	1098
997	1107
997	1114
743	1001
1106	1107
1106	1108
1106	1111
1106	1112
1106	1113
1106	1116
951	1001
951	1050
951	1080
951	1085
951	1092
951	1097
951	1098
951	989
951	1002
951	1104
951	997
951	1107
951	987
951	1108
951	1109
951	1110
951	1111
951	1114
951	999
951	1117
951	1118
951	983
745	1080
745	1084
745	1092
745	1097
745	1098
745	989
745	778
745	1105
745	1106
745	951
745	1107
745	990
745	987
745	1108
745	1111
745	1113
745	1116
744	1104
744	1117
744	1118
744	747
1107	1111
1107	1112
990	1035
990	1080
990	1092
990	1098
990	1002
990	997
990	1106
990	1114
746	828
746	833
987	1035
987	1045
987	1001
987	1085
987	1092
987	1098
987	1102
987	997
987	1107
987	990
987	994
987	1114
1108	1110
1108	1113
1108	1114
1108	1116
1109	1110
1109	1113
1109	1114
1109	1115
1109	1117
1109	1118
1110	1113
1110	1115
1110	1116
1110	1117
1110	1118
1111	1112
910	1028
910	1030
910	1001
910	1054
910	1062
910	1077
910	1085
910	1097
910	1100
910	1114
754	755
994	1035
994	1044
994	1045
994	1067
994	1102
994	1103
994	1107
994	1112
761	768
761	963
769	826
769	829
771	820
771	1096
776	934
776	956
1113	1116
777	803
1114	1117
1115	1117
1115	1118
999	1080
999	1097
999	1098
999	1002
999	1104
999	1108
999	1109
999	1113
999	1115
999	1116
999	1117
999	1118
999	1000
790	1061
796	984
796	802
798	851
798	1100
799	1105
799	1113
799	1116
800	1105
800	1108
801	1105
804	849
805	919
806	1058
806	912
807	1027
807	862
807	1031
809	857
812	1054
813	872
817	1048
817	819
818	1048
818	819
821	844
825	1094
827	1094
830	919
831	864
831	965
832	862
834	835
836	845
836	911
839	1026
839	1032
842	900
848	1031
848	1032
848	892
856	912
858	1103
861	978
865	954
866	894
866	960
866	954
867	954
955	1026
876	1028
877	963
879	885
879	880
882	1066
888	1050
889	950
889	1058
891	950
899	1003
899	919
901	978
902	1003
902	903
909	1062
909	916
915	1062
917	954
1117	1118
921	949
922	1039
923	1034
924	1045
926	1053
926	1119
926	927
926	928
926	929
926	930
926	931
926	932
926	933
927	1119
928	1119
929	1119
930	1119
931	1119
932	1119
933	1119
937	1012
939	948
940	941
942	1058
947	1093
947	948
958	959
962	963
966	1062
967	1062
968	1047
973	1068
973	1078
975	1090
976	978
977	978
982	1111
983	1098
983	1110
988	989
992	1103
993	1103
996	1085
996	1098
1000	1098
1000	1110
1000	1113
1000	1116
1005	1013
1006	1013
1007	1013
1008	1013
1009	1013
1010	1013
1017	1062
