227	377
228	3088
229	3089
230	3090
231	3094
232	3095
233	3096
234	3097
235	3098
236	3099
237	3101
238	3102
239	3104
240	3105
241	3106
242	3108
243	3112
244	3113
245	3114
246	3117
247	3118
248	3119
249	3120
250	3122
251	3123
252	3126
253	3127
254	3128
255	3129
256	3133
257	3135
258	3136
259	3137
260	3138
261	3139
262	3141
263	3142
264	3144
265	3145
266	3146
267	3152
268	3155
269	3156
270	3159
271	3162
272	3163
273	3164
274	3165
275	3167
276	3169
277	3170
278	3172
279	3173
280	3174
281	3177
282	3178
283	3180
284	3186
285	3187
286	3188
287	3189
288	3190
289	3192
290	3194
291	3195
292	3196
293	3197
294	3199
295	3200
296	3201
