377	3088
377	3089
377	3090
377	3094
377	3095
377	3096
377	3097
377	3098
377	3099
377	3101
377	3102
377	3104
377	3105
377	3106
377	3108
377	3112
377	3113
377	3114
377	3117
377	3118
377	3119
377	3120
377	3122
377	3123
377	3126
377	3127
377	3128
377	3129
377	3133
377	3135
377	3136
377	3137
377	3138
377	3139
377	3141
377	3142
377	3144
377	3145
377	3146
377	3152
377	3155
377	3156
377	3159
377	3162
377	3163
377	3164
377	3165
377	3167
377	3169
377	3170
377	3172
377	3173
377	3174
377	3177
377	3178
377	3180
377	3186
377	3187
377	3188
377	3189
377	3190
377	3192
377	3194
377	3195
377	3196
377	3197
377	3199
377	3200
377	3201
3105	3114
3108	3126
3122	3144
3146	3186
3146	3187
3186	3187
3199	3200
3199	3201
3200	3201
