1583	8121
1583	21437
1583	21440
1583	21441
1583	21442
1583	21445
1583	21447
1583	21448
1583	21449
1583	21450
1583	21453
1583	21454
1583	21455
1583	21458
1583	21459
1583	21460
1583	21461
1583	21463
1583	21464
1583	21465
1583	21466
1583	21468
1583	21469
1583	21470
1583	21471
1583	21472
1583	21473
1583	21474
1583	21475
1583	21476
1583	21477
1583	21478
1583	21479
1583	21480
1583	21481
1583	21482
1583	21483
1583	21484
1583	21485
1583	21486
1583	21487
1583	21488
1583	21489
1583	21490
1583	21491
1583	21492
1583	21493
1583	21494
1583	21495
1583	21496
1583	21497
1583	21498
1583	21499
1583	21500
1583	21501
1583	21504
1583	21506
1583	21507
1583	21510
1583	21511
1583	21512
1583	21513
1583	21514
1583	21515
1583	21516
1583	21517
1583	21518
1583	21519
1583	21520
1583	21521
1583	21523
1583	21524
1583	21525
1583	21527
1583	21528
1583	21531
1583	21532
1583	21534
1583	21535
1583	21537
1583	21538
1583	21540
1583	21541
1583	21542
1583	21543
1583	21544
21463	21496
21481	21495
21495	29333
