0	1
1	2
2	3
3	4
4	5
5	6
6	7
7	8
8	9
9	10
10	11
11	12
12	13
13	14
14	15
16	17
15	16
18	19
17	18
20	21
19	20
22	23
21	22
24	25
23	24
26	27
25	26
28	29
27	28
30	31
29	30
33	34
34	35
31	32
32	33
37	38
38	39
35	36
36	37
41	42
42	43
39	40
40	41
45	46
46	47
43	44
44	45
50	51
49	50
48	49
47	48
54	55
53	54
52	53
51	52
58	59
57	58
56	57
55	56
62	63
61	62
60	61
59	60
67	68
68	69
69	70
70	71
63	64
64	65
65	66
66	67
75	76
76	77
77	78
78	79
71	72
72	73
73	74
74	75
84	85
83	84
86	87
85	86
80	81
79	80
82	83
81	82
92	93
91	92
94	95
93	94
88	89
87	88
90	91
89	90
101	102
102	103
99	100
100	101
97	98
98	99
95	96
96	97
109	110
110	111
107	108
108	109
105	106
106	107
103	104
104	105
118	119
117	118
116	117
115	116
114	115
113	114
112	113
111	112
126	127
125	126
124	125
123	124
122	123
121	122
120	121
119	120
136	137
135	136
138	139
137	138
140	141
139	140
142	143
141	142
128	129
127	128
130	131
129	130
132	133
131	132
134	135
133	134
151	152
152	153
153	154
154	155
155	156
156	157
157	158
158	159
143	144
144	145
145	146
146	147
147	148
148	149
149	150
150	151
170	171
169	170
168	169
167	168
174	175
173	174
172	173
171	172
162	163
161	162
160	161
159	160
166	167
165	166
164	165
163	164
185	186
186	187
183	184
184	185
189	190
190	191
187	188
188	189
177	178
178	179
175	176
176	177
181	182
182	183
179	180
180	181
204	205
203	204
206	207
205	206
200	201
199	200
202	203
201	202
196	197
195	196
198	199
197	198
192	193
191	192
194	195
193	194
219	220
220	221
221	222
222	223
215	216
216	217
217	218
218	219
211	212
212	213
213	214
214	215
207	208
208	209
209	210
210	211
238	239
237	238
236	237
235	236
234	235
233	234
232	233
231	232
230	231
229	230
228	229
227	228
226	227
225	226
224	225
223	224
253	254
254	255
251	252
252	253
249	250
250	251
247	248
248	249
245	246
246	247
243	244
244	245
241	242
242	243
239	240
240	241
274	275
273	274
272	273
271	272
278	279
277	278
276	277
275	276
282	283
281	282
280	281
279	280
286	287
285	286
284	285
283	284
257	258
258	259
255	256
256	257
261	262
262	263
259	260
260	261
265	266
266	267
263	264
264	265
269	270
270	271
267	268
268	269
304	305
303	304
306	307
305	306
308	309
307	308
310	311
309	310
312	313
311	312
314	315
313	314
316	317
315	316
318	319
317	318
287	288
288	289
289	290
290	291
291	292
292	293
293	294
294	295
295	296
296	297
297	298
298	299
299	300
300	301
301	302
302	303
342	343
341	342
340	341
339	340
338	339
337	338
336	337
335	336
350	351
349	350
348	349
347	348
346	347
345	346
344	345
343	344
325	326
326	327
323	324
324	325
321	322
322	323
319	320
320	321
333	334
334	335
331	332
332	333
329	330
330	331
327	328
328	329
372	373
371	372
374	375
373	374
368	369
367	368
370	371
369	370
380	381
379	380
382	383
381	382
376	377
375	376
378	379
377	378
355	356
356	357
357	358
358	359
351	352
352	353
353	354
354	355
363	364
364	365
365	366
366	367
359	360
360	361
361	362
362	363
409	410
410	411
407	408
408	409
413	414
414	415
411	412
412	413
401	402
402	403
399	400
400	401
405	406
406	407
403	404
404	405
394	395
393	394
392	393
391	392
398	399
397	398
396	397
395	396
386	387
385	386
384	385
383	384
390	391
389	390
388	389
387	388
439	440
440	441
441	442
442	443
443	444
444	445
445	446
446	447
431	432
432	433
433	434
434	435
435	436
436	437
437	438
438	439
424	425
423	424
426	427
425	426
428	429
427	428
430	431
429	430
416	417
415	416
418	419
417	418
420	421
419	420
422	423
421	422
477	478
478	479
475	476
476	477
473	474
474	475
471	472
472	473
469	470
470	471
467	468
468	469
465	466
466	467
463	464
464	465
462	463
461	462
460	461
459	460
458	459
457	458
456	457
455	456
454	455
453	454
452	453
451	452
450	451
449	450
448	449
447	448
507	508
508	509
509	510
510	511
503	504
504	505
505	506
506	507
499	500
500	501
501	502
502	503
495	496
496	497
497	498
498	499
492	493
491	492
494	495
493	494
488	489
487	488
490	491
489	490
484	485
483	484
486	487
485	486
480	481
479	480
482	483
481	482
549	550
550	551
547	548
548	549
545	546
546	547
543	544
544	545
557	558
558	559
555	556
556	557
553	554
554	555
551	552
552	553
566	567
565	566
564	565
563	564
562	563
561	562
560	561
559	560
574	575
573	574
572	573
571	572
570	571
569	570
568	569
567	568
515	516
516	517
517	518
518	519
511	512
512	513
513	514
514	515
523	524
524	525
525	526
526	527
519	520
520	521
521	522
522	523
532	533
531	532
534	535
533	534
528	529
527	528
530	531
529	530
540	541
539	540
542	543
541	542
536	537
535	536
538	539
537	538
609	610
610	611
607	608
608	609
613	614
614	615
611	612
612	613
617	618
618	619
615	616
616	617
621	622
622	623
619	620
620	621
626	627
625	626
624	625
623	624
630	631
629	630
628	629
627	628
634	635
633	634
632	633
631	632
638	639
637	638
636	637
635	636
575	576
576	577
577	578
578	579
579	580
580	581
581	582
582	583
583	584
584	585
585	586
586	587
587	588
588	589
589	590
590	591
592	593
591	592
594	595
593	594
596	597
595	596
598	599
597	598
600	601
599	600
602	603
601	602
604	605
603	604
606	607
605	606
686	687
685	686
684	685
683	684
682	683
681	682
680	681
679	680
678	679
677	678
676	677
675	676
674	675
673	674
672	673
671	672
701	702
702	703
699	700
700	701
697	698
698	699
695	696
696	697
693	694
694	695
691	692
692	693
689	690
690	691
687	688
688	689
652	653
651	652
654	655
653	654
648	649
647	648
650	651
649	650
644	645
643	644
646	647
645	646
640	641
639	640
642	643
641	642
667	668
668	669
669	670
670	671
663	664
664	665
665	666
666	667
659	660
660	661
661	662
662	663
655	656
656	657
657	658
658	659
746	747
745	746
744	745
743	744
750	751
749	750
748	749
747	748
738	739
737	738
736	737
735	736
742	743
741	742
740	741
739	740
761	762
762	763
759	760
760	761
765	766
766	767
763	764
764	765
753	754
754	755
751	752
752	753
757	758
758	759
755	756
756	757
712	713
711	712
714	715
713	714
716	717
715	716
718	719
717	718
704	705
703	704
706	707
705	706
708	709
707	708
710	711
709	710
727	728
728	729
729	730
730	731
731	732
732	733
733	734
734	735
719	720
720	721
721	722
722	723
723	724
724	725
725	726
726	727
820	821
819	820
822	823
821	822
816	817
815	816
818	819
817	818
828	829
827	828
830	831
829	830
824	825
823	824
826	827
825	826
803	804
804	805
805	806
806	807
799	800
800	801
801	802
802	803
811	812
812	813
813	814
814	815
807	808
808	809
809	810
810	811
790	791
789	790
788	789
787	788
786	787
785	786
784	785
783	784
798	799
797	798
796	797
795	796
794	795
793	794
792	793
791	792
773	774
774	775
771	772
772	773
769	770
770	771
767	768
768	769
781	782
782	783
779	780
780	781
777	778
778	779
775	776
776	777
880	881
879	880
882	883
881	882
884	885
883	884
886	887
885	886
888	889
887	888
890	891
889	890
892	893
891	892
894	895
893	894
863	864
864	865
865	866
866	867
867	868
868	869
869	870
870	871
871	872
872	873
873	874
874	875
875	876
876	877
877	878
878	879
850	851
849	850
848	849
847	848
854	855
853	854
852	853
851	852
858	859
857	858
856	857
855	856
862	863
861	862
860	861
859	860
833	834
834	835
831	832
832	833
837	838
838	839
835	836
836	837
841	842
842	843
839	840
840	841
845	846
846	847
843	844
844	845
955	956
956	957
957	958
958	959
951	952
952	953
953	954
954	955
947	948
948	949
949	950
950	951
943	944
944	945
945	946
946	947
940	941
939	940
942	943
941	942
936	937
935	936
938	939
937	938
932	933
931	932
934	935
933	934
928	929
927	928
930	931
929	930
925	926
926	927
923	924
924	925
921	922
922	923
919	920
920	921
917	918
918	919
915	916
916	917
913	914
914	915
911	912
912	913
910	911
909	910
908	909
907	908
906	907
905	906
904	905
903	904
902	903
901	902
900	901
899	900
898	899
897	898
896	897
895	896
1015	1016
1016	1017
1017	1018
1018	1019
1019	1020
1020	1021
1021	1022
1022	1023
1007	1008
1008	1009
1009	1010
1010	1011
1011	1012
1012	1013
1013	1014
1014	1015
1000	1001
999	1000
1002	1003
1001	1002
1004	1005
1003	1004
1006	1007
1005	1006
992	993
991	992
994	995
993	994
996	997
995	996
998	999
997	998
985	986
986	987
983	984
984	985
989	990
990	991
987	988
988	989
977	978
978	979
975	976
976	977
981	982
982	983
979	980
980	981
970	971
969	970
968	969
967	968
974	975
973	974
972	973
971	972
962	963
961	962
960	961
959	960
966	967
965	966
964	965
963	964
1099	1100
1100	1101
1101	1102
1102	1103
1095	1096
1096	1097
1097	1098
1098	1099
1091	1092
1092	1093
1093	1094
1094	1095
1087	1088
1088	1089
1089	1090
1090	1091
1116	1117
1115	1116
1118	1119
1117	1118
1112	1113
1111	1112
1114	1115
1113	1114
1108	1109
1107	1108
1110	1111
1109	1110
1104	1105
1103	1104
1106	1107
1105	1106
1133	1134
1134	1135
1131	1132
1132	1133
1129	1130
1130	1131
1127	1128
1128	1129
1125	1126
1126	1127
1123	1124
1124	1125
1121	1122
1122	1123
1119	1120
1120	1121
1150	1151
1149	1150
1148	1149
1147	1148
1146	1147
1145	1146
1144	1145
1143	1144
1142	1143
1141	1142
1140	1141
1139	1140
1138	1139
1137	1138
1136	1137
1135	1136
1031	1032
1032	1033
1033	1034
1034	1035
1035	1036
1036	1037
1037	1038
1038	1039
1023	1024
1024	1025
1025	1026
1026	1027
1027	1028
1028	1029
1029	1030
1030	1031
1048	1049
1047	1048
1050	1051
1049	1050
1052	1053
1051	1052
1054	1055
1053	1054
1040	1041
1039	1040
1042	1043
1041	1042
1044	1045
1043	1044
1046	1047
1045	1046
1065	1066
1066	1067
1063	1064
1064	1065
1069	1070
1070	1071
1067	1068
1068	1069
1057	1058
1058	1059
1055	1056
1056	1057
1061	1062
1062	1063
1059	1060
1060	1061
1082	1083
1081	1082
1080	1081
1079	1080
1086	1087
1085	1086
1084	1085
1083	1084
1074	1075
1073	1074
1072	1073
1071	1072
1078	1079
1077	1078
1076	1077
1075	1076
1220	1221
1219	1220
1222	1223
1221	1222
1216	1217
1215	1216
1218	1219
1217	1218
1228	1229
1227	1228
1230	1231
1229	1230
1224	1225
1223	1224
1226	1227
1225	1226
1235	1236
1236	1237
1237	1238
1238	1239
1231	1232
1232	1233
1233	1234
1234	1235
1243	1244
1244	1245
1245	1246
1246	1247
1239	1240
1240	1241
1241	1242
1242	1243
1254	1255
1253	1254
1252	1253
1251	1252
1250	1251
1249	1250
1248	1249
1247	1248
1262	1263
1261	1262
1260	1261
1259	1260
1258	1259
1257	1258
1256	1257
1255	1256
1269	1270
1270	1271
1267	1268
1268	1269
1265	1266
1266	1267
1263	1264
1264	1265
1277	1278
1278	1279
1275	1276
1276	1277
1273	1274
1274	1275
1271	1272
1272	1273
1152	1153
1151	1152
1154	1155
1153	1154
1156	1157
1155	1156
1158	1159
1157	1158
1160	1161
1159	1160
1162	1163
1161	1162
1164	1165
1163	1164
1166	1167
1165	1166
1167	1168
1168	1169
1169	1170
1170	1171
1171	1172
1172	1173
1173	1174
1174	1175
1175	1176
1176	1177
1177	1178
1178	1179
1179	1180
1180	1181
1181	1182
1182	1183
1186	1187
1185	1186
1184	1185
1183	1184
1190	1191
1189	1190
1188	1189
1187	1188
1194	1195
1193	1194
1192	1193
1191	1192
1198	1199
1197	1198
1196	1197
1195	1196
1201	1202
1202	1203
1199	1200
1200	1201
1205	1206
1206	1207
1203	1204
1204	1205
1209	1210
1210	1211
1207	1208
1208	1209
1213	1214
1214	1215
1211	1212
1212	1213
1374	1375
1373	1374
1372	1373
1371	1372
1370	1371
1369	1370
1368	1369
1367	1368
1366	1367
1365	1366
1364	1365
1363	1364
1362	1363
1361	1362
1360	1361
1359	1360
1357	1358
1358	1359
1355	1356
1356	1357
1353	1354
1354	1355
1351	1352
1352	1353
1349	1350
1350	1351
1347	1348
1348	1349
1345	1346
1346	1347
1343	1344
1344	1345
1404	1405
1403	1404
1406	1407
1405	1406
1400	1401
1399	1400
1402	1403
1401	1402
1396	1397
1395	1396
1398	1399
1397	1398
1392	1393
1391	1392
1394	1395
1393	1394
1387	1388
1388	1389
1389	1390
1390	1391
1383	1384
1384	1385
1385	1386
1386	1387
1379	1380
1380	1381
1381	1382
1382	1383
1375	1376
1376	1377
1377	1378
1378	1379
1306	1307
1305	1306
1304	1305
1303	1304
1310	1311
1309	1310
1308	1309
1307	1308
1298	1299
1297	1298
1296	1297
1295	1296
1302	1303
1301	1302
1300	1301
1299	1300
1289	1290
1290	1291
1287	1288
1288	1289
1293	1294
1294	1295
1291	1292
1292	1293
1281	1282
1282	1283
1279	1280
1280	1281
1285	1286
1286	1287
1283	1284
1284	1285
1336	1337
1335	1336
1338	1339
1337	1338
1340	1341
1339	1340
1342	1343
1341	1342
1328	1329
1327	1328
1330	1331
1329	1330
1332	1333
1331	1332
1334	1335
1333	1334
1319	1320
1320	1321
1321	1322
1322	1323
1323	1324
1324	1325
1325	1326
1326	1327
1311	1312
1312	1313
1313	1314
1314	1315
1315	1316
1316	1317
1317	1318
1318	1319
1493	1494
1494	1495
1491	1492
1492	1493
1489	1490
1490	1491
1487	1488
1488	1489
1501	1502
1502	1503
1499	1500
1500	1501
1497	1498
1498	1499
1495	1496
1496	1497
1478	1479
1477	1478
1476	1477
1475	1476
1474	1475
1473	1474
1472	1473
1471	1472
1486	1487
1485	1486
1484	1485
1483	1484
1482	1483
1481	1482
1480	1481
1479	1480
1523	1524
1524	1525
1525	1526
1526	1527
1519	1520
1520	1521
1521	1522
1522	1523
1531	1532
1532	1533
1533	1534
1534	1535
1527	1528
1528	1529
1529	1530
1530	1531
1508	1509
1507	1508
1510	1511
1509	1510
1504	1505
1503	1504
1506	1507
1505	1506
1516	1517
1515	1516
1518	1519
1517	1518
1512	1513
1511	1512
1514	1515
1513	1514
1425	1426
1426	1427
1423	1424
1424	1425
1429	1430
1430	1431
1427	1428
1428	1429
1433	1434
1434	1435
1431	1432
1432	1433
1437	1438
1438	1439
1435	1436
1436	1437
1410	1411
1409	1410
1408	1409
1407	1408
1414	1415
1413	1414
1412	1413
1411	1412
1418	1419
1417	1418
1416	1417
1415	1416
1422	1423
1421	1422
1420	1421
1419	1420
1455	1456
1456	1457
1457	1458
1458	1459
1459	1460
1460	1461
1461	1462
1462	1463
1463	1464
1464	1465
1465	1466
1466	1467
1467	1468
1468	1469
1469	1470
1470	1471
1440	1441
1439	1440
1442	1443
1441	1442
1444	1445
1443	1444
1446	1447
1445	1446
1448	1449
1447	1448
1450	1451
1449	1450
1452	1453
1451	1452
1454	1455
1453	1454
1641	1642
1642	1643
1639	1640
1640	1641
1645	1646
1646	1647
1643	1644
1644	1645
1633	1634
1634	1635
1631	1632
1632	1633
1637	1638
1638	1639
1635	1636
1636	1637
1658	1659
1657	1658
1656	1657
1655	1656
1662	1663
1661	1662
1660	1661
1659	1660
1650	1651
1649	1650
1648	1649
1647	1648
1654	1655
1653	1654
1652	1653
1651	1652
1607	1608
1608	1609
1609	1610
1610	1611
1611	1612
1612	1613
1613	1614
1614	1615
1599	1600
1600	1601
1601	1602
1602	1603
1603	1604
1604	1605
1605	1606
1606	1607
1624	1625
1623	1624
1626	1627
1625	1626
1628	1629
1627	1628
1630	1631
1629	1630
1616	1617
1615	1616
1618	1619
1617	1618
1620	1621
1619	1620
1622	1623
1621	1622
1581	1582
1582	1583
1579	1580
1580	1581
1577	1578
1578	1579
1575	1576
1576	1577
1573	1574
1574	1575
1571	1572
1572	1573
1569	1570
1570	1571
1567	1568
1568	1569
1598	1599
1597	1598
1596	1597
1595	1596
1594	1595
1593	1594
1592	1593
1591	1592
1590	1591
1589	1590
1588	1589
1587	1588
1586	1587
1585	1586
1584	1585
1583	1584
1547	1548
1548	1549
1549	1550
1550	1551
1543	1544
1544	1545
1545	1546
1546	1547
1539	1540
1540	1541
1541	1542
1542	1543
1535	1536
1536	1537
1537	1538
1538	1539
1564	1565
1563	1564
1566	1567
1565	1566
1560	1561
1559	1560
1562	1563
1561	1562
1556	1557
1555	1556
1558	1559
1557	1558
1552	1553
1551	1552
1554	1555
1553	1554
1762	1763
1761	1762
1760	1761
1759	1760
1766	1767
1765	1766
1764	1765
1763	1764
1770	1771
1769	1770
1768	1769
1767	1768
1774	1775
1773	1774
1772	1773
1771	1772
1777	1778
1778	1779
1775	1776
1776	1777
1781	1782
1782	1783
1779	1780
1780	1781
1785	1786
1786	1787
1783	1784
1784	1785
1789	1790
1790	1791
1787	1788
1788	1789
1728	1729
1727	1728
1730	1731
1729	1730
1732	1733
1731	1732
1734	1735
1733	1734
1736	1737
1735	1736
1738	1739
1737	1738
1740	1741
1739	1740
1742	1743
1741	1742
1743	1744
1744	1745
1745	1746
1746	1747
1747	1748
1748	1749
1749	1750
1750	1751
1751	1752
1752	1753
1753	1754
1754	1755
1755	1756
1756	1757
1757	1758
1758	1759
1702	1703
1701	1702
1700	1701
1699	1700
1698	1699
1697	1698
1696	1697
1695	1696
1710	1711
1709	1710
1708	1709
1707	1708
1706	1707
1705	1706
1704	1705
1703	1704
1717	1718
1718	1719
1715	1716
1716	1717
1713	1714
1714	1715
1711	1712
1712	1713
1725	1726
1726	1727
1723	1724
1724	1725
1721	1722
1722	1723
1719	1720
1720	1721
1668	1669
1667	1668
1670	1671
1669	1670
1664	1665
1663	1664
1666	1667
1665	1666
1676	1677
1675	1676
1678	1679
1677	1678
1672	1673
1671	1672
1674	1675
1673	1674
1683	1684
1684	1685
1685	1686
1686	1687
1679	1680
1680	1681
1681	1682
1682	1683
1691	1692
1692	1693
1693	1694
1694	1695
1687	1688
1688	1689
1689	1690
1690	1691
1912	1913
1911	1912
1914	1915
1913	1914
1916	1917
1915	1916
1918	1919
1917	1918
1904	1905
1903	1904
1906	1907
1905	1906
1908	1909
1907	1908
1910	1911
1909	1910
1895	1896
1896	1897
1897	1898
1898	1899
1899	1900
1900	1901
1901	1902
1902	1903
1887	1888
1888	1889
1889	1890
1890	1891
1891	1892
1892	1893
1893	1894
1894	1895
1882	1883
1881	1882
1880	1881
1879	1880
1886	1887
1885	1886
1884	1885
1883	1884
1874	1875
1873	1874
1872	1873
1871	1872
1878	1879
1877	1878
1876	1877
1875	1876
1865	1866
1866	1867
1863	1864
1864	1865
1869	1870
1870	1871
1867	1868
1868	1869
1857	1858
1858	1859
1855	1856
1856	1857
1861	1862
1862	1863
1859	1860
1860	1861
1852	1853
1851	1852
1854	1855
1853	1854
1848	1849
1847	1848
1850	1851
1849	1850
1844	1845
1843	1844
1846	1847
1845	1846
1840	1841
1839	1840
1842	1843
1841	1842
1835	1836
1836	1837
1837	1838
1838	1839
1831	1832
1832	1833
1833	1834
1834	1835
1827	1828
1828	1829
1829	1830
1830	1831
1823	1824
1824	1825
1825	1826
1826	1827
1822	1823
1821	1822
1820	1821
1819	1820
1818	1819
1817	1818
1816	1817
1815	1816
1814	1815
1813	1814
1812	1813
1811	1812
1810	1811
1809	1810
1808	1809
1807	1808
1805	1806
1806	1807
1803	1804
1804	1805
1801	1802
1802	1803
1799	1800
1800	1801
1797	1798
1798	1799
1795	1796
1796	1797
1793	1794
1794	1795
1791	1792
1792	1793
2031	2032
2032	2033
2033	2034
2034	2035
2035	2036
2036	2037
2037	2038
2038	2039
2039	2040
2040	2041
2041	2042
2042	2043
2043	2044
2044	2045
2045	2046
2046	2047
2016	2017
2015	2016
2018	2019
2017	2018
2020	2021
2019	2020
2022	2023
2021	2022
2024	2025
2023	2024
2026	2027
2025	2026
2028	2029
2027	2028
2030	2031
2029	2030
2001	2002
2002	2003
1999	2000
2000	2001
2005	2006
2006	2007
2003	2004
2004	2005
2009	2010
2010	2011
2007	2008
2008	2009
2013	2014
2014	2015
2011	2012
2012	2013
1986	1987
1985	1986
1984	1985
1983	1984
1990	1991
1989	1990
1988	1989
1987	1988
1994	1995
1993	1994
1992	1993
1991	1992
1998	1999
1997	1998
1996	1997
1995	1996
1971	1972
1972	1973
1973	1974
1974	1975
1967	1968
1968	1969
1969	1970
1970	1971
1979	1980
1980	1981
1981	1982
1982	1983
1975	1976
1976	1977
1977	1978
1978	1979
1956	1957
1955	1956
1958	1959
1957	1958
1952	1953
1951	1952
1954	1955
1953	1954
1964	1965
1963	1964
1966	1967
1965	1966
1960	1961
1959	1960
1962	1963
1961	1962
1941	1942
1942	1943
1939	1940
1940	1941
1937	1938
1938	1939
1935	1936
1936	1937
1949	1950
1950	1951
1947	1948
1948	1949
1945	1946
1946	1947
1943	1944
1944	1945
1926	1927
1925	1926
1924	1925
1923	1924
1922	1923
1921	1922
1920	1921
1919	1920
1934	1935
1933	1934
1932	1933
1931	1932
1930	1931
1929	1930
1928	1929
1927	1928
2199	2200
2200	2201
2201	2202
2202	2203
2203	2204
2204	2205
2205	2206
2206	2207
2191	2192
2192	2193
2193	2194
2194	2195
2195	2196
2196	2197
2197	2198
2198	2199
2184	2185
2183	2184
2186	2187
2185	2186
2188	2189
2187	2188
2190	2191
2189	2190
2176	2177
2175	2176
2178	2179
2177	2178
2180	2181
2179	2180
2182	2183
2181	2182
2233	2234
2234	2235
2231	2232
2232	2233
2237	2238
2238	2239
2235	2236
2236	2237
2225	2226
2226	2227
2223	2224
2224	2225
2229	2230
2230	2231
2227	2228
2228	2229
2218	2219
2217	2218
2216	2217
2215	2216
2222	2223
2221	2222
2220	2221
2219	2220
2210	2211
2209	2210
2208	2209
2207	2208
2214	2215
2213	2214
2212	2213
2211	2212
2267	2268
2268	2269
2269	2270
2270	2271
2263	2264
2264	2265
2265	2266
2266	2267
2259	2260
2260	2261
2261	2262
2262	2263
2255	2256
2256	2257
2257	2258
2258	2259
2252	2253
2251	2252
2254	2255
2253	2254
2248	2249
2247	2248
2250	2251
2249	2250
2244	2245
2243	2244
2246	2247
2245	2246
2240	2241
2239	2240
2242	2243
2241	2242
2301	2302
2302	2303
2299	2300
2300	2301
2297	2298
2298	2299
2295	2296
2296	2297
2293	2294
2294	2295
2291	2292
2292	2293
2289	2290
2290	2291
2287	2288
2288	2289
2286	2287
2285	2286
2284	2285
2283	2284
2282	2283
2281	2282
2280	2281
2279	2280
2278	2279
2277	2278
2276	2277
2275	2276
2274	2275
2273	2274
2272	2273
2271	2272
2064	2065
2063	2064
2066	2067
2065	2066
2068	2069
2067	2068
2070	2071
2069	2070
2072	2073
2071	2072
2074	2075
2073	2074
2076	2077
2075	2076
2078	2079
2077	2078
2047	2048
2048	2049
2049	2050
2050	2051
2051	2052
2052	2053
2053	2054
2054	2055
2055	2056
2056	2057
2057	2058
2058	2059
2059	2060
2060	2061
2061	2062
2062	2063
2098	2099
2097	2098
2096	2097
2095	2096
2102	2103
2101	2102
2100	2101
2099	2100
2106	2107
2105	2106
2104	2105
2103	2104
2110	2111
2109	2110
2108	2109
2107	2108
2081	2082
2082	2083
2079	2080
2080	2081
2085	2086
2086	2087
2083	2084
2084	2085
2089	2090
2090	2091
2087	2088
2088	2089
2093	2094
2094	2095
2091	2092
2092	2093
2132	2133
2131	2132
2134	2135
2133	2134
2128	2129
2127	2128
2130	2131
2129	2130
2140	2141
2139	2140
2142	2143
2141	2142
2136	2137
2135	2136
2138	2139
2137	2138
2115	2116
2116	2117
2117	2118
2118	2119
2111	2112
2112	2113
2113	2114
2114	2115
2123	2124
2124	2125
2125	2126
2126	2127
2119	2120
2120	2121
2121	2122
2122	2123
2166	2167
2165	2166
2164	2165
2163	2164
2162	2163
2161	2162
2160	2161
2159	2160
2174	2175
2173	2174
2172	2173
2171	2172
2170	2171
2169	2170
2168	2169
2167	2168
2149	2150
2150	2151
2147	2148
2148	2149
2145	2146
2146	2147
2143	2144
2144	2145
2157	2158
2158	2159
2155	2156
2156	2157
2153	2154
2154	2155
2151	2152
2152	2153
2442	2443
2441	2442
2440	2441
2439	2440
2446	2447
2445	2446
2444	2445
2443	2444
2434	2435
2433	2434
2432	2433
2431	2432
2438	2439
2437	2438
2436	2437
2435	2436
2457	2458
2458	2459
2455	2456
2456	2457
2461	2462
2462	2463
2459	2460
2460	2461
2449	2450
2450	2451
2447	2448
2448	2449
2453	2454
2454	2455
2451	2452
2452	2453
2472	2473
2471	2472
2474	2475
2473	2474
2476	2477
2475	2476
2478	2479
2477	2478
2464	2465
2463	2464
2466	2467
2465	2466
2468	2469
2467	2468
2470	2471
2469	2470
2487	2488
2488	2489
2489	2490
2490	2491
2491	2492
2492	2493
2493	2494
2494	2495
2479	2480
2480	2481
2481	2482
2482	2483
2483	2484
2484	2485
2485	2486
2486	2487
2510	2511
2509	2510
2508	2509
2507	2508
2506	2507
2505	2506
2504	2505
2503	2504
2502	2503
2501	2502
2500	2501
2499	2500
2498	2499
2497	2498
2496	2497
2495	2496
2525	2526
2526	2527
2523	2524
2524	2525
2521	2522
2522	2523
2519	2520
2520	2521
2517	2518
2518	2519
2515	2516
2516	2517
2513	2514
2514	2515
2511	2512
2512	2513
2540	2541
2539	2540
2542	2543
2541	2542
2536	2537
2535	2536
2538	2539
2537	2538
2532	2533
2531	2532
2534	2535
2533	2534
2528	2529
2527	2528
2530	2531
2529	2530
2555	2556
2556	2557
2557	2558
2558	2559
2551	2552
2552	2553
2553	2554
2554	2555
2547	2548
2548	2549
2549	2550
2550	2551
2543	2544
2544	2545
2545	2546
2546	2547
2305	2306
2306	2307
2303	2304
2304	2305
2309	2310
2310	2311
2307	2308
2308	2309
2313	2314
2314	2315
2311	2312
2312	2313
2317	2318
2318	2319
2315	2316
2316	2317
2322	2323
2321	2322
2320	2321
2319	2320
2326	2327
2325	2326
2324	2325
2323	2324
2330	2331
2329	2330
2328	2329
2327	2328
2334	2335
2333	2334
2332	2333
2331	2332
2335	2336
2336	2337
2337	2338
2338	2339
2339	2340
2340	2341
2341	2342
2342	2343
2343	2344
2344	2345
2345	2346
2346	2347
2347	2348
2348	2349
2349	2350
2350	2351
2352	2353
2351	2352
2354	2355
2353	2354
2356	2357
2355	2356
2358	2359
2357	2358
2360	2361
2359	2360
2362	2363
2361	2362
2364	2365
2363	2364
2366	2367
2365	2366
2373	2374
2374	2375
2371	2372
2372	2373
2369	2370
2370	2371
2367	2368
2368	2369
2381	2382
2382	2383
2379	2380
2380	2381
2377	2378
2378	2379
2375	2376
2376	2377
2390	2391
2389	2390
2388	2389
2387	2388
2386	2387
2385	2386
2384	2385
2383	2384
2398	2399
2397	2398
2396	2397
2395	2396
2394	2395
2393	2394
2392	2393
2391	2392
2403	2404
2404	2405
2405	2406
2406	2407
2399	2400
2400	2401
2401	2402
2402	2403
2411	2412
2412	2413
2413	2414
2414	2415
2407	2408
2408	2409
2409	2410
2410	2411
2420	2421
2419	2420
2422	2423
2421	2422
2416	2417
2415	2416
2418	2419
2417	2418
2428	2429
2427	2428
2430	2431
2429	2430
2424	2425
2423	2424
2426	2427
2425	2426
2749	2750
2750	2751
2747	2748
2748	2749
2745	2746
2746	2747
2743	2744
2744	2745
2741	2742
2742	2743
2739	2740
2740	2741
2737	2738
2738	2739
2735	2736
2736	2737
2734	2735
2733	2734
2732	2733
2731	2732
2730	2731
2729	2730
2728	2729
2727	2728
2726	2727
2725	2726
2724	2725
2723	2724
2722	2723
2721	2722
2720	2721
2719	2720
2715	2716
2716	2717
2717	2718
2718	2719
2711	2712
2712	2713
2713	2714
2714	2715
2707	2708
2708	2709
2709	2710
2710	2711
2703	2704
2704	2705
2705	2706
2706	2707
2700	2701
2699	2700
2702	2703
2701	2702
2696	2697
2695	2696
2698	2699
2697	2698
2692	2693
2691	2692
2694	2695
2693	2694
2688	2689
2687	2688
2690	2691
2689	2690
2809	2810
2810	2811
2807	2808
2808	2809
2813	2814
2814	2815
2811	2812
2812	2813
2801	2802
2802	2803
2799	2800
2800	2801
2805	2806
2806	2807
2803	2804
2804	2805
2794	2795
2793	2794
2792	2793
2791	2792
2798	2799
2797	2798
2796	2797
2795	2796
2786	2787
2785	2786
2784	2785
2783	2784
2790	2791
2789	2790
2788	2789
2787	2788
2775	2776
2776	2777
2777	2778
2778	2779
2779	2780
2780	2781
2781	2782
2782	2783
2767	2768
2768	2769
2769	2770
2770	2771
2771	2772
2772	2773
2773	2774
2774	2775
2760	2761
2759	2760
2762	2763
2761	2762
2764	2765
2763	2764
2766	2767
2765	2766
2752	2753
2751	2752
2754	2755
2753	2754
2756	2757
2755	2756
2758	2759
2757	2758
2614	2615
2613	2614
2612	2613
2611	2612
2610	2611
2609	2610
2608	2609
2607	2608
2622	2623
2621	2622
2620	2621
2619	2620
2618	2619
2617	2618
2616	2617
2615	2616
2597	2598
2598	2599
2595	2596
2596	2597
2593	2594
2594	2595
2591	2592
2592	2593
2605	2606
2606	2607
2603	2604
2604	2605
2601	2602
2602	2603
2599	2600
2600	2601
2580	2581
2579	2580
2582	2583
2581	2582
2576	2577
2575	2576
2578	2579
2577	2578
2588	2589
2587	2588
2590	2591
2589	2590
2584	2585
2583	2584
2586	2587
2585	2586
2563	2564
2564	2565
2565	2566
2566	2567
2559	2560
2560	2561
2561	2562
2562	2563
2571	2572
2572	2573
2573	2574
2574	2575
2567	2568
2568	2569
2569	2570
2570	2571
2674	2675
2673	2674
2672	2673
2671	2672
2678	2679
2677	2678
2676	2677
2675	2676
2682	2683
2681	2682
2680	2681
2679	2680
2686	2687
2685	2686
2684	2685
2683	2684
2657	2658
2658	2659
2655	2656
2656	2657
2661	2662
2662	2663
2659	2660
2660	2661
2665	2666
2666	2667
2663	2664
2664	2665
2669	2670
2670	2671
2667	2668
2668	2669
2640	2641
2639	2640
2642	2643
2641	2642
2644	2645
2643	2644
2646	2647
2645	2646
2648	2649
2647	2648
2650	2651
2649	2650
2652	2653
2651	2652
2654	2655
2653	2654
2623	2624
2624	2625
2625	2626
2626	2627
2627	2628
2628	2629
2629	2630
2630	2631
2631	2632
2632	2633
2633	2634
2634	2635
2635	2636
2636	2637
2637	2638
2638	2639
2988	2989
2987	2988
2990	2991
2989	2990
2984	2985
2983	2984
2986	2987
2985	2986
2980	2981
2979	2980
2982	2983
2981	2982
2976	2977
2975	2976
2978	2979
2977	2978
3003	3004
3004	3005
3005	3006
3006	3007
2999	3000
3000	3001
3001	3002
3002	3003
2995	2996
2996	2997
2997	2998
2998	2999
2991	2992
2992	2993
2993	2994
2994	2995
2958	2959
2957	2958
2956	2957
2955	2956
2954	2955
2953	2954
2952	2953
2951	2952
2950	2951
2949	2950
2948	2949
2947	2948
2946	2947
2945	2946
2944	2945
2943	2944
2973	2974
2974	2975
2971	2972
2972	2973
2969	2970
2970	2971
2967	2968
2968	2969
2965	2966
2966	2967
2963	2964
2964	2965
2961	2962
2962	2963
2959	2960
2960	2961
3048	3049
3047	3048
3050	3051
3049	3050
3052	3053
3051	3052
3054	3055
3053	3054
3040	3041
3039	3040
3042	3043
3041	3042
3044	3045
3043	3044
3046	3047
3045	3046
3063	3064
3064	3065
3065	3066
3066	3067
3067	3068
3068	3069
3069	3070
3070	3071
3055	3056
3056	3057
3057	3058
3058	3059
3059	3060
3060	3061
3061	3062
3062	3063
3018	3019
3017	3018
3016	3017
3015	3016
3022	3023
3021	3022
3020	3021
3019	3020
3010	3011
3009	3010
3008	3009
3007	3008
3014	3015
3013	3014
3012	3013
3011	3012
3033	3034
3034	3035
3031	3032
3032	3033
3037	3038
3038	3039
3035	3036
3036	3037
3025	3026
3026	3027
3023	3024
3024	3025
3029	3030
3030	3031
3027	3028
3028	3029
2851	2852
2852	2853
2853	2854
2854	2855
2847	2848
2848	2849
2849	2850
2850	2851
2859	2860
2860	2861
2861	2862
2862	2863
2855	2856
2856	2857
2857	2858
2858	2859
2868	2869
2867	2868
2870	2871
2869	2870
2864	2865
2863	2864
2866	2867
2865	2866
2876	2877
2875	2876
2878	2879
2877	2878
2872	2873
2871	2872
2874	2875
2873	2874
2821	2822
2822	2823
2819	2820
2820	2821
2817	2818
2818	2819
2815	2816
2816	2817
2829	2830
2830	2831
2827	2828
2828	2829
2825	2826
2826	2827
2823	2824
2824	2825
2838	2839
2837	2838
2836	2837
2835	2836
2834	2835
2833	2834
2832	2833
2831	2832
2846	2847
2845	2846
2844	2845
2843	2844
2842	2843
2841	2842
2840	2841
2839	2840
2911	2912
2912	2913
2913	2914
2914	2915
2915	2916
2916	2917
2917	2918
2918	2919
2919	2920
2920	2921
2921	2922
2922	2923
2923	2924
2924	2925
2925	2926
2926	2927
2928	2929
2927	2928
2930	2931
2929	2930
2932	2933
2931	2932
2934	2935
2933	2934
2936	2937
2935	2936
2938	2939
2937	2938
2940	2941
2939	2940
2942	2943
2941	2942
2881	2882
2882	2883
2879	2880
2880	2881
2885	2886
2886	2887
2883	2884
2884	2885
2889	2890
2890	2891
2887	2888
2888	2889
2893	2894
2894	2895
2891	2892
2892	2893
2898	2899
2897	2898
2896	2897
2895	2896
2902	2903
2901	2902
2900	2901
2899	2900
2906	2907
2905	2906
2904	2905
2903	2904
2910	2911
2909	2910
2908	2909
2907	2908
3277	3284
3278	3285
3279	3286
3280	3287
3273	3280
3274	3281
3275	3282
3276	3283
3285	3292
3286	3293
3287	3294
3288	3295
3281	3288
3282	3289
3283	3290
3284	3291
3262	3269
3261	3268
3264	3271
3263	3270
3260	3267
3270	3277
3269	3276
3272	3279
3271	3278
3266	3273
3265	3272
3268	3275
3267	3274
3311	3318
3312	3319
3309	3316
3310	3317
3307	3314
3308	3315
3305	3312
3306	3313
3319	3326
3320	3327
3317	3324
3318	3325
3315	3322
3316	3323
3313	3320
3314	3321
3296	3303
3295	3302
3294	3301
3293	3300
3292	3299
3291	3298
3290	3297
3289	3296
3304	3311
3303	3310
3302	3309
3301	3308
3300	3307
3299	3306
3298	3305
3297	3304
3212	3216
3213	3217
3214	3218
3215	3219
3216	3220
3217	3221
3218	3222
3219	3223
3220	3224
3221	3225
3222	3226
3223	3227
3224	3228
3225	3229
3226	3230
3227	3231
3200	3201
3199	3200
3202	3203
3201	3202
3204	3205
3203	3204
3206	3207
3205	3206
3207	3211
3209	3213
3208	3212
3211	3215
3210	3214
3246	3250
3247	3251
3244	3248
3245	3249
3250	3254
3251	3255
3248	3252
3249	3253
3254	3258
3255	3259
3252	3256
3253	3257
3258	3262
3259	3263
3256	3260
3257	3261
3231	3235
3230	3234
3229	3233
3228	3232
3235	3239
3234	3238
3233	3237
3232	3236
3239	3243
3238	3242
3237	3241
3236	3240
3243	3247
3242	3246
3241	3245
3240	3244
3164	3165
3163	3164
3166	3167
3165	3166
3160	3161
3159	3160
3162	3163
3161	3162
3156	3157
3155	3156
3158	3159
3157	3158
3152	3153
3151	3152
3154	3155
3153	3154
3147	3148
3148	3149
3149	3150
3150	3151
3143	3144
3144	3145
3145	3146
3146	3147
3139	3140
3140	3141
3141	3142
3142	3143
3135	3136
3136	3137
3137	3138
3138	3139
3198	3199
3197	3198
3196	3197
3195	3196
3194	3195
3193	3194
3192	3193
3191	3192
3190	3191
3189	3190
3188	3189
3187	3188
3186	3187
3185	3186
3184	3185
3183	3184
3181	3182
3182	3183
3179	3180
3180	3181
3177	3178
3178	3179
3175	3176
3176	3177
3173	3174
3174	3175
3171	3172
3172	3173
3169	3170
3170	3171
3167	3168
3168	3169
3096	3097
3095	3096
3098	3099
3097	3098
3100	3101
3099	3100
3102	3103
3101	3102
3088	3089
3087	3088
3090	3091
3089	3090
3092	3093
3091	3092
3094	3095
3093	3094
3079	3080
3080	3081
3081	3082
3082	3083
3083	3084
3084	3085
3085	3086
3086	3087
3071	3072
3072	3073
3073	3074
3074	3075
3075	3076
3076	3077
3077	3078
3078	3079
3130	3131
3129	3130
3128	3129
3127	3128
3134	3135
3133	3134
3132	3133
3131	3132
3122	3123
3121	3122
3120	3121
3119	3120
3126	3127
3125	3126
3124	3125
3123	3124
3113	3114
3114	3115
3111	3112
3112	3113
3117	3118
3118	3119
3115	3116
3116	3117
3105	3106
3106	3107
3103	3104
3104	3105
3109	3110
3110	3111
3107	3108
3108	3109
3517	3527
3516	3526
3515	3525
3514	3524
3513	3523
3512	3522
3511	3521
3510	3520
3525	3535
3524	3534
3523	3533
3522	3532
3521	3531
3520	3530
3519	3529
3518	3528
3532	3542
3533	3543
3530	3540
3531	3541
3528	3538
3529	3539
3526	3536
3527	3537
3540	3550
3541	3551
3538	3548
3539	3549
3536	3546
3537	3547
3534	3544
3535	3545
3547	3557
3546	3556
3549	3559
3548	3558
3543	3553
3542	3552
3545	3555
3544	3554
3555	3565
3554	3564
3557	3567
3556	3566
3551	3561
3550	3560
3553	3563
3552	3562
3562	3572
3563	3573
3564	3574
3565	3575
3558	3568
3559	3569
3560	3570
3561	3571
3570	3580
3571	3581
3572	3582
3573	3583
3566	3576
3567	3577
3568	3578
3569	3579
3449	3459
3448	3458
3447	3457
3446	3456
3453	3463
3452	3462
3451	3461
3450	3460
3457	3467
3456	3466
3455	3465
3454	3464
3461	3471
3460	3470
3459	3469
3458	3468
3464	3474
3465	3475
3462	3472
3463	3473
3468	3478
3469	3479
3466	3476
3467	3477
3472	3482
3473	3483
3470	3480
3471	3481
3476	3486
3477	3487
3474	3484
3475	3485
3479	3489
3478	3488
3481	3491
3480	3490
3483	3493
3482	3492
3485	3495
3484	3494
3487	3497
3486	3496
3489	3499
3488	3498
3491	3501
3490	3500
3493	3503
3492	3502
3494	3504
3495	3505
3496	3506
3497	3507
3498	3508
3499	3509
3500	3510
3501	3511
3502	3512
3503	3513
3504	3514
3505	3515
3506	3516
3507	3517
3508	3518
3509	3519
3399	3406
3400	3407
3397	3404
3398	3405
3395	3402
3396	3403
3393	3400
3394	3401
3391	3398
3392	3399
3389	3396
3390	3397
3387	3394
3388	3395
3385	3392
3386	3393
3416	3423
3415	3422
3414	3421
3413	3420
3412	3419
3411	3418
3410	3417
3409	3416
3408	3415
3407	3414
3406	3413
3405	3412
3404	3411
3403	3410
3402	3409
3401	3408
3426	3436
3427	3437
3428	3438
3429	3439
3425	3432
3421	3428
3422	3429
3423	3430
3424	3431
3417	3424
3418	3425
3419	3426
3420	3427
3443	3453
3442	3452
3445	3455
3444	3454
3439	3449
3438	3448
3441	3451
3440	3450
3435	3445
3434	3444
3437	3447
3436	3446
3431	3441
3430	3440
3433	3443
3432	3442
3331	3338
3332	3339
3329	3336
3330	3337
3335	3342
3336	3343
3333	3340
3334	3341
3323	3330
3324	3331
3321	3328
3322	3329
3327	3334
3328	3335
3325	3332
3326	3333
3348	3355
3347	3354
3346	3353
3345	3352
3352	3359
3351	3358
3350	3357
3349	3356
3340	3347
3339	3346
3338	3345
3337	3344
3344	3351
3343	3350
3342	3349
3341	3348
3361	3368
3362	3369
3363	3370
3364	3371
3365	3372
3366	3373
3367	3374
3368	3375
3353	3360
3354	3361
3355	3362
3356	3363
3357	3364
3358	3365
3359	3366
3360	3367
3378	3385
3377	3384
3380	3387
3379	3386
3382	3389
3381	3388
3384	3391
3383	3390
3370	3377
3369	3376
3372	3379
3371	3378
3374	3381
3373	3380
3376	3383
3375	3382
3816	3826
3817	3827
3814	3824
3815	3825
3820	3830
3821	3831
3818	3828
3819	3829
3824	3834
3825	3835
3822	3832
3823	3833
3828	3838
3829	3839
3826	3836
3827	3837
3801	3811
3800	3810
3799	3809
3798	3808
3805	3815
3804	3814
3803	3813
3802	3812
3809	3819
3808	3818
3807	3817
3806	3816
3813	3823
3812	3822
3811	3821
3810	3820
3782	3792
3783	3793
3784	3794
3785	3795
3786	3796
3787	3797
3788	3798
3789	3799
3790	3800
3791	3801
3792	3802
3793	3803
3794	3804
3795	3805
3796	3806
3797	3807
3767	3777
3766	3776
3769	3779
3768	3778
3771	3781
3770	3780
3773	3783
3772	3782
3775	3785
3774	3784
3777	3787
3776	3786
3779	3789
3778	3788
3781	3791
3780	3790
3756	3766
3757	3767
3754	3764
3755	3765
3752	3762
3753	3763
3750	3760
3751	3761
3764	3774
3765	3775
3762	3772
3763	3773
3760	3770
3761	3771
3758	3768
3759	3769
3741	3751
3740	3750
3739	3749
3738	3748
3737	3747
3736	3746
3735	3745
3734	3744
3749	3759
3748	3758
3747	3757
3746	3756
3745	3755
3744	3754
3743	3753
3742	3752
3722	3732
3723	3733
3724	3734
3725	3735
3718	3728
3719	3729
3720	3730
3721	3731
3730	3740
3731	3741
3732	3742
3733	3743
3726	3736
3727	3737
3728	3738
3729	3739
3707	3717
3706	3716
3709	3719
3708	3718
3703	3713
3702	3712
3705	3715
3704	3714
3715	3725
3714	3724
3717	3727
3716	3726
3711	3721
3710	3720
3713	3723
3712	3722
3697	3707
3696	3706
3695	3705
3694	3704
3701	3711
3700	3710
3699	3709
3698	3708
3689	3699
3688	3698
3687	3697
3686	3696
3693	3703
3692	3702
3691	3701
3690	3700
3680	3690
3681	3691
3678	3688
3679	3689
3684	3694
3685	3695
3682	3692
3683	3693
3672	3682
3673	3683
3670	3680
3671	3681
3676	3686
3677	3687
3674	3684
3675	3685
3663	3673
3662	3672
3665	3675
3664	3674
3667	3677
3666	3676
3669	3679
3668	3678
3655	3665
3654	3664
3657	3667
3656	3666
3659	3669
3658	3668
3661	3671
3660	3670
3646	3656
3647	3657
3648	3658
3649	3659
3650	3660
3651	3661
3652	3662
3653	3663
3638	3648
3639	3649
3640	3650
3641	3651
3642	3652
3643	3653
3644	3654
3645	3655
3637	3647
3636	3646
3635	3645
3634	3644
3633	3643
3632	3642
3631	3641
3630	3640
3629	3639
3628	3638
3627	3637
3626	3636
3625	3635
3624	3634
3623	3633
3622	3632
3620	3630
3621	3631
3618	3628
3619	3629
3616	3626
3617	3627
3614	3624
3615	3625
3612	3622
3613	3623
3610	3620
3611	3621
3608	3618
3609	3619
3606	3616
3607	3617
3603	3613
3602	3612
3605	3615
3604	3614
3599	3609
3598	3608
3601	3611
3600	3610
3595	3605
3594	3604
3597	3607
3596	3606
3591	3601
3590	3600
3593	3603
3592	3602
3586	3596
3587	3597
3588	3598
3589	3599
3582	3592
3583	3593
3584	3594
3585	3595
3578	3588
3579	3589
3580	3590
3581	3591
3574	3584
3575	3585
3576	3586
3577	3587
4052	4065
4051	4064
4054	4067
4053	4066
4056	4069
4055	4068
4058	4071
4057	4070
4060	4073
4059	4072
4062	4075
4061	4074
4064	4077
4063	4076
4066	4079
4065	4078
4067	4080
4068	4081
4069	4082
4070	4083
4071	4084
4072	4085
4073	4086
4074	4087
4075	4088
4076	4089
4077	4090
4078	4091
4079	4092
4080	4093
4081	4094
4082	4095
4022	4035
4021	4034
4020	4033
4019	4032
4026	4039
4025	4038
4024	4037
4023	4036
4030	4043
4029	4042
4028	4041
4027	4040
4034	4047
4033	4046
4032	4045
4031	4044
4037	4050
4038	4051
4035	4048
4036	4049
4041	4054
4042	4055
4039	4052
4040	4053
4045	4058
4046	4059
4043	4056
4044	4057
4049	4062
4050	4063
4047	4060
4048	4061
3992	4005
3991	4004
3994	4007
3993	4006
3988	4001
3987	4000
3990	4003
3989	4002
4000	4013
3999	4012
4002	4015
4001	4014
3996	4009
3995	4008
3998	4011
3997	4010
4007	4020
4008	4021
4009	4022
4010	4023
4003	4016
4004	4017
4005	4018
4006	4019
4015	4028
4016	4029
4017	4030
4018	4031
4011	4024
4012	4025
4013	4026
4014	4027
3962	3975
3961	3974
3960	3973
3959	3972
3958	3971
3957	3970
3956	3969
3955	3968
3970	3983
3969	3982
3968	3981
3967	3980
3966	3979
3965	3978
3964	3977
3963	3976
3977	3990
3978	3991
3975	3988
3976	3989
3973	3986
3974	3987
3971	3984
3972	3985
3985	3998
3986	3999
3983	3996
3984	3997
3981	3994
3982	3995
3979	3992
3980	3993
3931	3944
3932	3945
3933	3946
3934	3947
3935	3948
3936	3949
3937	3950
3938	3951
3926	3936
3927	3937
3928	3938
3929	3942
3930	3943
3948	3961
3947	3960
3950	3963
3949	3962
3952	3965
3951	3964
3954	3967
3953	3966
3940	3953
3939	3952
3942	3955
3941	3954
3944	3957
3943	3956
3946	3959
3945	3958
3904	3914
3905	3915
3902	3912
3903	3913
3908	3918
3909	3919
3906	3916
3907	3917
3896	3906
3897	3907
3894	3904
3895	3905
3900	3910
3901	3911
3898	3908
3899	3909
3921	3931
3920	3930
3919	3929
3918	3928
3925	3935
3924	3934
3923	3933
3922	3932
3913	3923
3912	3922
3911	3921
3910	3920
3917	3927
3916	3926
3915	3925
3914	3924
3874	3884
3875	3885
3876	3886
3877	3887
3870	3880
3871	3881
3872	3882
3873	3883
3866	3876
3867	3877
3868	3878
3869	3879
3862	3872
3863	3873
3864	3874
3865	3875
3891	3901
3890	3900
3893	3903
3892	3902
3887	3897
3886	3896
3889	3899
3888	3898
3883	3893
3882	3892
3885	3895
3884	3894
3879	3889
3878	3888
3881	3891
3880	3890
3844	3854
3845	3855
3842	3852
3843	3853
3840	3850
3841	3851
3838	3848
3839	3849
3836	3846
3837	3847
3834	3844
3835	3845
3832	3842
3833	3843
3830	3840
3831	3841
3861	3871
3860	3870
3859	3869
3858	3868
3857	3867
3856	3866
3855	3865
3854	3864
3853	3863
3852	3862
3851	3861
3850	3860
3849	3859
3848	3858
3847	3857
3846	3856
4387	4400
4388	4401
4389	4402
4390	4403
4391	4404
4392	4405
4393	4406
4394	4407
4395	4408
4396	4409
4397	4410
4398	4411
4399	4412
4400	4413
4401	4414
4402	4415
4372	4385
4371	4384
4374	4387
4373	4386
4376	4389
4375	4388
4378	4391
4377	4390
4380	4393
4379	4392
4382	4395
4381	4394
4384	4397
4383	4396
4386	4399
4385	4398
4357	4370
4358	4371
4355	4368
4356	4369
4361	4374
4362	4375
4359	4372
4360	4373
4365	4378
4366	4379
4363	4376
4364	4377
4369	4382
4370	4383
4367	4380
4368	4381
4342	4355
4341	4354
4340	4353
4339	4352
4346	4359
4345	4358
4344	4357
4343	4356
4350	4363
4349	4362
4348	4361
4347	4360
4354	4367
4353	4366
4352	4365
4351	4364
4455	4468
4456	4469
4457	4470
4458	4471
4451	4464
4452	4465
4453	4466
4454	4467
4463	4476
4464	4477
4465	4478
4466	4479
4459	4472
4460	4473
4461	4474
4462	4475
4440	4453
4439	4452
4442	4455
4441	4454
4436	4449
4435	4448
4438	4451
4437	4450
4448	4461
4447	4460
4450	4463
4449	4462
4444	4457
4443	4456
4446	4459
4445	4458
4425	4438
4426	4439
4423	4436
4424	4437
4421	4434
4422	4435
4419	4432
4420	4433
4433	4446
4434	4447
4431	4444
4432	4445
4429	4442
4430	4443
4427	4440
4428	4441
4410	4423
4409	4422
4408	4421
4407	4420
4406	4419
4405	4418
4404	4417
4403	4416
4418	4431
4417	4430
4416	4429
4415	4428
4414	4427
4413	4426
4412	4425
4411	4424
4524	4537
4523	4536
4526	4539
4525	4538
4528	4541
4527	4540
4530	4543
4529	4542
4516	4529
4515	4528
4518	4531
4517	4530
4520	4533
4519	4532
4522	4535
4521	4534
4507	4520
4508	4521
4509	4522
4510	4523
4511	4524
4512	4525
4513	4526
4514	4527
4499	4512
4500	4513
4501	4514
4502	4515
4503	4516
4504	4517
4505	4518
4506	4519
4494	4507
4493	4506
4492	4505
4491	4504
4498	4511
4497	4510
4496	4509
4495	4508
4486	4499
4485	4498
4484	4497
4483	4496
4490	4503
4489	4502
4488	4501
4487	4500
4477	4490
4478	4491
4475	4488
4476	4489
4481	4494
4482	4495
4479	4492
4480	4493
4469	4482
4470	4483
4467	4480
4468	4481
4473	4486
4474	4487
4471	4484
4472	4485
4592	4605
4591	4604
4594	4607
4593	4606
4588	4601
4587	4600
4590	4603
4589	4602
4584	4597
4583	4596
4586	4599
4585	4598
4580	4593
4579	4592
4582	4595
4581	4594
4575	4588
4576	4589
4577	4590
4578	4591
4571	4584
4572	4585
4573	4586
4574	4587
4567	4580
4568	4581
4569	4582
4570	4583
4563	4576
4564	4577
4565	4578
4566	4579
4562	4575
4561	4574
4560	4573
4559	4572
4558	4571
4557	4570
4556	4569
4555	4568
4554	4567
4553	4566
4552	4565
4551	4564
4550	4563
4549	4562
4548	4561
4547	4560
4545	4558
4546	4559
4543	4556
4544	4557
4541	4554
4542	4555
4539	4552
4540	4553
4537	4550
4538	4551
4535	4548
4536	4549
4533	4546
4534	4547
4531	4544
4532	4545
4118	4131
4117	4130
4116	4129
4115	4128
4122	4135
4121	4134
4120	4133
4119	4132
4126	4139
4125	4138
4124	4137
4123	4136
4130	4143
4129	4142
4128	4141
4127	4140
4133	4146
4134	4147
4131	4144
4132	4145
4137	4150
4138	4151
4135	4148
4136	4149
4141	4154
4142	4155
4139	4152
4140	4153
4145	4158
4146	4159
4143	4156
4144	4157
4084	4097
4083	4096
4086	4099
4085	4098
4088	4101
4087	4100
4090	4103
4089	4102
4092	4105
4091	4104
4094	4107
4093	4106
4096	4109
4095	4108
4098	4111
4097	4110
4099	4112
4100	4113
4101	4114
4102	4115
4103	4116
4104	4117
4105	4118
4106	4119
4107	4120
4108	4121
4109	4122
4110	4123
4111	4124
4112	4125
4113	4126
4114	4127
4186	4199
4185	4198
4184	4197
4183	4196
4182	4195
4181	4194
4180	4193
4179	4192
4194	4207
4193	4206
4192	4205
4191	4204
4190	4203
4189	4202
4188	4201
4187	4200
4201	4214
4202	4215
4199	4212
4200	4213
4197	4210
4198	4211
4195	4208
4196	4209
4209	4222
4210	4223
4207	4220
4208	4221
4205	4218
4206	4219
4203	4216
4204	4217
4152	4165
4151	4164
4154	4167
4153	4166
4148	4161
4147	4160
4150	4163
4149	4162
4160	4173
4159	4172
4162	4175
4161	4174
4156	4169
4155	4168
4158	4171
4157	4170
4167	4180
4168	4181
4169	4182
4170	4183
4163	4176
4164	4177
4165	4178
4166	4179
4175	4188
4176	4189
4177	4190
4178	4191
4171	4184
4172	4185
4173	4186
4174	4187
4253	4266
4254	4267
4251	4264
4252	4265
4257	4270
4258	4271
4255	4268
4256	4269
4245	4258
4246	4259
4243	4256
4244	4257
4249	4262
4250	4263
4247	4260
4248	4261
4270	4283
4269	4282
4268	4281
4267	4280
4274	4287
4273	4286
4272	4285
4271	4284
4262	4275
4261	4274
4260	4273
4259	4272
4266	4279
4265	4278
4264	4277
4263	4276
4219	4232
4220	4233
4221	4234
4222	4235
4223	4236
4224	4237
4225	4238
4226	4239
4211	4224
4212	4225
4213	4226
4214	4227
4215	4228
4216	4229
4217	4230
4218	4231
4236	4249
4235	4248
4238	4251
4237	4250
4240	4253
4239	4252
4242	4255
4241	4254
4228	4241
4227	4240
4230	4243
4229	4242
4232	4245
4231	4244
4234	4247
4233	4246
4321	4334
4322	4335
4319	4332
4320	4333
4317	4330
4318	4331
4315	4328
4316	4329
4313	4326
4314	4327
4311	4324
4312	4325
4309	4322
4310	4323
4307	4320
4308	4321
4338	4351
4337	4350
4336	4349
4335	4348
4334	4347
4333	4346
4332	4345
4331	4344
4330	4343
4329	4342
4328	4341
4327	4340
4326	4339
4325	4338
4324	4337
4323	4336
4287	4300
4288	4301
4289	4302
4290	4303
4283	4296
4284	4297
4285	4298
4286	4299
4279	4292
4280	4293
4281	4294
4282	4295
4275	4288
4276	4289
4277	4290
4278	4291
4304	4317
4303	4316
4306	4319
4305	4318
4300	4313
4299	4312
4302	4315
4301	4314
4296	4309
4295	4308
4298	4311
4297	4310
4292	4305
4291	4304
4294	4307
4293	4306
4873	4886
4874	4887
4871	4884
4872	4885
4869	4882
4870	4883
4867	4880
4868	4881
4881	4894
4882	4895
4879	4892
4880	4893
4877	4890
4878	4891
4875	4888
4876	4889
4858	4871
4857	4870
4856	4869
4855	4868
4854	4867
4853	4866
4852	4865
4851	4864
4866	4879
4865	4878
4864	4877
4863	4876
4862	4875
4861	4874
4860	4873
4859	4872
4903	4916
4904	4917
4905	4918
4906	4919
4899	4912
4900	4913
4901	4914
4902	4915
4911	4924
4912	4925
4913	4926
4914	4927
4907	4920
4908	4921
4909	4922
4910	4923
4888	4901
4887	4900
4890	4903
4889	4902
4884	4897
4883	4896
4886	4899
4885	4898
4896	4909
4895	4908
4898	4911
4897	4910
4892	4905
4891	4904
4894	4907
4893	4906
4933	4946
4934	4947
4931	4944
4932	4945
4937	4950
4938	4951
4935	4948
4936	4949
4941	4954
4942	4955
4939	4952
4940	4953
4945	4958
4946	4959
4943	4956
4944	4957
4918	4931
4917	4930
4916	4929
4915	4928
4922	4935
4921	4934
4920	4933
4919	4932
4926	4939
4925	4938
4924	4937
4923	4936
4930	4943
4929	4942
4928	4941
4927	4940
4963	4976
4964	4977
4965	4978
4966	4979
4967	4980
4968	4981
4969	4982
4970	4983
4971	4984
4972	4985
4973	4986
4974	4987
4975	4988
4976	4989
4977	4990
4978	4991
4948	4961
4947	4960
4950	4963
4949	4962
4952	4965
4951	4964
4954	4967
4953	4966
4956	4969
4955	4968
4958	4971
4957	4970
4960	4973
4959	4972
4962	4975
4961	4974
5010	5023
5009	5022
5008	5021
5007	5020
5006	5019
5005	5018
5004	5017
5003	5016
5002	5015
5001	5014
5000	5013
4999	5012
4998	5011
4997	5010
4996	5009
4995	5008
4993	5006
4994	5007
4991	5004
4992	5005
4989	5002
4990	5003
4987	5000
4988	5001
4985	4998
4986	4999
4983	4996
4984	4997
4981	4994
4982	4995
4979	4992
4980	4993
5040	5053
5039	5052
5042	5055
5041	5054
5036	5049
5035	5048
5038	5051
5037	5050
5032	5045
5031	5044
5034	5047
5033	5046
5028	5041
5027	5040
5030	5043
5029	5042
5023	5036
5024	5037
5025	5038
5026	5039
5019	5032
5020	5033
5021	5034
5022	5035
5015	5028
5016	5029
5017	5030
5018	5031
5011	5024
5012	5025
5013	5026
5014	5027
5070	5083
5069	5082
5068	5081
5067	5080
5074	5087
5073	5086
5072	5085
5071	5084
5062	5075
5061	5074
5060	5073
5059	5072
5066	5079
5065	5078
5064	5077
5063	5076
5053	5066
5054	5067
5051	5064
5052	5065
5057	5070
5058	5071
5055	5068
5056	5069
5045	5058
5046	5059
5043	5056
5044	5057
5049	5062
5050	5063
5047	5060
5048	5061
5100	5113
5099	5112
5102	5115
5101	5114
5104	5117
5103	5116
5106	5119
5105	5118
5092	5105
5091	5104
5094	5107
5093	5106
5096	5109
5095	5108
5098	5111
5097	5110
5083	5096
5084	5097
5085	5098
5086	5099
5087	5100
5088	5101
5089	5102
5090	5103
5075	5088
5076	5089
5077	5090
5078	5091
5079	5092
5080	5093
5081	5094
5082	5095
4600	4613
4599	4612
4602	4615
4601	4614
4596	4609
4595	4608
4598	4611
4597	4610
4608	4621
4607	4620
4610	4623
4609	4622
4604	4617
4603	4616
4606	4619
4605	4618
4615	4628
4616	4629
4617	4630
4618	4631
4611	4624
4612	4625
4613	4626
4614	4627
4623	4636
4624	4637
4625	4638
4626	4639
4619	4632
4620	4633
4621	4634
4622	4635
4634	4647
4633	4646
4632	4645
4631	4644
4630	4643
4629	4642
4628	4641
4627	4640
4642	4655
4641	4654
4640	4653
4639	4652
4638	4651
4637	4650
4636	4649
4635	4648
4649	4662
4650	4663
4647	4660
4648	4661
4645	4658
4646	4659
4643	4656
4644	4657
4657	4670
4658	4671
4655	4668
4656	4669
4653	4666
4654	4667
4651	4664
4652	4665
4660	4673
4659	4672
4662	4675
4661	4674
4664	4677
4663	4676
4666	4679
4665	4678
4668	4681
4667	4680
4670	4683
4669	4682
4672	4685
4671	4684
4674	4687
4673	4686
4675	4688
4676	4689
4677	4690
4678	4691
4679	4692
4680	4693
4681	4694
4682	4695
4683	4696
4684	4697
4685	4698
4686	4699
4687	4700
4688	4701
4689	4702
4690	4703
4694	4707
4693	4706
4692	4705
4691	4704
4698	4711
4697	4710
4696	4709
4695	4708
4702	4715
4701	4714
4700	4713
4699	4712
4706	4719
4705	4718
4704	4717
4703	4716
4709	4722
4710	4723
4707	4720
4708	4721
4713	4726
4714	4727
4711	4724
4712	4725
4717	4730
4718	4731
4715	4728
4716	4729
4721	4734
4722	4735
4719	4732
4720	4733
4735	4748
4736	4749
4737	4750
4738	4751
4731	4744
4732	4745
4733	4746
4734	4747
4727	4740
4728	4741
4729	4742
4730	4743
4723	4736
4724	4737
4725	4738
4726	4739
4752	4765
4751	4764
4754	4767
4753	4766
4748	4761
4747	4760
4750	4763
4749	4762
4744	4757
4743	4756
4746	4759
4745	4758
4740	4753
4739	4752
4742	4755
4741	4754
4769	4782
4770	4783
4767	4780
4768	4781
4765	4778
4766	4779
4763	4776
4764	4777
4761	4774
4762	4775
4759	4772
4760	4773
4757	4770
4758	4771
4755	4768
4756	4769
4786	4799
4785	4798
4784	4797
4783	4796
4782	4795
4781	4794
4780	4793
4779	4792
4778	4791
4777	4790
4776	4789
4775	4788
4774	4787
4773	4786
4772	4785
4771	4784
4795	4808
4796	4809
4797	4810
4798	4811
4799	4812
4800	4813
4801	4814
4802	4815
4787	4800
4788	4801
4789	4802
4790	4803
4791	4804
4792	4805
4793	4806
4794	4807
4812	4825
4811	4824
4814	4827
4813	4826
4816	4829
4815	4828
4818	4831
4817	4830
4804	4817
4803	4816
4806	4819
4805	4818
4808	4821
4807	4820
4810	4823
4809	4822
4829	4842
4830	4843
4827	4840
4828	4841
4833	4846
4834	4847
4831	4844
4832	4845
4821	4834
4822	4835
4819	4832
4820	4833
4825	4838
4826	4839
4823	4836
4824	4837
4846	4859
4845	4858
4844	4857
4843	4856
4850	4863
4849	4862
4848	4861
4847	4860
4838	4851
4837	4850
4836	4849
4835	4848
4842	4855
4841	4854
4840	4853
4839	4852
5487	5500
5488	5501
5489	5502
5490	5503
5483	5496
5484	5497
5485	5498
5486	5499
5479	5492
5480	5493
5481	5494
5482	5495
5475	5488
5476	5489
5477	5490
5478	5491
5472	5485
5471	5484
5474	5487
5473	5486
5468	5481
5467	5480
5470	5483
5469	5482
5464	5477
5463	5476
5466	5479
5465	5478
5460	5473
5459	5472
5462	5475
5461	5474
5457	5470
5458	5471
5455	5468
5456	5469
5453	5466
5454	5467
5451	5464
5452	5465
5449	5462
5450	5463
5447	5460
5448	5461
5445	5458
5446	5459
5443	5456
5444	5457
5442	5455
5441	5454
5440	5453
5439	5452
5438	5451
5437	5450
5436	5449
5435	5448
5434	5447
5433	5446
5432	5445
5431	5444
5430	5443
5429	5442
5428	5441
5427	5440
5419	5432
5420	5433
5421	5434
5422	5435
5423	5436
5424	5437
5425	5438
5426	5439
5411	5424
5412	5425
5413	5426
5414	5427
5415	5428
5416	5429
5417	5430
5418	5431
5404	5417
5403	5416
5406	5419
5405	5418
5408	5421
5407	5420
5410	5423
5409	5422
5396	5409
5395	5408
5398	5411
5397	5410
5400	5413
5399	5412
5402	5415
5401	5414
5389	5402
5390	5403
5387	5400
5388	5401
5393	5406
5394	5407
5391	5404
5392	5405
5381	5394
5382	5395
5379	5392
5380	5393
5385	5398
5386	5399
5383	5396
5384	5397
5374	5387
5373	5386
5372	5385
5371	5384
5378	5391
5377	5390
5376	5389
5375	5388
5366	5379
5365	5378
5364	5377
5363	5376
5370	5383
5369	5382
5368	5381
5367	5380
5608	5621
5607	5620
5610	5623
5609	5622
5604	5617
5603	5616
5606	5619
5605	5618
5616	5629
5615	5628
5618	5631
5617	5630
5612	5625
5611	5624
5614	5627
5613	5626
5591	5604
5592	5605
5593	5606
5594	5607
5587	5600
5588	5601
5589	5602
5590	5603
5599	5612
5600	5613
5601	5614
5602	5615
5595	5608
5596	5609
5597	5610
5598	5611
5578	5591
5577	5590
5576	5589
5575	5588
5574	5587
5573	5586
5572	5585
5571	5584
5586	5599
5585	5598
5584	5597
5583	5596
5582	5595
5581	5594
5580	5593
5579	5592
5561	5574
5562	5575
5559	5572
5560	5573
5557	5570
5558	5571
5555	5568
5556	5569
5569	5582
5570	5583
5567	5580
5568	5581
5565	5578
5566	5579
5563	5576
5564	5577
5540	5553
5539	5552
5542	5555
5541	5554
5544	5557
5543	5556
5546	5559
5545	5558
5548	5561
5547	5560
5550	5563
5549	5562
5552	5565
5551	5564
5554	5567
5553	5566
5523	5536
5524	5537
5525	5538
5526	5539
5527	5540
5528	5541
5529	5542
5530	5543
5531	5544
5532	5545
5533	5546
5534	5547
5535	5548
5536	5549
5537	5550
5538	5551
5510	5523
5509	5522
5508	5521
5507	5520
5514	5527
5513	5526
5512	5525
5511	5524
5518	5531
5517	5530
5516	5529
5515	5528
5522	5535
5521	5534
5520	5533
5519	5532
5493	5506
5494	5507
5491	5504
5492	5505
5497	5510
5498	5511
5495	5508
5496	5509
5501	5514
5502	5515
5499	5512
5500	5513
5505	5518
5506	5519
5503	5516
5504	5517
5218	5231
5217	5230
5216	5229
5215	5228
5214	5227
5213	5226
5212	5225
5211	5224
5210	5223
5209	5222
5208	5221
5207	5220
5206	5219
5205	5218
5204	5217
5203	5216
5233	5246
5234	5247
5231	5244
5232	5245
5229	5242
5230	5243
5227	5240
5228	5241
5225	5238
5226	5239
5223	5236
5224	5237
5221	5234
5222	5235
5219	5232
5220	5233
5184	5197
5183	5196
5186	5199
5185	5198
5180	5193
5179	5192
5182	5195
5181	5194
5176	5189
5175	5188
5178	5191
5177	5190
5172	5185
5171	5184
5174	5187
5173	5186
5199	5212
5200	5213
5201	5214
5202	5215
5195	5208
5196	5209
5197	5210
5198	5211
5191	5204
5192	5205
5193	5206
5194	5207
5187	5200
5188	5201
5189	5202
5190	5203
5150	5163
5149	5162
5148	5161
5147	5160
5154	5167
5153	5166
5152	5165
5151	5164
5142	5155
5141	5154
5140	5153
5139	5152
5146	5159
5145	5158
5144	5157
5143	5156
5165	5178
5166	5179
5163	5176
5164	5177
5169	5182
5170	5183
5167	5180
5168	5181
5157	5170
5158	5171
5155	5168
5156	5169
5161	5174
5162	5175
5159	5172
5160	5173
5116	5129
5115	5128
5118	5131
5117	5130
5120	5133
5119	5132
5122	5135
5121	5134
5108	5121
5107	5120
5110	5123
5109	5122
5112	5125
5111	5124
5114	5127
5113	5126
5131	5144
5132	5145
5133	5146
5134	5147
5135	5148
5136	5149
5137	5150
5138	5151
5123	5136
5124	5137
5125	5138
5126	5139
5127	5140
5128	5141
5129	5142
5130	5143
5337	5350
5338	5351
5335	5348
5336	5349
5333	5346
5334	5347
5331	5344
5332	5345
5345	5358
5346	5359
5343	5356
5344	5357
5341	5354
5342	5355
5339	5352
5340	5353
5354	5367
5353	5366
5352	5365
5351	5364
5350	5363
5349	5362
5348	5361
5347	5360
5362	5375
5361	5374
5360	5373
5359	5372
5358	5371
5357	5370
5356	5369
5355	5368
5303	5316
5304	5317
5305	5318
5306	5319
5299	5312
5300	5313
5301	5314
5302	5315
5311	5324
5312	5325
5313	5326
5314	5327
5307	5320
5308	5321
5309	5322
5310	5323
5320	5333
5319	5332
5322	5335
5321	5334
5316	5329
5315	5328
5318	5331
5317	5330
5328	5341
5327	5340
5330	5343
5329	5342
5324	5337
5323	5336
5326	5339
5325	5338
5269	5282
5270	5283
5267	5280
5268	5281
5273	5286
5274	5287
5271	5284
5272	5285
5277	5290
5278	5291
5275	5288
5276	5289
5281	5294
5282	5295
5279	5292
5280	5293
5286	5299
5285	5298
5284	5297
5283	5296
5290	5303
5289	5302
5288	5301
5287	5300
5294	5307
5293	5306
5292	5305
5291	5304
5298	5311
5297	5310
5296	5309
5295	5308
5235	5248
5236	5249
5237	5250
5238	5251
5239	5252
5240	5253
5241	5254
5242	5255
5243	5256
5244	5257
5245	5258
5246	5259
5247	5260
5248	5261
5249	5262
5250	5263
5252	5265
5251	5264
5254	5267
5253	5266
5256	5269
5255	5268
5258	5271
5257	5270
5260	5273
5259	5272
5262	5275
5261	5274
5264	5277
5263	5276
5266	5279
5265	5278
5962	5978
5963	5979
5960	5976
5961	5977
5966	5982
5967	5983
5964	5980
5965	5981
5954	5970
5955	5971
5952	5968
5953	5969
5958	5974
5959	5975
5956	5972
5957	5973
5947	5963
5946	5962
5945	5961
5944	5960
5951	5967
5950	5966
5949	5965
5948	5964
5939	5955
5938	5954
5937	5953
5936	5952
5943	5959
5942	5958
5941	5957
5940	5956
5992	6008
5993	6009
5994	6010
5995	6011
5996	6012
5997	6013
5998	6014
5999	6015
5984	6000
5985	6001
5986	6002
5987	6003
5988	6004
5989	6005
5990	6006
5991	6007
5977	5993
5976	5992
5979	5995
5978	5994
5981	5997
5980	5996
5983	5999
5982	5998
5969	5985
5968	5984
5971	5987
5970	5986
5973	5989
5972	5988
5975	5991
5974	5990
5902	5918
5903	5919
5900	5916
5901	5917
5898	5914
5899	5915
5896	5912
5897	5913
5894	5910
5895	5911
5892	5908
5893	5909
5890	5906
5891	5907
5888	5904
5889	5905
5887	5903
5886	5902
5885	5901
5884	5900
5883	5899
5882	5898
5881	5897
5880	5896
5879	5895
5878	5894
5877	5893
5876	5892
5875	5891
5874	5890
5873	5889
5872	5888
5932	5948
5933	5949
5934	5950
5935	5951
5928	5944
5929	5945
5930	5946
5931	5947
5924	5940
5925	5941
5926	5942
5927	5943
5920	5936
5921	5937
5922	5938
5923	5939
5917	5933
5916	5932
5919	5935
5918	5934
5913	5929
5912	5928
5915	5931
5914	5930
5909	5925
5908	5924
5911	5927
5910	5926
5905	5921
5904	5920
5907	5923
5906	5922
6083	6099
6082	6098
6081	6097
6080	6096
6085	6101
6084	6100
6088	6107
6087	6106
6086	6105
6092	6111
6091	6110
6090	6109
6089	6108
6066	6082
6067	6083
6064	6080
6065	6081
6070	6086
6071	6087
6068	6084
6069	6085
6074	6090
6075	6091
6072	6088
6073	6089
6078	6094
6079	6095
6076	6092
6077	6093
6110	6129
6109	6128
6112	6131
6111	6130
6114	6133
6113	6132
6116	6135
6115	6134
6118	6137
6117	6136
6119	6138
6093	6112
6094	6113
6095	6114
6096	6115
6097	6116
6098	6117
6099	6118
6100	6119
6101	6120
6102	6121
6103	6122
6104	6123
6105	6124
6106	6125
6107	6126
6108	6127
6023	6039
6022	6038
6021	6037
6020	6036
6019	6035
6018	6034
6017	6033
6016	6032
6031	6047
6030	6046
6029	6045
6028	6044
6027	6043
6026	6042
6025	6041
6024	6040
6006	6022
6007	6023
6004	6020
6005	6021
6002	6018
6003	6019
6000	6016
6001	6017
6014	6030
6015	6031
6012	6028
6013	6029
6010	6026
6011	6027
6008	6024
6009	6025
6053	6069
6052	6068
6055	6071
6054	6070
6049	6065
6048	6064
6051	6067
6050	6066
6061	6077
6060	6076
6063	6079
6062	6078
6057	6073
6056	6072
6059	6075
6058	6074
6036	6052
6037	6053
6038	6054
6039	6055
6032	6048
6033	6049
6034	6050
6035	6051
6044	6060
6045	6061
6046	6062
6047	6063
6040	6056
6041	6057
6042	6058
6043	6059
5692	5705
5691	5704
5694	5707
5693	5706
5696	5709
5695	5708
5698	5711
5697	5710
5684	5697
5683	5696
5686	5699
5685	5698
5688	5701
5687	5700
5690	5703
5689	5702
5704	5720
5705	5721
5706	5722
5707	5723
5708	5724
5709	5725
5710	5726
5711	5727
5699	5712
5700	5713
5701	5714
5702	5715
5703	5716
5723	5739
5722	5738
5721	5737
5720	5736
5727	5743
5726	5742
5725	5741
5724	5740
5715	5731
5714	5730
5713	5729
5712	5728
5719	5735
5718	5734
5717	5733
5716	5732
5738	5754
5739	5755
5736	5752
5737	5753
5742	5758
5743	5759
5740	5756
5741	5757
5730	5746
5731	5747
5728	5744
5729	5745
5734	5750
5735	5751
5732	5748
5733	5749
5632	5645
5631	5644
5634	5647
5633	5646
5628	5641
5627	5640
5630	5643
5629	5642
5624	5637
5623	5636
5626	5639
5625	5638
5620	5633
5619	5632
5622	5635
5621	5634
5647	5660
5648	5661
5649	5662
5650	5663
5643	5656
5644	5657
5645	5658
5646	5659
5639	5652
5640	5653
5641	5654
5642	5655
5635	5648
5636	5649
5637	5650
5638	5651
5666	5679
5665	5678
5664	5677
5663	5676
5662	5675
5661	5674
5660	5673
5659	5672
5658	5671
5657	5670
5656	5669
5655	5668
5654	5667
5653	5666
5652	5665
5651	5664
5681	5694
5682	5695
5679	5692
5680	5693
5677	5690
5678	5691
5675	5688
5676	5689
5673	5686
5674	5687
5671	5684
5672	5685
5669	5682
5670	5683
5667	5680
5668	5681
5808	5824
5809	5825
5810	5826
5811	5827
5812	5828
5813	5829
5814	5830
5815	5831
5816	5832
5817	5833
5818	5834
5819	5835
5820	5836
5821	5837
5822	5838
5823	5839
5825	5841
5824	5840
5827	5843
5826	5842
5829	5845
5828	5844
5831	5847
5830	5846
5833	5849
5832	5848
5835	5851
5834	5850
5837	5853
5836	5852
5839	5855
5838	5854
5842	5858
5843	5859
5840	5856
5841	5857
5846	5862
5847	5863
5844	5860
5845	5861
5850	5866
5851	5867
5848	5864
5849	5865
5854	5870
5855	5871
5852	5868
5853	5869
5859	5875
5858	5874
5857	5873
5856	5872
5863	5879
5862	5878
5861	5877
5860	5876
5867	5883
5866	5882
5865	5881
5864	5880
5871	5887
5870	5886
5869	5885
5868	5884
5748	5764
5749	5765
5750	5766
5751	5767
5744	5760
5745	5761
5746	5762
5747	5763
5756	5772
5757	5773
5758	5774
5759	5775
5752	5768
5753	5769
5754	5770
5755	5771
5765	5781
5764	5780
5767	5783
5766	5782
5761	5777
5760	5776
5763	5779
5762	5778
5773	5789
5772	5788
5775	5791
5774	5790
5769	5785
5768	5784
5771	5787
5770	5786
5782	5798
5783	5799
5780	5796
5781	5797
5778	5794
5779	5795
5776	5792
5777	5793
5790	5806
5791	5807
5788	5804
5789	5805
5786	5802
5787	5803
5784	5800
5785	5801
5799	5815
5798	5814
5797	5813
5796	5812
5795	5811
5794	5810
5793	5809
5792	5808
5807	5823
5806	5822
5805	5821
5804	5820
5803	5819
5802	5818
5801	5817
5800	5816
