630	2226
631	13944
632	13945
633	13949
634	13950
635	13952
636	13953
637	13954
638	13959
639	13961
640	13962
641	13964
642	13965
643	13966
644	13969
645	13970
646	13971
647	13972
648	13973
649	13974
650	13975
651	13976
652	13978
653	13979
654	13981
655	13982
656	13983
657	13984
658	13985
659	13988
660	13991
661	13992
662	13993
663	13995
664	13996
665	13997
666	13998
667	13999
668	14001
669	14005
670	14006
671	14008
672	14009
673	14010
674	14011
675	14012
676	14013
677	14014
678	14015
679	14016
680	14017
681	14018
682	14019
683	14022
684	14023
685	14024
686	33837
687	33838
688	33839
689	33858
690	33859
691	33860
