2226	13944
2226	13945
2226	13949
2226	13950
2226	13952
2226	13953
2226	13954
2226	13959
2226	13961
2226	13962
2226	13964
2226	13965
2226	13966
2226	13969
2226	13970
2226	13971
2226	13972
2226	13973
2226	13974
2226	13975
2226	13976
2226	13978
2226	13979
2226	13981
2226	13982
2226	13983
2226	13984
2226	13985
2226	13988
2226	13991
2226	13992
2226	13993
2226	13995
2226	13996
2226	13997
2226	13998
2226	13999
2226	14001
2226	14005
2226	14006
2226	14008
2226	14009
2226	14010
2226	14011
2226	14012
2226	14013
2226	14014
2226	14015
2226	14016
2226	14017
2226	14018
2226	14019
2226	14022
2226	14023
2226	14024
13959	33837
13959	33838
13959	33839
13969	13995
13969	14022
13995	14022
14010	33858
14010	33859
14010	33860
14015	14016
14015	14017
14016	14017
33837	33838
33837	33839
33838	33839
33858	33859
33858	33860
33859	33860
