798	7552
798	7561
798	7564
798	7567
798	7579
798	7582
798	7597
798	7600
798	7602
798	7612
798	7618
798	7620
798	7632
798	7641
798	7644
798	7647
798	7651
798	7659
798	7674
798	7676
798	7677
798	7678
798	7679
798	7681
798	7683
798	7684
798	7690
798	7691
798	7692
798	7694
798	7695
798	7697
798	7698
798	7699
798	7700
798	7701
798	7702
798	7703
798	7705
798	7711
798	7712
798	7713
798	7714
798	7718
798	7719
798	7720
798	7721
798	7725
798	7734
7552	33704
7564	7582
7564	7647
7582	7647
7597	7676
7597	7677
7597	7720
7597	7721
7659	7683
7676	7677
7690	7691
7697	7698
7697	7699
7697	7700
7697	7701
7697	7702
7698	7699
7698	7700
7698	7701
7698	7702
7699	7700
7699	7701
7699	7702
7700	7701
7700	7702
7701	7702
7702	33705
7702	33706
7702	33707
7712	7713
7720	7721
33705	33706
33705	33707
33706	33707
