194	390
195	7267
196	7271
197	7272
198	7275
199	7282
200	7295
201	7296
202	7305
203	7306
204	7315
205	7316
206	7318
207	7324
208	7331
209	7333
210	7335
211	7340
212	7345
213	7347
214	7354
215	7366
216	7374
217	7413
218	7420
219	7424
220	7428
221	7432
222	7433
223	7444
224	7446
225	7452
226	7461
227	7463
228	7467
229	7470
230	7485
231	7486
232	7488
233	7498
234	7503
235	7510
236	7515
237	7518
238	7519
239	7520
240	7527
241	7532
242	7533
243	7540
244	7541
245	7545
246	7550
247	7551
248	7553
249	7556
250	7565
251	7572
252	7573
253	7587
254	7590
255	7592
256	7594
257	7602
258	7606
259	7608
260	7614
261	7633
262	7654
263	7655
264	7656
265	7663
266	7668
267	7674
268	7676
269	7677
270	7680
271	7681
272	22649
273	22650
274	22651
275	22652
276	22653
277	22654
278	22655
279	22656
280	22657
281	22658
282	22659
283	22660
284	22528
285	22529
286	22530
287	22087
288	22088
289	22089
290	22090
291	22091
