390	7267
390	7271
390	7272
390	7275
390	7282
390	7295
390	7296
390	7305
390	7306
390	7315
390	7316
390	7318
390	7324
390	7331
390	7333
390	7335
390	7340
390	7345
390	7347
390	7354
390	7366
390	7374
390	7413
390	7420
390	7424
390	7428
390	7432
390	7433
390	7444
390	7446
390	7452
390	7461
390	7463
390	7467
390	7470
390	7485
390	7486
390	7488
390	7498
390	7503
390	7510
390	7515
390	7518
390	7519
390	7520
390	7527
390	7532
390	7533
390	7540
390	7541
390	7545
390	7550
390	7551
390	7553
390	7556
390	7565
390	7572
390	7573
390	7587
390	7590
390	7592
390	7594
390	7602
390	7606
390	7608
390	7614
390	7633
390	7654
390	7655
390	7656
390	7663
390	7668
390	7674
390	7676
390	7677
390	7680
390	7681
7306	7510
7374	7654
7374	7655
7374	7656
7374	22649
7374	22650
7374	22651
7374	22652
7374	22653
7374	22654
7374	22655
7374	22656
7374	22657
7374	22658
7374	22659
7374	22660
7432	7433
7463	7551
7518	7519
7518	7520
7519	7520
7532	7553
7532	7594
7532	22528
7532	22529
7532	22530
7553	7594
7553	7676
7553	7677
7608	22087
7608	22088
7608	22089
7608	22090
7608	22091
7654	7655
7654	7656
7655	7656
7655	22658
7655	22659
7676	7677
22087	22088
22087	22089
22088	22089
22088	22090
22088	22091
22089	22090
22089	22091
22090	22091
22528	22529
22528	22530
22529	22530
22649	22650
22649	22651
22650	22651
22652	22653
22652	22654
22653	22654
22655	22656
22655	22657
22656	22657
22658	22659
22658	22660
22659	22660
