439	10305
439	10306
439	10307
439	10311
439	10312
439	10314
439	10315
439	10316
439	10317
439	10318
439	10319
439	10322
439	10325
439	10326
439	10327
439	10328
439	10329
439	10330
439	10332
439	10333
439	10338
439	10340
439	10341
439	10342
439	10344
439	10345
439	10346
439	10347
439	10348
439	10352
439	10353
439	10355
439	10356
439	10357
439	10358
439	10359
439	10361
439	10362
439	10363
439	10365
439	10367
439	10368
439	10369
439	10370
439	10371
439	10372
439	10373
439	10375
10305	10356
10306	10307
10311	25463
10322	10352
10322	10353
10328	10329
10328	10330
10329	10330
10340	10341
10352	10353
10372	10373
