787	13386
787	16085
787	16307
787	16311
787	16315
787	16318
787	16322
787	16324
787	16327
787	16330
787	16331
787	16332
787	16334
787	16335
787	16337
787	16341
787	16349
787	16351
787	16352
787	16354
787	16355
787	16360
787	16361
787	16362
787	16365
787	16366
787	16368
787	16369
787	16371
787	16375
787	16376
787	16378
787	16379
787	16382
787	16383
787	16388
787	16391
787	16393
787	16400
787	16401
787	16402
787	16406
787	16411
787	16413
787	16414
787	16415
787	16418
787	16421
787	16422
787	16423
787	16424
787	16425
787	16426
787	16427
787	16428
787	16429
787	16434
787	16435
787	16436
787	16441
787	16443
787	16444
787	16447
787	16448
787	16452
787	16455
787	16461
787	16462
787	16464
787	16465
787	16466
787	16467
787	16469
787	16470
787	16471
787	16472
787	16473
787	16477
787	16478
787	16479
787	16481
787	16482
787	16484
787	16485
787	16487
787	16488
787	16489
787	16490
787	16491
787	16492
787	16493
787	16494
787	16495
787	16496
787	16500
787	16501
787	16502
787	16503
787	16504
787	16506
787	16510
787	16511
787	16512
787	16513
787	16514
787	16516
787	16518
787	16519
787	16520
787	16525
787	16528
787	16529
787	16530
787	16531
16085	16086
16085	16087
16085	16088
16085	16089
16085	16251
16085	16434
16085	16435
16085	16436
16086	16087
16086	16088
16086	16089
16087	16088
16087	16089
16088	16089
16423	16424
16424	30441
16428	16429
16434	16435
16434	16436
16435	16436
16471	16472
16510	16511
16510	16512
16510	16513
16511	16512
16511	16513
16512	16513
