0	1
0	2
0	3
0	4
0	5
0	6
0	7
0	8
0	9
0	10
0	11
0	12
0	13
0	14
0	15
0	16
0	17
0	18
0	19
0	20
0	21
0	22
0	23
0	24
0	25
0	26
0	27
0	28
0	29
0	30
0	31
0	32
0	33
0	34
0	35
0	36
0	37
0	38
0	39
0	40
0	41
0	42
0	43
0	44
0	45
0	46
0	47
0	48
0	49
0	50
0	51
0	52
0	53
0	54
0	55
0	56
0	57
0	58
0	59
0	60
0	61
0	62
0	63
0	64
0	65
0	66
0	67
0	68
0	69
0	70
0	71
0	72
0	73
0	74
0	75
0	76
0	77
0	78
0	79
0	80
0	81
0	82
0	83
0	84
0	85
1	86
2	31
2	32
4	25
5	44
5	60
6	87
9	10
9	11
9	12
9	13
9	14
10	11
10	12
10	13
10	14
11	12
11	13
11	14
12	13
12	14
13	14
15	16
15	46
16	46
25	88
31	32
38	39
44	60
58	89
58	90
58	91
63	92
63	93
63	94
89	90
89	91
90	91
92	93
92	94
92	95
92	96
93	94
93	97
93	98
