0	98
1	18260
2	18267
3	18270
4	18271
5	18272
6	18273
7	18274
8	18277
9	18280
10	18288
11	18289
12	18293
13	18294
14	18295
15	18296
16	18299
17	18302
18	18304
19	18305
20	18306
21	18310
22	18311
23	18313
24	18315
25	18317
26	18318
27	18320
28	18321
29	18322
30	18323
31	18324
32	18325
33	18328
34	18330
35	18331
36	18332
37	18334
38	18336
39	18340
40	18341
41	18342
42	18346
43	18347
44	18348
45	18353
46	18354
47	18355
48	18356
49	18357
50	18358
51	18359
52	18360
53	18361
54	18362
55	18363
56	18364
57	18365
58	18366
59	18368
60	18369
61	18371
62	18372
63	18373
64	18376
65	18377
66	18378
67	18380
68	18381
69	18382
70	18383
71	18386
72	18388
73	18389
74	18390
75	18391
76	18392
77	18393
78	18394
79	18397
80	18398
81	18400
82	18401
83	18402
84	18403
85	18404
86	18405
87	18406
88	18409
89	18410
90	18412
91	18413
92	18414
93	18415
94	18416
95	18417
96	18418
97	18421
98	18422
99	18423
100	18424
101	18425
102	18426
103	18429
104	18430
105	18434
106	18435
107	18437
108	18438
109	18439
110	18440
111	18442
112	18443
113	18445
114	18447
115	18448
116	18449
117	18450
118	18454
119	18455
120	18458
121	18459
122	18463
123	18464
124	18466
125	28542
126	28543
127	28544
128	28545
129	28546
130	28547
131	28555
132	28556
133	28557
134	28560
135	28561
136	28562
137	28563
138	28564
139	28565
140	28566
141	28567
142	28568
143	28578
144	28579
145	28580
146	28581
147	28582
148	28583
149	28593
150	28780
151	28781
152	28782
153	28783
154	28784
