0	1
0	2
0	3
0	4
0	5
0	6
0	7
0	8
0	9
0	10
0	11
0	12
0	13
0	14
0	15
0	16
0	17
0	18
0	19
0	20
0	21
0	22
0	23
0	24
0	25
0	26
0	27
0	28
0	29
0	30
0	31
0	32
0	33
0	34
0	35
0	36
0	37
0	38
0	39
0	40
0	41
0	42
0	43
0	44
0	45
0	46
0	47
0	48
0	49
0	50
0	51
0	52
0	53
0	54
0	55
0	56
0	57
0	58
0	59
0	60
0	61
0	62
0	63
0	64
0	65
0	66
0	67
0	68
0	69
0	70
0	71
0	72
0	73
0	74
0	75
0	76
0	77
0	78
0	79
0	80
0	81
0	82
0	83
0	84
0	85
0	86
0	87
0	88
0	89
0	90
0	91
0	92
0	93
0	94
0	95
0	96
0	97
0	98
0	99
0	100
0	101
0	102
0	103
0	104
0	105
0	106
0	107
0	108
0	109
0	110
0	111
0	112
0	113
0	114
0	115
0	116
0	117
0	118
0	119
0	120
0	121
0	122
0	123
0	124
11	20
11	125
11	126
11	127
11	128
11	129
11	130
18	20
18	131
18	132
18	133
20	125
20	126
27	28
27	29
28	29
29	134
29	135
29	136
29	137
29	138
29	139
29	140
30	31
30	32
30	91
30	92
31	32
32	53
32	141
32	142
35	36
53	57
53	58
53	141
53	142
53	143
53	144
53	145
53	146
53	147
53	148
57	58
64	65
77	78
85	86
85	87
86	87
91	92
120	149
125	126
127	128
127	129
127	130
128	129
128	130
131	132
131	133
132	133
134	135
134	136
134	137
135	136
135	137
136	137
138	139
138	140
139	140
141	142
143	144
143	145
144	145
146	147
146	148
147	148
149	150
149	151
149	152
149	153
149	154
152	153
152	154
153	154
