0	9
0	19
0	17
0	14
0	24
17	18
17	19
17	20
17	21
17	22
17	23
17	24
17	25
17	26
17	27
17	37
0	18
0	22
0	23
0	26
0	27
0	8
0	38
0	6
0	10
0	1
0	20
0	12
0	21
0	5
0	4
0	3
0	37
0	31
0	33
0	29
0	35
14	24
0	28
18	19
18	20
18	21
18	23
18	24
18	26
18	27
18	37
1	17
1	18
1	19
1	9
1	20
1	21
1	22
1	23
1	24
1	25
1	10
1	26
1	8
1	3
1	37
1	11
1	7
19	20
19	21
19	22
19	23
19	24
19	26
19	27
19	37
0	36
9	17
9	18
9	19
9	20
9	21
9	22
9	23
9	24
9	25
9	26
9	27
9	37
20	21
20	22
20	23
20	24
20	26
20	37
0	25
6	25
6	10
21	22
21	23
21	24
21	26
21	27
21	37
0	16
5	19
5	6
5	25
0	30
22	23
22	24
22	25
22	26
22	37
22	38
23	24
23	25
23	26
23	27
23	37
23	38
0	15
15	32
15	34
15	16
24	25
24	26
24	37
24	38
0	32
0	34
25	26
25	27
25	35
25	38
10	25
10	34
10	16
10	12
10	35
10	13
26	27
26	37
27	37
27	38
8	21
8	24
8	26
8	27
8	38
28	30
28	32
4	10
4	26
4	8
4	30
4	32
4	34
4	16
4	12
4	35
4	37
29	34
29	36
30	31
30	35
32	33
33	36
16	28
16	31
16	36
2	15
2	16
12	34
12	35
12	13
3	17
3	18
3	19
3	9
3	20
3	21
3	22
3	23
3	24
3	25
3	26
3	27
3	8
3	34
3	37
3	38
37	38
7	37
11	18
7	19
