227	2114
228	12695
229	12726
230	12729
231	12732
232	12754
233	12758
234	12771
235	12775
236	12802
237	12815
238	12819
239	12820
240	12839
241	12852
242	12880
243	12893
244	12899
245	12906
246	12908
247	12929
248	12932
249	12937
250	12943
251	12948
252	12957
253	12976
254	12984
255	12988
256	13000
257	13013
258	13025
259	13092
260	27657
261	27666
262	29718
263	29719
264	29721
265	29723
266	29728
267	29729
268	29730
269	29735
270	29736
271	29741
272	29751
273	29752
274	29754
275	29755
276	29756
277	29757
278	29758
279	29760
280	29764
281	29765
282	29767
283	29768
284	29770
285	12955
