2114	12695
2114	12726
2114	12729
2114	12732
2114	12754
2114	12758
2114	12771
2114	12775
2114	12802
2114	12815
2114	12819
2114	12820
2114	12839
2114	12852
2114	12880
2114	12893
2114	12899
2114	12906
2114	12908
2114	12929
2114	12932
2114	12937
2114	12943
2114	12948
2114	12957
2114	12976
2114	12984
2114	12988
2114	13000
2114	13013
2114	13025
2114	13092
2114	27657
2114	27666
2114	29718
2114	29719
2114	29721
2114	29723
2114	29728
2114	29729
2114	29730
2114	29735
2114	29736
2114	29741
2114	29751
2114	29752
2114	29754
2114	29755
2114	29756
2114	29757
2114	29758
2114	29760
2114	29764
2114	29765
2114	29767
2114	29768
2114	29770
12726	29767
12726	29768
12758	29723
12771	27666
12819	12820
12819	12955
12819	13025
12820	12955
12820	13025
12948	29719
12976	29752
29767	29768
