6600	10033
6600	29070
6600	33674
6600	33675
6600	33676
6600	33677
6600	33678
6600	33679
6600	33680
6600	33681
6600	33682
6600	33683
6600	33684
6600	33685
6600	33686
6600	33687
6600	33688
6600	33689
6600	33690
6600	33691
6600	33692
6600	33693
6600	33694
6600	33695
6600	33696
6600	33697
6600	33698
6600	33699
6600	33700
6600	33701
6600	33702
6600	33703
6600	33704
6600	33705
6600	33706
6600	33707
6600	33708
6600	33709
6600	33710
6600	33711
6600	33712
6600	33713
6600	33714
6600	33715
6600	33716
6600	33717
6600	33718
6600	33719
6600	33720
6600	33721
6600	33722
6600	33723
6600	33724
6600	33725
6600	33726
6600	33727
6600	33728
6600	33729
6600	33730
6600	33731
6600	33732
6600	33733
6600	33734
6600	33735
6600	33736
6600	33737
6600	33738
6600	33739
6600	33740
6600	33741
6600	33742
6600	33743
6600	33744
6600	33745
6600	33746
6600	33747
6600	33748
6600	33749
6600	33750
6600	33751
6600	33752
6600	33753
6600	33754
6600	33755
6600	33756
6600	33757
6600	33758
6600	33759
6600	33760
6600	33761
6600	33762
6600	33763
6600	33764
6600	33765
6600	33766
6600	33767
6600	33768
6600	33769
6600	33770
6600	33771
6600	33772
6600	33773
6600	33774
6600	33775
6600	33776
6600	33777
6600	33778
6600	33779
6600	33780
6600	33781
6600	33782
6600	33783
6600	33784
6600	33785
6600	33786
6600	33787
6600	33788
6600	33789
6600	33790
6600	33791
6600	33792
6600	33793
6600	33794
6600	33795
6600	33796
6600	33797
6600	33798
6600	33799
6600	33800
6600	33801
6600	33802
6600	33803
6600	33804
6600	33805
6600	33806
6600	33807
6600	33808
6600	33809
6600	33810
6600	33811
6600	33812
6600	33813
6600	33814
6600	33815
6600	33816
6600	33817
6600	33818
6600	33819
6600	33820
33720	33721
33720	33722
33720	33723
33721	33722
33721	33723
33722	33723
