1524	7974
1524	11026
1524	11034
1524	11040
1524	11041
1524	11042
1524	11054
1524	11058
1524	11061
1524	11068
1524	11070
1524	11075
1524	11076
1524	11081
1524	11086
1524	11088
1524	11096
1524	11097
1524	11099
1524	11100
1524	11102
1524	11103
1524	11107
1524	11108
1524	11112
1524	11114
1524	11115
1524	11117
1524	11118
1524	11123
1524	11130
1524	11131
1524	11132
1524	11147
1524	11151
1524	11153
1524	11154
1524	11158
1524	11162
1524	11166
1524	11167
1524	11169
1524	11170
1524	11171
1524	11178
1524	11180
1524	11186
1524	11188
1524	11195
1524	11197
1524	11203
1524	11204
1524	11205
1524	11213
1524	11214
1524	11216
1524	11217
1524	11218
1524	11219
1524	11220
1524	11221
1524	11231
1524	11232
1524	11233
1524	11237
1524	11239
1524	11240
1524	11242
1524	11246
1524	11251
11041	11042
11076	11221
11102	11118
11131	11132
11203	11204
11216	11217
11216	11218
11217	11218
