11164	11169
11164	11174
11165	11181
11165	11208
11167	11189
11167	11191
11189	11191
11189	11200
11189	11201
11189	11204
11189	11212
11168	11185
11168	11192
11169	11170
11166	11203
11166	11179
11190	11202
11190	11203
11185	11188
11185	11213
11172	11185
11171	11190
11171	11183
11174	11187
11191	11197
11191	11198
11191	11199
11191	11200
11181	11208
11181	11209
11181	11210
11181	11211
11175	11192
11175	11193
11175	11194
11175	11195
11175	11196
11192	11195
11192	11196
11192	11205
11193	11194
11193	11206
11193	11207
11194	11206
11194	11207
11195	11196
11196	11214
11196	11215
11196	11216
11197	11198
11197	11199
11198	11199
11200	11201
11176	11208
11176	11186
11177	11185
11177	11204
11201	11204
11201	11212
11202	11203
11202	11213
11204	11212
11180	11192
11180	11205
11180	11184
11178	11180
11178	11205
11179	11203
11182	11204
11206	11207
11209	11210
11209	11211
11210	11211
11183	11190
11173	11174
11173	11204
11173	11182
11184	11205
11186	11187
11188	11213
11214	11215
11214	11216
11215	11216
