4881	10960
4882	10962
4883	11002
4884	13933
4885	10967
4886	10968
4887	11007
4888	24574
4889	36484
4890	10970
4891	10971
4892	11005
4893	10973
4894	10975
4895	17036
4896	26689
4897	35997
4898	36001
4899	36595
4900	10986
4901	13430
4902	26385
4903	11006
4904	26328
4905	35999
4906	36167
4907	12697
4908	13551
4909	13297
4910	13613
4911	35998
4912	36528
4913	13431
4914	34745
4915	36582
4916	36761
4917	36762
4918	13688
4919	26883
4920	13550
4921	13614
4922	13643
4923	13854
4924	36571
4925	17027
4926	36622
4927	26663
4928	26666
4929	26667
4930	36197
4931	36485
4932	36486
4933	36487
4934	26396
4935	26384
4936	26386
4937	26387
4938	26388
4939	26389
4940	26390
4941	36164
4942	36165
4943	36156
4944	36397
4945	36398
4946	36882
4947	36883
4948	36884
4949	33724
4950	33739
4951	36623
4952	36236
4953	36166
4954	36169
4955	36578
4956	36624
