10960	10962
10962	11002
10962	13933
10967	10968
10967	11007
10968	11007
10968	24574
10968	36484
10970	10971
10970	11005
10971	11005
10973	10975
10973	17036
10975	17036
10975	26689
10975	35997
10975	36001
10975	36595
10986	13430
10986	26385
11002	11006
11002	26328
11005	35999
11005	36167
12697	13551
12697	26328
13297	13613
13297	35998
13297	35999
13297	36528
13430	13431
13430	34745
13430	36582
13430	36761
13430	36762
13431	13688
13431	26883
13550	13551
13613	13614
13613	36528
13614	13643
13854	36571
13933	17027
13933	36571
13933	36622
17036	26663
17036	26666
17036	26667
17036	26689
24574	36197
24574	36484
24574	36485
24574	36486
24574	36487
26328	26396
26384	26385
26384	26386
26384	26387
26384	26388
26384	26389
26384	26390
26385	26389
26385	26390
26385	36164
26385	36165
26386	36156
26387	26388
26387	36397
26387	36398
26388	36397
26388	36398
26389	26390
26390	36882
26390	36883
26390	36884
26663	26666
26663	26667
26666	26667
26689	35997
33724	33739
33724	36484
33724	36623
34745	36001
35997	36001
35997	36595
35998	35999
35998	36762
35999	36167
36001	36236
36001	36571
36001	36595
36164	36165
36164	36166
36164	36169
36164	36578
36165	36166
36165	36578
36236	36571
36397	36398
36485	36486
36485	36487
36486	36487
36622	36623
36622	36624
36761	36762
36882	36883
36882	36884
36883	36884
