0	6933
1	13406
2	13407
3	13408
4	13409
5	13410
6	13411
7	13412
8	13413
9	13414
10	13416
11	13417
12	13418
13	13419
14	13420
15	13422
16	13423
17	13424
18	13425
19	13426
20	13427
21	13428
22	13429
23	13430
24	13431
25	13432
26	13433
27	13434
28	13435
29	13436
30	13437
31	13438
32	13439
33	13440
34	13441
35	13442
36	13443
37	13444
38	13445
39	13446
40	13447
41	13448
42	13449
43	13450
44	13451
45	13452
46	13453
47	13454
48	13455
49	13456
50	13457
51	13458
52	13459
53	13460
54	13461
55	13462
56	13463
57	13464
58	13465
59	13466
60	13467
61	13468
62	13469
63	13470
