1231	2080
1232	9200
1233	9201
1234	9367
1235	9368
1236	9369
1237	12144
1238	12149
1239	16709
1240	23012
1241	23019
1242	23027
1243	23035
1244	23059
1245	23088
1246	23100
1247	23118
1248	23124
1249	23125
1250	23126
1251	23127
1252	23128
1253	23131
1254	23135
1255	23143
1256	23160
1257	23173
1258	23179
1259	23217
1260	23235
1261	23244
1262	23259
1263	23318
1264	23325
1265	23326
1266	23327
1267	23329
1268	23330
1269	23332
1270	23333
1271	23334
1272	23335
1273	23336
1274	23337
1275	23338
1276	23339
1277	23340
1278	23341
1279	23342
1280	23344
1281	23347
1282	23348
1283	23349
1284	23352
1285	23359
1286	23360
1287	23361
1288	23363
1289	23364
1290	23366
1291	23367
1292	23369
1293	23370
1294	23371
1295	23372
1296	23373
1297	23375
1298	23376
1299	23377
1300	23379
1301	23382
1302	23384
1303	23013
1304	34767
1305	34768
1306	34769
1307	23132
1308	23150
1309	31386
1310	31387
1311	31388
1312	34764
1313	34766
1314	34765
1315	34770
