2080	9200
2080	9201
2080	9367
2080	9368
2080	9369
2080	12144
2080	12149
2080	16709
2080	23012
2080	23019
2080	23027
2080	23035
2080	23059
2080	23088
2080	23100
2080	23118
2080	23124
2080	23125
2080	23126
2080	23127
2080	23128
2080	23131
2080	23135
2080	23143
2080	23160
2080	23173
2080	23179
2080	23217
2080	23235
2080	23244
2080	23259
2080	23318
2080	23325
2080	23326
2080	23327
2080	23329
2080	23330
2080	23332
2080	23333
2080	23334
2080	23335
2080	23336
2080	23337
2080	23338
2080	23339
2080	23340
2080	23341
2080	23342
2080	23344
2080	23347
2080	23348
2080	23349
2080	23352
2080	23359
2080	23360
2080	23361
2080	23363
2080	23364
2080	23366
2080	23367
2080	23369
2080	23370
2080	23371
2080	23372
2080	23373
2080	23375
2080	23376
2080	23377
2080	23379
2080	23382
2080	23384
9200	9201
9200	23327
9201	9367
9201	9369
9201	23327
9367	9368
9367	9369
9367	23327
9367	23363
9367	23364
9368	9369
9368	23363
9368	23364
9369	23327
23012	23013
23088	34767
23088	34768
23088	34769
23124	23125
23124	23126
23124	23127
23124	23128
23125	23126
23125	23127
23125	23128
23126	23127
23126	23128
23127	23128
23131	23132
23150	23217
23259	31386
23259	31387
23259	31388
23329	23359
23329	23360
23329	23361
23336	34764
23336	34766
23359	23360
23359	23361
23360	23361
23363	23364
23372	23373
31386	31387
31386	31388
31387	31388
34764	34765
34764	34766
34765	34766
34767	34768
34767	34770
34768	34770
