4687	4691
4687	4702
4691	4702
4691	4692
4691	4703
4691	4693
4691	4704
4702	4704
4688	4691
4688	4702
4689	4691
4689	4702
4690	4691
4690	4702
4692	4702
4692	4703
4692	4704
4703	4708
4703	4710
4693	4702
4704	4705
4704	4707
4704	4708
4704	4709
4694	4697
4694	4705
4697	4700
4705	4707
4705	4708
4705	4709
4695	4706
4695	4698
4695	4707
4706	4707
4706	4709
4698	4706
4698	4707
4698	4709
4698	4701
4707	4708
4707	4709
4696	4704
4696	4707
4696	4708
4696	4709
4696	4705
4708	4709
4708	4710
4699	4703
4699	4708
4699	4710
4700	4710
4701	4706
4701	4707
4701	4709
