1314	3116
1315	15285
1316	15289
1317	15290
1318	15294
1319	15300
1320	15302
1321	15305
1322	15306
1323	15308
1324	15310
1325	15313
1326	15316
1327	15318
1328	15322
1329	15328
1330	15331
1331	15332
1332	15333
1333	15334
1334	15337
1335	15339
1336	15340
1337	15341
1338	15344
1339	15349
1340	15352
1341	15353
1342	15354
1343	15358
1344	15359
1345	15360
1346	15362
1347	15364
1348	15367
1349	15368
1350	15369
1351	15370
1352	15377
1353	15378
1354	15379
1355	15380
1356	15381
1357	15384
1358	15385
1359	15386
1360	15389
1361	15390
1362	28700
1363	28701
1364	28702
1365	28703
1366	28704
1367	28705
