3116	15285
3116	15289
3116	15290
3116	15294
3116	15300
3116	15302
3116	15305
3116	15306
3116	15308
3116	15310
3116	15313
3116	15316
3116	15318
3116	15322
3116	15328
3116	15331
3116	15332
3116	15333
3116	15334
3116	15337
3116	15339
3116	15340
3116	15341
3116	15344
3116	15349
3116	15352
3116	15353
3116	15354
3116	15358
3116	15359
3116	15360
3116	15362
3116	15364
3116	15367
3116	15368
3116	15369
3116	15370
3116	15377
3116	15378
3116	15379
3116	15380
3116	15381
3116	15384
3116	15385
3116	15386
3116	15389
3116	15390
15294	15340
15294	15341
15294	15385
15331	28700
15331	28701
15331	28702
15340	15380
15341	15389
15352	15353
15353	28703
15353	28704
15353	28705
15359	15360
15362	15381
15369	15370
15377	15378
28700	28701
28700	28702
28701	28702
28703	28704
28703	28705
28704	28705
