5024	29871
5024	29872
5024	29873
5024	29874
5024	29875
5024	29876
5024	29877
5024	29878
5024	29879
5024	29880
5024	29881
5024	29882
5024	29883
5024	29884
5024	29885
5024	29886
5024	29887
5024	29888
5024	29889
5024	29890
5024	29891
5024	29892
5024	29893
5024	29894
5024	29895
5024	29896
5024	29897
5024	29900
5024	29901
5024	29902
5024	29903
5024	29904
5024	29905
5024	29906
5024	29907
5024	29908
5024	29909
5024	29910
5024	29911
5024	29916
5024	29917
5024	29918
5024	29920
5024	29921
5024	29922
5024	29923
5024	29924
5024	29925
5024	29926
5024	29927
5024	29928
5024	29932
5024	29933
5024	29934
5024	29935
5024	29936
5024	29937
5024	29938
5024	29939
5024	29940
5024	29943
5024	29944
5024	29945
5024	29946
5024	29947
5024	29948
5024	29949
5024	29950
5024	29951
5024	29952
5024	29953
5024	29954
5024	29955
5024	29956
5024	29957
5024	29958
5024	29959
5024	29960
5024	29961
5024	29962
5024	29963
5024	29964
5024	29965
5024	29966
5024	29967
5024	29968
5024	29969
5024	29970
5024	29971
5024	29972
5024	29973
5024	29974
5024	29975
5024	29977
5024	29978
5024	29979
5024	29980
5024	29981
5024	29982
5024	29983
5024	29984
5024	29985
5024	29989
5024	29990
5024	29991
5024	29992
5024	29993
5024	29994
5024	29995
5024	29996
5024	29997
5024	29998
5024	29999
5024	30000
5024	30001
5024	30002
5024	30003
5024	30004
5024	30005
5024	30006
5024	30007
5024	30009
5024	30010
5024	30011
5024	30012
5024	30013
5024	30014
5024	30015
5024	30016
5024	30017
5024	30018
5024	30019
5024	30020
5024	30021
5024	30022
5024	30023
5024	30024
5024	30026
5024	30027
5024	30028
5024	30029
5024	30030
5024	30031
5024	30032
5024	30033
5024	30034
5024	30035
5024	30036
5024	30037
5024	30038
5024	30039
5024	30040
5024	30041
5024	30042
5024	30043
5024	30046
5024	30047
5024	30048
5024	30049
5024	30050
5024	30051
5024	30052
5024	30053
5024	30054
5024	30055
5024	30056
5024	30057
5024	30058
5024	30061
5024	30062
5024	30063
5024	30064
5024	30065
5024	30066
5024	30067
5024	30068
5024	30069
5024	30070
5024	30071
5024	30072
5024	30073
5024	30074
5024	30075
5024	30076
5024	30077
5024	30078
5024	30079
5024	30080
5024	30081
5024	30082
5024	30083
5024	30084
5024	30085
5024	30086
5024	30087
5024	30088
5024	30089
5024	30090
5024	30091
5024	30092
5024	30093
5024	30094
5024	30095
5024	30096
5024	30097
5024	30098
5024	30099
5024	30100
5024	30101
5024	30102
5024	30103
5024	30104
5024	30105
5024	30106
5024	30107
5024	30108
5024	30109
5024	30110
5024	30111
5024	30112
5024	30113
5024	30114
5024	30115
5024	30116
5024	30117
5024	30118
5024	30119
5024	30120
5024	30121
5024	30122
5024	30123
5024	30124
5024	30125
5024	30126
5024	30127
5024	30128
5024	30129
5024	30130
5024	30131
5024	30132
5024	30133
5024	30134
5024	30135
5024	30136
5024	30137
5024	30138
5024	30139
5024	30140
5024	30141
5024	30142
5024	30143
5024	30144
5024	30145
5024	30146
5024	30147
5024	30148
5024	30149
5024	30150
5024	30151
5024	30152
5024	30153
5024	30154
5024	30155
5024	30157
5024	30158
5024	30159
5024	30160
5024	30162
5024	30163
5024	30164
5024	30165
5024	30166
5024	30167
5024	30168
5024	30169
5024	30170
5024	30171
5024	30172
5024	30173
5024	30174
5024	30175
5024	30176
5024	30177
5024	30178
5024	30179
5024	30181
5024	30182
5024	30183
5024	30184
5024	30185
5024	30186
5024	30187
5024	30188
5024	30189
5024	30190
5024	30191
5024	30192
5024	30194
5024	30195
5024	30196
5024	30197
5024	30201
5024	30203
5024	30204
5024	30205
5024	30206
5024	30207
5024	30208
5024	30209
5024	30210
5024	30211
5024	30212
5024	30213
5024	30214
5024	30215
5024	30216
5024	30217
5024	30218
5024	30219
5024	30220
5024	30221
5024	30222
5024	30223
5024	30224
5024	30225
5024	30226
5024	30227
5024	30228
5024	30229
5024	30230
5024	30231
5024	30232
5024	30233
5024	30234
5024	30235
5024	30236
5024	30237
5024	30238
5024	30239
5024	30240
5024	30241
5024	30242
5024	30243
5024	30244
5024	30245
5024	30246
5024	30247
5024	30248
5024	30249
5024	30250
5024	30251
5024	30252
5024	30253
5024	30254
5024	30255
5024	30256
5024	30257
5024	30258
5024	30259
5024	30260
5024	30261
5024	30262
5024	30263
5024	30266
5024	30267
5024	30268
5024	30269
5024	30271
5024	30272
5024	30273
5024	30274
5024	30275
5024	30276
5024	30277
5024	30278
5024	30279
5024	30280
5024	30281
5024	30282
5024	30283
5024	30284
5024	30285
5024	30286
5024	30287
5024	30288
5024	30289
5024	30290
5024	30291
5024	30292
5024	30293
5024	30294
5024	30295
5024	30296
5024	30297
5024	30298
5024	30299
5024	30300
5024	30301
5024	30302
5024	30303
5024	30304
5024	30305
5024	30306
5024	30307
5024	30308
5024	30309
5024	30310
5024	30311
5024	30312
5024	30313
5024	30314
5024	30315
5024	30316
5024	30317
5024	30318
5024	30319
5024	30324
5024	30325
5024	30326
5024	30327
5024	30328
5024	30329
5024	30330
5024	30331
5024	30332
5024	30333
5024	30334
5024	30335
5024	30336
5024	30338
5024	30339
5024	30340
5024	30341
5024	30342
5024	30343
5024	30344
5024	30345
5024	30346
5024	30347
5024	30348
5024	30349
5024	30350
5024	30351
5024	30352
5024	30353
5024	30354
5024	30355
5024	30357
5024	30358
5024	30359
5024	30360
5024	30361
5024	30362
5024	30363
5024	30364
5024	30365
5024	30366
5024	30367
5024	30368
5024	30369
5024	30370
5024	30371
5024	30372
5024	30373
5024	30374
5024	30375
5024	30376
5024	30377
5024	30378
5024	30379
5024	30380
5024	30381
5024	30382
5024	30386
5024	30387
5024	30388
5024	30389
5024	30390
5024	30391
5024	30392
5024	30393
5024	30394
5024	30395
5024	30396
5024	30397
5024	30398
5024	30399
5024	30400
5024	30401
5024	30402
5024	30403
5024	30404
5024	30405
5024	30406
5024	30407
5024	30408
5024	30409
5024	30410
5024	30411
5024	30412
5024	30413
5024	30414
5024	30415
5024	30416
5024	30417
5024	30418
5024	30419
5024	30420
5024	30421
5024	30422
5024	30423
5024	30424
5024	30425
5024	30426
5024	30427
5024	30428
5024	30429
5024	30430
5024	30431
5024	30432
5024	30433
5024	30434
5024	30435
5024	30436
5024	30437
5024	30438
5024	30439
5024	30440
5024	30441
5024	30442
5024	30443
5024	30444
5024	30445
5024	30446
5024	30447
5024	30448
5024	30449
5024	30450
5024	30451
5024	30452
5024	30453
5024	30454
5024	30455
5024	30456
5024	30457
5024	30458
5024	30459
5024	30460
5024	30461
5024	30462
5024	30463
5024	30464
5024	30465
5024	30466
5024	30467
5024	30468
5024	30469
5024	30470
5024	30471
5024	30472
5024	30473
5024	30474
5024	30475
5024	30476
5024	30477
5024	30478
5024	30479
5024	30480
5024	30481
5024	30482
5024	30483
5024	30484
5024	30485
5024	30486
5024	30487
5024	30488
5024	30489
5024	30492
5024	30493
5024	30494
5024	30495
5024	30496
5024	30497
5024	30498
5024	30499
5024	30500
5024	30501
5024	30502
5024	30503
5024	30504
5024	30505
5024	30506
5024	30507
5024	30508
5024	30509
5024	30510
5024	30511
5024	30512
5024	30513
5024	30514
5024	30515
5024	30516
5024	30517
5024	30518
5024	30519
5024	30520
5024	30521
5024	30522
5024	30523
5024	30524
5024	30525
5024	30526
5024	30527
5024	30528
5024	30529
5024	30530
5024	30531
5024	30532
5024	30533
5024	30534
5024	30535
5024	30536
5024	30537
5024	30538
5024	30539
5024	30540
5024	30541
5024	30542
5024	30543
5024	30544
5024	30545
5024	30546
5024	30547
5024	30548
5024	30549
5024	30550
5024	30551
5024	30552
5024	30553
5024	30554
5024	30555
5024	30556
5024	30557
5024	30558
5024	30559
5024	30560
5024	30561
5024	30562
5024	30563
5024	30564
5024	30565
5024	30566
5024	30567
5024	30568
5024	30569
5024	30570
5024	30571
5024	30572
5024	30573
5024	30574
5024	30575
5024	30576
5024	30577
5024	30578
5024	30579
5024	30580
5024	30581
5024	30582
5024	30584
5024	30585
5024	30586
5024	30587
5024	30588
5024	30589
5024	30590
5024	30594
5024	30595
5024	30596
5024	30597
5024	30598
5024	30599
5024	30600
5024	30601
5024	30602
5024	30603
5024	30604
5024	30605
5024	30606
5024	30607
5024	30608
5024	30609
5024	30610
5024	30611
5024	30612
5024	30613
5024	30614
5024	30615
5024	30616
5024	30617
5024	30618
5024	30619
5024	30620
5024	30621
5024	30622
5024	30623
5024	30624
5024	30625
5024	30626
5024	30627
5024	30628
5024	30629
5024	30630
5024	30631
5024	30632
5024	30633
5024	30634
5024	30635
5024	30636
5024	30637
5024	30638
5024	30639
5024	30640
5024	30641
5024	30642
5024	30643
5024	30644
5024	30645
5024	30646
5024	30647
5024	30648
5024	30649
5024	30650
5024	30651
5024	30652
5024	30653
5024	30654
5024	30655
5024	30656
5024	30657
5024	30658
5024	30659
5024	30660
5024	30661
5024	30662
5024	30665
5024	30666
5024	30667
5024	30669
5024	30670
5024	30671
5024	30672
5024	30673
5024	30674
5024	30675
5024	30676
5024	30677
5024	30678
5024	30679
5024	30680
5024	30681
5024	30682
5024	30683
5024	30684
5024	30685
5024	30686
5024	30687
5024	30688
5024	30689
5024	30690
5024	30691
5024	30692
5024	30693
5024	30694
5024	30695
5024	30696
5024	30697
5024	30698
5024	30699
5024	30700
5024	30701
5024	30702
5024	30703
5024	30704
5024	30705
5024	30706
5024	30707
5024	30708
5024	30709
5024	30710
5024	30711
5024	30712
5024	30713
5024	30714
5024	30715
5024	30716
5024	30717
5024	30718
5024	30719
5024	30720
5024	30721
5024	30722
5024	30723
5024	30724
5024	30725
5024	30726
5024	30727
5024	30728
5024	30729
5024	30730
5024	30731
5024	30732
5024	30733
5024	30734
5024	30735
5024	30736
5024	30737
5024	30738
5024	30739
5024	30740
5024	30741
5024	30742
5024	30743
5024	30744
5024	30745
5024	30746
5024	30747
5024	30748
5024	30749
5024	30750
5024	30751
5024	30752
5024	30753
5024	30754
5024	30755
5024	30756
5024	30757
5024	30758
5024	30759
5024	30760
5024	30761
5024	30762
5024	30763
5024	30764
5024	30765
5024	30766
5024	30767
5024	30768
5024	30769
5024	30770
5024	30771
5024	30772
5024	30773
5024	30774
5024	30775
5024	30776
5024	30777
5024	30778
5024	30779
5024	30780
5024	30781
5024	30782
5024	30783
5024	30784
5024	30785
5024	30786
5024	30788
5024	30789
5024	30790
5024	30791
5024	30792
5024	30793
5024	30794
5024	30795
5024	30796
5024	30797
5024	30798
5024	30799
5024	30800
5024	30801
5024	30802
5024	30803
5024	30804
5024	30805
5024	30806
5024	30807
5024	30808
5024	30809
5024	30810
5024	30811
5024	30812
5024	30813
5024	30814
5024	30815
5024	30816
5024	30817
5024	30818
5024	30819
5024	30820
5024	30821
5024	30822
5024	30823
5024	30824
5024	30825
5024	30826
5024	30827
5024	30828
5024	30829
5024	30830
5024	30831
5024	30832
5024	30833
5024	30834
5024	30835
5024	30836
5024	30837
5024	30838
5024	30839
5024	30840
5024	30841
5024	30842
5024	30843
5024	30844
5024	30845
5024	30846
5024	30847
5024	30848
5024	30849
5024	30850
5024	30851
5024	30852
5024	30853
5024	30854
5024	30855
5024	30856
5024	30857
5024	30858
5024	30859
5024	30860
5024	30861
5024	30862
5024	30863
5024	30864
5024	30865
5024	30866
5024	30867
5024	30868
5024	30869
5024	30870
5024	30871
5024	30872
5024	30873
5024	30874
5024	30875
5024	30876
5024	30877
5024	30878
5024	30879
5024	30880
5024	30881
5024	30882
5024	30883
5024	30884
5024	30885
5024	30886
5024	30887
5024	30888
5024	30889
5024	30890
5024	30891
5024	30892
5024	30893
5024	30894
5024	30895
5024	30896
5024	30897
5024	30898
5024	30899
5024	30900
5024	30901
5024	30902
5024	30903
5024	30904
5024	30905
5024	30906
5024	30907
5024	30908
5024	30909
5024	30910
5024	30911
5024	30912
5024	30913
5024	30914
5024	30915
5024	30916
5024	30917
5024	30918
5024	30919
5024	30920
5024	30921
5024	30922
5024	30923
5024	30924
5024	30925
5024	30926
5024	30927
5024	30928
5024	30929
5024	30930
5024	30931
5024	30932
5024	30933
5024	30934
5024	30935
5024	30936
5024	30937
5024	30938
5024	30939
5024	30940
5024	30941
5024	30942
5024	30943
5024	30944
5024	30945
5024	30946
5024	30947
5024	30948
5024	30949
5024	30950
5024	30951
5024	30952
5024	30953
5024	30954
5024	30955
5024	30956
5024	30957
5024	30958
5024	30959
5024	30960
5024	30961
5024	30962
5024	30963
5024	30964
5024	30965
5024	30966
5024	30967
5024	30968
5024	30969
5024	30970
5024	30971
5024	30972
5024	30973
5024	30974
5024	30975
5024	30976
5024	30977
5024	30978
5024	30979
5024	30980
5024	30981
5024	30982
5024	30983
5024	30984
5024	30985
5024	30986
5024	30987
5024	30988
5024	30989
5024	30990
5024	30991
5024	30992
5024	30993
5024	30994
5024	30995
5024	30996
5024	30997
5024	30998
5024	30999
5024	31000
5024	31001
5024	31002
5024	31003
5024	31004
5024	31005
5024	31006
5024	31007
5024	31008
5024	31009
5024	31010
5024	31011
5024	31012
5024	31013
5024	31014
5024	31015
5024	31016
5024	31017
5024	31018
5024	31019
5024	31020
5024	31021
5024	31022
5024	31023
5024	31024
5024	31025
5024	31026
5024	31027
5024	31028
5024	31029
5024	31030
5024	31031
5024	31032
5024	31033
5024	31034
5024	31035
5024	31036
5024	31037
5024	31038
5024	31039
5024	31040
5024	31041
5024	31042
5024	31043
5024	31044
5024	31045
5024	31046
5024	31047
5024	31048
5024	31049
5024	31050
5024	31051
5024	31052
5024	31053
5024	31054
5024	31055
5024	31056
5024	31057
5024	31058
5024	31059
5024	31060
5024	31061
5024	31062
5024	31063
5024	31064
5024	31065
5024	31066
5024	31069
5024	31070
5024	31071
5024	31072
5024	31073
5024	31074
5024	31075
5024	31076
5024	31077
5024	31078
5024	31079
5024	31080
5024	31081
5024	31082
5024	31083
5024	31084
5024	31085
5024	31086
5024	31087
5024	31088
5024	31089
5024	31090
5024	31091
5024	31092
5024	31093
5024	31094
5024	31095
5024	31096
5024	31097
5024	31098
5024	31099
5024	31100
5024	31104
5024	31105
5024	31106
5024	31107
5024	31108
5024	31109
5024	31110
5024	31111
5024	31112
5024	31113
5024	31114
5024	31115
5024	31116
5024	31117
5024	31118
5024	31120
5024	31121
5024	31122
5024	31123
5024	31124
5024	31125
5024	31126
5024	31127
5024	31128
5024	31129
5024	31130
5024	31131
5024	31132
5024	31133
5024	31134
5024	31135
5024	31136
5024	31137
5024	31138
5024	31139
5024	31140
5024	31141
5024	31142
5024	31143
5024	31144
5024	31145
5024	31146
5024	31147
5024	31148
5024	31149
5024	31150
29877	29878
29877	30033
30087	30088
30087	30089
30087	30090
30088	30089
30088	30090
30089	30090
30114	30115
30122	30123
30159	30160
30159	31414
30387	30388
30432	30433
30443	30444
30443	30445
30443	30446
30444	30445
30444	30446
30445	30446
30492	30493
30642	30643
30642	30644
30643	30644
30649	31575
30649	31576
30839	30840
30839	31545
30839	31546
30839	31547
30843	30844
31029	31030
31046	31047
31545	31546
31545	31547
31546	31547
31575	31576
5024	29871
5024	29872
5024	29873
5024	29874
5024	29875
5024	29876
5024	29877
5024	29878
5024	29879
5024	29880
5024	29881
5024	29882
5024	29883
5024	29884
5024	29885
5024	29886
5024	29887
5024	29888
5024	29889
5024	29890
5024	29891
5024	29892
5024	29893
5024	29894
5024	29895
5024	29896
5024	29897
5024	29900
5024	29901
5024	29902
5024	29903
5024	29904
5024	29905
5024	29906
5024	29907
5024	29908
5024	29909
5024	29910
5024	29911
5024	29916
5024	29917
5024	29918
5024	29920
5024	29921
5024	29922
5024	29923
5024	29924
5024	29925
5024	29926
5024	29927
5024	29928
5024	29932
5024	29933
5024	29934
5024	29935
5024	29936
5024	29937
5024	29938
5024	29939
5024	29940
5024	29943
5024	29944
5024	29945
5024	29946
5024	29947
5024	29948
5024	29949
5024	29950
5024	29951
5024	29952
5024	29953
5024	29954
5024	29955
5024	29956
5024	29957
5024	29958
5024	29959
5024	29960
5024	29961
5024	29962
5024	29963
5024	29964
5024	29965
5024	29966
5024	29967
5024	29968
5024	29969
5024	29970
5024	29971
5024	29972
5024	29973
5024	29974
5024	29975
5024	29977
5024	29978
5024	29979
5024	29980
5024	29981
5024	29982
5024	29983
5024	29984
5024	29985
5024	29989
5024	29990
5024	29991
5024	29992
5024	29993
5024	29994
5024	29995
5024	29996
5024	29997
5024	29998
5024	29999
5024	30000
5024	30001
5024	30002
5024	30003
5024	30004
5024	30005
5024	30006
5024	30007
5024	30009
5024	30010
5024	30011
5024	30012
5024	30013
5024	30014
5024	30015
5024	30016
5024	30017
5024	30018
5024	30019
5024	30020
5024	30021
5024	30022
5024	30023
5024	30024
5024	30026
5024	30027
5024	30028
5024	30029
5024	30030
5024	30031
5024	30032
5024	30033
5024	30034
5024	30035
5024	30036
5024	30037
5024	30038
5024	30039
5024	30040
5024	30041
5024	30042
5024	30043
5024	30046
5024	30047
5024	30048
5024	30049
5024	30050
5024	30051
5024	30052
5024	30053
5024	30054
5024	30055
5024	30056
5024	30057
5024	30058
5024	30061
5024	30062
5024	30063
5024	30064
5024	30065
5024	30066
5024	30067
5024	30068
5024	30069
5024	30070
5024	30071
5024	30072
5024	30073
5024	30074
5024	30075
5024	30076
5024	30077
5024	30078
5024	30079
5024	30080
5024	30081
5024	30082
5024	30083
5024	30084
5024	30085
5024	30086
5024	30087
5024	30088
5024	30089
5024	30090
5024	30091
5024	30092
5024	30093
5024	30094
5024	30095
5024	30096
5024	30097
5024	30098
5024	30099
5024	30100
5024	30101
5024	30102
5024	30103
5024	30104
5024	30105
5024	30106
5024	30107
5024	30108
5024	30109
5024	30110
5024	30111
5024	30112
5024	30113
5024	30114
5024	30115
5024	30116
5024	30117
5024	30118
5024	30119
5024	30120
5024	30121
5024	30122
5024	30123
5024	30124
5024	30125
5024	30126
5024	30127
5024	30128
5024	30129
5024	30130
5024	30131
5024	30132
5024	30133
5024	30134
5024	30135
5024	30136
5024	30137
5024	30138
5024	30139
5024	30140
5024	30141
5024	30142
5024	30143
5024	30144
5024	30145
5024	30146
5024	30147
5024	30148
5024	30149
5024	30150
5024	30151
5024	30152
5024	30153
5024	30154
5024	30155
5024	30157
5024	30158
5024	30159
5024	30160
5024	30162
5024	30163
5024	30164
5024	30165
5024	30166
5024	30167
5024	30168
5024	30169
5024	30170
5024	30171
5024	30172
5024	30173
5024	30174
5024	30175
5024	30176
5024	30177
5024	30178
5024	30179
5024	30181
5024	30182
5024	30183
5024	30184
5024	30185
5024	30186
5024	30187
5024	30188
5024	30189
5024	30190
5024	30191
5024	30192
5024	30194
5024	30195
5024	30196
5024	30197
5024	30201
5024	30203
5024	30204
5024	30205
5024	30206
5024	30207
5024	30208
5024	30209
5024	30210
5024	30211
5024	30212
5024	30213
5024	30214
5024	30215
5024	30216
5024	30217
5024	30218
5024	30219
5024	30220
5024	30221
5024	30222
5024	30223
5024	30224
5024	30225
5024	30226
5024	30227
5024	30228
5024	30229
5024	30230
5024	30231
5024	30232
5024	30233
5024	30234
5024	30235
5024	30236
5024	30237
5024	30238
5024	30239
5024	30240
5024	30241
5024	30242
5024	30243
5024	30244
5024	30245
5024	30246
5024	30247
5024	30248
5024	30249
5024	30250
5024	30251
5024	30252
5024	30253
5024	30254
5024	30255
5024	30256
5024	30257
5024	30258
5024	30259
5024	30260
5024	30261
5024	30262
5024	30263
5024	30266
5024	30267
5024	30268
5024	30269
5024	30271
5024	30272
5024	30273
5024	30274
5024	30275
5024	30276
5024	30277
5024	30278
5024	30279
5024	30280
5024	30281
5024	30282
5024	30283
5024	30284
5024	30285
5024	30286
5024	30287
5024	30288
5024	30289
5024	30290
5024	30291
5024	30292
5024	30293
5024	30294
5024	30295
5024	30296
5024	30297
5024	30298
5024	30299
5024	30300
5024	30301
5024	30302
5024	30303
5024	30304
5024	30305
5024	30306
5024	30307
5024	30308
5024	30309
5024	30310
5024	30311
5024	30312
5024	30313
5024	30314
5024	30315
5024	30316
5024	30317
5024	30318
5024	30319
5024	30324
5024	30325
5024	30326
5024	30327
5024	30328
5024	30329
5024	30330
5024	30331
5024	30332
5024	30333
5024	30334
5024	30335
5024	30336
5024	30338
5024	30339
5024	30340
5024	30341
5024	30342
5024	30343
5024	30344
5024	30345
5024	30346
5024	30347
5024	30348
5024	30349
5024	30350
5024	30351
5024	30352
5024	30353
5024	30354
5024	30355
5024	30357
5024	30358
5024	30359
5024	30360
5024	30361
5024	30362
5024	30363
5024	30364
5024	30365
5024	30366
5024	30367
5024	30368
5024	30369
5024	30370
5024	30371
5024	30372
5024	30373
5024	30374
5024	30375
5024	30376
5024	30377
5024	30378
5024	30379
5024	30380
5024	30381
5024	30382
5024	30386
5024	30387
5024	30388
5024	30389
5024	30390
5024	30391
5024	30392
5024	30393
5024	30394
5024	30395
5024	30396
5024	30397
5024	30398
5024	30399
5024	30400
5024	30401
5024	30402
5024	30403
5024	30404
5024	30405
5024	30406
5024	30407
5024	30408
5024	30409
5024	30410
5024	30411
5024	30412
5024	30413
5024	30414
5024	30415
5024	30416
5024	30417
5024	30418
5024	30419
5024	30420
5024	30421
5024	30422
5024	30423
5024	30424
5024	30425
5024	30426
5024	30427
5024	30428
5024	30429
5024	30430
5024	30431
5024	30432
5024	30433
5024	30434
5024	30435
5024	30436
5024	30437
5024	30438
5024	30439
5024	30440
5024	30441
5024	30442
5024	30443
5024	30444
5024	30445
5024	30446
5024	30447
5024	30448
5024	30449
5024	30450
5024	30451
5024	30452
5024	30453
5024	30454
5024	30455
5024	30456
5024	30457
5024	30458
5024	30459
5024	30460
5024	30461
5024	30462
5024	30463
5024	30464
5024	30465
5024	30466
5024	30467
5024	30468
5024	30469
5024	30470
5024	30471
5024	30472
5024	30473
5024	30474
5024	30475
5024	30476
5024	30477
5024	30478
5024	30479
5024	30480
5024	30481
5024	30482
5024	30483
5024	30484
5024	30485
5024	30486
5024	30487
5024	30488
5024	30489
5024	30492
5024	30493
5024	30494
5024	30495
5024	30496
5024	30497
5024	30498
5024	30499
5024	30500
5024	30501
5024	30502
5024	30503
5024	30504
5024	30505
5024	30506
5024	30507
5024	30508
5024	30509
5024	30510
5024	30511
5024	30512
5024	30513
5024	30514
5024	30515
5024	30516
5024	30517
5024	30518
5024	30519
5024	30520
5024	30521
5024	30522
5024	30523
5024	30524
5024	30525
5024	30526
5024	30527
5024	30528
5024	30529
5024	30530
5024	30531
5024	30532
5024	30533
5024	30534
5024	30535
5024	30536
5024	30537
5024	30538
5024	30539
5024	30540
5024	30541
5024	30542
5024	30543
5024	30544
5024	30545
5024	30546
5024	30547
5024	30548
5024	30549
5024	30550
5024	30551
5024	30552
5024	30553
5024	30554
5024	30555
5024	30556
5024	30557
5024	30558
5024	30559
5024	30560
5024	30561
5024	30562
5024	30563
5024	30564
5024	30565
5024	30566
5024	30567
5024	30568
5024	30569
5024	30570
5024	30571
5024	30572
5024	30573
5024	30574
5024	30575
5024	30576
5024	30577
5024	30578
5024	30579
5024	30580
5024	30581
5024	30582
5024	30584
5024	30585
5024	30586
5024	30587
5024	30588
5024	30589
5024	30590
5024	30594
5024	30595
5024	30596
5024	30597
5024	30598
5024	30599
5024	30600
5024	30601
5024	30602
5024	30603
5024	30604
5024	30605
5024	30606
5024	30607
5024	30608
5024	30609
5024	30610
5024	30611
5024	30612
5024	30613
5024	30614
5024	30615
5024	30616
5024	30617
5024	30618
5024	30619
5024	30620
5024	30621
5024	30622
5024	30623
5024	30624
5024	30625
5024	30626
5024	30627
5024	30628
5024	30629
5024	30630
5024	30631
5024	30632
5024	30633
5024	30634
5024	30635
5024	30636
5024	30637
5024	30638
5024	30639
5024	30640
5024	30641
5024	30642
5024	30643
5024	30644
5024	30645
5024	30646
5024	30647
5024	30648
5024	30649
5024	30650
5024	30651
5024	30652
5024	30653
5024	30654
5024	30655
5024	30656
5024	30657
5024	30658
5024	30659
5024	30660
5024	30661
5024	30662
5024	30665
5024	30666
5024	30667
5024	30669
5024	30670
5024	30671
5024	30672
5024	30673
5024	30674
5024	30675
5024	30676
5024	30677
5024	30678
5024	30679
5024	30680
5024	30681
5024	30682
5024	30683
5024	30684
5024	30685
5024	30686
5024	30687
5024	30688
5024	30689
5024	30690
5024	30691
5024	30692
5024	30693
5024	30694
5024	30695
5024	30696
5024	30697
5024	30698
5024	30699
5024	30700
5024	30701
5024	30702
5024	30703
5024	30704
5024	30705
5024	30706
5024	30707
5024	30708
5024	30709
5024	30710
5024	30711
5024	30712
5024	30713
5024	30714
5024	30715
5024	30716
5024	30717
5024	30718
5024	30719
5024	30720
5024	30721
5024	30722
5024	30723
5024	30724
5024	30725
5024	30726
5024	30727
5024	30728
5024	30729
5024	30730
5024	30731
5024	30732
5024	30733
5024	30734
5024	30735
5024	30736
5024	30737
5024	30738
5024	30739
5024	30740
5024	30741
5024	30742
5024	30743
5024	30744
5024	30745
5024	30746
5024	30747
5024	30748
5024	30749
5024	30750
5024	30751
5024	30752
5024	30753
5024	30754
5024	30755
5024	30756
5024	30757
5024	30758
5024	30759
5024	30760
5024	30761
5024	30762
5024	30763
5024	30764
5024	30765
5024	30766
5024	30767
5024	30768
5024	30769
5024	30770
5024	30771
5024	30772
5024	30773
5024	30774
5024	30775
5024	30776
5024	30777
5024	30778
5024	30779
5024	30780
5024	30781
5024	30782
5024	30783
5024	30784
5024	30785
5024	30786
5024	30788
5024	30789
5024	30790
5024	30791
5024	30792
5024	30793
5024	30794
5024	30795
5024	30796
5024	30797
5024	30798
5024	30799
5024	30800
5024	30801
5024	30802
5024	30803
5024	30804
5024	30805
5024	30806
5024	30807
5024	30808
5024	30809
5024	30810
5024	30811
5024	30812
5024	30813
5024	30814
5024	30815
5024	30816
5024	30817
5024	30818
5024	30819
5024	30820
5024	30821
5024	30822
5024	30823
5024	30824
5024	30825
5024	30826
5024	30827
5024	30828
5024	30829
5024	30830
5024	30831
5024	30832
5024	30833
5024	30834
5024	30835
5024	30836
5024	30837
5024	30838
5024	30839
5024	30840
5024	30841
5024	30842
5024	30843
5024	30844
5024	30845
5024	30846
5024	30847
5024	30848
5024	30849
5024	30850
5024	30851
5024	30852
5024	30853
5024	30854
5024	30855
5024	30856
5024	30857
5024	30858
5024	30859
5024	30860
5024	30861
5024	30862
5024	30863
5024	30864
5024	30865
5024	30866
5024	30867
5024	30868
5024	30869
5024	30870
5024	30871
5024	30872
5024	30873
5024	30874
5024	30875
5024	30876
5024	30877
5024	30878
5024	30879
5024	30880
5024	30881
5024	30882
5024	30883
5024	30884
5024	30885
5024	30886
5024	30887
5024	30888
5024	30889
5024	30890
5024	30891
5024	30892
5024	30893
5024	30894
5024	30895
5024	30896
5024	30897
5024	30898
5024	30899
5024	30900
5024	30901
5024	30902
5024	30903
5024	30904
5024	30905
5024	30906
5024	30907
5024	30908
5024	30909
5024	30910
5024	30911
5024	30912
5024	30913
5024	30914
5024	30915
5024	30916
5024	30917
5024	30918
5024	30919
5024	30920
5024	30921
5024	30922
5024	30923
5024	30924
5024	30925
5024	30926
5024	30927
5024	30928
5024	30929
5024	30930
5024	30931
5024	30932
5024	30933
5024	30934
5024	30935
5024	30936
5024	30937
5024	30938
5024	30939
5024	30940
5024	30941
5024	30942
5024	30943
5024	30944
5024	30945
5024	30946
5024	30947
5024	30948
5024	30949
5024	30950
5024	30951
5024	30952
5024	30953
5024	30954
5024	30955
5024	30956
5024	30957
5024	30958
5024	30959
5024	30960
5024	30961
5024	30962
5024	30963
5024	30964
5024	30965
5024	30966
5024	30967
5024	30968
5024	30969
5024	30970
5024	30971
5024	30972
5024	30973
5024	30974
5024	30975
5024	30976
5024	30977
5024	30978
5024	30979
5024	30980
5024	30981
5024	30982
5024	30983
5024	30984
5024	30985
5024	30986
5024	30987
5024	30988
5024	30989
5024	30990
5024	30991
5024	30992
5024	30993
5024	30994
5024	30995
5024	30996
5024	30997
5024	30998
5024	30999
5024	31000
5024	31001
5024	31002
5024	31003
5024	31004
5024	31005
5024	31006
5024	31007
5024	31008
5024	31009
5024	31010
5024	31011
5024	31012
5024	31013
5024	31014
5024	31015
5024	31016
5024	31017
5024	31018
5024	31019
5024	31020
5024	31021
5024	31022
5024	31023
5024	31024
5024	31025
5024	31026
5024	31027
5024	31028
5024	31029
5024	31030
5024	31031
5024	31032
5024	31033
5024	31034
5024	31035
5024	31036
5024	31037
5024	31038
5024	31039
5024	31040
5024	31041
5024	31042
5024	31043
5024	31044
5024	31045
5024	31046
5024	31047
5024	31048
5024	31049
5024	31050
5024	31051
5024	31052
5024	31053
5024	31054
5024	31055
5024	31056
5024	31057
5024	31058
5024	31059
5024	31060
5024	31061
5024	31062
5024	31063
5024	31064
5024	31065
5024	31066
5024	31069
5024	31070
5024	31071
5024	31072
5024	31073
5024	31074
5024	31075
5024	31076
5024	31077
5024	31078
5024	31079
5024	31080
5024	31081
5024	31082
5024	31083
5024	31084
5024	31085
5024	31086
5024	31087
5024	31088
5024	31089
5024	31090
5024	31091
5024	31092
5024	31093
5024	31094
5024	31095
5024	31096
5024	31097
5024	31098
5024	31099
5024	31100
5024	31104
5024	31105
5024	31106
5024	31107
5024	31108
5024	31109
5024	31110
5024	31111
5024	31112
5024	31113
5024	31114
5024	31115
5024	31116
5024	31117
5024	31118
5024	31120
5024	31121
5024	31122
5024	31123
5024	31124
5024	31125
5024	31126
5024	31127
5024	31128
5024	31129
5024	31130
5024	31131
5024	31132
5024	31133
5024	31134
5024	31135
5024	31136
5024	31137
5024	31138
5024	31139
5024	31140
5024	31141
5024	31142
5024	31143
5024	31144
5024	31145
5024	31146
5024	31147
5024	31148
5024	31149
5024	31150
29877	29878
29877	30033
30087	30088
30087	30089
30087	30090
30088	30089
30088	30090
30089	30090
30114	30115
30122	30123
30159	30160
30159	31414
30387	30388
30432	30433
30443	30444
30443	30445
30443	30446
30444	30445
30444	30446
30445	30446
30492	30493
30642	30643
30642	30644
30643	30644
30649	31575
30649	31576
30839	30840
30839	31545
30839	31546
30839	31547
30843	30844
31029	31030
31046	31047
31545	31546
31545	31547
31546	31547
31575	31576
