654	5097
655	7605
656	14936
657	19054
658	26220
659	26221
660	26222
661	26223
662	26225
663	26226
664	26227
665	26228
666	26229
667	26231
668	26232
669	26234
670	26235
671	26238
672	26239
673	26240
674	26241
675	26242
676	26243
677	26244
678	26245
679	26246
680	26247
681	26249
682	26250
683	26251
684	26252
685	26253
686	26254
687	26255
688	26256
689	26257
690	26258
691	26259
692	26261
693	26262
694	26263
695	26264
696	26265
697	26266
698	26267
699	26268
700	26269
701	26270
702	26271
703	26274
704	26275
705	26276
706	26277
707	26278
708	26297
709	26298
710	26299
711	26300
712	26301
713	26295
