76	1374
76	1378
76	1386
76	1400
76	1417
76	1418
76	1440
76	1444
76	1446
76	1450
76	1456
76	1462
76	1480
76	1489
76	1497
76	1512
76	1518
76	1522
76	1530
76	1536
76	1540
76	1556
76	1557
76	1561
76	1577
76	1580
76	1582
76	1589
76	1610
76	1627
76	1636
76	1638
76	1644
76	1671
76	1694
76	1701
76	1715
76	1719
76	1724
76	1726
76	1731
76	1732
76	1733
76	1750
76	1751
76	1758
76	1766
76	1773
76	1774
76	1779
1418	31360
1418	31361
1418	31363
1418	31365
1418	31367
1418	31370
1418	31371
1497	31372
1530	27819
1577	31359
1577	31360
1577	31361
1577	31362
1731	1732
1731	1773
1731	1774
1773	1774
27817	27818
27817	27819
27817	27820
27818	27819
27818	27820
27819	27820
31359	31360
31359	31361
31359	31362
31359	31363
31359	31364
31360	31361
31360	31362
31360	31363
31360	31364
31360	31365
31361	31362
31361	31363
31361	31364
31361	31365
31363	31366
31363	31367
31363	31368
31363	31369
31363	31370
31363	31371
31366	31367
31366	31368
31366	31369
31367	31368
31367	31369
31367	31370
31368	31369
31370	31371
76	1374
76	1378
76	1386
76	1400
76	1417
76	1418
76	1440
76	1444
76	1446
76	1450
76	1456
76	1462
76	1480
76	1489
76	1497
76	1512
76	1518
76	1522
76	1530
76	1536
76	1540
76	1556
76	1557
76	1561
76	1577
76	1580
76	1582
76	1589
76	1610
76	1627
76	1636
76	1638
76	1644
76	1671
76	1694
76	1701
76	1715
76	1719
76	1724
76	1726
76	1731
76	1732
76	1733
76	1750
76	1751
76	1758
76	1766
76	1773
76	1774
76	1779
1418	31360
1418	31361
1418	31363
1418	31365
1418	31367
1418	31370
1418	31371
1497	31372
1530	27819
1577	31359
1577	31360
1577	31361
1577	31362
1731	1732
1731	1773
1731	1774
1773	1774
27817	27818
27817	27819
27817	27820
27818	27819
27818	27820
27819	27820
31359	31360
31359	31361
31359	31362
31359	31363
31359	31364
31360	31361
31360	31362
31360	31363
31360	31364
31360	31365
31361	31362
31361	31363
31361	31364
31361	31365
31363	31366
31363	31367
31363	31368
31363	31369
31363	31370
31363	31371
31366	31367
31366	31368
31366	31369
31367	31368
31367	31369
31367	31370
31368	31369
31370	31371
