595	1206
596	4413
597	6579
598	15465
599	15466
600	15468
601	15471
602	15472
603	15476
604	15477
605	15484
606	15485
607	15490
608	15491
609	15492
610	15493
611	15499
612	15503
613	15504
614	15505
615	15509
616	15510
617	15511
618	15513
619	15515
620	15517
621	15522
622	15524
623	15525
624	15528
625	15531
626	15532
627	15533
628	15537
629	15538
630	15540
631	15541
632	15542
633	15546
634	15547
635	15548
636	15549
637	15554
638	15556
639	15558
640	15559
641	15560
642	15563
643	15572
644	15575
645	15582
646	15586
647	15587
648	15588
649	15589
650	15590
651	15591
652	15593
653	15599
654	15600
655	15601
656	15607
657	15608
658	15610
659	15612
660	15613
661	15618
662	15619
663	15621
664	15622
665	15623
666	15624
667	15625
668	15626
669	15630
670	15631
671	15633
672	15635
673	15641
674	15643
675	15644
676	15645
677	15646
678	15647
679	15652
680	15653
681	15663
682	15665
683	15666
684	15667
685	15668
686	15672
687	15675
688	15677
689	15679
690	15681
691	15686
692	15689
693	15690
694	15695
695	15696
696	15699
697	15700
698	15704
699	15706
700	15708
701	15709
702	15710
703	15711
704	15718
705	15720
706	15721
707	15722
708	15723
709	15725
710	33340
711	33341
712	33393
713	33394
714	33395
715	33396
716	33379
717	33380
718	33381
719	33389
720	33390
721	31981
722	31982
