1206	4413
1206	6579
1206	15465
1206	15466
1206	15468
1206	15471
1206	15472
1206	15476
1206	15477
1206	15484
1206	15485
1206	15490
1206	15491
1206	15492
1206	15493
1206	15499
1206	15503
1206	15504
1206	15505
1206	15509
1206	15510
1206	15511
1206	15513
1206	15515
1206	15517
1206	15522
1206	15524
1206	15525
1206	15528
1206	15531
1206	15532
1206	15533
1206	15537
1206	15538
1206	15540
1206	15541
1206	15542
1206	15546
1206	15547
1206	15548
1206	15549
1206	15554
1206	15556
1206	15558
1206	15559
1206	15560
1206	15563
1206	15572
1206	15575
1206	15582
1206	15586
1206	15587
1206	15588
1206	15589
1206	15590
1206	15591
1206	15593
1206	15599
1206	15600
1206	15601
1206	15607
1206	15608
1206	15610
1206	15612
1206	15613
1206	15618
1206	15619
1206	15621
1206	15622
1206	15623
1206	15624
1206	15625
1206	15626
1206	15630
1206	15631
1206	15633
1206	15635
1206	15641
1206	15643
1206	15644
1206	15645
1206	15646
1206	15647
1206	15652
1206	15653
1206	15663
1206	15665
1206	15666
1206	15667
1206	15668
1206	15672
1206	15675
1206	15677
1206	15679
1206	15681
1206	15686
1206	15689
1206	15690
1206	15695
1206	15696
1206	15699
1206	15700
1206	15704
1206	15706
1206	15708
1206	15709
1206	15710
1206	15711
1206	15718
1206	15720
1206	15721
1206	15722
1206	15723
1206	15725
15466	15471
15466	15647
15472	15587
15472	15588
15472	15589
15472	15590
15472	15652
15472	33340
15472	33341
15476	15599
15476	15700
15476	33393
15476	33394
15476	33395
15476	33396
15477	15541
15477	15542
15485	33379
15485	33380
15485	33381
15510	15589
15510	15652
15510	15653
15510	15675
15510	33341
15510	33389
15510	33390
15533	15546
15533	15547
15541	15542
15546	15547
15556	15696
15558	15559
15559	15690
15587	15588
15587	15589
15587	15590
15588	15589
15588	15590
15589	15590
15589	15652
15589	15675
15599	15624
15599	15625
15599	33393
15599	33394
15599	33395
15599	33396
15610	31981
15610	31982
15618	15619
15624	15625
15652	15653
15652	15675
15652	33340
15652	33341
15652	33389
15652	33390
15665	15666
15665	15667
15666	15667
15710	15711
31981	31982
33340	33341
33341	33389
33341	33390
33379	33380
33379	33381
33380	33381
33389	33390
33393	33394
33393	33395
33393	33396
33394	33395
33394	33396
33395	33396
