10315	16637
10315	16638
10421	11720
10421	13530
10421	16641
12374	12679
12374	13115
12374	13147
12374	13148
12402	16638
12402	32230
12679	13115
12679	13208
12679	13547
12679	15781
12679	17698
12679	24015
13115	13147
13115	13148
13115	13706
13115	13925
13147	13148
13148	13706
13148	13925
13193	13194
13193	13195
13193	13208
13193	24022
13194	13195
13530	13531
13531	13564
13531	13855
13531	13925
13564	13855
13564	13925
13564	13996
13564	25839
13706	13925
13855	13925
14173	17698
14294	25841
15314	22008
15314	22165
15314	25840
15781	15782
16638	20152
22008	32230
23043	25839
25839	25840
25839	25841
25840	25841
32230	32231
