1097	3802
1097	7400
1097	7479
1097	7491
1097	9214
1097	9935
1097	11178
1097	11179
1097	11181
1097	11183
1097	11184
1097	11185
1097	11186
1097	11189
1097	11192
1097	11194
1097	11199
1097	11200
1097	11201
1097	11203
1097	11206
1097	11208
1097	11210
1097	11211
1097	11212
1097	11217
1097	11218
1097	11219
1097	11220
1097	11221
1097	11222
1097	11223
1097	11224
1097	11225
1097	11228
1097	11230
1097	11231
1097	11232
1097	11234
1097	11235
1097	11236
1097	11237
1097	11239
1097	11241
1097	11243
1097	11244
1097	11246
1097	11247
1097	11249
1097	11250
1097	11251
1097	11252
1097	11253
8852	11241
11186	18648
11186	18649
11212	22114
11230	11231
11230	23571
11231	23571
11232	20512
11241	33055
11241	33056
11241	33057
11241	33058
11251	15753
18648	18649
33055	33056
33055	33057
33055	33058
33056	33057
33056	33058
33057	33058
