2219	13008
2219	19705
2219	19707
2219	19708
2219	19710
2219	19711
2219	19712
2219	19713
2219	19714
2219	19721
2219	19723
2219	19724
2219	19725
2219	19728
2219	19730
2219	19731
2219	19732
2219	19734
2219	19735
13008	19736
13008	19737
13008	19738
13008	19740
13008	19741
13008	19742
19736	19737
19736	19738
19736	19739
19737	19738
19737	19739
19737	19740
19737	19741
19737	19742
19737	19781
19737	19782
19737	19783
19738	19739
19738	19740
19738	19742
19739	19740
19739	19741
19740	19741
19740	19742
19740	19781
19740	19782
19740	19783
19740	28134
19740	28135
19740	28136
19781	19782
19781	19783
19782	19783
28134	28135
28134	28136
28135	28136
