66	161
67	12760
68	15459
69	15681
70	15685
71	15689
72	15692
73	15696
74	15698
75	15701
76	15704
77	15705
78	15706
79	15708
80	15709
81	15711
82	15715
83	15723
84	15725
85	15726
86	15728
87	15729
88	15734
89	15735
90	15736
91	15739
92	15740
93	15742
94	15743
95	15745
96	15749
97	15750
98	15752
99	15753
100	15756
101	15757
102	15762
103	15765
104	15767
105	15774
106	15775
107	15776
108	15780
109	15785
110	15787
111	15788
112	15789
113	15792
114	15795
115	15796
116	15797
117	15798
118	15799
119	15800
120	15801
121	15802
122	15803
123	15808
124	15809
125	15810
126	15815
127	15817
128	15818
129	15821
130	15822
131	15826
132	15829
133	15835
134	15836
135	15838
136	15839
137	15840
138	15841
139	15843
140	15844
141	15845
142	15846
143	15847
144	15851
145	15852
146	15853
147	15855
148	15856
149	15858
150	15859
151	15861
152	15862
153	15863
154	15864
155	15865
156	15866
157	15867
158	15868
159	15869
160	15870
161	15874
162	15875
163	15876
164	15877
165	15878
166	15880
167	15884
168	15885
169	15886
170	15887
171	15888
172	15890
173	15892
174	15893
175	15894
176	15899
177	15902
178	15903
179	15904
180	15905
181	15460
182	15461
183	15462
184	15463
185	15625
186	29815
