161	12760
161	15459
161	15681
161	15685
161	15689
161	15692
161	15696
161	15698
161	15701
161	15704
161	15705
161	15706
161	15708
161	15709
161	15711
161	15715
161	15723
161	15725
161	15726
161	15728
161	15729
161	15734
161	15735
161	15736
161	15739
161	15740
161	15742
161	15743
161	15745
161	15749
161	15750
161	15752
161	15753
161	15756
161	15757
161	15762
161	15765
161	15767
161	15774
161	15775
161	15776
161	15780
161	15785
161	15787
161	15788
161	15789
161	15792
161	15795
161	15796
161	15797
161	15798
161	15799
161	15800
161	15801
161	15802
161	15803
161	15808
161	15809
161	15810
161	15815
161	15817
161	15818
161	15821
161	15822
161	15826
161	15829
161	15835
161	15836
161	15838
161	15839
161	15840
161	15841
161	15843
161	15844
161	15845
161	15846
161	15847
161	15851
161	15852
161	15853
161	15855
161	15856
161	15858
161	15859
161	15861
161	15862
161	15863
161	15864
161	15865
161	15866
161	15867
161	15868
161	15869
161	15870
161	15874
161	15875
161	15876
161	15877
161	15878
161	15880
161	15884
161	15885
161	15886
161	15887
161	15888
161	15890
161	15892
161	15893
161	15894
161	15899
161	15902
161	15903
161	15904
161	15905
15459	15460
15459	15461
15459	15462
15459	15463
15459	15625
15459	15808
15459	15809
15459	15810
15460	15461
15460	15462
15460	15463
15461	15462
15461	15463
15462	15463
15797	15798
15798	29815
15802	15803
15808	15809
15808	15810
15809	15810
15845	15846
15884	15885
15884	15886
15884	15887
15885	15886
15885	15887
15886	15887
