654	9276
655	10576
656	10577
657	10578
658	10579
659	10580
660	10581
661	10582
662	10583
663	10584
664	10585
665	10586
666	10587
667	10588
668	10589
669	10590
670	10591
671	10592
672	10593
673	10594
674	10595
675	10596
676	10597
677	10598
678	10599
679	10600
680	10601
681	10602
682	10603
683	10604
684	10605
685	10606
686	10607
687	10608
688	10609
689	10610
690	10611
691	10612
692	10613
693	10614
694	10615
695	10616
696	10617
697	10618
698	10619
699	10620
700	10621
701	10622
702	10623
703	10624
704	10625
705	10626
706	10627
707	10628
708	10629
709	10630
710	10631
711	10632
712	10633
713	10634
714	10635
715	10636
716	10637
717	10638
718	10639
719	10640
720	10641
721	10642
722	10643
723	10644
724	10645
725	10646
726	10647
727	10648
728	10649
729	10650
730	10651
731	10652
732	10653
733	10654
734	10655
735	10656
736	10657
737	10658
738	10659
739	10660
740	10661
741	10662
742	10663
743	10664
744	10665
745	10666
746	10667
747	10668
748	10669
749	10670
750	10671
751	10672
752	10673
753	10674
754	34376
755	34377
756	34378
757	30011
758	30012
759	30013
