9276	10576
9276	10577
9276	10578
9276	10579
9276	10580
9276	10581
9276	10582
9276	10583
9276	10584
9276	10585
9276	10586
9276	10587
9276	10588
9276	10589
9276	10590
9276	10591
9276	10592
9276	10593
9276	10594
9276	10595
9276	10596
9276	10597
9276	10598
9276	10599
9276	10600
9276	10601
9276	10602
9276	10603
9276	10604
9276	10605
9276	10606
9276	10607
9276	10608
9276	10609
9276	10610
9276	10611
9276	10612
9276	10613
9276	10614
9276	10615
9276	10616
9276	10617
9276	10618
9276	10619
9276	10620
9276	10621
9276	10622
9276	10623
9276	10624
9276	10625
9276	10626
9276	10627
9276	10628
9276	10629
9276	10630
9276	10631
9276	10632
9276	10633
9276	10634
9276	10635
9276	10636
9276	10637
9276	10638
9276	10639
9276	10640
9276	10641
9276	10642
9276	10643
9276	10644
9276	10645
9276	10646
9276	10647
9276	10648
9276	10649
9276	10650
9276	10651
9276	10652
9276	10653
9276	10654
9276	10655
9276	10656
9276	10657
9276	10658
9276	10659
9276	10660
9276	10661
9276	10662
9276	10663
9276	10664
9276	10665
9276	10666
9276	10667
9276	10668
9276	10669
9276	10670
9276	10671
9276	10672
9276	10673
9276	10674
10616	34376
10616	34377
10616	34378
10645	30011
10645	30012
30012	30013
34376	34377
34376	34378
34377	34378
