12811	15568
12811	12812
12811	15566
12811	15567
12811	19344
12811	19345
12811	27674
12811	19343
12812	15568
12812	12811
12812	15566
12812	15567
12812	19344
12812	19345
12812	19343
15566	15568
15566	12811
15566	12812
15566	15567
15566	19344
15566	19345
15566	27674
15566	19343
15567	15568
15567	12811
15567	12812
15567	15566
15567	19343
15567	19344
15567	19345
15567	27674
15568	12811
15568	12812
15568	15566
15568	19343
15568	19344
15568	19345
15568	27674
15568	15567
19343	15568
19343	12811
19343	12812
19343	15566
19343	15567
19343	19344
19343	19345
19343	27674
19344	12811
19344	12812
19344	15566
19344	15567
19344	15568
19344	19345
19344	27674
19344	19343
19345	15568
19345	12811
19345	12812
19345	15566
19345	15567
19345	19344
19345	27674
19345	19343
27674	15568
27674	12811
27674	15566
27674	15567
27674	19344
27674	19345
27674	19343
