226	3027
227	11515
228	11548
229	20197
230	21089
231	21269
232	21409
233	21410
234	21411
235	21412
236	21413
237	21414
238	21415
239	21416
240	21417
241	21418
242	21419
243	21420
244	21421
245	21422
246	21423
247	21424
248	21425
249	21426
250	21427
251	21428
252	21429
253	21433
254	21434
255	21436
256	21437
257	21438
258	21439
259	21440
260	21441
261	21443
262	21444
263	21446
264	21447
265	21448
266	21449
267	21450
268	21451
269	21452
270	21453
271	21454
272	21455
273	21456
274	21457
275	21458
276	21459
277	21461
278	21270
279	33717
280	33718
281	33719
282	33720
