0	1
0	2
0	3
0	4
0	5
3	4
3	5
3	6
3	7
3	8
3	9
3	10
3	11
3	12
3	13
3	14
3	15
3	16
3	17
4	5
4	10
4	11
4	12
4	13
4	14
6	18
6	19
6	20
6	21
6	22
6	23
6	24
6	25
6	26
6	27
6	28
6	29
6	30
6	31
6	32
6	33
6	34
6	35
6	36
6	37
6	38
6	39
6	40
18	19
18	20
18	27
18	30
18	31
18	32
18	33
18	34
18	35
18	36
18	37
18	38
18	40
18	42
19	27
20	31
20	36
20	40
20	42
7	8
8	15
8	16
8	17
9	41
10	11
10	12
10	14
12	13
15	16
15	17
16	17
21	22
21	23
21	24
21	25
21	26
22	23
22	28
23	28
24	25
24	26
24	28
24	29
25	26
25	39
26	39
27	31
27	35
27	37
28	29
30	31
30	32
30	33
30	34
31	32
31	33
31	34
31	35
31	37
32	33
32	34
33	34
35	37
36	42
37	38
