2337	6629
2337	6633
2337	6651
2337	6672
2337	6693
2337	6701
2337	6757
2337	6852
2337	6866
2337	6869
2337	6888
2337	6988
2337	7039
2337	16247
2337	18981
2337	19075
2337	22208
2337	23697
2337	23698
2337	23700
2337	23701
2337	23702
2337	23705
2337	23708
2337	23709
2337	23710
2337	23711
2337	23712
2337	23713
2337	23714
2337	23715
2337	23716
2337	23717
2337	23719
2337	23721
2337	23722
2337	23723
2337	23724
2337	23725
2337	23726
2337	23727
2337	23728
2337	23729
2337	23732
2337	23733
2337	23734
2337	23736
2337	23737
2337	23738
2337	23741
2337	23742
2337	23743
2337	23745
2337	23746
2337	23747
2337	23748
2337	23749
2337	23750
2337	23751
2337	23754
2337	23755
2337	23756
2337	23757
2337	23759
2337	23760
2337	23761
2337	23762
2337	23764
2337	23766
2337	23767
2337	23768
2337	23769
2337	23770
2337	23771
2337	23772
6678	6701
6678	6740
6852	23710
6852	23711
6852	23712
6852	23713
23708	23732
23709	23715
23710	23711
23710	23712
23710	23713
23711	23712
23711	23713
23712	23713
23714	23715
23714	23737
23719	23738
23755	34170
23755	34171
23755	34172
34170	34171
34170	34172
34171	34172
