225	5249
226	30096
227	30097
228	30098
229	30099
230	30100
231	30101
232	30102
233	30103
234	30104
235	30105
236	30106
237	30107
238	30108
239	30109
240	30110
241	30111
242	30112
243	30113
244	30114
245	30115
246	30116
247	30117
248	30118
249	30119
250	30120
251	30121
252	30122
253	30125
254	30126
255	30127
256	30128
257	30129
258	30130
259	30131
260	30132
261	30133
262	30134
263	30135
264	30136
265	30141
266	30142
267	30143
268	30145
269	30146
270	30147
271	30148
272	30149
273	30150
274	30151
275	30152
276	30153
277	30157
278	30158
279	30159
280	30160
281	30161
282	30162
283	30163
284	30164
285	30165
286	30168
287	30169
288	30170
289	30171
290	30172
291	30173
292	30174
293	30175
294	30176
295	30177
296	30178
297	30179
298	30180
299	30181
300	30182
301	30183
302	30184
303	30185
304	30186
305	30187
306	30188
307	30189
308	30190
309	30191
310	30192
311	30193
312	30194
313	30195
314	30196
315	30197
316	30198
317	30199
318	30200
319	30202
320	30203
321	30204
322	30205
323	30206
324	30207
325	30208
326	30209
327	30210
328	30214
329	30215
330	30216
331	30217
332	30218
333	30219
334	30220
335	30221
336	30222
337	30223
338	30224
339	30225
340	30226
341	30227
342	30228
343	30229
344	30230
345	30231
346	30232
347	30234
348	30235
349	30236
350	30237
351	30238
352	30239
353	30240
354	30241
355	30242
356	30243
357	30244
358	30245
359	30246
360	30247
361	30248
362	30249
363	30251
364	30252
365	30253
366	30254
367	30255
368	30256
369	30257
370	30258
371	30259
372	30260
373	30261
374	30262
375	30263
376	30264
377	30265
378	30266
379	30267
380	30268
381	30271
382	30272
383	30273
384	30274
385	30275
386	30276
387	30277
388	30278
389	30279
390	30280
391	30281
392	30282
393	30283
394	30286
395	30287
396	30288
397	30289
398	30290
399	30291
400	30292
401	30293
402	30294
403	30295
404	30296
405	30297
406	30298
407	30299
408	30300
409	30301
410	30302
411	30303
412	30304
413	30305
414	30306
415	30307
416	30308
417	30309
418	30310
419	30311
420	30312
421	30313
422	30314
423	30315
424	30316
425	30317
426	30318
427	30319
428	30320
429	30321
430	30322
431	30323
432	30324
433	30325
434	30326
435	30327
436	30328
437	30329
438	30330
439	30331
440	30332
441	30333
442	30334
443	30335
444	30336
445	30337
446	30338
447	30339
448	30340
449	30341
450	30342
451	30343
452	30344
453	30345
454	30346
455	30347
456	30348
457	30349
458	30350
459	30351
460	30352
461	30353
462	30354
463	30355
464	30356
465	30357
466	30358
467	30359
468	30360
469	30361
470	30362
471	30363
472	30364
473	30365
474	30366
475	30367
476	30368
477	30369
478	30370
479	30371
480	30372
481	30373
482	30374
483	30375
484	30376
485	30377
486	30378
487	30379
488	30380
489	30382
490	30383
491	30384
492	30385
493	30387
494	30388
495	30389
496	30390
497	30391
498	30392
499	30393
500	30394
501	30395
502	30396
503	30397
504	30398
505	30399
506	30400
507	30401
508	30402
509	30403
510	30404
511	30406
512	30407
513	30408
514	30409
515	30410
516	30411
517	30412
518	30413
519	30414
520	30415
521	30416
522	30417
523	30419
524	30420
525	30421
526	30422
527	30426
528	30428
529	30429
530	30430
531	30431
532	30432
533	30433
534	30434
535	30435
536	30436
537	30437
538	30438
539	30439
540	30440
541	30441
542	30442
543	30443
544	30444
545	30445
546	30446
547	30447
548	30448
549	30449
550	30450
551	30451
552	30452
553	30453
554	30454
555	30455
556	30456
557	30457
558	30458
559	30459
560	30460
561	30461
562	30462
563	30463
564	30464
565	30465
566	30466
567	30467
568	30468
569	30469
570	30470
571	30471
572	30472
573	30473
574	30474
575	30475
576	30476
577	30477
578	30478
579	30479
580	30480
581	30481
582	30482
583	30483
584	30484
585	30485
586	30486
587	30487
588	30488
589	30491
590	30492
591	30493
592	30494
593	30496
594	30497
595	30498
596	30499
597	30500
598	30501
599	30502
600	30503
601	30504
602	30505
603	30506
604	30507
605	30508
606	30509
607	30510
608	30511
609	30512
610	30513
611	30514
612	30515
613	30516
614	30517
615	30518
616	30519
617	30520
618	30521
619	30522
620	30523
621	30524
622	30525
623	30526
624	30527
625	30528
626	30529
627	30530
628	30531
629	30532
630	30533
631	30534
632	30535
633	30536
634	30537
635	30538
636	30539
637	30540
638	30541
639	30542
640	30543
641	30544
642	30549
643	30550
644	30551
645	30552
646	30553
647	30554
648	30555
649	30556
650	30557
651	30558
652	30559
653	30560
654	30561
655	30563
656	30564
657	30565
658	30566
659	30567
660	30568
661	30569
662	30570
663	30571
664	30572
665	30573
666	30574
667	30575
668	30576
669	30577
670	30578
671	30579
672	30580
673	30582
674	30583
675	30584
676	30585
677	30586
678	30587
679	30588
680	30589
681	30590
682	30591
683	30592
684	30593
685	30594
686	30595
687	30596
688	30597
689	30598
690	30599
691	30600
692	30601
693	30602
694	30603
695	30604
696	30605
697	30606
698	30607
699	30611
700	30612
701	30613
702	30614
703	30615
704	30616
705	30617
706	30618
707	30619
708	30620
709	30621
710	30622
711	30623
712	30624
713	30625
714	30626
715	30627
716	30628
717	30629
718	30630
719	30631
720	30632
721	30633
722	30634
723	30635
724	30636
725	30637
726	30638
727	30639
728	30640
729	30641
730	30642
731	30643
732	30644
733	30645
734	30646
735	30647
736	30648
737	30649
738	30650
739	30651
740	30652
741	30653
742	30654
743	30655
744	30656
745	30657
746	30658
747	30659
748	30660
749	30661
750	30662
751	30663
752	30664
753	30665
754	30666
755	30667
756	30668
757	30669
758	30670
759	30671
760	30672
761	30673
762	30674
763	30675
764	30676
765	30677
766	30678
767	30679
768	30680
769	30681
770	30682
771	30683
772	30684
773	30685
774	30686
775	30687
776	30688
777	30689
778	30690
779	30691
780	30692
781	30693
782	30694
783	30695
784	30696
785	30697
786	30698
787	30699
788	30700
789	30701
790	30702
791	30703
792	30704
793	30705
794	30706
795	30707
796	30708
797	30709
798	30710
799	30711
800	30712
801	30713
802	30714
803	30717
804	30718
805	30719
806	30720
807	30721
808	30722
809	30723
810	30724
811	30725
812	30726
813	30727
814	30728
815	30729
816	30730
817	30731
818	30732
819	30733
820	30734
821	30735
822	30736
823	30737
824	30738
825	30739
826	30740
827	30741
828	30742
829	30743
830	30744
831	30745
832	30746
833	30747
834	30748
835	30749
836	30750
837	30751
838	30752
839	30753
840	30754
841	30755
842	30756
843	30757
844	30758
845	30759
846	30760
847	30761
848	30762
849	30763
850	30764
851	30765
852	30766
853	30767
854	30768
855	30769
856	30770
857	30771
858	30772
859	30773
860	30774
861	30775
862	30776
863	30777
864	30778
865	30779
866	30780
867	30781
868	30782
869	30783
870	30784
871	30785
872	30786
873	30787
874	30788
875	30789
876	30790
877	30791
878	30792
879	30793
880	30794
881	30795
882	30796
883	30797
884	30798
885	30799
886	30800
887	30801
888	30802
889	30803
890	30804
891	30805
892	30806
893	30807
894	30809
895	30810
896	30811
897	30812
898	30813
899	30814
900	30815
901	30819
902	30820
903	30821
904	30822
905	30823
906	30824
907	30825
908	30826
909	30827
910	30828
911	30829
912	30830
913	30831
914	30832
915	30833
916	30834
917	30835
918	30836
919	30837
920	30838
921	30839
922	30840
923	30841
924	30842
925	30843
926	30844
927	30845
928	30846
929	30847
930	30848
931	30849
932	30850
933	30851
934	30852
935	30853
936	30854
937	30855
938	30856
939	30857
940	30858
941	30859
942	30860
943	30861
944	30862
945	30863
946	30864
947	30865
948	30866
949	30867
950	30868
951	30869
952	30870
953	30871
954	30872
955	30873
956	30874
957	30875
958	30876
959	30877
960	30878
961	30879
962	30880
963	30881
964	30882
965	30883
966	30884
967	30885
968	30886
969	30887
970	30890
971	30891
972	30892
973	30894
974	30895
975	30896
976	30897
977	30898
978	30899
979	30900
980	30901
981	30902
982	30903
983	30904
984	30905
985	30906
986	30907
987	30908
988	30909
989	30910
990	30911
991	30912
992	30913
993	30914
994	30915
995	30916
996	30917
997	30918
998	30919
999	30920
1000	30921
1001	30922
1002	30923
1003	30924
1004	30925
1005	30926
1006	30927
1007	30928
1008	30929
1009	30930
1010	30931
1011	30932
1012	30933
1013	30934
1014	30935
1015	30936
1016	30937
1017	30938
1018	30939
1019	30940
1020	30941
1021	30942
1022	30943
1023	30944
1024	30945
1025	30946
1026	30947
1027	30948
1028	30949
1029	30950
1030	30951
1031	30952
1032	30953
1033	30954
1034	30955
1035	30956
1036	30957
1037	30958
1038	30959
1039	30960
1040	30961
1041	30962
1042	30963
1043	30964
1044	30965
1045	30966
1046	30967
1047	30968
1048	30969
1049	30970
1050	30971
1051	30972
1052	30973
1053	30974
1054	30975
1055	30976
1056	30977
1057	30978
1058	30979
1059	30980
1060	30981
1061	30982
1062	30983
1063	30984
1064	30985
1065	30986
1066	30987
1067	30988
1068	30989
1069	30990
1070	30991
1071	30992
1072	30993
1073	30994
1074	30995
1075	30996
1076	30997
1077	30998
1078	30999
1079	31000
1080	31001
1081	31002
1082	31003
1083	31004
1084	31005
1085	31006
1086	31007
1087	31008
1088	31009
1089	31010
1090	31011
1091	31013
1092	31014
1093	31015
1094	31016
1095	31017
1096	31018
1097	31019
1098	31020
1099	31021
1100	31022
1101	31023
1102	31024
1103	31025
1104	31026
1105	31027
1106	31028
1107	31029
1108	31030
1109	31031
1110	31032
1111	31033
1112	31034
1113	31035
1114	31036
1115	31037
1116	31038
1117	31039
1118	31040
1119	31041
1120	31042
1121	31043
1122	31044
1123	31045
1124	31046
1125	31047
1126	31048
1127	31049
1128	31050
1129	31051
1130	31052
1131	31053
1132	31054
1133	31055
1134	31056
1135	31057
1136	31058
1137	31059
1138	31060
1139	31061
1140	31062
1141	31063
1142	31064
1143	31065
1144	31066
1145	31067
1146	31068
1147	31069
1148	31070
1149	31071
1150	31072
1151	31073
1152	31074
1153	31075
1154	31076
1155	31077
1156	31078
1157	31079
1158	31080
1159	31081
1160	31082
1161	31083
1162	31084
1163	31085
1164	31086
1165	31087
1166	31088
1167	31089
1168	31090
1169	31091
1170	31092
1171	31093
1172	31094
1173	31095
1174	31096
1175	31097
1176	31098
1177	31099
1178	31100
1179	31101
1180	31102
1181	31103
1182	31104
1183	31105
1184	31106
1185	31107
1186	31108
1187	31109
1188	31110
1189	31111
1190	31112
1191	31113
1192	31114
1193	31115
1194	31116
1195	31117
1196	31118
1197	31119
1198	31120
1199	31121
1200	31122
1201	31123
1202	31124
1203	31125
1204	31126
1205	31127
1206	31128
1207	31129
1208	31130
1209	31131
1210	31132
1211	31133
1212	31134
1213	31135
1214	31136
1215	31137
1216	31138
1217	31139
1218	31140
1219	31141
1220	31142
1221	31143
1222	31144
1223	31145
1224	31146
1225	31147
1226	31148
1227	31149
1228	31150
1229	31151
1230	31152
1231	31153
1232	31154
1233	31155
1234	31156
1235	31157
1236	31158
1237	31159
1238	31160
1239	31161
1240	31162
1241	31163
1242	31164
1243	31165
1244	31166
1245	31167
1246	31168
1247	31169
1248	31170
1249	31171
1250	31172
1251	31173
1252	31174
1253	31175
1254	31176
1255	31177
1256	31178
1257	31179
1258	31180
1259	31181
1260	31182
1261	31183
1262	31184
1263	31185
1264	31186
1265	31187
1266	31188
1267	31189
1268	31190
1269	31191
1270	31192
1271	31193
1272	31194
1273	31195
1274	31196
1275	31197
1276	31198
1277	31199
1278	31200
1279	31201
1280	31202
1281	31203
1282	31204
1283	31205
1284	31206
1285	31207
1286	31208
1287	31209
1288	31210
1289	31211
1290	31212
1291	31213
1292	31214
1293	31215
1294	31216
1295	31217
1296	31218
1297	31219
1298	31220
1299	31221
1300	31222
1301	31223
1302	31224
1303	31225
1304	31226
1305	31227
1306	31228
1307	31229
1308	31230
1309	31231
1310	31232
1311	31233
1312	31234
1313	31235
1314	31236
1315	31237
1316	31238
1317	31239
1318	31240
1319	31241
1320	31242
1321	31243
1322	31244
1323	31245
1324	31246
1325	31247
1326	31248
1327	31249
1328	31250
1329	31251
1330	31252
1331	31253
1332	31254
1333	31255
1334	31256
1335	31257
1336	31258
1337	31259
1338	31260
1339	31261
1340	31262
1341	31263
1342	31264
1343	31265
1344	31266
1345	31267
1346	31268
1347	31269
1348	31270
1349	31271
1350	31272
1351	31273
1352	31274
1353	31275
1354	31276
1355	31277
1356	31278
1357	31279
1358	31280
1359	31281
1360	31282
1361	31283
1362	31284
1363	31285
1364	31286
1365	31287
1366	31288
1367	31289
1368	31290
1369	31291
1370	31294
1371	31295
1372	31296
1373	31297
1374	31298
1375	31299
1376	31300
1377	31301
1378	31302
1379	31303
1380	31304
1381	31305
1382	31306
1383	31307
1384	31308
1385	31309
1386	31310
1387	31311
1388	31312
1389	31313
1390	31314
1391	31315
1392	31316
1393	31317
1394	31318
1395	31319
1396	31320
1397	31321
1398	31322
1399	31323
1400	31324
1401	31325
1402	31329
1403	31330
1404	31331
1405	31332
1406	31333
1407	31334
1408	31335
1409	31336
1410	31337
1411	31338
1412	31339
1413	31340
1414	31341
1415	31342
1416	31343
1417	31345
1418	31346
1419	31347
1420	31348
1421	31349
1422	31350
1423	31351
1424	31352
1425	31353
1426	31354
1427	31355
1428	31356
1429	31357
1430	31358
1431	31359
1432	31360
1433	31361
1434	31362
1435	31363
1436	31364
1437	31365
1438	31366
1439	31367
1440	31368
1441	31369
1442	31370
1443	31371
1444	31372
1445	31373
1446	31374
1447	31375
1448	31639
1449	31800
1450	31801
1451	31770
1452	31771
1453	31772
