0	1768
1	14222
2	19711
3	19714
4	19715
5	19716
6	19717
7	19719
8	19722
9	19725
10	19734
11	19735
12	19739
13	19740
14	19741
15	19742
16	19746
17	19749
18	19751
19	19752
20	19753
21	19757
22	19758
23	19760
24	19762
25	19764
26	19765
27	19767
28	19768
29	19769
30	19770
31	19771
32	19772
33	19775
34	19777
35	19778
36	19779
37	19781
38	19783
39	19787
40	19788
41	19789
42	19793
43	19794
44	19795
45	19801
46	19802
47	19803
48	19804
49	19805
50	19806
51	19807
52	19808
53	19809
54	19810
55	19811
56	19812
57	19813
58	19814
59	19816
60	19817
61	19819
62	19820
63	19821
64	19824
65	19825
66	19826
67	19828
68	19829
69	19830
70	19831
71	19834
72	19836
73	19837
74	19838
75	19839
76	19840
77	19841
78	19842
79	19845
80	19846
81	19848
82	19849
83	19850
84	19851
85	19852
86	19853
87	19854
88	19857
89	19858
90	19860
91	19861
92	19862
93	19863
94	19864
95	19865
96	19866
97	19869
98	19870
99	19871
100	19872
101	19873
102	19874
103	19877
104	19878
105	19882
106	19883
107	19885
108	19886
109	19887
110	19888
111	19890
112	19891
113	19893
114	19895
115	19896
116	19897
117	19898
118	19902
119	19903
120	19906
121	19907
122	19911
123	19912
124	19914
125	19916
126	19917
127	20348
128	20349
129	20350
130	20351
131	20097
132	20098
133	20099
134	20686
135	20687
136	20688
137	20689
138	20690
139	20691
140	20692
141	20358
142	20359
143	20352
144	20353
145	20354
146	20355
147	20356
148	20357
149	20660
150	20661
151	20662
152	20663
153	20664
154	20665
