1768	14222
1768	19711
1768	19714
1768	19715
1768	19716
1768	19717
1768	19719
1768	19722
1768	19725
1768	19734
1768	19735
1768	19739
1768	19740
1768	19741
1768	19742
1768	19746
1768	19749
1768	19751
1768	19752
1768	19753
1768	19757
1768	19758
1768	19760
1768	19762
1768	19764
1768	19765
1768	19767
1768	19768
1768	19769
1768	19770
1768	19771
1768	19772
1768	19775
1768	19777
1768	19778
1768	19779
1768	19781
1768	19783
1768	19787
1768	19788
1768	19789
1768	19793
1768	19794
1768	19795
1768	19801
1768	19802
1768	19803
1768	19804
1768	19805
1768	19806
1768	19807
1768	19808
1768	19809
1768	19810
1768	19811
1768	19812
1768	19813
1768	19814
1768	19816
1768	19817
1768	19819
1768	19820
1768	19821
1768	19824
1768	19825
1768	19826
1768	19828
1768	19829
1768	19830
1768	19831
1768	19834
1768	19836
1768	19837
1768	19838
1768	19839
1768	19840
1768	19841
1768	19842
1768	19845
1768	19846
1768	19848
1768	19849
1768	19850
1768	19851
1768	19852
1768	19853
1768	19854
1768	19857
1768	19858
1768	19860
1768	19861
1768	19862
1768	19863
1768	19864
1768	19865
1768	19866
1768	19869
1768	19870
1768	19871
1768	19872
1768	19873
1768	19874
1768	19877
1768	19878
1768	19882
1768	19883
1768	19885
1768	19886
1768	19887
1768	19888
1768	19890
1768	19891
1768	19893
1768	19895
1768	19896
1768	19897
1768	19898
1768	19902
1768	19903
1768	19906
1768	19907
1768	19911
1768	19912
1768	19914
19735	19753
19735	19916
19735	19917
19735	20348
19735	20349
19735	20350
19735	20351
19751	19753
19751	20097
19751	20098
19751	20099
19753	19916
19753	19917
19767	19768
19767	19769
19768	19769
19769	20686
19769	20687
19769	20688
19769	20689
19769	20690
19769	20691
19769	20692
19770	19771
19770	19772
19770	19861
19770	19862
19771	19772
19772	19809
19772	20358
19772	20359
19778	19779
19809	19813
19809	19814
19809	20352
19809	20353
19809	20354
19809	20355
19809	20356
19809	20357
19809	20358
19809	20359
19813	19814
19824	19825
19841	19842
19852	19853
19852	19854
19853	19854
19861	19862
19906	20660
19916	19917
20097	20098
20097	20099
20098	20099
20348	20349
20348	20350
20348	20351
20349	20350
20349	20351
20352	20353
20352	20354
20353	20354
20355	20356
20355	20357
20356	20357
20358	20359
20660	20661
20660	20662
20660	20663
20660	20664
20660	20665
20663	20664
20663	20665
20664	20665
20686	20687
20686	20688
20686	20689
20687	20688
20687	20689
20688	20689
20690	20691
20690	20692
20691	20692
