11092	11113
11092	11596
11113	11286
11113	13188
11113	13253
11113	13279
11113	13285
11113	14071
13188	13279
13188	13292
13285	14153
13285	14187
13285	24063
13285	34183
13285	35488
13285	35489
13285	35490
13285	36411
13285	36412
13285	36413
13285	36414
13285	36415
14187	36415
35488	35489
35488	35490
35489	35490
35490	36566
35490	36567
36566	36567
36566	36580
36566	36581
36566	36582
36566	36583
36566	36584
36566	36585
36566	36586
36567	36580
36567	36581
36567	36586
36580	36581
36580	36582
36580	36583
36580	36584
36580	36585
36581	36582
36581	36583
36582	36583
36584	36585
