632	1593
633	14938
634	14939
635	24684
636	28204
637	28205
638	28206
639	28207
640	28208
641	28209
642	28210
643	28211
644	28212
645	28214
646	28215
647	28216
648	28217
649	28219
650	28220
651	28221
652	28222
653	28223
654	28224
655	28226
656	28227
657	28228
658	28229
659	28230
660	28231
661	28232
662	28233
663	28234
664	28235
665	28237
666	28238
667	28239
668	28240
669	28241
670	28242
671	28243
672	28244
673	28245
674	28246
675	28247
676	28248
677	28249
678	28250
679	28251
680	28252
681	28253
682	28254
683	28255
684	28256
685	28257
686	28258
687	28259
688	28260
689	28261
690	28262
691	28263
692	28264
693	28265
694	28266
695	28267
696	28268
697	28269
698	28271
699	28272
700	28273
701	28274
702	28276
703	28277
704	28278
705	28279
706	28280
707	28281
708	28282
709	28283
710	28284
711	28285
712	28286
713	28287
714	28288
715	28289
716	28290
717	28291
718	28292
719	28293
720	28294
721	28295
722	28296
723	28297
724	28298
725	28299
726	28301
727	28302
728	28303
729	28304
730	28305
731	28307
732	28308
733	28309
734	28310
735	28311
736	28312
737	28313
738	28314
739	28315
740	28316
741	28317
742	28318
743	28319
744	28320
745	28321
746	28322
747	28323
748	28324
749	28325
750	28326
751	28327
752	28328
753	28329
754	28330
755	28331
756	28332
757	28333
758	28334
759	28335
760	28336
761	28337
762	28338
763	28339
764	28340
765	28341
766	28342
767	28343
768	28344
769	28345
770	28346
771	28347
772	28348
773	28349
774	28350
775	28351
776	28352
777	28353
778	28354
779	28355
780	28356
781	28357
782	28358
783	28359
784	28360
785	28361
786	28362
787	28363
788	28364
789	28366
790	28367
791	28368
792	28369
793	28370
794	28371
795	28372
796	28373
797	28374
798	28375
799	28376
800	28377
801	28378
802	28380
803	28381
804	28382
805	28383
806	28384
807	28385
808	28386
809	28387
810	28388
811	28389
812	28390
813	28391
814	28392
815	28393
816	28394
817	28395
818	28396
819	28397
820	28398
821	28399
822	28400
823	28401
824	28402
825	28403
826	28404
827	28405
828	28406
829	28407
830	28408
831	28409
832	28410
833	28411
834	28412
835	28413
836	28414
837	28415
838	28416
839	28417
840	28418
841	28419
842	28420
843	28421
844	28422
845	28423
846	28424
847	28425
848	28426
849	28427
850	28428
851	28429
852	28430
853	28431
854	28432
855	28433
856	28435
857	28436
858	28437
859	28438
860	28439
861	28440
862	28441
863	28443
864	28445
865	28446
866	28448
867	28450
868	28451
869	28452
870	28453
871	28454
872	28455
873	28456
874	28457
875	28458
876	28459
877	28460
878	28461
879	28462
880	28465
881	28466
