1593	14938
1593	14939
1593	24684
1593	28204
1593	28205
1593	28206
1593	28207
1593	28208
1593	28209
1593	28210
1593	28211
1593	28212
1593	28214
1593	28215
1593	28216
1593	28217
1593	28219
1593	28220
1593	28221
1593	28222
1593	28223
1593	28224
1593	28226
1593	28227
1593	28228
1593	28229
1593	28230
1593	28231
1593	28232
1593	28233
1593	28234
1593	28235
1593	28237
1593	28238
1593	28239
1593	28240
1593	28241
1593	28242
1593	28243
1593	28244
1593	28245
1593	28246
1593	28247
1593	28248
1593	28249
1593	28250
1593	28251
1593	28252
1593	28253
1593	28254
1593	28255
1593	28256
1593	28257
1593	28258
1593	28259
1593	28260
1593	28261
1593	28262
1593	28263
1593	28264
1593	28265
1593	28266
1593	28267
1593	28268
1593	28269
1593	28271
1593	28272
1593	28273
1593	28274
1593	28276
1593	28277
1593	28278
1593	28279
1593	28280
1593	28281
1593	28282
1593	28283
1593	28284
1593	28285
1593	28286
1593	28287
1593	28288
1593	28289
1593	28290
1593	28291
1593	28292
1593	28293
1593	28294
1593	28295
1593	28296
1593	28297
1593	28298
1593	28299
1593	28301
1593	28302
1593	28303
1593	28304
1593	28305
1593	28307
1593	28308
1593	28309
1593	28310
1593	28311
1593	28312
1593	28313
1593	28314
1593	28315
1593	28316
1593	28317
1593	28318
1593	28319
1593	28320
1593	28321
1593	28322
1593	28323
1593	28324
1593	28325
1593	28326
1593	28327
1593	28328
1593	28329
1593	28330
1593	28331
1593	28332
1593	28333
1593	28334
1593	28335
1593	28336
1593	28337
1593	28338
1593	28339
1593	28340
1593	28341
1593	28342
1593	28343
1593	28344
1593	28345
1593	28346
1593	28347
1593	28348
1593	28349
1593	28350
1593	28351
1593	28352
1593	28353
1593	28354
1593	28355
1593	28356
1593	28357
1593	28358
1593	28359
1593	28360
1593	28361
1593	28362
1593	28363
1593	28364
1593	28366
1593	28367
1593	28368
1593	28369
1593	28370
1593	28371
1593	28372
1593	28373
1593	28374
1593	28375
1593	28376
1593	28377
1593	28378
1593	28380
1593	28381
1593	28382
1593	28383
1593	28384
1593	28385
1593	28386
1593	28387
1593	28388
1593	28389
1593	28390
1593	28391
1593	28392
1593	28393
1593	28394
1593	28395
1593	28396
1593	28397
1593	28398
1593	28399
1593	28400
1593	28401
1593	28402
1593	28403
1593	28404
1593	28405
1593	28406
1593	28407
1593	28408
1593	28409
1593	28410
1593	28411
1593	28412
1593	28413
1593	28414
1593	28415
1593	28416
1593	28417
1593	28418
1593	28419
1593	28420
1593	28421
1593	28422
1593	28423
1593	28424
1593	28425
1593	28426
1593	28427
1593	28428
1593	28429
1593	28430
1593	28431
1593	28432
1593	28433
1593	28435
1593	28436
1593	28437
1593	28438
1593	28439
1593	28440
1593	28441
1593	28443
1593	28445
1593	28446
1593	28448
1593	28450
1593	28451
1593	28452
1593	28453
1593	28454
1593	28455
1593	28456
1593	28457
1593	28458
1593	28459
1593	28460
1593	28461
1593	28462
1593	28465
1593	28466
14938	14939
28205	28206
28205	28207
28206	28207
28222	28406
28292	28293
28327	28344
28342	28364
28349	28412
28368	28369
28390	28420
28390	28421
28420	28421
