1521	3141
1521	10266
1521	16073
1521	16075
1521	16076
1521	16080
1521	16082
1521	16083
1521	16087
1521	16088
1521	16089
1521	16090
1521	16092
1521	16093
1521	16094
1521	16096
1521	16098
1521	16102
1521	16103
1521	16104
1521	16105
1521	16106
16080	34886
16080	34887
16080	34888
16092	16093
16102	16103
16106	34889
16106	34890
16106	34891
16106	34892
16106	34893
34886	34887
34886	34888
34887	34888
34889	34890
34889	34891
34889	34892
34889	34893
34890	34891
34890	34892
34890	34893
34891	34892
34891	34893
34892	34893
