0	220
1	9584
2	9585
3	9586
4	9587
5	9588
6	9589
7	9590
8	9591
9	9592
10	9593
11	9594
12	9595
13	9596
14	9597
15	9598
16	9599
17	9600
18	9601
19	9602
20	9603
21	9604
22	9605
23	9606
24	9607
25	9608
26	9609
27	9610
28	9611
29	9612
30	9613
31	9614
32	9615
33	9616
34	9617
35	9618
36	9619
37	9620
38	9621
39	9622
40	9623
41	9624
42	9625
43	9626
44	9627
45	9628
46	9629
47	9630
48	9631
49	9632
50	9633
51	9634
52	9635
53	9636
54	9637
55	9638
56	9639
57	9640
58	9641
59	9642
60	9643
61	9644
62	9645
63	9646
64	9647
65	9648
66	26187
67	26188
68	26189
69	26190
70	26191
71	26192
72	26193
73	26194
74	26195
75	26196
76	26197
77	26198
78	26199
79	26200
80	26201
81	26202
82	26203
83	26204
84	26205
85	26206
86	26207
87	26208
88	26209
89	26210
90	26211
91	26212
92	26213
93	26214
94	26215
95	26216
96	26217
97	26218
98	26219
99	26220
100	26221
101	26222
102	26223
103	26224
104	26225
105	26226
106	26227
107	26228
108	26229
109	26230
110	26231
111	26232
112	26233
113	26234
114	26235
115	26236
116	26237
117	26238
118	26239
119	26240
120	26241
121	26242
122	26243
123	26244
124	26245
125	26246
126	26247
127	26248
128	26249
129	26250
130	26251
131	26252
132	26253
133	26254
134	26255
135	27195
136	27196
137	27197
138	27198
