1373	5818
1374	28885
1375	28886
1376	28887
1377	28888
1378	28889
1379	28890
1380	28891
1381	28892
1382	28893
1383	28894
1384	28895
1385	28896
1386	28897
1387	28898
1388	28899
1389	28900
1390	28901
1391	28902
1392	28903
1393	28904
1394	28905
1395	28906
1396	28907
1397	28908
1398	28909
1399	28910
1400	28911
1401	28912
1402	28913
1403	28914
1404	28915
1405	28916
1406	28917
1407	28918
1408	28919
1409	28920
1410	28921
1411	28922
1412	28923
1413	28924
1414	28925
1415	28926
1416	28927
1417	28928
1418	28929
1419	28930
1420	28931
1421	28932
1422	28933
1423	28934
1424	28935
1425	28936
1426	28937
1427	28938
1428	28939
1429	28940
1430	28941
1431	28942
1432	28943
1433	28944
1434	28945
1435	28946
1436	28947
1437	28948
1438	28949
1439	30500
1440	30501
1441	30461
1442	30462
1443	30515
1444	30516
1445	30487
1446	30488
1447	30489
1448	30456
1449	30457
1450	30458
1451	30459
1452	30460
1453	30481
1454	30482
1455	30447
1456	30448
1457	30449
1458	30450
1459	30451
1460	30452
1461	30453
1462	30454
1463	30455
1464	30480
1465	30473
1466	30475
1467	30478
1468	30479
1469	30490
1470	30491
1471	30492
1472	30493
1473	30494
1474	30495
1475	30496
1476	30497
1477	30498
1478	30499
1479	30476
1480	30477
1481	30463
1482	30464
1483	30465
1484	30466
1485	30467
1486	30468
1487	30469
1488	30470
1489	30483
1490	30484
1491	30485
1492	30486
1493	30471
1494	30472
1495	30474
1496	30502
1497	30503
1498	30504
1499	30505
1500	30506
1501	30507
1502	30508
1503	30509
1504	30511
1505	30512
1506	30513
1507	30514
1508	30521
1509	30523
1510	30524
1511	30522
