5818	28885
5818	28886
5818	28887
5818	28888
5818	28889
5818	28890
5818	28891
5818	28892
5818	28893
5818	28894
5818	28895
5818	28896
5818	28897
5818	28898
5818	28899
5818	28900
5818	28901
5818	28902
5818	28903
5818	28904
5818	28905
5818	28906
5818	28907
5818	28908
5818	28909
5818	28910
5818	28911
5818	28912
5818	28913
5818	28914
5818	28915
5818	28916
5818	28917
5818	28918
5818	28919
5818	28920
5818	28921
5818	28922
5818	28923
5818	28924
5818	28925
5818	28926
5818	28927
5818	28928
5818	28929
5818	28930
5818	28931
5818	28932
5818	28933
5818	28934
5818	28935
5818	28936
5818	28937
5818	28938
5818	28939
5818	28940
5818	28941
5818	28942
5818	28943
5818	28944
5818	28945
5818	28946
5818	28947
5818	28948
5818	28949
28885	28891
28885	28923
28885	30500
28885	30501
28887	28891
28887	28893
28887	28916
28887	28940
28887	28941
28887	28943
28887	28948
28887	30461
28887	30462
28888	28930
28888	30515
28888	30516
28889	28896
28889	28897
28889	28946
28889	30487
28889	30488
28889	30489
28890	28904
28890	28937
28891	28941
28891	28943
28892	28894
28892	28917
28892	28918
28892	28929
28892	30456
28892	30457
28892	30458
28892	30459
28892	30460
28893	28909
28893	28910
28893	28914
28893	28916
28893	28920
28893	28939
28893	28948
28893	28949
28893	30462
28893	30481
28893	30482
28894	28918
28894	28929
28894	30456
28894	30457
28894	30458
28896	28897
28897	28946
28898	28932
28898	28933
28898	28944
28898	28945
28898	30447
28898	30448
28898	30449
28898	30450
28898	30451
28898	30452
28898	30453
28898	30454
28898	30455
28904	28937
28906	28907
28906	28908
28907	28908
28907	28921
28907	28922
28907	30480
28909	28910
28909	28911
28909	28914
28909	28939
28910	28911
28910	28914
28910	28920
28910	30473
28910	30475
28910	30478
28910	30479
28910	30490
28910	30491
28910	30492
28910	30493
28910	30494
28910	30495
28910	30496
28910	30497
28910	30498
28910	30499
28912	28913
28914	28920
28914	30473
28914	30476
28914	30477
28914	30490
28914	30491
28916	28940
28916	28948
28916	30463
28916	30464
28916	30465
28916	30466
28916	30467
28916	30468
28916	30469
28916	30470
28916	30481
28916	30482
28916	30483
28916	30484
28916	30485
28916	30486
28917	28918
28917	28929
28917	30457
28918	28929
28918	30457
28920	30473
28920	30475
28920	30490
28920	30491
28920	30492
28921	28922
28921	30467
28921	30480
28922	30467
28922	30471
28922	30472
28922	30473
28922	30474
28922	30480
28923	30500
28923	30501
28928	30480
28928	30502
28928	30503
28928	30504
28928	30505
28928	30506
28928	30507
28928	30508
28928	30509
28929	30456
28929	30457
28929	30458
28929	30459
28929	30460
28930	30515
28930	30516
28932	28933
28932	28944
28932	28945
28938	30511
28938	30512
28938	30513
28938	30514
28940	28941
28940	28943
28940	30461
28940	30463
28940	30464
28940	30465
28940	30466
28940	30467
28940	30468
28940	30469
28940	30470
28941	28943
28943	30461
28944	28945
28944	30447
28944	30448
28945	30447
28945	30448
28948	28949
28948	30462
28948	30481
28948	30482
30447	30448
30449	30450
30449	30451
30450	30451
30450	30452
30450	30453
30452	30453
30452	30454
30452	30455
30454	30455
30457	30459
30458	30460
30463	30464
30463	30465
30463	30466
30463	30467
30463	30468
30463	30469
30463	30484
30463	30485
30464	30465
30464	30466
30464	30467
30464	30468
30464	30469
30464	30470
30464	30483
30464	30484
30464	30485
30464	30486
30465	30466
30465	30467
30465	30468
30465	30469
30465	30470
30465	30483
30465	30484
30465	30485
30465	30486
30466	30467
30466	30468
30466	30469
30466	30470
30466	30483
30466	30484
30467	30468
30467	30469
30467	30480
30468	30469
30468	30470
30469	30470
30469	30483
30469	30484
30469	30485
30469	30486
30470	30483
30470	30484
30471	30472
30471	30473
30471	30474
30472	30473
30472	30474
30473	30474
30473	30475
30473	30476
30473	30477
30473	30478
30473	30479
30476	30477
30478	30479
30480	30504
30480	30507
30480	30508
30480	30509
30481	30482
30483	30484
30483	30485
30483	30486
30484	30485
30484	30486
30485	30486
30487	30488
30487	30489
30488	30489
30490	30491
30490	30521
30490	30523
30490	30524
30491	30492
30493	30494
30493	30495
30493	30496
30494	30495
30494	30496
30495	30496
30497	30498
30497	30499
30497	30508
30497	30521
30497	30522
30498	30499
30500	30501
30502	30503
30502	30504
30502	30505
30503	30504
30503	30505
30503	30506
30504	30505
30504	30506
30504	30507
30507	30508
30507	30509
30508	30509
30508	30521
30508	30522
30511	30512
30511	30513
30511	30514
30512	30513
30512	30514
30515	30516
30521	30522
30521	30523
30521	30524
30523	30524
