14323	22307
14323	27385
14323	27386
14323	27387
22053	27073
22053	27378
22053	30347
22053	30348
22053	30349
22307	22308
22307	26900
22307	27378
22307	27379
22307	27385
22307	27386
22307	27387
22307	27748
22307	27777
22307	27831
22307	27832
22307	30298
22307	30299
22307	30300
22307	30313
22307	30314
22307	30315
22307	30316
22307	30317
22307	30318
22307	31235
22308	30298
22308	30299
26900	27378
26900	27379
27073	27378
27073	30347
27073	30348
27073	30349
27378	27379
27378	30347
27378	30348
27378	30349
27385	27386
27385	27387
27386	27387
27831	27832
30298	30299
30298	30300
30298	30313
30298	30314
30298	30315
30298	30316
30298	30317
30298	30318
30299	30300
30299	30313
30299	30314
30299	30315
30299	30316
30299	30318
30300	30313
30300	30315
30300	30316
30300	30317
30300	30318
30300	31235
30313	30314
30313	30315
30313	30316
30313	30318
30314	30315
30314	30316
30315	30316
30315	30317
30315	30318
30315	31235
30316	30317
30316	30318
30316	31235
30347	30348
30347	30349
30348	30349
