370	5959
370	5960
370	5969
370	5985
370	5991
370	6002
370	6011
370	6026
370	6029
370	6031
370	6032
370	6038
370	6059
370	6063
370	6077
370	6079
370	6080
370	6088
370	6094
370	6107
370	6108
370	6109
370	6123
370	6124
370	6131
370	6135
370	6138
370	6140
370	6144
370	6145
370	6146
370	6148
370	6153
370	6158
370	6160
370	6164
370	6167
370	6169
370	6171
370	6172
370	6173
370	6174
370	6180
370	6182
370	6185
370	6186
370	6193
370	6194
370	6200
370	6205
370	6208
370	6209
370	6219
370	6224
370	6230
370	6233
370	6249
370	6251
370	6252
370	6254
370	6255
370	6259
370	6261
370	6267
370	6276
370	6277
370	6281
370	6286
370	6292
370	6304
370	6308
370	6315
370	6316
370	6317
370	6318
370	6330
370	6331
370	6333
370	6336
370	6338
370	6341
370	6355
370	6356
370	6357
370	6361
370	6363
370	6368
370	6369
370	6370
370	6375
370	6382
370	6387
370	6388
370	6389
370	6395
370	6402
370	6403
370	6407
370	6408
370	6409
370	6417
370	6418
370	6421
370	6424
370	6426
370	6457
370	6458
370	6459
370	6468
370	6470
370	6480
370	6482
370	6484
370	6488
370	6489
370	6498
370	6500
370	6512
370	6515
370	6524
5960	5969
6107	6108
6107	6109
6108	6109
6144	6145
6144	6146
6145	6146
6171	6172
6171	6173
6171	6174
6172	6173
6172	6174
6173	6174
6182	33475
6182	33476
6182	33477
6182	33478
6182	33479
6182	33480
6254	6255
6276	6277
6315	6316
6315	6317
6316	6317
6316	33485
6316	33486
6316	33487
6316	33488
6317	33485
6317	33486
6317	33487
6317	33488
6515	33489
6515	33490
6515	33491
6515	33492
6515	33496
33475	33476
33475	33477
33476	33477
33478	33479
33478	33480
33479	33480
33485	33486
33485	33487
33485	33488
33486	33487
33486	33488
33487	33488
33489	33490
33489	33491
33489	33492
33489	33493
33489	33494
33489	33495
33489	33496
33489	33497
33489	33498
33489	33499
33490	33491
33490	33492
33490	33493
33490	33494
33490	33495
33490	33496
33490	33497
33490	33498
33490	33499
33491	33492
33491	33493
33491	33494
33491	33495
33491	33496
33491	33497
33491	33498
33491	33499
33492	33493
33492	33494
33492	33498
33493	33494
33493	33498
33494	33495
33494	33496
33494	33497
33494	33498
33494	33499
33495	33496
33495	33497
33495	33498
33495	33499
33496	33497
33496	33498
33496	33499
33496	33500
33496	33501
33496	33502
33496	33503
33497	33498
33497	33499
33498	33499
33500	33501
33500	33502
33500	33503
33501	33502
33501	33503
33502	33503
