226	1179
227	6897
228	13681
229	13682
230	13684
231	13685
232	13686
233	13687
234	13688
235	13690
236	13693
237	13694
238	13698
239	13700
240	13701
241	13702
242	13703
243	13704
244	13705
245	13706
246	13710
247	13715
248	13718
249	13719
250	13720
251	13724
252	13729
253	13730
254	13732
255	13733
256	13736
257	13737
258	13738
259	13739
260	13742
261	13745
262	13746
263	13747
264	13748
265	13750
266	13751
267	13752
268	13753
269	13755
270	13756
271	13758
272	13759
273	13760
274	13761
275	13762
276	13764
277	13765
278	13766
279	13767
280	13768
281	13769
282	13770
283	13771
284	13773
285	13774
286	13775
287	13776
288	13777
289	13779
290	13781
291	13786
292	13787
293	13788
294	13789
295	13790
296	13791
297	13793
298	13795
299	13796
300	13798
301	13799
302	13801
303	13802
304	13804
305	13805
306	13806
307	13812
308	13814
309	13815
310	33844
311	33845
312	33846
