1179	6897
1179	13681
1179	13682
1179	13684
1179	13685
1179	13686
1179	13687
1179	13688
1179	13690
1179	13693
1179	13694
1179	13698
1179	13700
1179	13701
1179	13702
1179	13703
1179	13704
1179	13705
1179	13706
1179	13710
1179	13715
1179	13718
1179	13719
1179	13720
1179	13724
1179	13729
1179	13730
1179	13732
1179	13733
1179	13736
1179	13737
1179	13738
1179	13739
1179	13742
1179	13745
1179	13746
1179	13747
1179	13748
1179	13750
1179	13751
1179	13752
1179	13753
1179	13755
1179	13756
1179	13758
1179	13759
1179	13760
1179	13761
1179	13762
1179	13764
1179	13765
1179	13766
1179	13767
1179	13768
1179	13769
1179	13770
1179	13771
1179	13773
1179	13774
1179	13775
1179	13776
1179	13777
1179	13779
1179	13781
1179	13786
1179	13787
1179	13788
1179	13789
1179	13790
1179	13791
1179	13793
1179	13795
1179	13796
1179	13798
1179	13799
1179	13801
1179	13802
1179	13804
1179	13805
1179	13806
1179	13812
1179	13814
1179	13815
13710	13805
13710	13806
13724	13737
13724	13758
13737	13758
13760	13787
13760	13788
13781	33844
13781	33845
13781	33846
13787	13788
13805	13806
33844	33845
33844	33846
33845	33846
