2628	3253
2628	3254
2628	3285
2628	3339
2628	3537
2628	3656
2628	3659
2628	3661
2628	3734
2628	3735
2628	3736
2628	3737
2628	3738
2628	3739
2628	3744
2628	3745
2628	3788
2628	3806
2628	3869
2628	4052
2628	25904
2628	25905
2628	25906
2628	25907
2628	25909
2628	25910
2628	25911
2628	25912
2628	25913
2628	25914
2628	25915
2628	25916
2628	25917
2628	25918
2628	25919
2628	25920
2628	25921
2628	25922
2628	25923
2628	25925
2628	25926
2628	25927
2628	25929
2628	25930
2628	25931
2628	25935
2628	25936
2628	25941
2628	25943
2628	25945
2628	25946
2628	25949
2628	25950
2628	25951
2628	25952
2628	25953
2628	25954
2628	25956
2628	25958
2628	25962
2628	25963
2628	25964
2628	25965
2628	25966
2628	25968
2628	25973
2628	25974
2628	25975
2628	25977
2628	25979
2628	25982
2628	25983
2628	25984
2628	25986
2628	25987
2628	25988
2628	25989
2628	25990
2628	25991
2628	25992
2628	25996
2628	25997
2628	26000
2628	26001
2628	26003
3253	4004
3254	25915
3254	25916
3339	25909
3447	3474
3474	3497
3474	25965
3474	26240
3474	26520
3497	25965
3497	26240
3497	26402
3497	26403
3537	25930
3537	25962
3656	3756
3734	3735
3734	3736
3734	3737
3734	3738
3734	3739
3735	3736
3735	3737
3735	3738
3735	3739
3736	3737
3736	3738
3736	3739
3737	3738
3737	3739
3738	3739
3744	3745
3744	25935
3745	25935
25909	26928
25915	25916
25922	25923
25930	25962
25956	26920
25956	26921
25956	26922
25965	26240
26920	26921
26920	26922
26921	26922
