0	1
0	2
0	3
0	4
0	5
0	6
0	7
0	8
0	9
0	10
0	11
0	12
0	13
0	14
0	15
0	16
0	17
0	18
0	19
0	20
0	21
0	22
0	23
0	24
0	25
0	26
0	27
0	28
0	29
0	30
0	31
0	32
0	33
0	34
0	35
0	36
0	37
0	38
0	39
0	40
0	41
0	42
0	43
0	44
0	45
0	46
0	47
0	48
0	49
0	50
0	51
0	52
0	53
0	54
0	55
0	56
0	57
0	58
0	59
0	60
0	61
0	62
0	63
0	64
0	65
0	66
0	67
0	68
0	69
0	70
0	71
0	72
0	73
0	74
0	75
0	76
0	77
0	78
0	79
0	80
0	81
0	82
0	83
0	84
0	85
0	86
0	87
0	88
0	89
0	90
0	91
0	92
0	93
0	94
0	95
0	96
0	97
0	98
0	99
0	100
0	101
0	102
0	103
0	104
0	105
0	106
0	107
0	108
0	109
0	110
0	111
0	112
0	113
0	114
0	115
0	116
0	117
0	118
0	119
0	120
2	3
20	21
20	22
21	22
29	30
29	31
30	31
39	40
39	41
39	42
40	41
40	42
41	42
44	121
44	122
44	123
44	124
44	125
44	126
60	61
65	66
72	73
72	74
73	74
73	127
73	128
73	129
73	130
74	127
74	128
74	129
74	130
119	131
119	132
119	133
119	134
119	135
121	122
121	123
122	123
124	125
124	126
125	126
127	128
127	129
127	130
128	129
128	130
129	130
131	132
131	133
131	134
131	135
131	136
131	137
131	138
131	139
131	140
131	141
132	133
132	134
132	135
132	136
132	137
132	138
132	139
132	140
132	141
133	134
133	135
133	136
133	137
133	138
133	139
133	140
133	141
134	136
134	137
134	140
135	137
135	138
135	139
135	140
135	141
135	142
135	143
135	144
135	145
136	137
136	140
137	138
137	139
137	140
137	141
138	139
138	140
138	141
139	140
139	141
140	141
142	143
142	144
142	145
143	144
143	145
144	145
