649	1364
650	25637
651	25638
652	25639
653	25640
654	25641
655	25642
656	25643
657	25644
658	25645
659	25647
660	25648
661	25649
662	25650
663	25651
664	25652
665	25653
666	25654
667	25655
668	25656
669	25658
670	25659
671	25661
672	25662
673	25663
674	25664
675	25665
676	25666
677	25667
678	25669
679	25670
680	25673
681	25674
682	25675
683	25676
684	25677
685	25678
686	25679
687	25680
688	25681
689	25682
690	25684
691	25685
692	25687
693	25688
694	25690
695	25691
696	25694
697	25695
698	25696
699	25698
700	25699
701	25700
702	25703
703	25704
704	25705
705	25706
706	25707
707	25709
708	25710
709	25711
710	25712
711	25713
712	25714
713	25715
714	25716
715	25717
716	25718
717	25719
718	25720
719	25721
720	25722
721	25723
722	25725
723	25729
724	25730
725	25731
726	25733
727	25734
728	25735
729	25736
730	25737
731	25738
732	25739
733	25742
734	25743
735	25744
736	25746
737	25747
738	25749
739	25750
740	25751
741	25753
742	25754
743	25755
744	25756
745	25757
746	25758
747	25760
748	25761
749	25762
750	25764
751	25765
752	25766
753	25767
754	25768
755	25769
756	25771
757	25772
758	25773
759	25774
760	25775
761	25776
762	25777
763	25779
764	25780
765	25781
766	25782
767	25783
768	29990
769	29991
770	29992
771	29993
772	29994
773	29995
774	29996
775	29997
776	29998
777	29999
778	30000
779	30001
780	30002
781	30003
782	30004
783	30005
784	30006
785	30007
786	30008
787	30019
788	30020
789	30021
790	30009
791	30010
792	30011
793	29044
794	29045
795	29046
