0	10279
1	10280
2	10281
3	10282
4	10283
5	10284
6	10355
7	10422
8	10423
9	10424
10	10428
11	10429
12	10351
13	10352
14	10353
15	10354
16	10356
17	10425
18	10426
19	10427
20	10430
21	10431
22	10432
23	10433
24	10434
25	10435
26	10436
27	14165
28	14166
29	14579
30	14580
31	14581
32	14582
33	14583
34	14584
35	14585
36	14586
37	14587
38	14588
39	15031
40	15664
41	15665
42	15666
43	15667
44	15668
45	15669
46	15624
47	15625
48	15626
49	15627
50	15628
51	15629
52	15630
53	15631
54	15632
55	15670
56	15671
57	15672
58	15673
59	15674
60	15675
61	15676
62	15677
63	15678
64	15679
65	15680
66	15693
