2045	8096
2045	16621
2045	16622
2045	16624
2045	16625
2045	16626
2045	16629
2045	16630
2045	16632
2045	16633
2045	16634
2045	16635
2045	16639
2045	16640
2045	16641
2045	16644
2045	16645
2045	16650
2045	16651
2045	16652
2045	16653
2045	16655
2045	16656
2045	16658
2045	16660
2045	16661
2045	16662
2045	16664
2045	16665
2045	16666
2045	16667
2045	16670
2045	16671
2045	16672
2045	16675
2045	16677
2045	16678
2045	16679
2045	16681
16624	16625
16624	16626
16625	16626
16629	16630
16629	28811
16633	16634
16633	16635
16633	16652
16633	16664
16633	16665
16633	16666
16633	16667
16633	16670
16633	16671
16634	16635
16639	16640
16640	34273
16652	16670
16652	16671
16660	16661
16660	16662
16661	16662
16664	16665
16664	16666
16664	16667
16665	16666
16665	16667
16666	16667
16670	16671
16677	16678
16677	16679
16678	16679
28811	28812
