1	371
2	5960
3	5961
4	5970
5	5986
6	5992
7	6003
8	6012
9	6027
10	6030
11	6032
12	6033
13	6039
14	6060
15	6064
16	6078
17	6080
18	6081
19	6089
20	6095
21	6108
22	6109
23	6110
24	6124
25	6125
26	6132
27	6136
28	6139
29	6141
30	6145
31	6146
32	6147
33	6149
34	6154
35	6159
36	6161
37	6165
38	6168
39	6170
40	6172
41	6173
42	6174
43	6175
44	6181
45	6183
46	6186
47	6187
48	6194
49	6195
50	6201
51	6206
52	6209
53	6210
54	6220
55	6225
56	6231
57	6234
58	6250
59	6252
60	6253
61	6255
62	6256
63	6260
64	6262
65	6268
66	6277
67	6278
68	6282
69	6287
70	6293
71	6305
72	6309
73	6316
74	6317
75	6318
76	6319
77	6331
78	6332
79	6334
80	6337
81	6339
82	6342
83	6356
84	6357
85	6358
86	6362
87	6364
88	6369
89	6370
90	6371
91	6376
92	6383
93	6388
94	6389
95	6390
96	6396
97	6403
98	6404
99	6408
100	6409
101	6410
102	6418
103	6419
104	6422
105	6425
106	6427
107	6458
108	6459
109	6460
110	6469
111	6471
112	6481
113	6483
114	6485
115	6489
116	6490
117	6499
118	6501
119	6513
120	6516
121	6525
122	33476
123	33477
124	33478
125	33479
126	33480
127	33481
128	33486
129	33487
130	33488
131	33489
132	33490
133	33491
134	33492
135	33493
136	33497
137	33494
138	33495
139	33496
140	33498
141	33499
142	33500
143	33501
144	33502
145	33503
146	33504
