371	5960
371	5961
371	5970
371	5986
371	5992
371	6003
371	6012
371	6027
371	6030
371	6032
371	6033
371	6039
371	6060
371	6064
371	6078
371	6080
371	6081
371	6089
371	6095
371	6108
371	6109
371	6110
371	6124
371	6125
371	6132
371	6136
371	6139
371	6141
371	6145
371	6146
371	6147
371	6149
371	6154
371	6159
371	6161
371	6165
371	6168
371	6170
371	6172
371	6173
371	6174
371	6175
371	6181
371	6183
371	6186
371	6187
371	6194
371	6195
371	6201
371	6206
371	6209
371	6210
371	6220
371	6225
371	6231
371	6234
371	6250
371	6252
371	6253
371	6255
371	6256
371	6260
371	6262
371	6268
371	6277
371	6278
371	6282
371	6287
371	6293
371	6305
371	6309
371	6316
371	6317
371	6318
371	6319
371	6331
371	6332
371	6334
371	6337
371	6339
371	6342
371	6356
371	6357
371	6358
371	6362
371	6364
371	6369
371	6370
371	6371
371	6376
371	6383
371	6388
371	6389
371	6390
371	6396
371	6403
371	6404
371	6408
371	6409
371	6410
371	6418
371	6419
371	6422
371	6425
371	6427
371	6458
371	6459
371	6460
371	6469
371	6471
371	6481
371	6483
371	6485
371	6489
371	6490
371	6499
371	6501
371	6513
371	6516
371	6525
5961	5970
6108	6109
6108	6110
6109	6110
6145	6146
6145	6147
6146	6147
6172	6173
6172	6174
6172	6175
6173	6174
6173	6175
6174	6175
6183	33476
6183	33477
6183	33478
6183	33479
6183	33480
6183	33481
6255	6256
6277	6278
6316	6317
6316	6318
6317	6318
6317	33486
6317	33487
6317	33488
6317	33489
6318	33486
6318	33487
6318	33488
6318	33489
6516	33490
6516	33491
6516	33492
6516	33493
6516	33497
33476	33477
33476	33478
33477	33478
33479	33480
33479	33481
33480	33481
33486	33487
33486	33488
33486	33489
33487	33488
33487	33489
33488	33489
33490	33491
33490	33492
33490	33493
33490	33494
33490	33495
33490	33496
33490	33497
33490	33498
33490	33499
33490	33500
33491	33492
33491	33493
33491	33494
33491	33495
33491	33496
33491	33497
33491	33498
33491	33499
33491	33500
33492	33493
33492	33494
33492	33495
33492	33496
33492	33497
33492	33498
33492	33499
33492	33500
33493	33494
33493	33495
33493	33499
33494	33495
33494	33499
33495	33496
33495	33497
33495	33498
33495	33499
33495	33500
33496	33497
33496	33498
33496	33499
33496	33500
33497	33498
33497	33499
33497	33500
33497	33501
33497	33502
33497	33503
33497	33504
33498	33499
33498	33500
33499	33500
33501	33502
33501	33503
33501	33504
33502	33503
33502	33504
33503	33504
