3027	11515
3027	11548
3027	20197
3027	21089
3027	21269
3027	21409
3027	21410
3027	21411
3027	21412
3027	21413
3027	21414
3027	21415
3027	21416
3027	21417
3027	21418
3027	21419
3027	21420
3027	21421
3027	21422
3027	21423
3027	21424
3027	21425
3027	21426
3027	21427
3027	21428
3027	21429
3027	21433
3027	21434
3027	21436
3027	21437
3027	21438
3027	21439
3027	21440
3027	21441
3027	21443
3027	21444
3027	21446
3027	21447
3027	21448
3027	21449
3027	21450
3027	21451
3027	21452
3027	21453
3027	21454
3027	21455
3027	21456
3027	21457
3027	21458
3027	21459
3027	21461
20197	21089
21089	21410
21089	21413
21089	21433
21089	21441
21089	21458
21269	21270
21436	21454
21452	33717
21452	33718
21452	33719
21452	33720
33717	33718
33717	33719
33717	33720
33718	33719
33718	33720
33719	33720
