582	9223
582	9224
582	9225
582	9230
582	9235
582	9236
582	9237
582	9238
582	9239
582	9242
582	9244
582	9245
582	9247
582	9248
582	9250
582	9256
582	9258
582	9259
582	9263
582	9265
582	9266
582	9267
582	9268
582	9269
582	9273
582	9275
582	9280
582	9282
582	9283
582	9286
582	9287
582	9289
582	9290
582	9291
582	9292
582	9295
582	9296
582	9305
582	9308
582	9310
582	9316
582	9317
582	9319
582	9323
582	9326
582	9328
582	9329
582	9332
582	9333
582	9336
582	9340
582	9345
582	9347
582	9366
582	9370
582	9372
582	9375
582	9379
582	9381
9230	9239
9239	9247
9239	9366
9247	9372
9295	9296
9333	32123
9333	32124
9333	32125
9340	21679
32123	32124
32123	32125
32124	32125
