0	125
1	4736
2	4738
3	4752
4	4753
5	4754
6	4755
7	4756
8	4757
9	4758
10	4759
11	4760
12	4761
13	4762
14	4763
15	4764
16	4765
17	4766
18	4767
19	4768
20	4769
21	4770
22	4771
23	4772
24	4773
25	4774
26	4775
27	4776
28	4777
29	4778
30	4779
31	4780
32	4781
33	4782
34	4783
35	4784
36	4785
37	4786
38	4787
39	4788
40	4789
41	4790
42	4791
43	4792
44	4793
45	4794
46	4795
47	4796
48	4797
49	4798
50	4799
51	4800
52	4801
53	4802
54	4803
55	4804
56	4805
57	4806
58	4807
59	4808
60	4809
61	4810
62	4811
63	4812
64	4813
65	4814
66	4815
67	4816
68	4817
69	4818
70	4819
71	4820
72	4821
73	4822
74	4823
75	4824
76	4825
77	4826
78	4827
79	4828
80	4829
81	4830
82	4831
83	4832
84	4833
85	4834
86	4835
87	4836
88	4837
89	4838
90	4839
91	4840
92	4841
93	4842
94	4843
95	4844
96	4845
97	4846
98	4847
99	4848
100	4849
101	4850
102	4851
103	4852
104	4853
105	4854
106	4855
107	4856
108	4857
109	4858
110	4859
111	4860
112	4861
113	4862
114	4863
115	4864
116	4865
117	4866
118	4867
119	4868
120	4869
121	4870
122	4871
123	4872
124	4873
125	4874
126	4875
127	4876
128	4877
129	4878
130	4879
131	4880
132	4881
133	4882
134	4883
135	4884
136	4885
137	4886
138	4887
139	4888
140	4889
141	4890
142	4891
143	4892
144	4893
145	4894
146	4895
147	4896
148	4897
149	4898
