0	4735
1	20106
2	20107
3	20124
4	20125
5	20130
6	20131
7	20132
8	20138
9	20143
10	20149
11	20155
12	20158
13	20159
14	20160
15	20166
16	20167
17	20168
18	20169
19	20170
20	20177
21	20178
22	20179
23	20180
24	20181
25	20191
26	20193
27	20201
28	20205
29	20209
30	20210
31	20211
32	20214
33	20216
34	20217
35	20222
36	20223
37	20226
38	20228
39	20232
40	20234
41	20237
42	20244
43	20245
44	20247
45	20252
46	20255
47	20256
48	20260
49	20261
50	20264
51	20265
52	20266
53	20270
54	20272
55	20279
56	20280
57	20286
58	20287
59	20288
60	24815
61	24816
62	24817
63	24818
64	24673
65	24674
66	24675
67	24676
68	24677
69	24678
70	24719
71	24730
72	24731
73	24732
74	24733
75	24734
76	24735
77	25098
78	25099
79	25100
80	24810
81	24811
82	24812
83	24813
84	24736
85	24737
86	24738
87	24739
88	24740
89	24741
90	24742
91	24743
92	24744
93	24745
94	24746
95	24747
96	24748
97	24749
98	24750
99	24821
100	24822
101	24819
102	24820
103	25101
104	25102
