9151	14180
9151	25670
9151	25676
9151	25683
9151	25691
9151	25694
14179	14180
14180	25670
14180	25676
25193	25693
25646	25653
25646	25697
25646	25718
25650	25651
25650	25669
25651	25669
25651	25703
25653	25654
25653	25656
25653	25662
25653	25690
25653	30248
25654	25656
25657	25666
25657	25695
25660	25662
25660	25663
25660	25670
25660	25676
25660	25677
25660	25733
25660	25734
25660	25738
25660	30239
25660	30240
25660	30246
25660	30247
25662	25663
25662	25666
25662	25669
25662	25670
25662	25677
25662	30239
25662	30240
25663	25666
25663	25669
25666	25669
25666	25695
25669	25695
25670	25671
25670	25672
25670	25676
25670	25683
25670	25691
25670	25694
25670	25733
25670	25734
25670	25738
25670	25739
25670	30239
25670	30240
25671	25672
25671	25693
25676	25683
25676	25691
25676	25738
25676	25739
25681	30272
25683	25691
25689	30272
25693	25717
25693	30272
25717	25727
25733	25734
30239	30240
30240	30246
30240	30247
30246	30247
30272	30273
30272	30274
30272	30275
30272	30276
30272	30277
30273	30274
30274	30277
