5097	7605
5097	14936
5097	19054
5097	26220
5097	26221
5097	26222
5097	26223
5097	26225
5097	26226
5097	26227
5097	26228
5097	26229
5097	26231
5097	26232
5097	26234
5097	26235
5097	26238
5097	26239
5097	26240
5097	26241
5097	26242
5097	26243
5097	26244
5097	26245
5097	26246
5097	26247
5097	26249
5097	26250
5097	26251
5097	26252
5097	26253
5097	26254
5097	26255
5097	26256
5097	26257
5097	26258
5097	26259
5097	26261
5097	26262
5097	26263
5097	26264
5097	26265
5097	26266
5097	26267
5097	26268
5097	26269
5097	26270
5097	26271
5097	26274
5097	26275
5097	26276
5097	26277
5097	26278
19054	26297
19054	26298
19054	26299
19054	26300
19054	26301
26222	26241
26231	26232
26243	26244
26257	26295
26297	26298
26297	26299
26297	26301
26298	26301
