11574	11575
11574	11577
11574	11584
11575	11576
11575	11584
11576	11578
11576	11586
11576	11587
11559	11574
11559	11577
11559	11568
11559	11584
11559	11565
11560	11569
11560	11579
11569	11571
11569	11588
11577	11581
11577	11582
11577	11583
11571	11585
11563	11573
11561	11563
11568	11585
11567	11572
11567	11580
11567	11593
11562	11571
11562	11585
11578	11586
11578	11587
11579	11589
11580	11593
11564	11567
11564	11580
11564	11593
11561	11593
11581	11582
11581	11583
11582	11583
11565	11584
11566	11579
11566	11589
11586	11587
11588	11590
11588	11591
11588	11592
11573	11589
11570	11589
11570	11573
11590	11591
11590	11592
11591	11592
