4881	11924
4882	12952
4883	14795
4884	16203
4885	29258
4886	12966
4887	23695
4888	31900
4889	31901
4890	14794
4891	20184
4892	29260
4893	14832
4894	14833
4895	23903
4896	17868
4897	33957
4898	34260
4899	34261
4900	28315
4901	28316
4902	28378
4903	21143
4904	29470
4905	38567
4906	38568
4907	18302
4908	18305
4909	25165
4910	25454
4911	25472
4912	35060
4913	25577
4914	34245
4915	38456
4916	20862
4917	20864
4918	38976
4919	41405
4920	25337
4921	25376
4922	34211
4923	40660
4924	21142
4925	21249
4926	30204
4927	34080
4928	25283
4929	32536
4930	25453
4931	38543
4932	38544
4933	38545
4934	35061
4935	34181
4936	38994
4937	38995
