0	3007
1	3011
2	3098
3	4602
4	3268
5	3269
6	3270
7	3273
8	3274
9	4568
10	4578
11	4581
12	4638
13	4639
14	5203
15	5208
16	4555
17	4645
18	4646
19	4563
20	4572
21	4617
22	4618
23	4619
24	4620
25	4621
26	4579
27	4601
28	4634
29	4580
30	4635
31	4636
32	4637
33	4600
34	4590
35	4592
36	4593
37	4594
38	4605
39	4607
40	4616
41	4595
42	4597
43	4596
44	4622
45	4623
46	4615
47	4608
48	4609
49	4631
50	4632
51	4633
52	4642
53	4643
54	9002
55	8288
56	5088
57	11266
58	9001
59	9013
60	9014
61	6891
62	6904
63	6905
64	8168
65	8169
66	8172
67	8173
68	9003
69	9004
70	9005
71	9008
72	9258
73	9259
74	9260
75	9011
