0	1
0	2
1	3
4	5
4	6
4	7
4	8
5	9
5	10
5	11
6	12
6	13
7	14
7	15
16	17
16	18
19	20
9	11
20	21
20	22
20	23
20	24
20	25
26	27
26	28
29	30
29	31
29	32
11	29
11	33
11	31
11	32
34	35
34	36
34	37
35	36
35	38
35	39
36	40
37	41
37	42
41	43
41	42
41	44
41	45
33	41
27	36
27	40
27	28
3	46
3	12
38	39
38	47
47	48
21	22
21	49
21	50
22	51
23	24
23	25
24	25
44	52
44	53
45	54
49	50
51	55
30	31
30	56
31	32
31	56
31	57
12	58
17	18
17	54
17	59
17	60
18	54
18	59
56	61
56	62
56	63
56	57
14	51
61	62
61	63
62	63
64	65
64	66
64	67
64	68
65	66
65	67
65	68
66	67
54	68
54	69
54	70
68	69
68	70
68	71
69	70
70	72
70	73
70	74
71	75
72	73
72	74
73	74
