67	584
68	9225
69	9226
70	9227
71	9232
72	9237
73	9238
74	9239
75	9240
76	9241
77	9244
78	9246
79	9247
80	9249
81	9250
82	9252
83	9258
84	9260
85	9261
86	9265
87	9267
88	9268
89	9269
90	9270
91	9271
92	9275
93	9277
94	9282
95	9284
96	9285
97	9288
98	9289
99	9291
100	9292
101	9293
102	9294
103	9297
104	9298
105	9307
106	9310
107	9312
108	9318
109	9319
110	9321
111	9325
112	9328
113	9330
114	9331
115	9334
116	9335
117	9338
118	9342
119	9347
120	9349
121	9368
122	9372
123	9374
124	9377
125	9381
126	9383
127	32125
128	32126
129	32127
130	21681
