584	9225
584	9226
584	9227
584	9232
584	9237
584	9238
584	9239
584	9240
584	9241
584	9244
584	9246
584	9247
584	9249
584	9250
584	9252
584	9258
584	9260
584	9261
584	9265
584	9267
584	9268
584	9269
584	9270
584	9271
584	9275
584	9277
584	9282
584	9284
584	9285
584	9288
584	9289
584	9291
584	9292
584	9293
584	9294
584	9297
584	9298
584	9307
584	9310
584	9312
584	9318
584	9319
584	9321
584	9325
584	9328
584	9330
584	9331
584	9334
584	9335
584	9338
584	9342
584	9347
584	9349
584	9368
584	9372
584	9374
584	9377
584	9381
584	9383
9232	9241
9241	9249
9241	9368
9249	9374
9297	9298
9335	32125
9335	32126
9335	32127
9342	21681
32125	32126
32125	32127
32126	32127
