638	4765
639	18152
640	18182
641	18188
642	18240
643	18460
644	18462
645	18465
646	18467
647	18468
648	18470
649	18471
650	18472
651	18477
652	18479
653	18480
654	18481
655	18482
656	18483
657	18484
658	18486
659	18487
660	18488
661	18490
662	18494
663	18495
664	18496
665	18497
666	18498
667	18499
668	18500
669	18501
670	18504
671	18505
672	18506
673	18508
674	18509
675	18510
676	18512
677	18514
678	18515
679	18524
680	18525
681	18529
682	18530
683	18535
684	18536
685	18539
686	18540
687	18542
688	18543
689	18544
690	18545
691	18150
692	18151
693	18190
694	29812
