740	11000
1298	4401
741	11001
742	11002
155	11003
743	11004
744	11005
709	6574
733	10992
0	9
734	10993
735	10994
1160	13147
736	10995
737	10996
623	10997
738	10998
739	10999
767	13151
551	13121
729	10985
550	13120
728	10984
344	10987
552	13122
730	10986
732	10989
731	10988
860	17622
154	10991
451	10990
722	10977
721	10976
3	27
724	10979
553	13130
723	10978
726	10981
725	10980
727	10983
450	10982
535	2234
715	10970
716	10971
584	13168
713	10968
714	10969
719	10974
720	10975
717	10972
718	10973
861	17640
16	46
546	10966
544	10964
545	10965
1349	19560
817	10953
816	10952
768	13152
273	6552
357	6559
868	2222
356	6547
42	59
799	13167
543	10943
150	6632
4	76
432	13081
433	13083
522	10921
855	10920
17	80
856	13109
583	13107
282	2294
866	4447
302	8714
549	13114
540	8712
541	8713
710	6593
268	123
509	2064
303	8938
1401	15175
46	143
1400	15174
1402	15177
44	131
1403	15178
1404	15181
1351	15180
1394	15183
276	135
1405	15182
45	134
849	15184
850	15185
138	153
851	15186
833	15187
1165	6453
559	15192
5	145
560	15193
561	15194
803	15196
1359	15197
1360	15199
137	151
642	19698
643	19699
1440	19696
625	15201
804	15200
641	19697
1345	19703
323	161
12	2111
47	186
1	184
578	4494
566	8927
147	4603
1178	19588
1071	15135
48	215
355	6468
146	4572
624	15138
1156	15136
1059	15151
1058	15150
1057	15149
1056	15148
1055	15147
292	4562
1155	15145
1154	15144
1066	15158
1067	15159
1064	15156
1065	15157
1062	15154
1063	15155
1060	15152
1061	15153
434	249
823	6492
49	244
50	276
1257	15062
895	4147
778	2457
899	4150
897	9062
896	9061
271	4149
565	4155
791	4156
781	11200
824	9030
1386	17894
51	295
510	6274
1078	19830
825	9039
1164	6393
1300	6392
853	4204
538	4203
852	4200
846	17817
871	4214
647	4213
446	4211
445	4209
360	9006
815	4221
291	4218
707	4219
435	329
516	4165
461	2542
491	8982
53	378
414	4170
620	4180
867	11165
290	4181
52	357
870	4176
557	15018
537	4188
556	14942
324	396
517	4233
900	4234
792	4230
1350	4255
1222	2359
447	4243
54	420
1362	9158
801	14870
802	14871
1157	11054
903	11055
1073	11052
962	11053
57	466
902	11051
901	11048
877	11063
906	11062
905	11061
56	461
904	11060
876	11059
786	11057
523	11056
577	4340
1158	11067
55	450
452	11066
907	11065
1231	2392
507	11064
749	11012
750	11013
506	11015
745	11008
746	11009
511	9114
747	11010
748	11011
1223	2412
431	11020
898	9109
753	11021
518	4294
754	11022
755	11023
1437	12961
751	11017
752	11018
580	9101
58	492
59	495
757	11025
872	4312
756	11024
969	11027
758	11026
1224	2429
964	19900
329	4305
576	4307
218	20095
217	20094
216	20093
284	2749
215	20092
214	20091
415	7050
213	20090
500	2747
212	20089
499	2744
211	20088
210	20087
209	20086
208	20085
207	20084
206	20083
205	20082
448	4891
204	20081
203	20080
15	2737
793	4871
201	20078
283	2734
202	20079
199	20076
200	20077
197	20074
438	2731
198	20075
60	562
195	20072
142	2729
343	10440
196	20073
21	2728
193	20070
194	20071
498	2726
191	20068
192	20069
847	4875
189	20066
359	8282
190	20067
187	20064
14	2720
188	20065
184	20061
496	2716
183	20060
13	2718
186	20063
185	20062
497	2719
180	20057
179	20056
182	20059
20	2715
181	20058
176	20053
175	20052
178	20055
177	20054
840	18121
173	20049
839	18120
172	20048
582	10482
174	20050
168	20044
1364	18133
1252	7100
169	20045
170	20046
1436	14814
171	20047
1176	18128
164	20040
165	20041
166	20042
167	20043
965	20036
161	20037
162	20038
163	20039
630	18138
1406	22507
841	18139
62	610
63	611
1408	20021
436	627
520	7123
1344	2784
629	18110
628	18109
503	2778
1407	7151
501	2768
760	8232
502	2775
1399	4960
61	599
838	18071
627	18073
325	2757
439	2759
67	687
408	10326
407	10325
406	10324
405	10323
404	10322
1299	5017
403	10321
1189	14688
402	10320
159	14702
277	677
410	10329
409	10328
396	10310
397	10311
394	10308
1361	18044
395	10309
393	10304
400	10318
558	18039
401	10319
399	10314
398	10312
32	5053
34	5055
33	5054
65	651
30	5044
31	5047
28	5040
1389	20186
64	643
29	5043
1080	20187
626	18013
1079	20164
26	5037
837	18015
27	5039
1296	20161
1295	20160
1297	20163
66	666
24	5034
25	5035
23	5031
18	659
1284	20146
365	10259
1285	20147
648	8330
959	14625
267	20144
1283	20145
1288	20150
1289	20151
367	10262
69	750
1286	20148
366	10261
1287	20149
1291	20154
1292	20155
1290	20152
369	10265
368	10264
1293	20158
371	10271
68	743
1294	20159
370	10270
787	20156
149	5077
836	17979
254	20131
253	20130
252	20129
251	20128
258	20135
257	20134
256	20133
255	20132
262	20139
36	5058
361	10251
261	20138
37	5059
260	20137
35	5056
259	20136
363	10254
266	20143
40	5062
364	10255
265	20142
41	5063
362	10252
264	20141
38	5060
263	20140
39	5061
235	20112
383	10288
236	20113
237	20114
238	20115
239	20116
384	10293
240	20117
835	17934
241	20118
385	10295
242	20119
519	5118
243	20120
387	10297
1190	17921
244	20121
386	10296
245	20122
389	10299
246	20123
388	10298
834	17924
247	20124
391	10301
248	20125
390	10300
249	20126
392	10303
250	20127
372	10272
220	20097
373	10273
219	20096
222	20099
374	10275
221	20098
375	10276
224	20101
376	10277
223	20100
226	20103
6	734
377	10279
225	20102
228	20105
227	20104
378	10282
230	20107
379	10283
229	20106
380	10284
232	20109
381	10285
231	20108
234	20111
382	10287
233	20110
644	6804
293	4622
800	14576
148	4619
70	804
429	3004
469	3006
466	3000
1384	14569
144	3001
1302	14570
7	802
467	3002
649	8514
468	3003
1391	18413
463	2996
1076	14566
464	2998
465	2999
416	8521
462	2995
412	2955
411	2954
270	2952
298	6833
621	6832
490	8551
484	6873
483	6872
485	6875
72	882
73	884
151	6876
487	6879
486	6878
533	3054
829	3041
275	6865
274	6864
831	3043
331	6867
830	3042
478	6866
480	6869
579	8477
74	892
479	6868
294	4687
482	6871
481	6870
442	3065
443	3066
1390	18345
287	3060
145	3019
474	3018
473	3017
286	3016
475	3022
1358	12299
71	859
471	3011
1357	12298
1356	12297
470	3009
285	3008
139	863
413	3015
327	3014
326	3013
472	3012
547	4716
22	3027
476	3024
477	3025
441	3028
775	956
771	952
772	953
773	954
774	955
79	949
301	8662
140	945
354	2858
141	946
300	8652
960	20470
78	943
77	937
1054	2864
76	933
637	20477
636	20475
1381	20423
1380	20422
705	927
1379	20421
1378	20420
75	925
1377	20419
312	2818
1376	20417
1375	20416
539	8697
1163	2831
1162	20428
1383	20427
358	6714
1382	20424
336	8683
634	18243
143	2916
1251	4814
844	18239
440	2919
708	4801
842	18227
633	18226
843	18229
869	2929
822	4824
632	18217
1365	20404
1366	20405
1367	20406
1368	20408
1369	20409
1370	20410
1305	20411
1371	20412
631	18212
1372	20413
295	4820
515	2940
1373	20414
1374	20415
1175	14357
961	4845
1304	18192
882	18198
1159	4850
341	9768
1282	16523
339	9766
340	9767
418	9761
828	20914
827	20908
419	9787
826	20907
304	9776
894	20899
299	7622
893	20890
892	20889
891	20886
1352	16549
279	1120
890	20878
889	20875
888	20873
887	20871
886	20865
278	1032
424	9832
425	9833
426	9834
423	9825
1393	18523
80	1049
427	9848
534	1051
1392	18499
879	16340
421	9801
420	9792
81	1081
422	9822
1184	18537
437	1077
797	9893
796	9892
798	9894
795	9889
493	1217
652	16384
548	9888
492	9890
1441	20796
780	9901
832	9900
342	9897
759	5624
854	9899
1303	16157
785	9910
152	9905
857	16402
513	11813
288	3143
428	9856
1167	9871
1443	9869
883	20763
646	9864
526	20743
1388	18606
1153	20742
1387	18605
1152	20741
1151	20740
968	9877
1150	20739
1149	20738
1148	20736
864	1265
532	20749
531	20748
333	7506
305	9882
530	20747
306	9883
529	20746
1168	9880
528	20745
1301	9881
527	20744
525	16448
638	9952
884	20851
562	16454
563	16455
564	16456
639	9960
82	1162
885	20862
873	7462
488	3075
444	3076
650	9981
1174	14286
83	1183
1355	7435
845	16480
280	1190
880	16489
963	16494
536	3115
1353	20811
1192	20814
330	5519
1191	20813
1053	13839
915	16023
819	18694
1052	13838
914	16022
1051	13837
651	16021
913	16020
1050	13835
912	16019
9	1371
1086	20651
1049	13834
911	16018
1084	20648
1048	13833
86	1369
1085	20649
1047	13832
1082	20646
1046	13831
1083	20647
1045	13830
920	16030
1044	13829
919	16029
770	20644
1043	13828
918	16028
1042	13827
917	16027
85	1363
455	12203
1041	13826
345	12202
524	16026
1445	20640
1040	13825
769	16025
1039	13824
916	16024
1245	13854
1095	20671
805	16007
157	12215
1243	13852
460	12212
1244	13853
1241	13850
1094	20667
458	12210
1242	13851
1093	20666
459	12211
1239	13848
456	12208
1240	13849
1092	20664
457	12209
1237	13846
1091	20663
811	16014
1238	13847
812	16015
1235	13844
1236	13845
1090	20660
810	16013
808	16010
776	1346
1234	13843
1089	20658
809	16011
1232	13840
1088	20657
806	16008
1233	13841
1087	20656
807	16009
934	16053
1433	16829
933	16052
936	16055
935	16054
930	16049
929	16048
932	16051
931	16050
942	16061
90	1397
1249	13860
941	16060
1250	13863
944	16063
943	16062
938	16057
1246	13856
937	16056
1248	13859
940	16059
1247	13858
939	16058
89	1388
923	16037
924	16038
1258	16814
966	20638
925	16039
921	16032
922	16033
87	1385
640	9994
88	1387
508	16045
1438	20630
926	16040
865	9984
881	16800
927	16042
928	16043
1130	20714
1131	20715
1128	20712
1129	20713
1134	20718
1132	20716
1133	20717
1124	20706
1125	20707
1122	20704
1123	20705
1126	20708
1127	20709
1145	20731
947	16066
1144	20730
948	16067
1143	20729
945	16064
1142	20728
946	16065
1147	20735
951	16070
1146	20734
949	16068
950	16069
1137	20723
1136	20722
953	16075
1135	20721
878	16072
952	16073
1141	20727
956	16078
1140	20726
957	16079
1139	20725
954	16076
1138	20724
955	16077
1102	20680
489	7313
1103	20681
1104	20683
1105	20684
1106	20685
84	1340
1107	20686
1108	20687
1096	20672
328	3497
1161	13920
1097	20673
1098	20674
1099	20677
1100	20678
1101	20679
8	1334
1115	20697
1114	20696
1117	20699
1116	20698
494	1323
1119	20701
1118	20700
1121	20703
1120	20702
1110	20689
1109	20688
1444	13938
1111	20691
1177	18813
1112	20693
430	5140
910	12253
1113	20695
875	10165
1075	12067
100	1475
99	1474
1180	15932
153	10133
104	1526
1447	18857
1396	16703
105	1534
1395	16702
106	1535
1256	12035
101	1509
10	1507
103	1516
1069	12054
874	10121
1081	20505
102	1515
91	1424
1448	18893
92	1435
94	1439
93	1436
1397	16707
818	14034
1451	18904
1354	14038
1255	10214
858	16711
653	16708
654	16709
859	16712
1226	18927
98	1465
332	7183
1439	7182
1227	18928
1228	18929
95	1448
96	1451
1229	18931
1230	18932
97	1452
690	17066
689	17058
688	17057
687	17056
121	1658
789	21384
695	17080
790	21385
120	1656
696	17081
122	1663
697	17087
119	1650
693	17078
788	21383
694	17079
691	17076
692	17077
779	8160
680	17033
335	8161
681	17034
116	1600
117	1601
678	17026
679	17031
685	17048
686	17054
118	1630
783	13569
782	13568
682	17041
586	13571
1442	8186
585	13570
683	17043
684	17044
761	13573
784	13572
762	13574
596	13694
597	13695
1187	21469
594	13692
1186	21468
595	13693
908	11474
592	13690
593	13691
590	13688
591	13689
588	13686
113	1575
589	13687
587	13685
112	1571
111	1568
115	1590
43	1588
766	13668
765	13667
114	1586
764	13664
763	13662
554	13658
555	13659
700	17093
701	17095
698	17089
107	1537
1170	11514
699	17091
108	1539
337	9341
109	1564
568	9340
570	9343
110	1566
569	9342
567	9339
703	17108
704	17109
11	1552
702	17106
1308	21266
417	9347
573	9346
572	9345
1307	21265
571	9344
1311	21270
982	13751
958	9351
1312	21271
848	9350
1309	21268
981	13749
542	9349
1310	21269
622	9348
1315	21274
985	13755
512	9355
1316	21275
984	13754
136	1770
581	9354
1313	21272
135	1769
712	9353
1314	21273
983	13752
2	1768
1319	21278
988	13759
1320	21279
987	13758
1317	21276
986	13757
1318	21277
521	9356
970	13731
973	13734
974	13735
971	13732
635	19117
972	13733
975	13738
976	13739
1306	21263
979	13742
980	13743
977	13740
978	13741
131	1729
1330	21297
130	1728
611	13712
1331	21298
1332	21300
612	13717
1333	21301
1334	21302
1335	21303
613	13718
1336	21304
133	1737
615	13721
1337	21305
132	1736
614	13720
1338	21307
616	13722
617	13725
1339	21309
1340	21310
619	13727
1341	21311
1169	11318
618	13726
1322	21281
598	13696
1321	21280
1324	21283
156	11306
599	13698
1323	21282
600	13699
601	13700
602	13701
603	13702
604	13703
605	13704
1325	21288
606	13705
1326	21291
607	13706
1328	21293
134	1756
608	13708
1327	21292
1072	9406
609	13710
1329	21294
610	13711
1032	13815
794	7951
1031	13814
667	16999
1030	13813
665	16996
666	16997
1029	13811
664	16994
1028	13810
1027	13809
663	16992
1026	13808
1038	13823
1037	13821
670	17004
127	1708
1036	13819
126	1707
1035	13818
1034	13817
668	17000
1033	13816
669	17001
1018	13798
1019	13799
1017	13797
673	17012
1343	21315
1015	13794
1016	13795
672	17010
1342	21313
1013	13792
128	1712
1014	13793
671	17008
1346	7958
677	17023
1025	13807
1023	13804
676	17021
1024	13805
338	9437
1021	13802
1022	13803
19	1723
675	17017
1020	13801
129	1721
674	17016
1004	13781
1003	13780
1006	13783
1005	13782
1001	13777
1000	13776
1002	13779
449	6067
711	7979
1010	13789
1009	13788
1012	13791
1011	13790
658	16975
1007	13785
655	16968
645	7968
656	16969
657	16970
1008	13786
123	1674
992	13764
993	13765
994	13767
124	1687
989	13760
990	13762
991	13763
660	16989
659	16988
998	13774
662	16991
999	13775
297	6063
125	1695
661	16990
995	13769
996	13770
997	13771
318	5705
289	4065
320	5707
319	5706
315	5697
316	5699
296	5701
317	5703
346	13368
313	13369
347	13370
158	13371
909	11668
348	13372
349	13373
350	13374
351	13375
321	5712
322	5714
777	1872
307	11695
1398	9526
706	1876
308	11696
309	11697
310	11702
311	11707
334	7913
1253	9567
575	4007
454	11712
514	1841
1449	13408
1450	13411
813	1837
1074	11728
1225	9546
820	19326
1068	19321
1166	9598
967	7861
353	13377
352	13376
314	5694
272	5695
1070	13404
863	21243
862	21242
505	13398
504	13397
1183	2036
1363	11533
495	2041
1259	21003
1261	21005
1260	21004
1263	21007
281	2046
1262	21006
1171	11527
1264	21008
1265	21009
1266	21010
1267	21011
1268	21012
453	11549
1269	21013
1385	17190
1270	21014
1254	9607
1271	21015
1272	21016
1273	21017
1274	21018
1275	21019
1276	21020
1277	21021
1278	21022
1279	21023
1182	2030
1172	11562
1446	11560
1281	21025
1280	21024
1410	21031
1409	21030
1412	21034
1411	21033
1185	19329
814	2009
1414	21039
1435	19334
1413	21038
1434	19333
1415	21040
1077	19352
1416	21041
1348	19358
1418	21047
1347	19356
1173	11581
1417	21045
1181	1988
1420	21051
1419	21048
1423	21054
1424	21055
269	1998
1421	21052
1422	21053
1429	21061
1428	21060
1431	21063
1430	21062
1426	21057
1425	21056
574	1969
1427	21058
1197	21069
1196	21068
1199	21071
1198	21070
1193	21065
1432	21064
1195	21067
1194	21066
821	1979
1204	21076
1205	21077
1206	21078
1207	21079
1200	21072
1201	21073
1202	21074
1203	21075
1210	21084
1211	21085
1212	21086
1213	21087
1208	21082
1209	21083
1219	21094
1218	21093
1217	21091
1216	21090
1215	21089
1214	21088
1179	1950
1221	21097
1220	21096
160	19419
1188	13534
