227	254
227	377
227	368
227	241
227	340
227	289
227	523
227	386
227	401
227	348
227	408
227	460
227	522
227	544
227	276
227	387
227	242
227	362
227	370
227	228
227	407
227	317
227	338
227	543
227	359
227	392
227	325
227	405
227	403
227	507
227	454
227	418
227	291
227	432
227	461
227	510
227	505
227	533
227	316
227	323
227	372
227	264
227	462
227	339
227	249
227	452
227	337
227	480
227	534
227	243
227	275
227	545
227	546
227	391
227	269
254	368
254	339
254	276
254	543
254	544
254	372
254	317
254	359
254	392
254	264
254	545
254	407
254	546
254	391
254	269
254	298
254	547
254	260
254	548
254	340
254	306
254	275
254	376
254	346
254	369
254	452
254	338
254	565
254	492
254	570
254	380
254	454
254	291
254	461
254	255
254	256
254	257
254	258
254	259
227	260
227	238
227	346
227	246
227	565
227	410
368	543
368	544
368	372
368	392
368	545
368	546
368	391
368	387
368	551
368	376
368	379
368	369
368	559
368	563
368	377
368	381
368	454
368	572
241	254
241	368
241	339
241	543
241	544
241	249
241	372
241	359
241	392
241	545
241	243
241	548
241	245
241	242
241	253
241	275
241	455
241	376
241	379
241	554
241	555
241	556
241	369
241	365
241	247
241	494
241	559
241	246
241	381
241	462
241	362
241	380
241	291
241	529
241	461
241	496
241	460
241	336
241	390
228	254
228	241
228	276
228	543
228	317
228	359
228	264
228	546
228	269
228	387
228	243
228	298
228	547
228	260
228	229
228	238
228	472
228	274
228	548
228	279
228	549
228	284
228	230
228	550
228	465
228	551
228	245
228	340
228	231
228	232
228	333
228	242
228	253
228	233
228	234
228	517
228	552
228	306
228	350
228	275
228	347
228	455
228	302
228	235
228	236
228	288
228	361
228	376
228	240
228	324
227	548
227	279
227	284
227	550
227	306
227	496
339	543
339	544
339	372
339	359
339	552
339	369
339	452
339	381
339	565
339	454
339	573
227	552
227	557
227	559
227	564
276	368
276	543
276	317
276	392
276	407
276	391
276	340
276	432
543	544
543	553
543	564
543	565
227	495
227	369
227	573
227	298
227	253
227	365
227	380
544	545
544	546
544	553
544	555
544	556
544	561
544	563
544	564
544	571
249	254
249	339
249	276
249	543
249	544
249	372
249	317
249	392
249	545
249	269
249	547
249	548
249	253
249	275
249	347
249	376
249	379
249	554
249	555
249	560
249	467
249	377
249	462
249	565
249	325
249	362
249	291
249	461
249	496
249	319
249	336
372	543
372	544
372	547
372	548
372	462
372	461
372	496
372	373
227	547
227	361
317	368
317	543
317	372
317	391
317	462
317	400
317	318
317	319
359	544
359	372
359	392
359	547
359	548
359	550
359	379
359	554
359	555
359	495
359	377
359	381
359	462
359	529
359	573
359	360
227	551
392	544
392	545
392	407
392	547
392	549
392	554
392	555
392	560
392	561
392	467
392	569
392	570
392	572
392	529
392	496
392	460
392	393
392	394
392	395
392	396
227	472
227	274
227	517
227	347
227	324
227	379
227	556
227	305
227	247
227	558
227	285
227	561
227	563
227	293
227	297
227	475
227	529
227	354
264	368
264	339
264	276
264	543
264	372
264	317
264	392
264	407
264	391
264	298
264	350
264	275
264	377
264	569
264	570
264	291
264	496
264	265
264	266
227	554
227	330
227	569
545	546
545	548
545	554
545	555
545	560
545	561
545	563
545	565
545	569
545	570
545	572
227	353
227	343
227	381
227	549
227	553
227	398
227	560
227	562
227	499
227	567
227	530
407	543
407	545
407	547
407	548
407	569
407	496
407	440
227	376
227	488
227	371
227	572
227	492
227	331
227	245
546	550
546	551
546	552
546	553
546	556
546	557
546	563
546	568
391	543
391	544
391	551
391	552
391	557
391	558
391	569
227	334
227	322
227	455
227	465
227	402
227	486
227	288
227	350
227	494
227	570
227	240
269	543
269	372
269	359
269	392
269	547
269	549
269	550
269	275
269	455
269	556
269	365
269	452
269	565
269	362
269	380
227	555
227	467
227	302
227	514
227	327
227	333
227	321
227	527
227	464
387	543
387	545
387	465
387	452
387	561
387	563
387	565
387	410
387	454
387	388
387	389
243	368
243	543
243	544
243	372
243	545
243	546
243	269
243	387
243	547
243	548
243	550
243	350
243	275
243	347
243	288
243	376
243	553
243	464
243	379
243	554
243	555
243	369
243	365
243	354
243	247
243	327
243	452
243	495
243	246
243	343
243	334
243	331
243	565
243	293
243	454
243	323
243	244
243	435
227	237
227	566
298	368
298	543
298	392
298	472
298	550
298	517
298	361
298	305
298	557
298	353
298	321
298	488
298	371
298	403
298	507
298	510
298	475
298	299
298	300
298	301
547	549
547	553
547	554
547	555
547	560
547	562
547	569
547	570
227	571
260	368
260	339
260	359
260	264
260	472
260	274
260	284
260	275
260	554
260	558
260	261
260	262
260	297
260	263
227	400
229	368
238	254
238	368
238	339
238	543
238	546
238	387
238	243
238	472
238	279
238	550
238	242
238	253
238	552
238	350
238	347
238	302
238	240
238	553
238	379
238	346
238	556
238	305
238	514
238	369
238	365
238	398
238	327
238	558
238	494
238	452
238	246
238	561
238	343
238	563
238	493
238	565
238	492
238	507
238	410
238	454
238	323
238	250
238	572
238	252
238	408
238	573
238	417
472	551
472	517
472	552
472	556
472	514
472	558
472	560
472	561
472	488
472	565
472	507
472	475
472	533
472	573
472	473
472	474
227	493
274	368
274	317
274	298
274	472
274	279
274	284
274	551
274	340
274	333
274	517
274	552
274	306
274	350
274	288
274	305
274	514
274	557
274	353
274	558
274	321
274	285
274	402
274	289
274	527
227	409
227	568
227	490
548	549
548	557
548	560
548	562
548	565
548	569
548	570
279	368
279	544
279	391
279	298
279	472
279	548
279	284
279	550
279	551
279	552
279	350
279	556
279	305
279	514
279	558
279	494
279	560
279	561
279	499
279	563
279	493
279	565
279	566
279	400
279	507
279	323
279	297
279	533
279	408
279	280
549	554
549	555
549	559
549	560
549	561
549	562
549	569
549	570
284	544
284	546
284	391
284	298
284	472
284	548
284	551
284	333
284	552
284	350
284	288
284	305
284	514
284	557
284	353
284	558
284	321
284	285
284	488
284	402
284	403
284	289
284	507
284	297
284	475
284	480
284	533
284	573
284	534
284	299
230	368
550	552
550	553
550	556
550	559
550	567
550	568
550	571
465	544
465	550
465	495
465	561
465	467
465	488
465	493
465	566
465	492
465	567
465	568
465	490
465	486
465	571
465	491
227	378
551	552
551	556
551	557
551	558
551	563
551	573
245	387
245	548
245	347
245	361
245	324
245	464
245	379
245	346
245	555
245	556
245	514
245	369
245	365
245	352
245	247
245	353
245	327
245	559
245	560
245	561
245	343
245	334
245	562
245	331
245	381
245	493
245	565
245	409
245	330
245	567
245	293
245	454
245	316
245	300
340	368
340	392
340	391
340	550
340	499
340	462
340	400
340	380
340	461
340	573
340	341
232	368
333	472
333	550
333	551
333	552
333	553
333	464
333	514
333	369
333	365
333	354
333	352
333	353
333	398
333	558
333	559
333	351
333	355
333	356
333	438
333	513
242	368
242	339
242	544
242	359
242	545
242	546
242	269
242	387
242	243
242	547
242	548
242	253
242	350
242	347
242	302
242	553
242	379
242	346
242	556
242	514
242	369
242	354
242	247
242	559
242	495
242	246
242	334
242	563
253	254
253	368
253	372
253	359
253	392
253	264
253	545
253	269
253	387
253	298
253	547
253	275
253	455
253	379
253	554
253	555
253	365
253	452
253	334
253	488
253	377
253	462
253	565
253	325
253	569
253	571
253	572
253	337
253	418
253	291
233	269
233	327
234	254
517	546
517	550
517	551
517	556
517	557
517	563
517	566
227	352
552	556
552	557
552	558
552	559
552	563
552	565
306	317
306	472
306	550
306	465
306	361
306	488
306	338
306	564
306	371
306	486
306	403
306	534
306	307
306	308
306	309
306	310
306	311
306	312
306	313
306	314
306	315
350	387
350	550
350	379
350	556
350	558
350	494
350	452
350	564
350	565
350	566
350	492
350	400
350	507
350	461
275	368
275	339
275	276
275	317
275	359
275	392
275	387
275	548
275	465
275	455
275	361
275	452
275	563
275	377
275	493
275	565
275	325
275	409
275	371
275	362
275	330
275	567
275	568
275	490
275	380
275	571
275	507
275	323
275	572
275	529
275	496
275	386
275	475
275	401
275	348
275	480
227	525
347	543
347	545
347	546
347	549
347	376
347	553
347	464
347	379
347	555
347	556
347	369
347	365
347	354
347	494
347	559
347	560
347	561
347	562
347	467
347	499
347	563
347	381
347	565
347	402
347	490
347	570
347	410
347	573
455	544
455	550
455	465
455	559
455	560
455	495
455	467
455	488
455	499
455	564
455	462
455	493
455	566
455	567
455	568
455	490
455	570
455	486
455	571
455	461
455	456
455	457
455	458
455	459
302	392
302	387
302	549
302	550
302	455
302	376
302	464
302	554
302	555
302	369
302	365
302	354
302	327
302	559
302	334
302	467
302	378
302	567
302	568
302	490
302	569
302	486
302	410
235	368
236	368
288	298
288	472
288	550
288	551
288	517
288	553
288	379
288	305
288	398
288	327
288	321
288	402
288	405
288	289
288	473
288	474
361	545
361	387
361	548
361	549
361	550
361	376
361	554
361	514
361	559
361	560
361	488
361	381
361	493
361	409
361	371
361	567
361	568
361	400
361	571
361	363
361	366
361	367
361	436
361	445
361	446
361	447
361	448
361	449
361	450
361	451
376	545
376	546
376	465
376	551
376	517
376	455
376	553
376	379
376	554
376	555
376	556
376	557
376	560
376	495
376	561
376	467
376	488
376	377
376	381
376	462
376	409
376	402
376	568
376	400
376	570
376	486
376	571
376	454
376	572
376	461
240	368
240	243
240	549
240	245
240	333
240	242
240	552
240	347
240	361
240	376
240	553
240	464
240	379
240	346
240	554
240	555
240	556
240	514
240	369
240	365
240	354
240	352
240	353
240	398
240	327
240	559
240	495
240	561
240	334
240	499
240	331
240	378
240	564
240	400
240	293
240	523
240	316
324	544
324	550
324	465
324	517
324	455
324	361
324	376
324	514
324	327
324	495
324	488
324	499
324	331
324	338
324	381
324	462
324	493
324	409
324	330
324	402
324	492
324	567
324	568
324	400
324	486
324	461
324	326
553	556
464	549
464	550
464	517
464	553
464	555
464	514
464	559
464	562
379	543
379	544
379	387
379	547
379	550
379	553
379	464
379	554
379	555
379	560
379	495
379	381
379	493
379	567
379	454
379	382
237	243
237	472
237	279
237	284
237	245
237	242
237	517
237	350
237	347
237	302
237	376
237	240
237	553
237	464
237	379
237	346
237	556
237	369
237	365
237	354
237	353
237	327
237	321
237	559
237	495
237	343
237	334
237	562
237	331
237	381
237	461
346	543
346	544
346	549
346	350
346	347
346	455
346	553
346	379
346	556
346	369
346	365
346	398
346	494
346	560
346	562
346	499
346	377
346	564
346	400
346	569
346	405
346	570
346	432
346	461
346	527
346	382
554	555
554	556
554	559
554	560
554	561
554	569
554	570
554	572
555	559
555	560
555	561
555	562
555	563
555	564
555	567
555	571
555	572
556	557
556	560
556	562
556	563
556	564
305	546
305	472
305	550
305	465
305	551
305	517
305	552
305	398
305	327
305	558
305	495
305	488
305	563
305	493
305	371
305	330
305	568
305	400
305	405
305	486
305	403
305	507
305	454
305	475
305	480
305	533
305	573
305	534
514	551
514	552
514	558
514	559
514	515
369	553
369	464
369	379
369	556
369	514
369	398
369	495
369	563
369	381
369	565
369	523
369	397
365	368
365	543
365	546
365	387
365	376
365	553
365	464
365	379
365	554
365	556
365	369
365	559
365	495
365	381
365	454
365	390
557	558
557	560
557	563
557	565
354	553
354	464
354	556
354	514
354	369
354	365
354	398
354	559
354	499
352	553
352	464
352	379
352	514
352	369
352	365
352	354
352	353
352	559
352	357
352	358
352	515
247	368
247	546
247	298
247	274
247	284
247	465
247	340
247	350
247	347
247	361
247	376
247	553
247	379
247	305
247	369
247	365
247	285
247	452
247	560
247	495
247	488
247	563
247	331
247	377
247	381
247	565
247	371
247	330
247	492
247	507
247	454
247	461
247	297
247	475
247	480
247	533
247	573
247	374
353	472
353	551
353	552
353	464
353	556
353	514
353	369
353	365
353	354
353	558
353	559
353	402
398	472
398	517
398	553
398	556
398	558
398	452
398	495
398	499
398	563
398	564
398	566
398	409
398	402
398	492
398	400
398	405
398	454
398	404
398	518
398	519
327	543
327	550
327	347
327	553
327	379
327	365
327	398
327	558
327	494
327	495
327	499
327	331
327	381
327	566
327	409
327	330
327	402
327	492
327	567
327	400
327	486
327	461
327	358
327	435
327	487
558	563
558	565
321	472
321	551
321	340
321	333
321	517
321	552
321	553
321	379
321	514
321	365
321	557
321	353
321	398
321	327
321	558
321	559
285	472
285	551
285	333
285	517
285	552
285	288
285	553
285	514
285	352
285	353
285	327
285	558
285	321
285	402
285	289
285	292
285	294
285	295
494	544
494	550
494	556
494	495
494	499
494	563
494	564
494	565
494	570
452	543
452	544
452	552
452	556
452	557
452	563
452	493
452	565
452	568
452	507
452	454
452	572
452	510
452	530
452	453
559	567
560	561
560	562
560	565
560	568
560	569
560	570
560	572
560	573
495	550
495	517
495	499
495	567
495	568
246	254
246	368
246	339
246	359
246	545
246	260
246	550
246	253
246	275
246	302
246	376
246	379
246	554
246	495
246	561
246	563
246	381
246	565
246	330
246	568
246	507
246	454
246	323
246	572
246	261
246	262
246	263
246	534
561	562
561	563
561	569
561	570
561	572
561	573
343	545
343	547
343	548
343	549
343	550
343	347
343	553
343	464
343	379
343	554
343	555
343	514
343	365
343	354
343	560
343	561
343	562
343	467
343	377
343	381
343	564
343	490
343	569
343	529
343	573
343	344
343	345
334	545
334	387
334	549
334	550
334	517
334	347
334	455
334	361
334	376
334	464
334	379
334	554
334	555
334	514
334	559
334	343
334	562
334	467
334	378
334	486
334	410
334	345
227	489
562	569
467	547
467	549
467	550
467	553
467	554
467	555
467	556
467	560
467	561
467	562
467	567
467	490
467	569
467	486
467	571
467	468
467	469
488	550
488	517
488	555
488	558
488	494
488	495
488	563
488	493
488	567
488	568
488	571
488	572
488	573
499	562
499	566
499	569
499	573
563	565
331	544
331	546
331	517
331	347
331	376
331	464
331	379
331	556
331	369
331	365
331	354
331	353
331	398
331	495
331	378
331	564
331	566
331	409
331	402
331	492
331	567
331	568
331	400
331	461
331	385
331	487
378	549
378	514
378	558
378	559
378	560
378	567
378	410
378	523
378	527
378	489
378	525
378	522
378	516
377	543
377	544
377	392
377	391
377	547
377	560
377	564
377	462
377	380
377	383
377	384
338	368
338	543
338	544
338	392
338	407
338	546
338	340
338	488
338	377
338	462
338	371
338	570
338	572
338	461
338	510
338	460
338	438
338	439
338	440
338	441
338	442
338	443
338	444
381	543
381	545
381	387
381	548
381	514
381	559
381	560
381	565
381	409
381	402
381	492
381	567
381	410
381	572
564	569
564	570
564	571
462	543
462	546
462	548
462	465
462	494
462	495
462	488
462	493
462	486
462	571
462	463
493	543
493	494
493	560
493	566
493	567
493	568
493	571
493	507
565	572
565	573
325	543
325	392
325	545
325	547
325	549
325	361
325	554
325	555
325	377
325	564
325	330
325	490
325	569
325	380
325	496
325	460
325	396
239	543
239	391
566	567
409	465
409	514
409	495
409	499
409	493
409	492
409	567
409	568
409	486
409	571
409	461
409	436
409	445
409	446
409	447
409	449
409	450
409	451
409	491
371	545
371	546
371	550
371	465
371	517
371	552
371	455
371	376
371	556
371	557
371	398
371	452
371	495
371	488
371	563
371	377
371	462
371	493
371	565
371	402
371	492
371	486
371	571
371	454
371	572
371	461
371	475
362	368
362	544
362	372
362	392
362	462
362	496
330	359
330	545
330	547
330	550
330	465
330	517
330	455
330	361
330	376
330	494
330	560
330	495
330	488
330	499
330	563
330	331
330	381
330	564
330	462
330	493
330	566
330	409
330	371
330	402
330	492
330	567
330	568
330	490
330	400
330	486
330	571
330	461
330	335
330	374
402	550
402	551
402	517
402	455
402	557
402	494
402	495
402	566
402	492
402	568
402	405
402	571
402	461
402	573
492	544
492	545
492	550
492	517
492	557
492	494
492	560
492	495
492	499
492	563
492	564
492	493
492	566
492	568
492	571
492	507
567	568
568	571
490	549
490	550
490	554
490	495
490	561
490	566
490	567
490	568
490	571
490	510
400	494
400	452
400	499
400	563
400	402
400	492
400	405
400	570
400	571
400	461
400	531
405	472
405	551
405	518
405	519
405	531
380	392
380	407
380	547
380	554
380	555
380	556
380	560
380	569
380	570
380	529
380	496
380	498
380	500
380	501
380	502
380	503
380	504
486	544
486	550
486	495
486	488
486	499
486	566
486	492
486	567
486	568
486	490
486	571
227	536
403	488
403	507
403	572
403	475
403	480
403	533
403	408
403	573
403	534
403	508
403	509
289	472
289	551
289	333
289	517
289	552
289	514
289	352
289	353
289	558
289	321
289	405
289	290
289	292
289	296
289	355
289	356
289	438
507	510
507	533
507	573
507	534
507	508
507	509
410	550
410	514
410	452
410	559
410	418
410	411
410	412
410	413
410	414
410	415
410	416
293	544
293	545
293	546
293	547
293	549
293	465
293	517
293	347
293	302
293	376
293	464
293	379
293	346
293	554
293	555
293	556
293	365
293	560
293	561
293	343
293	334
293	562
293	467
293	563
293	402
293	490
293	569
293	571
293	297
293	573
293	344
454	544
454	546
454	517
454	552
454	557
454	561
454	563
454	565
454	572
454	510
323	339
323	552
323	376
323	379
323	557
323	343
323	488
323	563
323	371
323	454
323	572
323	399
244	379
248	276
248	269
248	362
250	546
250	563
523	527
523	525
572	573
337	544
337	391
337	346
337	554
337	494
337	564
337	362
337	569
337	432
337	461
251	253
251	418
418	514
418	419
418	420
418	421
418	422
418	423
418	424
418	425
418	426
418	427
418	428
418	429
418	430
418	431
418	433
418	434
418	535
291	368
291	544
291	372
291	392
291	545
291	407
291	298
291	554
291	555
291	564
291	325
291	569
291	570
291	461
291	460
291	395
291	396
291	481
291	482
291	483
252	253
529	544
529	547
529	548
529	564
529	570
432	544
432	548
432	564
432	569
432	570
432	529
432	461
432	573
461	544
461	545
461	548
461	551
461	517
461	557
461	494
461	560
461	495
461	561
461	564
461	462
461	493
461	566
461	492
461	570
255	452
255	338
256	317
257	298
257	291
258	276
259	372
259	362
259	337
510	557
510	563
510	565
510	533
297	298
297	472
297	305
297	560
297	561
297	343
297	488
297	563
297	565
297	402
297	403
297	507
297	572
297	510
297	475
297	533
297	530
297	573
297	534
297	476
297	477
297	478
297	479
297	484
297	485
505	564
505	523
505	527
505	525
505	522
505	526
505	528
496	547
496	554
496	560
496	562
496	569
496	570
496	497
496	498
265	372
266	362
267	269
267	352
268	372
268	269
527	551
527	552
527	558
270	274
270	285
271	274
271	353
271	285
272	274
272	288
273	274
273	285
386	565
386	454
386	572
386	510
386	401
386	389
386	485
475	560
475	565
475	507
475	480
475	533
475	573
401	493
401	565
401	572
401	408
401	453
401	506
401	511
348	378
348	410
348	523
348	505
348	527
348	489
348	525
348	522
348	497
348	500
348	520
348	524
348	532
480	493
480	507
480	572
480	533
480	534
480	512
533	560
533	573
533	534
316	553
316	556
316	369
316	354
316	352
316	558
316	559
316	378
316	527
316	348
316	489
316	525
316	522
316	516
408	452
408	563
408	565
408	454
408	510
408	470
408	497
408	506
277	472
277	279
278	279
278	552
280	557
281	333
281	285
281	289
530	551
530	557
530	560
530	563
530	573
282	472
282	284
283	472
283	284
281	551
286	353
286	289
489	558
489	523
489	505
489	527
489	525
489	522
287	353
287	289
290	353
294	327
294	343
295	333
295	321
296	353
299	488
301	305
460	544
460	545
460	554
460	555
460	569
460	570
460	461
460	498
460	501
460	502
460	503
460	504
303	472
303	552
525	552
525	527
525	526
304	552
304	557
307	338
308	338
309	338
310	338
311	338
312	566
313	338
314	338
315	338
536	537
536	538
536	539
536	540
536	541
536	542
370	383
370	511
370	537
370	538
370	539
370	540
370	541
370	542
231	317
318	480
320	350
320	321
326	361
326	409
328	514
328	353
329	409
329	568
332	462
332	403
335	568
342	546
342	462
522	523
522	527
522	525
349	418
351	352
360	381
322	559
322	334
322	410
322	418
322	349
322	384
322	419
322	421
322	422
322	423
322	424
322	425
322	426
322	427
322	428
322	429
322	430
322	431
322	433
322	434
322	535
363	381
364	376
366	409
367	409
373	392
374	376
375	455
375	376
375	461
364	381
383	536
385	544
385	564
388	410
394	570
397	398
399	572
404	405
404	408
406	407
406	432
406	480
411	418
412	418
413	418
414	418
415	418
416	418
417	565
420	565
341	418
436	571
437	550
437	490
439	462
441	462
442	475
443	536
444	536
448	493
456	461
457	465
457	467
458	486
459	486
463	465
466	525
466	522
468	490
469	486
470	565
470	510
471	560
471	530
476	573
477	573
478	573
479	573
481	496
482	496
483	496
484	533
485	530
357	514
357	409
393	536
512	534
513	553
520	525
521	525
521	522
524	527
526	527
528	530
532	533
