208846
108
0
0
12
0
2
0
0
0
2
20
0
16
18
70
10
2
6
130
2
2
90
0
26
0
22
74
0
0
0
0
6
304
0
12
0
202
0
0
0
0
18
0
0
0
0
2
2
156
2
0
2
12
12
0
0
4
24
0
4
8
254
0
50
0
4
0
0
2
116
44
0
0
6
2
0
0
2
116
2
2
2
14
14
0
0
0
0
58
158
0
0
2
20
138
140
10
92
2
16
0
0
18
18
0
80
4
0
2
190
196
178
86
4
0
90
0
0
4
14
124
0
8
0
246
4
8
0
0
18
2
72
0
16
326
0
34
24
0
8
50
4
310
26
82
0
0
0
2
138
38
6
54
6
0
0
0
0
188
128
0
0
0
118
44
16
0
0
0
0
16
0
10
138
18
100
0
58
0
380
76
22
32
0
0
0
0
0
0
12
138
0
0
4
0
0
0
0
12
0
0
0
0
2
110
0
2
0
0
0
0
0
0
0
0
0
0
0
0
0
0
0
8
0
30
34
138
6
0
0
0
0
96
74
48
0
2
66
0
36
0
0
0
10
98
0
0
46
2
0
0
0
98
0
0
2
2
0
6
0
20
154
4
0
6
8
2
2
84
0
0
2
0
0
0
2
0
78
0
96
0
0
46
0
0
0
2
0
0
6
2
0
0
0
30
158
2
74
0
22
2
22
54
0
8
106
748
0
304
0
0
0
0
0
0
0
0
0
0
0
0
0
0
0
0
0
0
0
0
0
0
0
0
0
0
0
0
0
0
0
0
0
0
0
0
0
