11902	24040
11902	24041
11902	24043
11902	24044
11902	24045
13405	13407
13405	30689
13405	30692
13405	30747
13407	30692
13407	33322
24040	24041
24040	24044
24040	33305
24040	33306
24040	33307
24041	24043
24041	30710
24041	30713
24041	30715
24041	30728
24041	30740
24041	30751
24041	33319
24044	30701
30687	30707
30687	30713
30687	30738
30687	30740
30688	30689
30688	30719
30688	30750
30688	30751
30688	33309
30688	33310
30688	33312
30689	30692
30689	30693
30689	30694
30689	30702
30689	30708
30691	30694
30691	30696
30691	30721
30691	30725
30692	30693
30692	30725
30692	30732
30693	30694
30693	30708
30694	30699
30694	30702
30694	30705
30694	30708
30694	30715
30694	30719
30694	30720
30694	30722
30694	30726
30696	30721
30696	30727
30696	30744
30698	30699
30698	30719
30698	30746
30698	33321
30699	30735
30703	30733
30703	33311
30706	30707
30706	30715
30707	30713
30707	30740
30709	30727
30709	30733
30709	30744
30709	30749
30709	30751
30709	33315
30709	33319
30709	33330
30709	33331
30709	33332
30709	33333
30709	33334
30710	30711
30710	30719
30710	30751
30710	33301
30711	30719
30711	33320
30712	33322
30712	33324
30712	33335
30712	33336
30712	33337
30712	33338
30713	30730
30713	30740
30714	30727
30714	33308
30715	30718
30715	30728
30715	30730
30715	30740
30715	30742
30717	30741
30719	30726
30719	30746
30719	30750
30719	30751
30719	33312
30719	33321
30721	30727
30725	30732
30727	30728
30727	30733
30727	30744
30727	33308
30727	33313
30727	33314
30727	33315
30728	30740
30728	30749
30728	33313
30728	33314
30730	30737
30730	30742
30733	30735
30733	30744
30733	33311
30733	33315
30733	33318
30735	30744
30735	33318
30741	30747
30744	33315
30744	33318
30746	33321
30749	30751
30750	30751
30750	33312
30751	33309
30751	33310
30751	33312
30751	33319
33305	33306
33305	33307
33306	33307
33309	33310
33313	33314
33319	33330
33319	33331
33319	33332
33319	33333
33319	33334
33322	33335
33322	33336
33322	33337
33322	33339
33322	33340
33322	33341
33322	33342
33322	33343
33322	33344
33322	33345
33322	33346
33322	33347
33322	33348
33324	33325
33324	33326
33330	33331
33330	33332
33330	33333
33330	33334
33331	33332
33331	33333
33331	33334
33332	33333
33332	33334
33333	33334
33335	33336
33335	33337
33336	33337
33343	33344
33343	33345
33343	33346
33343	33349
33343	33350
33344	33345
33344	33346
33344	33349
33344	33350
33345	33346
33347	33348
33349	33350
