227	495
228	2413
229	2417
230	2420
231	2422
232	2423
233	2424
234	2425
235	2426
236	2430
237	2432
238	2433
239	2436
240	2439
241	2440
242	2443
243	2444
244	2446
245	2447
246	2448
247	2449
248	2452
249	2455
250	2456
251	2457
252	2459
253	2461
254	2462
255	2463
256	2464
257	2465
258	2466
259	2467
260	2472
261	2473
262	2474
263	2475
264	2476
265	2479
266	2480
267	2484
268	2490
269	2491
270	2494
271	2495
272	2496
273	2497
274	2498
275	2499
276	2501
277	2502
278	2505
279	2513
280	2514
281	2518
282	2519
283	2520
284	2523
285	2524
286	2525
287	2526
288	2528
289	2529
290	2531
291	2532
292	2533
293	2534
294	2535
295	2537
296	2538
297	2539
298	2540
299	2542
300	32930
301	32928
302	32929
303	32892
304	32893
305	32894
306	32896
307	32901
308	32911
309	32920
310	32922
311	32923
312	32897
313	32898
314	32899
315	32900
316	32902
317	32903
318	32904
319	32905
320	32906
321	32907
322	32908
323	32909
324	32910
325	32912
326	32913
327	32914
328	32915
329	32916
330	32917
331	32918
332	32919
333	32921
334	32924
335	32925
336	32926
337	32927
338	32891
339	32895
