0	1
0	2
0	3
0	4
0	5
0	6
0	7
0	8
0	9
0	10
0	11
0	12
0	13
0	14
0	15
0	16
0	17
0	18
0	19
0	20
0	21
0	22
0	23
0	24
0	25
0	26
0	27
0	28
0	29
0	30
0	31
0	32
0	33
0	34
0	35
0	36
0	37
0	38
0	39
0	40
0	41
0	42
0	43
0	44
0	45
0	46
0	47
0	48
0	49
0	50
0	51
0	52
0	53
0	54
0	55
0	56
0	57
0	58
0	59
0	60
0	61
0	62
0	63
0	64
0	65
0	66
0	67
0	68
0	69
0	70
0	71
0	72
0	73
0	74
0	75
0	76
0	77
0	78
0	79
0	80
0	81
0	82
0	83
0	84
0	85
0	86
0	87
0	88
0	89
0	90
0	91
1	51
1	75
1	92
1	93
4	76
5	55
6	26
6	94
6	95
6	96
19	97
19	98
19	99
19	100
19	101
19	102
25	44
27	47
27	79
27	80
28	83
28	84
28	103
28	104
28	105
28	106
28	107
28	108
28	109
28	110
29	55
30	31
30	32
30	33
30	34
31	32
31	33
31	34
32	33
32	34
33	34
36	96
36	111
36	112
37	38
37	39
38	39
42	43
47	79
47	80
47	113
47	114
47	115
47	116
47	117
54	55
55	56
55	75
63	64
79	80
83	84
94	95
94	96
95	96
96	111
96	112
97	98
97	99
98	99
100	101
100	102
101	102
101	118
101	119
103	104
103	105
104	105
105	106
105	107
106	107
108	109
108	110
109	110
111	112
113	114
115	116
115	117
115	120
115	121
115	122
115	123
116	117
118	119
120	121
120	122
120	123
121	122
121	123
122	123
