11573	11574
11573	11576
11573	11583
11574	11575
11574	11583
11575	11577
11575	11585
11575	11586
11558	11573
11558	11576
11558	11567
11558	11583
11558	11564
11559	11568
11559	11578
11568	11570
11568	11587
11576	11580
11576	11581
11576	11582
11570	11584
11562	11572
11560	11562
11567	11584
11566	11571
11566	11579
11566	11592
11561	11570
11561	11584
11577	11585
11577	11586
11578	11588
11579	11592
11563	11566
11563	11579
11563	11592
11560	11592
11580	11581
11580	11582
11581	11582
11564	11583
11565	11578
11565	11588
11585	11586
11587	11589
11587	11590
11587	11591
11572	11588
11569	11588
11569	11572
11589	11590
11589	11591
11590	11591
