4880	11917
4881	12945
4882	14788
4883	16196
4884	29251
4885	12959
4886	23688
4887	31893
4888	31894
4889	14787
4890	20177
4891	29253
4892	14825
4893	14826
4894	23896
4895	17861
4896	33950
4897	34253
4898	34254
4899	28308
4900	28309
4901	28371
4902	21136
4903	29463
4904	38560
4905	38561
4906	18295
4907	18298
4908	25158
4909	25447
4910	25465
4911	35053
4912	25570
4913	34238
4914	38449
4915	20855
4916	20857
4917	38969
4918	41398
4919	25330
4920	25369
4921	34204
4922	40653
4923	21135
4924	21242
4925	30197
4926	34073
4927	25276
4928	32529
4929	25446
4930	38536
4931	38537
4932	38538
4933	35054
4934	34174
4935	38987
4936	38988
