10136	19924
10136	19930
10136	20009
10136	20082
10136	37784
10136	37789
10136	37790
10136	37820
19924	20009
19924	20045
19924	37784
19924	37785
19924	37788
19924	37789
19924	37790
20009	20044
20009	20045
20009	37784
20009	37785
20009	37786
20009	37787
20009	37788
20009	37789
20009	37790
20044	20045
20044	20046
20045	20046
20045	37784
20045	37785
20046	37784
20046	37830
37784	37785
37784	37830
37786	37787
37786	37788
37786	37790
37786	37851
37786	37852
37787	37788
37787	37851
37787	37852
37788	37790
37789	37790
37851	37852
