1594	13312
1594	13313
1594	13317
1594	13318
1594	13320
1594	13321
1594	13322
1594	13327
1594	13329
1594	13330
1594	13332
1594	13333
1594	13334
1594	13337
1594	13338
1594	13339
1594	13340
1594	13341
1594	13342
1594	13343
1594	13344
1594	13346
1594	13347
1594	13349
1594	13350
1594	13351
1594	13352
1594	13353
1594	13356
1594	13359
1594	13360
1594	13361
1594	13363
1594	13364
1594	13365
1594	13366
1594	13367
1594	13369
1594	13373
1594	13374
1594	13376
1594	13377
1594	13378
1594	13379
1594	13380
1594	13381
1594	13382
1594	13383
1594	13384
1594	13385
1594	13386
1594	13387
1594	13390
1594	13391
1594	13392
13327	33205
13327	33206
13327	33207
13337	13363
13337	13390
13363	13390
13378	33226
13378	33227
13378	33228
13383	13384
13383	13385
13384	13385
33205	33206
33205	33207
33206	33207
33226	33227
33226	33228
33227	33228
