10891	10894
10892	10893
10892	10897
10865	10871
10865	10873
10871	10891
10867	10891
10867	10894
10873	10881
10893	10897
10868	10891
10868	10885
10868	10876
10868	10880
10869	10892
10869	10893
10869	10876
10869	10897
10870	10881
10870	10879
10878	10883
10866	10896
10866	10882
10874	10875
10874	10895
10874	10890
10875	10895
10875	10877
10886	10894
10886	10890
10895	10899
10895	10903
10895	10904
10877	10878
10872	10880
10896	10897
10879	10881
10889	10899
10889	10904
10882	10896
10890	10902
10884	10885
10888	10898
10898	10900
10898	10901
10898	10902
10887	10888
10887	10898
10899	10903
10899	10904
10900	10901
10900	10902
10901	10902
10903	10904
