1824	22053
1824	22060
1824	22061
1824	22062
1824	22068
1824	22075
1824	22084
1824	22086
1824	22095
1824	22096
1824	22101
1824	22106
1824	22107
1824	22110
1824	22111
1824	22116
1824	22117
1824	22120
1824	22124
1824	22125
1824	22126
1824	22127
1824	22128
1824	22129
1824	22135
1824	22140
1824	22143
1824	22144
1824	22145
1824	22146
1824	22147
1824	22152
1824	22153
1824	22154
1824	22155
1824	22157
1824	22158
1824	22159
1824	22160
22061	22062
22096	22152
22096	29087
22096	29088
22096	29089
22096	29090
22124	22125
22124	22126
22124	22127
22124	29091
22125	22126
22125	22127
22125	29091
22126	22127
22126	29091
22127	29091
22140	22144
22140	22145
22144	22145
22158	22159
29087	29088
29087	29089
29087	29090
29088	29089
29088	29090
29089	29090
