3066	16914
3066	18347
3066	21501
3066	21502
3066	21503
3066	21504
3066	21505
3066	21507
3066	21508
3066	21509
3066	21510
3066	21511
3066	21513
3066	21515
3066	21516
3066	21517
3066	21518
3066	21519
3066	21520
3066	21521
3066	21522
3066	21523
3066	21524
3066	21525
3066	21526
3066	21527
3066	21530
21502	29506
21504	21510
21505	21527
21509	21510
21515	21516
21515	21517
21515	21518
21515	21519
21515	21520
21516	21517
21516	21518
21516	21519
21516	21520
21517	21518
21517	21519
21517	21520
21518	21519
21518	21520
21519	21520
21521	21522
21521	21523
21522	21523
