66	679
67	3515
68	7769
69	15268
70	15285
71	15300
72	15308
73	15329
74	15335
75	15336
76	15337
77	15338
78	15339
79	15343
80	15349
81	15352
82	15400
83	15628
84	15666
85	21586
86	22539
87	22540
88	22541
89	22542
90	22543
91	22544
92	22545
93	22546
94	22547
95	22549
96	22550
97	22551
98	22552
99	22554
100	22555
101	22556
102	22557
103	22558
104	22559
105	22562
106	22563
107	22565
108	22566
109	22567
110	22568
111	22569
112	22574
113	22575
114	22577
115	22578
116	22579
117	22580
118	22581
119	22582
120	22584
121	22585
122	22587
123	22588
124	22589
125	22590
126	22591
127	22592
128	22593
129	22594
130	22595
131	22596
132	22598
133	22599
134	22600
135	22602
136	22604
137	22605
138	22606
139	22607
140	22608
141	22609
142	22611
143	22612
144	22613
145	22614
146	22615
147	22618
148	22619
149	22620
150	22621
151	22622
152	22623
153	22624
154	22625
155	22626
156	22627
157	22628
158	22629
159	22630
160	22631
161	22632
162	22633
163	22634
164	22635
165	22637
166	22638
167	22639
168	22641
169	22642
170	22643
171	22644
172	22654
173	15327
174	15559
175	15560
176	15561
177	29964
178	29978
179	29979
180	29985
181	30042
182	30110
183	30111
184	31167
185	31185
186	29980
187	29981
188	30259
189	30386
190	30387
191	30388
192	30389
193	31168
194	31169
195	31504
196	31505
197	15667
198	15668
199	31500
200	31496
201	31497
202	31498
203	31499
204	30403
205	31501
206	31502
207	31490
208	31491
209	31492
210	31585
211	31586
212	31587
213	31588
214	31589
215	31590
216	31591
217	31592
218	30052
219	30053
220	30054
221	30729
222	31582
223	31583
224	31584
225	30730
226	29322
227	29323
228	29324
229	31493
230	31494
231	31495
232	33312
233	33313
234	33314
235	29965
236	31506
237	31507
238	30264
239	30265
240	30266
241	31555
242	31556
243	31648
244	31649
245	31650
246	31651
247	31652
248	31653
249	31548
