969	4439
969	8704
969	8706
969	8710
969	8715
969	8722
969	8725
969	8726
969	8729
969	8733
969	8734
969	8735
969	8737
969	8742
969	8745
969	8747
969	8748
969	8749
969	8759
969	8762
969	8763
969	8769
969	8772
969	8773
969	8774
969	8775
969	8776
969	8778
969	8779
969	8780
969	8784
969	8785
969	8792
969	8796
969	8797
969	8800
969	8801
969	8802
969	8803
969	8806
969	8811
969	8817
969	8820
969	8827
969	8831
969	8838
969	8842
969	8843
969	8850
969	8854
969	8855
969	8856
8710	8796
8725	8726
8734	8735
8742	8820
8772	8773
8772	8774
8773	8774
8774	8784
8775	8796
8778	8779
8778	8780
8779	8780
8842	8843
8850	34356
8854	8855
8854	8856
8855	8856
