12636	13449
12636	22456
12636	22484
12636	22759
12636	22760
12636	27031
12636	27032
12636	27033
12636	27034
12636	27035
12636	27036
12636	27037
12636	27038
12636	27039
12636	27040
13449	13450
13449	13459
13449	27031
13449	27036
22456	23501
22456	23512
22456	23521
22456	27087
22456	27088
22456	27089
22456	27090
22456	27091
22456	27092
22456	27093
22456	27094
22456	27095
22456	27096
22456	27097
22456	27098
22456	27099
22456	27100
22456	27101
22456	27102
22456	27103
22456	27104
22456	27105
22456	27106
22484	22499
22759	22760
22760	27038
22760	27039
22760	27040
23501	23512
23501	23521
23501	27093
23501	27096
23501	27097
23501	27098
23501	27099
23501	27100
23501	27101
23501	27102
23501	27103
23501	27104
23501	27106
23501	27415
23512	27093
23521	27097
23521	27102
23521	27106
23521	27415
27031	27032
27031	27033
27031	27034
27031	27035
27031	27036
27031	27037
27032	27033
27032	27034
27032	27037
27034	27035
27038	27039
27038	27040
27039	27040
27087	27088
27087	27089
27087	27090
27087	27091
27087	27092
27088	27089
27088	27094
27089	27094
27090	27091
27090	27092
27090	27094
27090	27095
27091	27092
27091	27105
27092	27105
27093	27097
27093	27101
27093	27103
27094	27095
27096	27097
27096	27098
27096	27099
27096	27100
27097	27098
27097	27099
27097	27100
27097	27101
27097	27103
27098	27099
27098	27100
27099	27100
27101	27103
27102	27415
27103	27104
