1226	4269
1227	8973
1228	11358
1229	23175
1230	25238
1231	25257
1232	26461
1233	27002
1234	27003
1235	27004
1236	27007
1237	27008
1238	27013
1239	27017
1240	27018
1241	27019
1242	27020
1243	27023
1244	27028
1245	27034
1246	27035
1247	27036
1248	27039
1249	27040
1250	27041
1251	27042
1252	27043
1253	27044
1254	27045
1255	27047
1256	27048
1257	27049
1258	27050
1259	27054
1260	27055
1261	27058
1262	27059
1263	27060
1264	27061
1265	27062
1266	27063
1267	27064
1268	27065
1269	27066
1270	27067
1271	27068
1272	27071
1273	27072
1274	27073
1275	27074
1276	11359
1277	25256
