4269	8973
4269	11358
4269	23175
4269	25238
4269	25257
4269	26461
4269	27002
4269	27003
4269	27004
4269	27007
4269	27008
4269	27013
4269	27017
4269	27018
4269	27019
4269	27020
4269	27023
4269	27028
4269	27034
4269	27035
4269	27036
4269	27039
4269	27040
4269	27041
4269	27042
4269	27043
4269	27044
4269	27045
4269	27047
4269	27048
4269	27049
4269	27050
4269	27054
4269	27055
4269	27058
4269	27059
4269	27060
4269	27061
4269	27062
4269	27063
4269	27064
4269	27065
4269	27066
4269	27067
4269	27068
4269	27071
4269	27072
4269	27073
4269	27074
11358	11359
25238	25256
25238	25257
25256	25257
26461	27019
26461	27020
27003	27004
27019	27020
27041	27064
27045	27071
27065	27066
27065	27067
27066	27067
