632	1228
633	16289
634	16303
635	22240
636	23299
637	23300
638	23301
639	23304
640	23305
641	23306
642	23307
643	23313
644	23314
645	23315
646	23316
647	23317
648	23318
649	23319
650	23324
651	23325
652	23327
653	23328
654	23331
655	23332
656	23333
657	23334
658	23336
659	23339
660	23340
661	23342
662	23343
663	23344
664	23345
665	23346
666	23347
667	23351
668	23356
669	23357
670	23358
671	23359
672	23361
673	23362
674	23365
675	23368
676	23371
677	23373
678	23374
679	23375
680	23376
681	23377
682	23378
683	23379
684	23380
685	23382
686	23385
687	23387
688	23388
689	23389
690	23393
691	23395
692	23396
693	23397
694	23398
695	23399
696	23403
697	23404
698	23405
699	23406
700	23407
701	23408
702	23410
703	23411
704	23412
705	23413
706	23414
707	23415
708	23416
709	23418
710	23419
711	23420
712	23421
713	23422
714	23423
715	23426
716	23427
717	23428
718	28147
719	28154
720	28155
721	28156
722	28157
723	28158
724	28159
725	28160
726	28175
727	28148
728	28149
729	28150
730	28151
731	28152
