1228	16289
1228	16303
1228	22240
1228	23299
1228	23300
1228	23301
1228	23304
1228	23305
1228	23306
1228	23307
1228	23313
1228	23314
1228	23315
1228	23316
1228	23317
1228	23318
1228	23319
1228	23324
1228	23325
1228	23327
1228	23328
1228	23331
1228	23332
1228	23333
1228	23334
1228	23336
1228	23339
1228	23340
1228	23342
1228	23343
1228	23344
1228	23345
1228	23346
1228	23347
1228	23351
1228	23356
1228	23357
1228	23358
1228	23359
1228	23361
1228	23362
1228	23365
1228	23368
1228	23371
1228	23373
1228	23374
1228	23375
1228	23376
1228	23377
1228	23378
1228	23379
1228	23380
1228	23382
1228	23385
1228	23387
1228	23388
1228	23389
1228	23393
1228	23395
1228	23396
1228	23397
1228	23398
1228	23399
1228	23403
1228	23404
1228	23405
1228	23406
1228	23407
1228	23408
1228	23410
1228	23411
1228	23412
1228	23413
1228	23414
1228	23415
1228	23416
1228	23418
1228	23419
1228	23420
1228	23421
1228	23422
1228	23423
1228	23426
1228	23427
1228	23428
23299	23300
23306	23307
23307	23332
23318	23319
23318	28147
23324	23325
23356	23357
23356	23358
23356	23414
23356	23415
23357	23358
23357	23414
23357	23415
23358	23414
23358	23415
23374	23375
23374	23376
23375	23376
23377	23378
23377	23379
23378	23379
23389	23422
23396	23397
23396	23398
23396	23399
23397	23398
23397	23399
23398	23399
23403	28154
23403	28155
23403	28156
23403	28157
23403	28158
23403	28159
23403	28160
23414	23415
23423	28175
28147	28148
28147	28149
28147	28150
28147	28151
28147	28152
28154	28155
28154	28156
28154	28157
28154	28158
28154	28159
28154	28160
28155	28156
28155	28157
28155	28158
28155	28159
28155	28160
28156	28157
28156	28158
28156	28159
28156	28160
28157	28158
28157	28159
28157	28160
28158	28159
28158	28160
28159	28160
