6952	17516
6952	17517
6952	17518
6952	17519
6952	17677
6952	17678
6952	17679
6952	17727
6952	17897
6952	17910
6952	34527
6952	34534
6952	34535
6952	34536
6952	34537
6952	34576
17516	17517
17516	17518
17516	17519
17517	17518
17517	17519
17517	17677
17517	17678
17517	17679
17517	17910
17517	34547
17518	17519
17518	34534
17518	34535
17518	34536
17518	34537
17677	17678
17677	17679
17677	17910
17677	34547
17678	17679
17679	17910
17679	34547
17910	34547
17910	34576
34534	34535
34534	34536
34534	34537
34535	34536
34535	34537
34536	34537
