0	1
0	2
0	3
0	4
0	5
0	6
0	7
0	8
0	9
0	10
0	11
0	12
0	13
0	14
0	15
0	16
0	17
0	18
0	19
0	20
0	21
0	22
0	23
0	24
0	25
0	26
0	27
0	28
0	29
0	30
0	31
0	32
0	33
0	34
0	35
0	36
0	37
0	38
0	39
0	40
0	41
0	42
0	43
0	44
0	45
0	46
0	47
0	48
0	49
0	50
0	51
0	52
0	53
0	54
0	55
0	56
0	57
0	58
0	59
0	60
0	61
0	62
0	63
0	64
0	65
0	66
0	67
0	68
0	69
0	70
0	71
0	72
0	73
0	74
0	75
0	76
0	77
9	41
22	68
22	69
22	70
22	78
22	79
22	80
22	81
22	82
22	83
22	84
22	85
22	86
22	87
22	88
22	89
27	28
33	53
43	44
43	45
44	45
47	54
47	62
47	90
47	91
47	92
54	62
54	74
54	75
65	93
65	94
65	95
65	96
65	97
68	69
68	70
69	70
69	87
69	88
74	75
93	94
93	95
94	95
94	96
94	97
95	96
95	97
96	97
90	91
90	92
91	92
78	79
78	80
79	80
81	82
81	83
82	83
84	85
84	86
85	86
87	88
87	89
88	89
