823	17854
823	17857
823	17860
823	17870
823	17871
823	17876
823	17878
823	17891
823	17907
823	17912
823	17918
823	17920
823	17921
823	17922
823	17923
823	17926
823	17927
823	17940
823	17943
823	17950
823	17951
823	17952
823	17956
823	17960
823	17961
823	17965
823	17967
823	17969
823	17970
823	17973
823	17977
823	17979
823	17982
823	17983
823	17986
823	17987
823	17988
823	17993
823	17998
823	18016
823	18029
823	18031
823	18036
823	18043
823	18046
823	18049
823	18051
823	18056
823	18061
823	18064
823	18075
823	18082
823	18087
823	18094
823	18095
823	18096
823	18098
823	18099
823	18102
823	18103
823	18106
823	18107
823	18110
823	18115
823	18120
823	18121
823	18127
823	18128
823	18129
823	18130
823	18131
823	18138
823	18140
823	18142
823	18143
823	18144
823	18146
823	18149
823	18158
823	18162
17870	17871
17907	17918
17907	17950
17907	17951
17918	17950
17918	17951
17950	17951
17982	18031
