4604	27328
4604	27329
4604	27330
4604	27332
4604	27333
4604	27334
4604	27335
4604	27338
4604	27339
4604	27340
4604	27341
4604	27342
4604	27343
4604	27344
4604	27345
4604	27346
4604	27347
4604	27348
4604	27350
4604	27351
4604	27353
4604	27354
4604	27355
4604	27356
4604	27357
4604	27358
4604	27359
4604	27362
4604	27363
4604	27364
4604	27365
4604	27367
4604	27369
4604	27370
4604	27371
4604	27372
4604	27373
4604	27374
4604	27375
4604	27376
27328	27329
27332	27333
27340	27353
27340	27354
27344	27345
27344	27346
27345	27346
27353	27354
27357	27358
27357	34747
27371	27372
34746	34747
34747	34748
