66	159
67	6186
68	10742
69	10744
70	10745
71	10746
72	10747
73	10748
74	10749
75	10750
76	10755
77	10756
78	10757
79	10758
80	10759
81	10761
82	10762
83	10767
84	10769
85	10770
86	10772
87	10774
88	10775
89	10776
90	10780
91	10781
92	10782
93	10783
94	10784
95	10785
96	10787
97	10788
98	10789
99	10790
100	10793
101	10794
102	10795
103	10797
104	10798
105	10803
106	10805
107	10806
108	10808
109	10811
110	10814
111	32360
112	32361
113	32362
114	32363
115	32358
116	32353
117	32354
118	32355
119	32356
120	32357
121	32364
122	32365
123	32366
124	32367
125	32359
