4735	20106
4735	20107
4735	20124
4735	20125
4735	20130
4735	20131
4735	20132
4735	20138
4735	20143
4735	20149
4735	20155
4735	20158
4735	20159
4735	20160
4735	20166
4735	20167
4735	20168
4735	20169
4735	20170
4735	20177
4735	20178
4735	20179
4735	20180
4735	20181
4735	20191
4735	20193
4735	20201
4735	20205
4735	20209
4735	20210
4735	20211
4735	20214
4735	20216
4735	20217
4735	20222
4735	20223
4735	20226
4735	20228
4735	20232
4735	20234
4735	20237
4735	20244
4735	20245
4735	20247
4735	20252
4735	20255
4735	20256
4735	20260
4735	20261
4735	20264
4735	20265
4735	20266
4735	20270
4735	20272
4735	20279
4735	20280
4735	20286
4735	20287
4735	20288
20124	24815
20124	24816
20124	24817
20124	24818
20159	20160
20159	20217
20168	20169
20168	20170
20169	20170
20177	24673
20177	24674
20177	24675
20177	24676
20177	24677
20177	24678
20178	20179
20178	20180
20178	20280
20178	24719
20179	20180
20180	20280
20180	24719
20214	24730
20214	24731
20214	24732
20214	24733
20214	24734
20214	24735
20244	20245
20247	25098
20247	25099
20247	25100
20279	24810
20279	24811
20279	24812
20279	24813
20280	24719
20287	20288
24673	24674
24676	24677
24676	24678
24677	24678
24730	24731
24730	24732
24730	24733
24730	24734
24730	24735
24731	24732
24731	24733
24731	24734
24731	24735
24732	24733
24732	24734
24732	24735
24733	24734
24733	24735
24733	24736
24733	24737
24733	24738
24733	24739
24733	24740
24733	24741
24733	24742
24733	24743
24733	24744
24733	24745
24733	24746
24733	24747
24733	24748
24733	24749
24733	24750
24736	24737
24736	24738
24736	24739
24736	24740
24736	24741
24737	24738
24737	24739
24737	24740
24737	24743
24737	24744
24737	24748
24737	24750
24737	24821
24737	24822
24738	24739
24738	24740
24738	24741
24738	24742
24738	24749
24738	24750
24739	24740
24739	24741
24739	24742
24739	24749
24739	24750
24739	24819
24739	24820
24740	24741
24740	24742
24740	24819
24740	24820
24741	24742
24741	24749
24741	24750
24743	24744
24743	24745
24743	24746
24743	24747
24743	24748
24743	24750
24743	24821
24743	24822
24743	25101
24743	25102
24744	24745
24744	24746
24744	24747
24744	24748
24744	24750
24744	24821
24744	24822
24744	25101
24744	25102
24745	24746
24745	24747
24745	24748
24746	24747
24746	24748
24746	24821
24746	25101
24746	25102
24747	24748
24748	24750
24748	24821
24748	24822
24748	25101
24748	25102
24749	24750
24750	24821
24750	24822
24810	24811
24810	24812
24810	24813
24811	24812
24811	24813
24812	24813
24815	24816
24815	24817
24815	24818
24816	24817
24816	24818
24817	24818
24819	24820
24821	24822
24821	25101
24821	25102
25098	25099
25098	25100
25099	25100
25101	25102
