1378	7539
1379	25686
1380	12227
1381	14295
1382	27765
1383	27766
1384	27767
1385	27768
1386	35084
1387	35085
1388	35086
1389	35087
1390	35088
1391	35089
1392	35090
1393	35091
1394	35092
1395	25635
1396	25644
1397	25670
1398	25697
1399	27762
1400	27763
1401	27764
1402	23174
1403	25642
1404	27692
1405	25636
1406	25641
1407	25648
1408	25663
1409	25643
1410	27697
1411	27698
1412	25666
1413	25715
1414	25653
1415	25667
1416	25675
1417	25716
1418	27756
1419	27760
1420	27761
1421	27747
1422	27748
1423	27749
1424	27750
1425	27751
1426	27769
1427	27770
1428	27771
1429	27757
1430	27690
1431	27691
1432	27695
1433	27693
1434	27694
1435	27696
1436	27752
1437	27753
1438	27754
1439	27755
