7539	25686
12227	14295
12227	27765
12227	27766
12227	27767
12227	27768
12227	35084
12227	35085
12227	35086
12227	35087
12227	35088
12227	35089
12227	35090
12227	35091
12227	35092
14295	25635
14295	25644
14295	25670
14295	25697
14295	27762
14295	27763
14295	27764
14295	27765
14295	27766
14295	27767
14295	27768
23174	25642
23174	27692
25635	25636
25635	25641
25635	25642
25635	25644
25635	25648
25635	25670
25635	25697
25635	27762
25635	27763
25635	27764
25641	25663
25642	25643
25642	27692
25642	27697
25642	27698
25644	25648
25644	25670
25644	27762
25644	27763
25644	27764
25648	25666
25648	25715
25653	25667
25653	25675
25653	25716
25653	27756
25653	27760
25653	27761
25666	25715
25667	25716
25667	27692
25667	27747
25667	27748
25667	27749
25667	27750
25667	27751
25670	25697
25670	27762
25670	27763
25670	27764
25670	27769
25670	27770
25670	27771
25675	27750
25675	27756
25675	27757
25675	27760
25675	27761
25686	27690
25686	27691
25686	27692
25686	27695
25697	27764
27690	27691
27690	27692
27690	27693
27690	27694
27691	27692
27692	27693
27692	27694
27692	27695
27692	27696
27692	27697
27692	27698
27693	27694
27693	27696
27697	27698
27747	27748
27747	27749
27747	27750
27747	27751
27748	27749
27748	27750
27748	27751
27749	27750
27749	27751
27750	27751
27750	27752
27750	27753
27750	27754
27750	27755
27750	27756
27750	27757
27752	27753
27752	27754
27752	27755
27753	27754
27753	27755
27754	27755
27756	27757
27756	27760
27756	27761
27760	27761
27762	27763
27765	27766
27765	27767
27765	27768
27766	27767
27766	27768
27766	35084
27766	35085
27766	35086
27766	35087
27766	35088
27766	35089
27766	35090
27767	27768
27768	35084
27768	35085
27768	35086
27768	35087
27769	27770
27769	27771
27770	27771
35084	35085
35084	35086
35084	35087
35085	35086
35085	35087
35085	35088
35085	35089
35085	35090
35086	35087
35086	35088
35086	35089
35086	35090
35088	35089
35088	35090
35089	35090
35091	35092
