26919	28546
26919	40424
26919	40654
26919	34806
26919	41751
26919	34174
26919	36319
28546	26919
28546	40424
28546	40654
28546	34806
28546	41751
28546	34174
28546	36319
34174	28546
34174	26919
34174	40424
34174	40654
34174	34806
34174	41751
34174	36319
34806	28546
34806	26919
34806	40424
34806	40654
34806	41751
34806	34174
34806	36319
36319	28546
36319	26919
36319	40424
36319	40654
36319	34806
36319	41751
36319	34174
40424	28546
40424	26919
40424	40654
40424	34806
40424	41751
40424	34174
40424	36319
40654	28546
40654	26919
40654	40424
40654	34806
40654	41751
40654	34174
40654	36319
41751	28546
41751	26919
41751	40424
41751	40654
41751	34806
41751	34174
41751	36319
