4409	11769
4410	17596
4411	17598
4412	21924
4413	21925
4414	28369
4415	28508
4416	28586
4417	38225
4418	38226
4419	38227
4420	38230
4421	38231
4422	38232
4423	38233
4424	38234
4425	38237
4426	38239
4427	38240
4428	38241
4429	38242
4430	38243
4431	17582
4432	28491
4433	28519
4434	28591
4435	39955
4436	39956
4437	39957
4438	39958
4439	39959
4440	17612
4441	40064
4442	40065
4443	40066
4444	40067
4445	40068
4446	40069
4447	21932
4448	22215
4449	22216
4450	22217
4451	22228
4452	22271
4453	28146
4454	28266
4455	28321
4456	28342
4457	39969
4458	39977
