2499	7596
2500	10104
2501	17435
2502	21553
2503	28719
2504	28720
2505	28721
2506	28722
2507	28724
2508	28725
2509	28726
2510	28727
2511	28728
2512	28730
2513	28731
2514	28733
2515	28734
2516	28737
2517	28738
2518	28739
2519	28740
2520	28741
2521	28742
2522	28743
2523	28744
2524	28745
2525	28746
2526	28748
2527	28749
2528	28750
2529	28751
2530	28752
2531	28753
2532	28754
2533	28755
2534	28756
2535	28757
2536	28758
2537	28760
2538	28761
2539	28762
2540	28763
2541	28764
2542	28765
2543	28766
2544	28767
2545	28768
2546	28769
2547	28770
2548	28773
2549	28774
2550	28775
2551	28776
2552	28777
2553	28796
2554	28797
2555	28798
2556	28799
2557	28800
2558	28794
