5741	5952
5741	5953
5741	11020
5741	12789
5741	13463
5741	14080
5741	17361
5741	20354
5741	20389
5741	20390
5741	27600
5952	5953
11020	12789
12863	27599
12863	27600
12863	34948
12863	34949
12863	34950
12863	34951
12863	34952
12863	34953
12863	34971
12863	34972
12863	34973
12863	34974
13463	13464
13463	14080
13463	20354
13463	20389
13463	20390
13463	27600
13463	34955
14080	20389
20354	20390
20354	34955
20389	20390
20389	27600
20390	34955
27599	27600
27599	34948
27599	34949
27599	34950
27599	34951
27599	34952
27599	34953
27599	34954
27599	34971
27599	34972
27599	34973
27599	34974
27599	35461
27599	36632
27599	36633
27600	34948
27600	34949
27600	34950
27600	34951
27600	34952
27600	34953
27600	34954
34948	34949
34948	34950
34948	34951
34948	34952
34948	34953
34949	34950
34949	34954
34949	34971
34949	34972
34949	35461
34949	36172
34949	36173
34950	34951
34950	34952
34950	34953
34951	34952
34951	34953
34952	34953
34953	34973
34954	35461
34954	36632
34954	36633
34971	34972
34973	34974
35461	36172
35461	36173
35461	36632
35461	36633
36172	36173
36632	36633
