0	823
1	17854
2	17857
3	17860
4	17870
5	17871
6	17876
7	17878
8	17891
9	17907
10	17912
11	17918
12	17920
13	17921
14	17922
15	17923
16	17926
17	17927
18	17940
19	17943
20	17950
21	17951
22	17952
23	17956
24	17960
25	17961
26	17965
27	17967
28	17969
29	17970
30	17973
31	17977
32	17979
33	17982
34	17983
35	17986
36	17987
37	17988
38	17993
39	17998
40	18016
41	18029
42	18031
43	18036
44	18043
45	18046
46	18049
47	18051
48	18056
49	18061
50	18064
51	18075
52	18082
53	18087
54	18094
55	18095
56	18096
57	18098
58	18099
59	18102
60	18103
61	18106
62	18107
63	18110
64	18115
65	18120
66	18121
67	18127
68	18128
69	18129
70	18130
71	18131
72	18138
73	18140
74	18142
75	18143
76	18144
77	18146
78	18149
79	18158
80	18162
0	823
1	17854
2	17857
3	17860
4	17870
5	17871
6	17876
7	17878
8	17891
9	17907
10	17912
11	17918
12	17920
13	17921
14	17922
15	17923
16	17926
17	17927
18	17940
19	17943
20	17950
21	17951
22	17952
23	17956
24	17960
25	17961
26	17965
27	17967
28	17969
29	17970
30	17973
31	17977
32	17979
33	17982
34	17983
35	17986
36	17987
37	17988
38	17993
39	17998
40	18016
41	18029
42	18031
43	18036
44	18043
45	18046
46	18049
47	18051
48	18056
49	18061
50	18064
51	18075
52	18082
53	18087
54	18094
55	18095
56	18096
57	18098
58	18099
59	18102
60	18103
61	18106
62	18107
63	18110
64	18115
65	18120
66	18121
67	18127
68	18128
69	18129
70	18130
71	18131
72	18138
73	18140
74	18142
75	18143
76	18144
77	18146
78	18149
79	18158
80	18162
