2783	2887
2783	2824
2783	2792
2783	3056
2783	2848
2783	2785
2783	2962
2783	3572
2786	2847
2786	3056
2783	2784
2783	3333
2783	3216
2787	2847
2787	3056
2783	2841
2783	3182
2783	2790
3530	3531
3530	3532
3530	3556
3531	3532
3531	3607
3532	3711
2783	2794
2783	3627
2783	3653
2783	3568
2783	2991
2783	2986
2783	2849
2783	3652
2783	2923
2783	3080
2783	3666
2784	3176
2784	2923
2784	3620
2783	3301
2783	3700
3037	3530
3037	3531
3037	3532
3037	3328
3037	3607
3037	3610
3037	3611
2783	3037
2783	3620
2783	3623
2783	3274
2783	2982
2783	3506
2783	3701
2988	3710
2988	3738
2988	3066
2783	2857
2783	2815
2783	3718
2783	3790
2783	3317
2794	2849
2794	2931
2794	3627
2794	3632
2794	3652
2794	3653
3117	3556
3117	3607
3117	3299
3036	3531
3036	3037
3036	3117
3036	3593
3036	3607
3036	3089
3036	3645
3036	3050
2783	3488
2783	3625
2783	3171
2843	2879
2843	2905
2843	3155
2843	3437
2843	3436
2843	2906
2843	2908
2843	3506
2783	2931
2783	3571
2783	3518
2783	3159
2783	2843
2783	3534
2783	2910
2783	3545
2783	3065
2783	2976
2783	3636
2783	3194
2783	3706
2783	3535
2783	3281
2783	2883
2783	2907
2783	3780
2783	3826
2783	3543
2783	3111
3533	3557
3533	3613
3533	3629
3533	3722
3533	3748
2783	3691
2783	2922
2783	2969
2783	3685
2783	2948
2783	3546
2783	2806
2783	3144
3535	3725
2849	3151
2849	3591
2849	3608
2849	3652
2783	3621
2783	3795
2783	3585
2783	3648
2783	3715
2783	3599
2783	2830
2783	3787
2783	3054
2783	3649
2783	3000
2783	3303
2783	3565
2783	2797
2783	3273
2783	3596
2783	3107
2783	2988
2783	3276
2879	2924
2879	3437
2879	3506
2783	3587
2783	2831
2831	3544
2831	2993
2831	2989
2831	3432
2831	3615
2783	3136
2783	3091
2998	3775
2998	3363
2915	3537
2915	3635
2915	3317
2915	3144
2915	3081
2783	3600
2783	3749
2783	3101
2910	3534
2910	2931
2910	2980
2910	3172
2783	3145
2783	3583
2783	3771
2783	3772
2783	3356
2783	3646
2783	3704
2783	2836
2783	3767
2783	3552
2783	3553
2783	3632
2783	3154
2783	3753
3537	3635
2783	3161
2783	3650
2783	3651
2783	3586
2783	3011
2783	3385
3538	3539
3538	3658
3538	3660
3538	3752
3538	3813
3539	3637
2783	3538
2783	3539
2783	3760
2783	3386
2793	3549
2793	2798
2793	3281
2793	3604
2793	2954
2793	2886
2793	3029
2793	3756
2793	3398
3540	3561
3540	3814
2783	3540
2783	3629
2783	3722
2783	3557
2783	3164
2783	3569
2783	3313
2783	3320
3541	3542
3541	3543
3541	3639
3541	3678
3541	3722
3542	3543
3542	3567
3542	3583
3542	3639
3543	3552
3543	3555
3543	3639
3543	3708
2783	3630
2783	3153
2783	3098
2783	3389
2792	2817
2792	3176
2792	2818
2783	3291
2783	3361
2783	3633
2783	3634
2783	2862
2783	3659
2783	3046
2783	3533
2783	3748
2783	2980
2783	3189
2783	3082
3544	3563
3544	3612
3544	3739
3544	3858
3545	3556
3545	3655
3545	3812
2783	3708
2783	3785
2783	3786
3546	3687
3547	3589
3547	3659
2783	3179
2783	3005
2783	3807
2783	3814
3179	3552
3179	3482
3179	3558
3179	3562
3179	3602
2783	3554
2783	3598
3062	3689
3062	3156
3062	3790
3062	3163
3062	3862
3062	3310
3062	3381
2783	3548
3548	3552
3548	3553
3548	3838
2783	2943
2783	3588
2783	2872
2783	2793
2783	3549
3549	3599
3549	3726
3549	3751
3549	3756
3550	3602
3550	3734
2783	3285
2783	3530
2783	3556
2783	3328
2783	3172
2783	3120
2783	2850
2783	3827
3373	3427
3373	3599
3373	3663
3373	3758
3373	3762
2783	3550
2783	3074
2783	3602
2783	3104
2783	3744
2783	3756
2783	3373
2783	2926
2783	3157
2783	3558
2783	3716
2783	2985
2783	2875
2783	2958
2783	3751
2783	3561
2783	3393
2783	2807
2783	3608
2943	3550
2943	3559
2943	3074
2943	3602
2943	3108
3303	3565
3303	3793
3303	3804
3303	3335
3303	3823
3303	3838
3303	3845
3303	3340
2783	3068
2783	2842
2783	2795
2783	3066
2783	3015
2783	3113
2783	3705
2783	2856
2783	3331
3551	3584
3551	3603
3551	3843
2783	2955
2783	3094
2783	3570
2783	3661
2783	3230
2783	3861
2805	3737
2805	2946
2805	2936
2924	3596
2924	3597
2924	2969
2924	3678
3552	3554
3552	3555
3552	3608
3552	3609
3552	3708
3553	3632
3553	3654
2806	2980
2806	3004
2806	3034
2806	3651
2806	2958
2806	3143
2783	3100
2783	3427
2783	3709
2783	3063
3427	3551
3427	3584
3427	3599
3427	3602
3427	3663
3554	3560
3554	3768
3554	3769
3554	3770
3554	3837
2796	3062
2796	3074
2783	3260
3260	3545
3260	3313
3260	3673
3555	3708
3555	3785
3555	3815
2798	2898
2798	2942
2798	3732
3482	3559
3482	3562
3482	3602
3482	3771
3482	3845
3068	3101
3068	3104
3068	3755
3556	3628
2783	3584
2783	3594
2783	3609
2783	3681
2783	2995
2783	3858
2783	2805
2783	2863
2803	3758
2803	3228
2803	3028
3557	3613
3557	3629
3557	3722
3557	3725
3557	3748
2783	2802
2783	3206
2783	2968
2783	3173
2783	2893
2783	2877
2783	3673
2783	3684
2783	3582
2783	3612
2783	2839
2783	3766
2783	3640
2783	3004
2783	2959
3002	3531
3002	3532
3002	3037
3002	3328
3002	3607
3002	3611
3002	3148
3002	3796
3002	3290
2783	3482
2783	3218
2783	3096
3558	3568
3558	3569
3558	3593
3558	3706
3558	3789
3558	3804
2783	2911
2783	3394
2783	3067
2783	3692
2802	2966
2802	2852
2802	3191
2802	2934
2802	3661
2802	3190
2783	3678
2783	3597
2783	3547
3559	3771
3559	3772
2783	3770
2783	3837
2783	3857
2783	2835
3291	3645
3291	3655
3291	3688
3291	3712
3291	3807
2842	3530
2842	3531
2842	3532
2842	3036
2842	3556
2842	3593
2842	2987
2842	3089
2842	2913
2842	2914
2842	3734
2842	3105
2783	3812
2898	3442
2898	3680
2898	3450
2898	3879
2898	3881
3560	3770
3560	3837
3560	3857
3561	3601
3561	3814
2804	3640
2804	3001
2804	3093
2783	3645
2783	3180
2783	3162
2783	3806
3281	3543
3281	3545
3281	3588
3281	3637
3281	3725
3281	3780
3281	3826
2800	3281
2800	3753
2783	3823
2783	3838
2821	3532
2821	3037
2821	3179
2821	3552
2821	3556
2821	2823
2821	2828
2821	3089
2783	2821
2783	3562
2783	2978
3562	3604
3074	3638
3074	3687
3074	3228
2783	3435
2783	3099
2783	3589
2783	3595
3173	3540
3173	3435
3173	3180
3173	3666
3173	3231
2801	3584
2801	3666
2801	3806
2978	3179
2978	3558
2978	3562
2978	3604
2978	3041
2978	3283
2978	3295
2783	2837
2783	3605
2783	3606
2783	3241
3563	3612
3563	3768
3563	3792
3563	3828
3563	3857
2783	3626
2783	3635
2783	3008
2783	2803
2783	3280
3189	3533
3189	3557
3189	3682
3189	3814
2783	3687
2783	2804
2966	3179
2966	3206
2966	3012
2783	3603
2783	3726
2783	3079
2783	2934
2783	3170
3564	3604
3564	3673
3564	3690
3218	3482
3218	3723
3218	3793
2783	3541
2783	3639
2783	3800
2783	3344
2894	3542
2894	3543
2894	3545
2894	2926
2894	3646
2894	2916
2894	2967
3565	3767
3565	3783
2797	3536
2797	3303
2797	3565
2797	3241
2797	2951
2797	3335
2797	3845
2797	3867
2797	3237
3136	3488
3136	3756
2783	3283
2783	3036
2783	3607
2783	2989
2783	3544
2783	3822
2783	3432
2783	3615
2783	2998
2783	2789
2783	3421
2783	3041
2783	3006
3566	3628
3567	3646
3567	3812
2783	3152
3568	3569
3568	3600
3568	3625
3569	3706
3569	3764
3569	3830
3569	3852
3569	3853
2931	3062
2931	3571
2931	3054
2931	3710
2931	3055
2931	3162
3570	3789
3570	3867
2783	3643
3045	3643
3045	3750
2783	3912
2783	3362
2783	3204
2783	3155
2783	2956
2783	3228
2837	3436
2837	3649
2837	3696
2837	3698
2837	3006
2837	3075
2835	3608
2835	3609
2835	3708
2835	3075
2835	3867
2783	2996
2996	3532
2996	3566
2996	3615
2996	3627
2996	3089
2996	3682
2996	3005
2996	3724
2996	3027
3571	3710
3571	3826
3572	3754
2783	3573
2783	3574
2783	3270
3573	3574
3573	3575
3573	3579
3573	3580
3574	3579
3574	3580
2808	3573
2808	3574
2808	2810
2808	2812
2808	3580
2808	2813
2783	2808
2783	3579
2783	3575
2783	2809
2783	3670
2783	3675
2809	2810
2809	3576
2809	3577
2809	2811
2809	3669
2809	3674
2809	3880
2809	3882
2809	3433
2810	3573
2810	3574
2810	3576
2810	3669
3575	3579
3575	3668
3575	3669
3575	3670
2783	3469
3576	3577
3576	3669
3576	3674
3576	3880
3576	3882
3577	3670
3577	3675
3577	3676
3577	3882
2811	3576
2811	3577
2783	3720
3578	3670
2783	3578
2812	3573
2812	3574
2783	3580
2783	2921
3579	3670
3580	3679
3580	3875
3580	3878
3580	3879
3580	3881
2783	2930
2783	2814
2783	3915
2813	3573
2813	3574
2783	3168
2783	3201
2795	2988
2795	2910
2795	2842
2795	3155
2795	3091
2795	3001
2795	3007
2783	3604
2783	3213
2783	3808
2783	3383
3151	3556
3151	3588
3151	3592
3151	3313
3151	3255
3151	3283
2783	3591
3581	3586
3581	3622
3581	3702
3581	3717
3581	3865
2783	3314
3582	3585
3582	3621
3582	3636
3582	3822
2783	3049
2783	2858
2783	3592
2783	3014
2783	3151
2783	2987
2783	3148
2783	3294
2783	3796
2783	3797
2783	2825
2825	3585
2825	3689
2825	2982
2825	3701
2825	3718
2825	3153
2825	2981
2825	3791
2783	3187
2783	3622
3168	3582
3168	3201
3168	3488
3168	3692
3168	3723
3201	3488
2783	3542
2783	3191
3583	3651
3082	3291
3082	3630
3082	3705
3082	3385
3082	3276
3082	3289
2783	3559
2783	3707
2783	2879
2926	3482
2926	3559
2926	3771
2783	2942
2783	3723
3099	3595
3099	3659
3099	3828
3099	3834
3099	3429
2961	3748
2961	3757
2961	3759
2961	3294
3584	3806
2983	3592
2983	3285
2983	3756
2983	3147
2983	3289
2783	3613
2783	3220
3585	3586
3585	3822
3586	3622
3586	3702
3586	3717
2783	3702
2783	3437
2783	2852
2783	3610
2783	3329
2783	3029
3423	3594
3587	3592
3587	3794
3587	3834
3187	3715
3187	3419
3588	3592
3588	3764
3588	3839
2783	3165
3589	3659
3589	3690
3590	3780
3590	3826
2783	3631
2783	3644
2783	3581
2783	3717
3421	3591
3421	3621
3421	3661
2815	3538
2815	3260
2815	2983
2815	3393
2815	3101
2815	3167
2815	3718
2783	2983
2783	2889
2783	3658
3591	3661
2783	3289
3592	3689
3592	3814
2783	3205
2783	2973
3593	3607
2783	3013
2783	3001
2783	3743
2783	3745
2783	3423
3594	3609
3594	3766
3594	3828
3594	3857
3594	3858
2783	3003
2783	3551
3474	3543
3474	3759
2816	2964
2817	3182
3176	3343
3176	3177
3176	3211
2783	2928
2783	2847
2783	2909
2783	3135
3273	3596
3273	3307
2783	3090
2783	3242
2783	3020
2783	3563
2783	3022
2783	3428
3596	3597
3596	3678
3107	3596
2783	3243
2783	3511
2862	2968
2862	3659
2862	2877
2862	3666
2819	3274
2819	3506
2783	2924
2783	3255
2889	3642
2889	2893
2889	3658
2889	3660
2783	3794
2783	3025
3597	3678
2783	3160
2783	3473
2783	2905
2783	3275
2783	3817
2783	3693
2783	2820
2980	3291
2980	3082
2980	3785
2980	3143
3171	3557
3171	3189
3171	3628
3171	3629
3171	3649
3171	3722
3171	3725
3171	3367
2783	3755
2783	3768
3598	3768
3598	3828
3598	3837
2783	3617
2783	3714
2783	3775
2985	3549
2985	3599
2985	3682
2985	3726
2985	3751
2985	3761
2985	3773
2985	3027
2985	3094
2985	3095
2783	3611
3599	3663
3599	3751
3600	3620
3600	3723
3600	3749
3393	3601
3393	3394
2822	3609
2822	3723
2822	3766
2822	2995
2822	3829
2783	3788
2783	3002
2783	3089
2783	3593
2783	3601
2783	2851
2783	3695
2783	3784
3602	3738
3602	3844
3384	3536
2783	3725
2783	3729
2783	3690
2783	3847
2783	3315
2823	3556
2783	3010
3603	3843
2783	3566
2783	3846
3604	3763
3604	3808
3605	3606
3605	3644
3605	3780
3605	3826
3605	3855
3606	3649
3606	3695
3606	3780
3607	3711
3607	3796
3607	3797
3013	3811
2783	2961
2783	3628
2783	3117
2783	3655
3609	3659
3609	3681
3609	3727
3609	3749
3609	3828
3609	3857
3161	3567
3161	3603
3161	3650
3161	3689
2783	3190
2783	3444
2783	3660
2783	3662
2783	3746
2783	3654
2783	3033
2783	3123
3004	3540
3004	3550
3004	3045
3004	3067
3004	3473
3004	3103
2783	3925
2783	3809
2923	3600
2923	3620
2923	3206
2923	2986
3611	3617
3611	3618
2783	3404
2783	3384
2783	3850
2783	2799
2783	3052
2783	3618
2851	3601
2851	3393
2851	3388
2851	3394
2851	3172
2851	3167
2851	3738
2851	3019
2851	3052
2851	3236
2851	3380
2826	3628
2826	3005
2783	3663
2827	3384
2987	3530
2987	3531
2987	3532
2987	3037
2987	3036
2987	3556
2987	3328
2987	2989
2987	3089
2987	3038
2987	3088
2783	2822
2828	3037
3612	3859
2783	3724
2783	3773
2783	3026
2783	3793
3049	3590
3049	3595
3049	3209
3049	3723
3049	3103
3086	3716
3086	3344
3086	3847
3613	3748
3613	3816
3614	3838
2783	3737
2829	3530
2829	2842
2905	3693
2905	3064
2905	3698
2783	3754
3209	3601
3209	3436
3209	3784
3209	3500
3209	3430
3209	3312
3101	3606
3101	3695
3101	3167
3101	3146
3101	3141
2783	3034
2783	3688
2783	3086
2783	3372
3080	3637
3080	3666
3080	3159
2783	3765
2783	3843
2970	3565
2970	3696
2970	3224
2970	3763
2970	3783
2970	3832
2783	3781
2783	2935
2783	3764
2783	3830
2783	3853
2993	3544
2993	3554
2993	3560
2993	3428
2993	3768
2993	3769
2993	3770
2993	3193
2993	3837
2993	3857
2989	3544
2989	3273
2989	3432
2989	2990
2989	3193
2989	2992
3432	3544
3432	3858
3615	3627
2783	2993
2832	3551
2832	3144
3616	3617
3616	3650
3616	3781
3616	3821
3616	3846
2783	3616
2830	2996
2830	3013
2783	3647
3617	3810
2783	3267
2783	3051
3155	3518
3155	3159
2783	2860
3618	3810
2783	3536
3092	3624
3092	3754
3092	3185
3092	3798
3092	3821
3092	3825
2920	3092
2920	3647
2920	3705
2920	3754
2920	3798
2783	3619
2783	3624
3619	3621
3619	3623
3619	3624
3619	3824
2783	3734
2783	3178
3620	3622
3620	3627
2783	3186
3621	3623
3621	3624
3621	3636
3622	3717
3623	3824
2783	3824
2783	3656
2783	3721
2783	3897
2783	3711
2783	3825
2833	3435
2833	3182
2833	3059
2783	3402
3624	3824
2834	3630
2834	3436
3488	3568
3488	3625
3625	3715
2783	3387
2783	2915
2783	3537
2789	3653
2789	3812
2789	3825
2783	3844
3626	3653
3626	3705
3626	3809
2783	3379
3366	3651
3366	3726
3366	3758
3366	3791
3627	3632
3627	3652
3627	3653
2838	3218
2838	3605
2838	2859
2838	3780
2838	3826
3628	3807
2783	3590
3629	3722
2783	3532
3630	3795
2783	3083
2839	3560
2839	3220
2839	3792
2783	3134
2783	3359
3631	3637
3631	3644
3631	3659
3631	3681
3631	3684
2840	3772
2840	3792
2840	3831
3301	3563
3301	3608
3301	3635
3301	3783
2783	3092
2783	3185
2783	3676
2783	3803
2783	3804
2783	3324
2783	3139
3632	3653
3632	3753
2783	3531
2783	3027
3089	3530
3089	3531
3089	3532
2783	3694
2783	3114
2783	3127
2783	3126
2783	3253
2783	2906
2783	3699
3437	3506
3437	3699
3437	3700
2783	3109
3436	3694
3436	3695
3436	3699
3361	3633
3361	3634
3361	3833
3361	3836
3633	3634
3634	3833
3634	3836
2783	3839
2783	2876
2922	3600
2922	2923
2922	3659
2922	3778
2922	3782
2954	3667
2954	3450
2954	3329
2954	3688
2954	3398
2876	3547
2876	3450
2845	3572
2845	3635
3635	3704
3635	3788
2783	3798
2846	2915
2846	3635
3065	3708
3065	3838
3065	3382
3091	3536
3091	3189
3091	3705
2783	3338
2783	3102
3022	3024
3022	3793
2783	3012
2783	2970
3636	3702
3636	3717
3636	3865
2783	3501
2783	3419
2783	3637
3186	3187
3186	3419
3206	3713
2783	3224
2783	3829
2783	3567
2783	3614
3079	3687
3079	3165
3079	3326
3079	3327
2783	2894
2783	3214
3145	3708
3145	3726
2783	3638
3638	3639
3638	3651
3638	3800
2783	3045
2918	3550
2918	3074
2918	3084
2918	3641
2918	3734
2918	3015
2783	2895
2783	3642
2783	3442
2783	3450
2895	3107
2895	3642
2895	3442
2783	3555
2783	2918
2783	3084
2783	3641
2783	2898
2783	3703
2969	3596
2969	3597
2969	3667
2969	3678
2969	3473
2783	3564
2783	3436
2852	2879
2852	3551
2852	3045
2852	3206
2852	2899
2921	3580
2921	3642
2921	3720
2921	3876
3084	3544
3084	3641
3084	3730
3084	3858
3641	3730
3641	3739
3642	3644
3642	3681
3642	3684
2783	3679
2783	3875
2783	2966
2783	3854
2783	3388
2783	3713
2853	2918
2853	3084
2968	3206
2968	3713
2783	2954
2863	3614
2863	2968
2863	2956
2863	3847
2783	3439
2783	3868
2783	3871
2783	3512
3439	3869
3439	3871
2783	3869
2783	3870
2783	3874
2783	3877
3643	3678
3643	3750
2854	3291
2854	3026
2855	2889
2855	3642
2783	2874
3034	3688
3034	3753
3034	3261
3644	3684
3191	3559
3191	3291
3191	3771
2783	2868
2783	3474
2783	3167
2783	3757
2783	3759
3134	3630
3134	3148
3134	3795
2783	3657
3645	3655
2820	3693
2820	3872
2783	3058
3314	3582
3314	3717
3314	3824
3194	3582
3194	3585
3194	3636
3194	3314
3194	3822
3646	3704
3647	3767
3647	3821
3648	3715
3648	3756
3111	3543
3111	3558
3111	3649
3650	3714
3650	3781
3651	3691
3651	3758
2783	3728
2783	2947
2783	3377
2857	3646
2857	3046
2857	3690
2857	3010
3253	3267
3253	3703
3253	3817
3253	3254
2783	2788
3653	3726
3653	3809
2783	3343
2783	3335
2783	3867
2783	3322
3654	3835
3041	3179
3041	3161
3041	3086
3041	3762
2858	3260
2858	3180
2858	3657
2858	2916
2783	3863
3008	3640
2783	2859
3012	3534
3012	3561
3012	3643
3012	3692
2859	3605
2859	3780
2859	3826
2783	3832
2783	3149
2783	3835
2783	3841
2783	3789
2783	3110
2783	3212
3655	3812
2783	3225
2783	3836
3656	3863
3656	3864
2783	2916
3115	3118
2783	3783
2783	3697
2783	3712
2783	3758
3180	3657
3657	3697
3657	3775
3657	3823
2783	3696
2861	3180
2861	3657
3026	3218
3026	3191
2798	3583
2798	3599
2798	2939
2783	3686
2893	3631
2893	3666
3444	3643
3658	3660
3659	3681
3659	3810
2956	3006
2956	3823
2956	3355
3660	3688
2783	3360
2783	3392
2783	3750
2877	3642
2877	2893
2877	3666
2877	3681
2877	3684
2877	2886
2798	3660
2783	2957
2934	3206
2934	2968
2934	3034
2934	3661
2934	3666
2934	2963
3033	3662
2783	3763
2783	3735
2783	3667
3067	3537
3067	3692
3067	3725
2783	2965
2864	3179
2864	2966
2883	2898
2883	3643
2883	3191
2883	3444
2883	3046
2868	2889
2868	3642
2868	2893
2868	3444
2868	2877
2868	3681
2868	3684
2783	3710
2783	2891
2783	3410
3046	3673
2783	3719
3664	3668
3664	3677
3664	3871
2875	3540
2875	2898
2875	3561
2875	2907
2875	3753
2875	3814
2875	3336
2783	3664
2783	3668
2783	3672
2783	3471
2783	3677
2783	3669
2882	2888
2882	3440
2882	3441
2882	2892
2783	2897
2783	3747
2783	3272
2865	2882
2865	2888
2783	2896
2897	3665
2866	2882
2866	2888
2866	3440
2866	3441
2783	3683
2783	2964
2783	3665
3665	3683
2783	2882
2783	3449
3666	3684
2783	3820
2888	3440
2888	3441
2888	2892
2888	3448
2783	3762
3667	3762
2867	2924
2867	3597
2783	3674
2783	3880
2783	3433
2783	3671
2783	3452
2783	3576
2783	3882
3274	3541
3274	3703
3440	3472
3440	3448
3668	3672
3668	3677
3669	3672
3669	3674
3669	3677
3669	3747
3669	3915
3669	3922
2783	2925
2783	3881
3449	3671
3670	3675
3670	3676
2783	3454
2783	3698
2783	3342
3672	3677
3270	3574
3270	3578
3270	3579
3270	3670
2976	3534
2976	3752
3441	3472
2869	3547
2869	3046
3673	3721
2783	3776
2783	3138
2783	2950
3471	3575
3471	3668
3471	3669
3471	3672
3674	3747
3674	3880
3674	3915
2783	2878
2783	3680
2783	3043
3220	3689
3220	3286
3220	3792
3220	3793
2871	3441
2871	3472
2783	3922
2873	3675
2873	3676
3675	3676
3675	3915
2878	3575
2878	3669
2878	3471
2878	3922
2878	3443
3677	3922
2783	3480
3679	3680
3679	3747
3679	3875
3679	3878
3679	3879
3679	3881
3680	3875
3680	3878
3680	3879
3680	3881
3680	3922
3681	3691
3681	3692
2783	3845
3682	3727
3682	3744
3682	3773
2965	3034
2965	3066
2965	3094
2783	3031
2874	2895
2874	3442
2874	3686
2783	3467
2783	3878
2783	3742
2783	3894
2783	3577
2783	3451
2881	2882
2881	2888
2783	3876
3450	3580
3450	3688
3450	3712
3685	3755
3685	3850
2884	3440
3190	3191
3190	3662
3190	3667
3190	3255
3190	3466
2885	3631
2885	3637
2885	3553
2884	2888
2884	3441
2884	3472
2886	2954
3031	3682
3031	3379
3031	3063
3031	3389
3031	3157
3031	3233
3379	3663
3379	3682
3379	3911
2890	3664
2890	3677
3415	3719
3415	3864
3415	3866
3415	3894
2872	3046
2872	2874
2872	2891
2872	3410
2872	3370
2896	3575
2896	3579
2896	3670
2896	3270
2896	2930
2896	3915
2891	3673
2891	3686
2891	3076
2891	3410
2783	3731
2955	3275
2955	3359
2955	3693
2955	3696
2955	3267
2955	3016
2955	3817
2955	3254
2955	3265
2783	3076
2959	3550
2959	3004
2959	3103
2783	3288
2958	3045
2958	3643
2958	3034
2958	3750
3687	3836
3383	3450
3329	3667
3329	3762
3329	3392
2783	3879
2870	3672
2870	3503
2870	3856
3688	3712
3014	3564
3014	3046
3014	3506
3014	3264
3689	3701
3689	3790
3690	3716
3690	3847
2899	3199
2982	3630
2982	3701
2982	3718
2982	3791
2973	3153
2973	3060
2973	3059
2973	3287
2783	3816
3054	3534
2906	3436
2906	2955
2906	3267
2906	3241
2906	3763
2906	3872
2906	3266
3011	3586
3011	3705
3011	3149
3011	3385
3011	3165
3160	3533
3160	3610
3160	3213
3160	3710
2902	3160
2902	3213
2783	3727
2783	3133
3144	3537
3144	3551
3144	3557
3144	3787
3144	3162
2783	3815
3692	3725
3692	3749
2783	3302
3043	3427
3043	3049
3043	3733
3043	3744
3043	3113
3518	3537
2783	3208
2903	3699
2904	3555
2904	3285
3285	3555
3275	3436
3275	3694
3275	3695
3275	3506
3275	3699
3275	3353
2783	3062
3005	3566
3005	3627
3005	3628
3005	3649
3005	3807
3359	3436
3359	3693
3359	3872
3693	3698
2916	2926
2916	2934
2916	3807
3064	3274
3064	3693
3064	3696
3064	3698
3064	3506
3064	3090
3064	3703
3064	3438
3694	3695
3695	3784
3696	3698
3696	3703
2783	3872
3697	3775
3697	3823
3697	3847
2783	3483
2807	2943
2807	2996
2807	3614
2807	2858
2807	3241
2807	3360
2807	3108
2807	3896
3698	3699
3698	3703
3267	3690
3267	3275
3267	3817
3267	3872
2907	3535
2907	3649
2907	3005
2907	3751
2907	3322
2908	3155
2783	3810
3699	3700
3699	3872
3090	3506
3090	3700
3090	3334
3700	3764
3700	3830
3700	3852
3700	3853
2783	3064
2783	3142
3142	3214
2783	3141
2783	3821
3701	3718
3701	3791
3224	3632
3224	3640
3224	3702
3224	3811
3224	3365
3702	3717
3702	3865
3051	3703
3051	3716
3051	3075
2783	3016
2783	3499
2783	2920
3706	3789
3706	3867
2856	3591
2856	3619
2856	3621
2856	3624
2856	3331
2856	3178
2856	3485
3331	3559
3331	3421
3331	3591
3331	3661
3331	3754
2783	3431
3707	3719
2957	3731
2957	3897
2957	3899
2957	3907
2957	3183
2783	3769
2783	3337
2783	3521
3338	3704
3081	3537
3081	3317
3081	3177
3172	3534
3172	3539
3172	3373
3172	3388
3172	3208
3172	3380
2783	3366
3154	3632
3154	3709
3213	3610
3213	3808
3213	3302
2783	3238
3120	3570
3120	3764
3120	3789
3120	3852
3120	3853
3159	3610
3159	3160
3159	3213
2911	3610
2911	3651
2911	3709
2911	3114
2911	3239
3148	3612
3148	3167
3148	3791
3148	3152
3148	3302
3148	3150
3148	3290
2783	3147
2783	3840
3003	3074
3003	3758
3003	3389
2912	3148
2912	3167
2912	3016
3709	3840
3149	3593
3149	3787
3149	3788
3149	3399
2913	3531
2913	3532
2913	3089
3711	3825
2914	3531
2914	3532
2914	2987
2914	3089
2844	3685
2844	3415
2844	3742
2844	3776
2844	3850
2844	3892
2844	3897
2917	3688
2917	3712
2783	3363
2783	3374
2783	3777
3714	3777
2783	3527
2783	2999
2919	3714
2919	3527
2919	2999
2783	3831
2783	3885
3715	3756
3167	3691
3167	3791
3167	3236
3716	3847
3717	3795
3717	3832
3717	3865
3717	3905
3718	3790
2950	3544
2950	3641
2950	3374
2950	2953
2950	3739
2950	3897
2783	3740
2783	3792
3719	3743
3719	3894
3719	3897
2783	3183
2783	3864
2783	3376
3243	3410
2925	3580
2925	3680
2925	3747
2925	3878
2925	3879
2925	3445
2925	3881
2783	2940
3153	3566
3153	3645
3153	3689
3153	3755
3178	3201
3178	3620
3178	3622
3178	3185
3178	3825
3241	3536
3721	3804
2860	2985
2860	3705
2860	3710
2860	3102
2860	3027
2860	3815
2783	3202
2783	3286
2783	3560
3385	3705
3385	3795
3385	3513
2927	3543
2927	3555
2783	3115
2928	3174
2928	3175
2928	3318
2928	3495
2928	3497
2928	3498
2928	3522
2783	3828
3723	3749
3723	3766
2930	3674
2930	3675
2930	3747
2930	3880
2930	3433
2930	3915
2783	3199
2783	3192
2790	2817
2790	2818
2790	3087
2847	3371
2783	3176
2841	3319
2841	3494
2841	3496
2841	3210
3199	3517
3333	3338
3333	3337
3216	3724
3216	3771
3216	3838
3216	3516
2932	3005
3192	3828
3192	3857
3109	3274
3109	3698
3109	3699
3109	3872
2783	3898
2783	3906
2783	3833
2783	3884
2783	3406
2783	3401
2783	3855
2783	2844
2783	3892
2783	2951
2935	3569
2935	3700
2935	3764
2935	3073
2935	3830
2935	3846
2935	3852
2935	3853
3724	3725
2783	3682
2783	3834
3726	3744
3726	3751
3726	3758
2783	3158
2799	3158
2799	3235
3727	3744
2783	3408
2783	3418
3728	3730
3728	3732
3728	3735
3728	3801
2947	3728
2947	3377
2947	3732
2947	3735
2947	2953
3377	3728
3377	3730
3377	3732
3377	3744
2937	3728
2937	2947
2937	3377
2937	2939
2937	3288
2937	2942
2937	3732
2937	3735
2939	3728
2939	3377
2939	3288
2939	2942
2939	3730
2939	3732
2939	3735
2939	2944
2939	3414
3729	3784
2783	2953
2783	2791
3288	3377
3288	3730
3288	3732
3288	3760
2942	3084
2942	3641
2942	3377
2942	3288
2942	3730
2942	3732
2942	3735
2938	3084
2938	3641
2938	2939
2938	3730
3730	3732
3730	3735
2783	3417
2783	3866
3731	3742
3731	3743
3731	3801
3731	3907
2783	2936
2783	3886
3374	3691
3374	3729
3374	3850
3374	3897
2783	2939
2783	3730
3732	3735
3732	3829
3732	3884
3732	3898
2783	3732
2783	2974
3733	3776
2783	3733
2783	3738
3735	3745
2783	3899
2783	3907
2783	3405
2783	2870
2948	3566
2948	2985
2948	3640
2948	3682
2948	2950
2948	3001
2948	3473
2948	3773
2783	3778
2783	3900
2951	3536
2951	2965
2951	3737
2951	3788
2951	3113
2951	3399
2951	3850
2783	3349
2783	3799
2783	3351
2953	2989
2953	3641
2953	3739
2953	3782
2953	3230
2953	3399
2953	3229
2783	3739
2783	3736
3737	3788
3737	3884
3737	3898
2941	3288
2941	2942
3431	3746
3431	3908
3738	3740
3738	3792
3738	3806
3738	3898
2783	3411
2783	3416
2783	3908
3739	3858
2783	2967
2944	3730
2783	3350
3001	3101
3001	3640
3001	3745
3001	3746
3001	3098
3001	3093
2945	3641
2945	3730
2783	3782
3740	3842
3740	3899
3740	3907
3741	3849
2783	3779
2783	3909
2946	3045
2783	3415
2783	3040
3743	3745
3015	3099
2783	3802
3746	3782
3746	3851
3746	3855
3746	3908
2991	3432
2991	3622
2991	3803
2991	3848
2991	3341
2783	2952
2848	2952
2848	3047
3029	3273
3029	3242
3029	3793
3747	3879
3747	3880
3747	3915
3272	3670
3272	3675
3272	3676
3272	3747
3272	3879
3272	3922
2783	3468
3428	3554
3428	3726
3428	3837
3748	3750
2783	3409
2783	3365
2986	3568
2986	3569
2986	3600
2986	3079
3372	3548
3372	3614
3372	3812
3372	3838
3372	3847
3255	3596
3076	3686
3750	3752
3104	3550
3104	3602
2783	3500
2963	3206
2783	3520
3752	3813
2783	3209
3473	3566
3473	3597
3473	3678
3473	3734
3473	3750
2783	3105
3066	3101
3066	3734
3066	3098
3753	3834
2783	3862
3754	3798
3754	3821
3754	3825
2783	3741
2971	2978
2971	3041
2971	3748
2783	3791
2783	3752
2972	3063
3147	3612
3147	3315
3147	3238
3147	3840
3147	3306
3147	3292
3757	3759
2783	3811
3759	3790
2783	3761
2783	3859
2783	3923
3276	3659
3276	3385
3276	3431
3276	3810
2783	3070
2975	3423
2975	3278
3083	3288
2783	3227
2783	3287
3760	3765
3294	3757
3294	3759
2783	3425
2783	3901
2783	3902
2783	3903
2783	3913
2783	3914
3063	3427
3063	3209
3063	3084
3063	3227
3063	3157
3227	3758
3156	3592
3156	3161
3156	3689
3156	3518
3156	3715
3156	3757
3156	3163
3156	3310
3289	3613
3289	3759
3289	3816
2977	2983
2977	3756
2979	3757
2979	3759
3761	3806
3761	3861
3761	3862
2981	3689
2783	3430
3762	3765
3508	3903
3508	3914
2783	3689
2783	3156
3763	3784
3764	3765
3764	3830
3764	3839
3764	3852
3764	3853
3114	3651
3765	3808
3766	3778
3766	3829
3766	3858
2984	3594
2984	3766
2783	2932
2814	2987
2814	3674
2814	2930
2814	3039
2814	3915
2783	3413
2836	3546
2836	3593
2836	3080
2836	2920
2836	3159
2836	3185
2836	3798
2836	3825
3767	3821
3768	3769
3768	3770
3768	3828
3769	3770
2783	3193
2783	3929
2990	3193
3770	3837
3770	3857
3193	3544
3193	3212
3193	3320
3193	3198
3193	3858
2992	3432
2995	3558
2995	3594
2995	3723
2995	3766
2995	3858
2995	3391
2994	3362
2783	3306
3098	3389
3389	3592
3389	3663
3389	3900
3228	3606
3228	3519
3228	3293
2783	3865
2783	3905
2783	3515
2783	3513
3322	3771
3322	3500
3322	3430
3322	3323
3771	3834
3771	3845
2997	3322
2997	3886
2869	3173
2869	3180
2869	3014
2783	3407
2800	3774
2800	3315
3774	3831
3774	3885
2783	3399
2783	2929
3775	3812
3363	3548
3363	3645
3363	3655
3363	3657
3363	3372
3363	3812
3776	3864
3776	3892
3776	3899
3529	3714
3529	3777
2783	3529
2783	3396
3778	3884
3779	3866
3779	3911
2783	3801
2783	3893
3102	3617
3102	3625
3102	3213
3102	3152
3102	3110
3102	3821
2783	3910
3780	3826
3185	3754
3185	3798
3185	3803
3185	3825
2783	3019
2783	3300
3781	3810
2783	3842
2783	3035
2783	3851
3417	3779
3417	3866
3782	3908
3782	3911
3058	3386
3058	3843
3127	3654
3127	3835
3127	3128
3127	3129
3212	3564
3212	3673
3212	3320
3212	3499
3212	3375
3785	3786
3785	3815
3006	3548
3007	3091
3027	3066
3027	3058
3286	3612
3286	3739
3286	3762
3786	3885
3386	3760
3035	3829
3035	3850
3035	3851
2783	3852
2850	3555
2850	2980
2850	3065
2850	2911
2850	3713
2850	3785
2850	3838
2783	3130
3790	3798
3009	3540
3009	3027
3152	3598
3152	3808
3152	3302
3152	3165
3152	3837
3017	3026
3017	3834
3792	3806
3792	3831
3024	3482
3024	3563
3024	3587
3024	3220
3024	3029
3024	3322
3024	3771
3024	3300
3024	3845
3024	3308
3020	3273
3020	3242
3020	3022
3020	3024
3020	3793
3020	3021
3020	3794
3020	3025
2783	3024
3018	3022
3018	3286
3019	3388
3019	3172
3019	3808
3019	3280
3019	3296
2783	3296
3100	3602
3300	3562
3300	3563
3300	3595
3300	3794
3300	3834
3300	3845
3300	3304
3021	3794
3021	3025
3025	3587
3025	3300
3025	3794
3025	3845
3025	3296
3025	3297
3025	3298
3025	3304
3025	3309
3023	3029
3023	3024
3018	3793
3096	3595
3096	3313
2840	3024
3028	3638
3157	3592
3157	3663
3157	3389
3157	3228
3157	3519
3030	3031
3030	3157
2783	3071
2783	3911
3032	3761
3032	3230
3032	3862
2783	3813
3094	3549
3094	3599
3094	3751
3094	3098
3094	3773
3094	3095
3392	3609
3392	3667
3392	3762
3392	3786
3795	3865
3796	3797
3000	3218
3000	3571
3000	3598
3000	3615
3000	3627
3000	3285
3000	3729
3000	3042
3000	3162
3000	3344
3000	3826
3038	3556
3798	3825
2783	3118
3349	3728
3349	3733
3349	3801
3349	3352
3040	3733
3040	3414
3799	3800
3800	3801
3039	3742
3351	3799
3351	3800
3351	3801
3351	3354
3802	3892
2783	3896
3350	3731
3350	3799
3350	3800
3350	3351
3350	3801
3413	3728
3413	3779
3413	3801
3413	3866
2972	2974
3042	3729
3042	3094
3110	3704
3110	3754
3110	3821
3110	3832
2997	3805
2997	3918
3805	3886
3805	3917
3805	3918
2783	3519
3113	3737
3113	3751
3113	3395
3230	3549
3230	3379
3230	3761
3230	3784
3230	3861
3230	3862
3044	3682
3044	3727
3044	3744
3052	3388
3052	3172
3052	3167
3052	3726
3052	3386
3052	3236
3052	3380
3806	3861
2783	3181
2783	3479
3808	3859
3809	3811
3182	3197
3047	3418
3238	3599
3238	3840
3050	3301
3283	3562
3283	3313
3283	3295
2783	3325
2783	3278
2783	3883
3053	3189
3053	3814
3055	3571
3057	3074
3057	3687
3320	3604
3320	3767
3320	3867
3061	3602
3130	3718
3130	3131
3130	3132
3302	3303
3302	3709
3302	3307
3059	3060
3059	3087
3335	3804
3335	3867
3335	3340
2901	2988
3016	3564
3016	3690
3016	3267
3016	3721
3016	3783
3016	3910
2962	3371
2887	3047
2887	3131
2887	3184
2887	3240
3162	3180
3069	3373
3069	3172
3071	3633
3072	3606
3072	3101
3072	3695
3073	3830
3133	3172
3133	3727
3817	3824
3075	3608
3075	3696
3075	3698
3075	3716
2783	3525
2783	3818
2783	3819
3525	3818
3525	3819
3525	3820
3818	3819
3818	3820
3819	3820
3165	3598
3165	3633
3165	3687
3165	3344
3165	3836
3077	3525
3077	3819
3078	3818
3078	3820
2824	3176
2824	3234
2824	3517
2783	3081
3822	3887
3324	3487
2788	3212
2788	3375
2783	3860
2783	3848
3085	3627
3085	3632
2783	3345
3823	3838
3823	3847
2783	3774
3344	3361
3344	3657
3344	3697
3344	3775
3344	3823
3344	3356
3344	3836
3356	3567
3356	3657
3356	3697
3356	3775
2783	3341
3396	3714
3396	3529
2999	3714
2999	3527
2999	3529
2999	3777
3088	3530
2783	3524
2783	3339
3095	3549
3095	3599
3095	3751
3095	3230
3205	3595
3205	3361
3205	3752
3205	3755
3205	3833
3097	3780
3097	3826
2791	3554
2791	3768
2791	3769
2791	2994
2791	3487
2967	3550
2967	3602
2967	3104
2967	3844
3828	3857
3829	3841
3829	3898
3401	3731
3401	3743
3401	3782
3401	3829
3401	3842
3401	3855
3401	3911
2783	3293
3519	3520
2783	3441
3830	3852
3830	3853
2940	3013
2940	3213
2940	3760
3831	3885
3106	3558
3106	3789
3360	3614
3360	3657
3360	3690
3360	3716
3360	3372
3360	3775
3360	3783
3360	3847
2903	3647
3112	3609
3112	3727
3118	3592
3118	3761
3118	3230
3118	3861
3118	3862
3116	3408
3116	3182
2783	3526
2783	2975
3483	3765
3483	3834
3483	3484
3834	3845
3834	3857
3119	3562
3119	3300
3119	3483
3119	3834
3121	3209
3121	3500
3121	3322
3121	3430
3123	3654
3123	3126
3123	3835
3122	3654
3122	3123
3126	3654
3126	3127
3126	3835
3126	3129
3124	3127
3124	3126
3125	3126
3125	3835
3170	3548
3170	3553
3170	3218
3170	3654
3170	3838
3170	3845
3128	3654
3129	3835
3132	3133
3503	3504
3503	3505
3399	3884
3137	3781
3137	3810
3280	3760
3280	3762
3280	3765
3280	3483
3280	3484
3225	3581
3225	3586
3225	3613
3225	3636
3225	3702
3225	3705
3225	3717
3225	3385
3225	3865
3225	3905
3225	3515
3225	3513
3225	3514
3140	3613
3140	3816
3837	3857
2783	3873
2783	3246
2783	3252
3146	3167
3150	3152
3839	3905
3841	3850
3841	3896
3841	3906
3842	3899
3842	3907
3842	3911
3843	3844
3166	3373
3166	3599
2949	3386
2949	3052
3169	3553
3169	3482
2783	3330
2783	3849
3425	3902
3425	3913
3425	3426
3425	3914
3524	3849
3339	3741
3339	3524
3339	3849
3339	3341
3341	3503
3341	3848
3341	3860
3341	3504
3341	3505
3851	3894
3851	3911
3851	3912
3048	3176
3139	3176
3139	3174
3139	3175
3139	3318
3139	3319
3139	3494
3139	3495
3139	3496
3139	3497
3139	3498
3139	3522
3181	3479
2783	3475
3852	3853
3184	3408
3854	3899
3501	3619
3501	3824
3501	3825
3188	3605
3188	3855
2783	3523
2783	3856
3306	3612
3306	3859
3195	3554
3195	3769
3196	3582
3196	3585
3196	3822
2783	3904
3198	3544
3200	3600
3200	3723
3202	3681
3202	3803
3202	3888
3202	3889
3202	3891
3859	3923
3203	3554
3203	3768
3207	3598
3207	3768
3207	3828
2783	3445
3861	3862
3863	3864
3864	3899
3215	3216
3215	3428
3217	3221
2783	3219
3217	3339
3222	3224
3222	3811
3365	3809
3365	3811
3223	3224
3223	3365
3865	3905
3226	3228
3226	3519
3226	3293
3293	3519
3293	3520
3411	3746
3411	3908
3411	3909
3229	3399
3231	3540
3232	3651
3232	3379
3232	3691
3866	3892
3233	3379
3235	3710
3237	3335
3237	3867
3239	3651
3240	3418
3296	3793
3296	3794
3296	3298
3868	3869
3868	3870
3868	3871
3868	3874
3868	3877
3869	3870
3869	3871
3869	3874
3869	3877
2783	3919
2783	3920
2783	3921
3870	3871
3870	3874
3870	3877
3871	3874
3871	3877
3244	3919
3244	3920
3244	3921
3246	3253
3246	3873
3246	3252
3246	3248
3246	3249
3246	3250
3246	3251
3252	3873
3245	3253
3245	3246
3247	3873
3247	3252
3248	3252
3249	3252
3250	3252
3251	3252
3254	3267
3254	3817
3512	3575
3512	3868
3512	3870
3512	3871
3512	3877
2783	3926
2783	3927
2783	3928
3874	3926
3874	3927
3874	3928
3256	3919
3256	3920
3256	3921
3257	3919
3257	3920
3257	3921
3258	3926
3258	3927
3258	3928
3259	3919
3259	3920
3259	3921
3875	3878
3468	3881
3261	3753
2783	3307
3262	3341
3262	3860
3511	3868
3511	3869
3511	3870
3511	3871
3511	3874
3511	3877
3262	3895
3264	3387
3265	3817
3266	3872
3325	3883
3268	3875
3268	3878
3879	3881
3269	3680
3269	3875
3269	3878
3880	3915
3445	3580
3445	3679
3445	3680
3445	3747
3445	3875
3445	3878
3445	3879
3445	3881
3433	3577
3433	3674
3433	3747
3433	3880
3433	3882
3433	3915
3271	3679
3271	3445
3271	3881
3277	3581
3277	3586
3278	3325
3278	3883
3278	3279
3278	3316
3282	3663
3282	3389
3284	3590
3284	3780
3292	3840
2960	3587
2960	3306
2816	3179
2816	3562
2816	3300
3061	3563
3297	3794
3298	3794
3299	3556
3304	3794
3305	3771
3305	3834
3308	3482
3308	3845
3309	3794
3311	3757
3311	3759
3430	3500
3312	3430
3279	3325
3884	3898
3316	3325
3316	3883
3499	3774
3499	3831
3499	3885
2929	3893
2929	3909
2929	3910
2783	3887
3886	3917
3886	3918
3321	3322
3321	3500
3321	3430
3323	3430
2972	3211
3326	3687
3327	3687
2783	3888
2783	3889
2783	3890
3888	3889
3888	3890
3888	3891
3889	3890
3889	3891
2783	3891
3890	3891
3332	3338
3332	3333
3334	3506
3336	3753
3340	3804
2783	3048
2783	2880
2783	3503
3346	3657
3346	3360
3347	3567
3347	3358
3358	3567
3358	3364
3348	3349
3348	3728
3348	3906
3352	3801
3353	3436
3353	3694
3353	3695
3354	3799
3893	3894
3893	3909
3893	3910
3894	3900
3894	3908
3404	3707
3404	3431
3404	3782
3404	3908
3262	3263
2901	3357
3896	3906
2783	3916
3364	3567
3898	3900
3898	3906
3376	3740
3376	3742
3376	3842
3376	3864
3376	3899
3376	3907
3899	3907
3407	3742
3416	3685
3416	3746
3416	3842
3416	3851
2933	3581
2933	3795
3367	3557
3367	3725
3368	3551
3368	3603
3368	3843
3901	3902
3901	3914
3369	3746
3369	3851
3369	3911
3369	3912
3902	3903
3902	3913
3902	3914
3903	3913
3903	3914
3904	3916
3515	3636
3515	3717
3515	3795
3515	3865
3515	3905
3378	3742
3378	3897
3380	3388
2936	2947
2936	3732
2936	3737
2936	3197
2964	3423
2964	3370
2964	3422
3381	3689
3382	3907
3513	3865
3513	3905
3513	3515
3390	3594
3390	3766
3391	3766
3391	3858
3183	3411
3183	3404
3183	3907
3183	3908
3183	3909
3183	3403
3395	3751
3908	3909
3909	3911
3397	3685
3397	3416
3204	3234
3406	3731
3406	3742
3406	3779
3406	3417
3406	3413
3406	3866
3406	3409
3402	3407
3409	3415
3409	3417
3409	3900
3409	3412
3400	3543
3400	3474
3911	3912
3405	3415
3405	3776
3405	3779
3405	3417
3405	3864
3405	3866
3405	3899
3405	3406
3403	3411
3412	3900
3420	3607
3420	3711
3422	3423
3424	3700
3424	3852
3913	3914
2783	3508
3426	3903
3219	3355
2783	3481
3916	3924
2783	3478
2783	3924
3480	3916
3480	3481
3481	3904
3481	3916
3481	3924
2827	2841
3429	3659
2997	3917
3434	3696
3434	3698
3919	3920
3919	3921
3919	3928
3920	3921
3920	3928
3921	3928
3438	3693
3469	3575
3469	3676
3469	3882
3469	3470
3443	3575
3443	3471
3446	3875
3446	3878
3447	3875
3447	3878
2783	3461
3452	3671
2783	2900
3451	3452
3451	3454
2900	3451
2900	3467
2900	3454
2900	3453
2900	3461
2900	3455
2900	3456
2900	3457
3454	3461
3453	3461
3461	3467
3461	3462
3461	3463
3461	3464
3461	3465
3455	3461
3456	3461
3457	3467
3457	3461
3458	3467
3458	3461
3459	3467
3459	3461
3460	3467
3460	3461
3462	3467
3463	3467
3464	3467
3465	3467
3138	3382
3466	3667
3470	3676
3476	3839
3476	3905
3477	3839
3477	3905
3478	3924
3484	3765
3485	3501
3486	3531
3486	3607
3489	3888
3489	3889
3489	3890
3489	3891
3490	3888
3490	3889
3490	3890
3490	3891
3491	3888
3491	3889
3491	3890
3491	3891
3492	3888
3492	3889
3492	3890
3492	3891
3493	3888
3493	3889
2997	3794
3502	3795
3502	3515
3210	3836
3507	3902
3507	3903
3507	3914
3926	3927
3926	3928
3927	3928
3509	3874
3509	3926
3509	3927
3509	3928
3510	3874
3510	3926
3510	3927
3510	3928
2972	3343
3514	3865
3516	3771
3528	3714
3528	3529
