4788	7027
4788	7373
4788	7398
4788	7410
4788	7425
4788	11255
4788	11389
4788	15058
4788	15373
4788	18155
4788	22301
4788	25402
4788	27795
4788	27796
4788	27797
4788	27798
4788	27799
4788	27800
4788	27801
4788	27802
4788	27803
4788	27806
4788	27807
4788	27808
4788	27809
4788	27810
4788	27813
4788	27814
4788	27817
4788	27820
4788	27825
4788	27827
7398	27806
7398	27807
7398	27808
7398	29907
7398	29908
11255	22301
18155	27817
27797	27798
27797	27799
27797	27800
27797	27801
27797	27802
27798	27799
27798	27800
27798	27801
27798	27802
27798	27820
27798	27827
27799	27800
27799	27801
27799	27802
27799	27820
27799	29954
27799	29955
27800	27801
27800	27802
27801	27802
27801	27820
27801	27827
27801	29954
27801	29955
27806	27807
27806	27808
27806	29907
27806	29908
27807	27808
27820	29954
27820	29955
29907	29908
29954	29955
