652	5184
652	5187
652	5197
652	5198
652	5203
652	5209
652	5211
652	5216
652	5224
652	5225
652	5226
652	5232
652	5239
652	5240
652	5243
652	5244
652	5245
652	5246
652	5247
652	5252
652	5257
652	5262
652	5263
652	5267
652	5271
652	5273
652	5277
652	5278
652	5284
652	5285
652	5286
652	5287
652	5288
5184	5216
5198	33650
5198	33651
5198	33652
5239	5240
5240	33237
5240	33238
5240	33239
5240	33240
5240	33241
5243	5244
5285	5286
33237	33238
33237	33239
33237	33240
33237	33241
33238	33239
33238	33240
33238	33241
33239	33240
33239	33241
33240	33241
33650	33651
33650	33652
33651	33652
