13186	33491
13203	33491
13203	33493
13203	33499
13203	35556
13203	35559
13203	35560
13203	35561
13203	35562
13203	35563
24156	24157
24156	24158
24156	24159
24156	24160
24156	33493
24156	33825
24156	35564
24157	24158
24157	24159
24157	24160
24157	33493
24157	33825
24157	35564
24158	24159
24158	24160
24159	24160
24159	33493
24159	33825
24159	35564
33491	33492
33491	33493
33491	33494
33491	33495
33491	33496
33491	33497
33491	33498
33491	33499
33493	33499
33493	33825
33493	35556
33493	35564
33495	33500
33496	33497
33496	33498
33497	33498
33499	35556
33499	35557
33499	35558
33825	35564
35557	35558
35559	35560
35559	35561
35560	35561
