0	95
1	12694
2	15393
3	15615
4	15619
5	15623
6	15626
7	15630
8	15632
9	15635
10	15638
11	15639
12	15640
13	15642
14	15643
15	15645
16	15649
17	15657
18	15659
19	15660
20	15662
21	15663
22	15668
23	15669
24	15670
25	15673
26	15674
27	15676
28	15677
29	15679
30	15683
31	15684
32	15686
33	15687
34	15690
35	15691
36	15696
37	15699
38	15701
39	15708
40	15709
41	15710
42	15714
43	15719
44	15721
45	15722
46	15723
47	15726
48	15729
49	15730
50	15731
51	15732
52	15733
53	15734
54	15735
55	15736
56	15737
57	15742
58	15743
59	15744
60	15749
61	15751
62	15752
63	15755
64	15756
65	15760
66	15763
67	15769
68	15770
69	15772
70	15773
71	15774
72	15775
73	15777
74	15778
75	15779
76	15780
77	15781
78	15785
79	15786
80	15787
81	15789
82	15790
83	15792
84	15793
85	15795
86	15796
87	15797
88	15798
89	15799
90	15800
91	15801
92	15802
93	15803
94	15804
95	15808
96	15809
97	15810
98	15811
99	15812
100	15814
101	15818
102	15819
103	15820
104	15821
105	15822
106	15824
107	15826
108	15827
109	15828
110	15833
111	15836
112	15837
113	15838
114	15839
115	15394
116	15395
117	15396
118	15397
119	15559
120	29749
