19460	19976
19460	19991
19460	30286
19460	30287
19460	30288
19460	30290
19460	30291
19460	30292
19460	30293
19460	30294
19460	30295
19976	20018
19991	20014
19991	30269
19991	30270
19991	30286
19991	30287
19991	30288
19991	30289
20013	20014
20014	30276
20014	30277
20014	30282
20014	30283
20014	30296
20014	30297
30269	30270
30276	30277
30276	30282
30276	30283
30276	30296
30276	30297
30282	30283
30282	30296
30286	30287
30286	30288
30287	30288
30287	30289
30288	30289
30290	30291
30290	30292
30290	30293
30290	30294
30290	30295
30291	30292
30291	30293
30291	30294
30291	30295
30292	30293
30292	30294
30292	30295
30293	30294
30293	30295
30294	30295
