219	1042
220	18073
221	18076
222	18079
223	18089
224	18090
225	18095
226	18097
227	18110
228	18126
229	18131
230	18137
231	18139
232	18140
233	18141
234	18142
235	18145
236	18146
237	18159
238	18162
239	18169
240	18170
241	18171
242	18175
243	18179
244	18180
245	18184
246	18186
247	18188
248	18189
249	18192
250	18196
251	18198
252	18201
253	18202
254	18205
255	18206
256	18207
257	18212
258	18217
259	18235
260	18248
261	18250
262	18255
263	18262
264	18265
265	18268
266	18270
267	18275
268	18280
269	18283
270	18294
271	18301
272	18306
273	18313
274	18314
275	18315
276	18317
277	18318
278	18321
279	18322
280	18325
281	18326
282	18329
283	18334
284	18339
285	18340
286	18346
287	18347
288	18348
289	18349
290	18350
291	18357
292	18359
293	18361
294	18362
295	18363
296	18365
297	18368
298	18377
299	18381
