1042	18073
1042	18076
1042	18079
1042	18089
1042	18090
1042	18095
1042	18097
1042	18110
1042	18126
1042	18131
1042	18137
1042	18139
1042	18140
1042	18141
1042	18142
1042	18145
1042	18146
1042	18159
1042	18162
1042	18169
1042	18170
1042	18171
1042	18175
1042	18179
1042	18180
1042	18184
1042	18186
1042	18188
1042	18189
1042	18192
1042	18196
1042	18198
1042	18201
1042	18202
1042	18205
1042	18206
1042	18207
1042	18212
1042	18217
1042	18235
1042	18248
1042	18250
1042	18255
1042	18262
1042	18265
1042	18268
1042	18270
1042	18275
1042	18280
1042	18283
1042	18294
1042	18301
1042	18306
1042	18313
1042	18314
1042	18315
1042	18317
1042	18318
1042	18321
1042	18322
1042	18325
1042	18326
1042	18329
1042	18334
1042	18339
1042	18340
1042	18346
1042	18347
1042	18348
1042	18349
1042	18350
1042	18357
1042	18359
1042	18361
1042	18362
1042	18363
1042	18365
1042	18368
1042	18377
1042	18381
18089	18090
18126	18137
18126	18169
18126	18170
18137	18169
18137	18170
18169	18170
18201	18250
