609	3816
609	5982
609	14868
609	14869
609	14871
609	14874
609	14875
609	14879
609	14880
609	14887
609	14888
609	14893
609	14894
609	14895
609	14896
609	14902
609	14906
609	14907
609	14908
609	14912
609	14913
609	14914
609	14916
609	14918
609	14920
609	14925
609	14927
609	14928
609	14931
609	14934
609	14935
609	14936
609	14940
609	14941
609	14943
609	14944
609	14945
609	14949
609	14950
609	14951
609	14952
609	14957
609	14959
609	14961
609	14962
609	14963
609	14966
609	14975
609	14978
609	14985
609	14989
609	14990
609	14991
609	14992
609	14993
609	14994
609	14996
609	15002
609	15003
609	15004
609	15010
609	15011
609	15013
609	15015
609	15016
609	15021
609	15022
609	15024
609	15025
609	15026
609	15027
609	15028
609	15029
609	15033
609	15034
609	15036
609	15038
609	15044
609	15046
609	15047
609	15048
609	15049
609	15050
609	15055
609	15056
609	15066
609	15068
609	15069
609	15070
609	15071
609	15075
609	15078
609	15080
609	15082
609	15084
609	15089
609	15092
609	15093
609	15098
609	15099
609	15102
609	15103
609	15107
609	15109
609	15111
609	15112
609	15113
609	15114
609	15121
609	15123
609	15124
609	15125
609	15126
609	15128
14869	14874
14869	15050
14875	14990
14875	14991
14875	14992
14875	14993
14875	15055
14875	32743
14875	32744
14879	15002
14879	15103
14879	32796
14879	32797
14879	32798
14879	32799
14880	14944
14880	14945
14888	32782
14888	32783
14888	32784
14913	14992
14913	15055
14913	15056
14913	15078
14913	32744
14913	32792
14913	32793
14936	14949
14936	14950
14944	14945
14949	14950
14959	15099
14961	14962
14962	15093
14990	14991
14990	14992
14990	14993
14991	14992
14991	14993
14992	14993
14992	15055
14992	15078
15002	15027
15002	15028
15002	32796
15002	32797
15002	32798
15002	32799
15013	31384
15013	31385
15021	15022
15027	15028
15055	15056
15055	15078
15055	32743
15055	32744
15055	32792
15055	32793
15068	15069
15068	15070
15069	15070
15113	15114
31384	31385
32743	32744
32744	32792
32744	32793
32782	32783
32782	32784
32783	32784
32792	32793
32796	32797
32796	32798
32796	32799
32797	32798
32797	32799
32798	32799
