11098	11119
11098	11602
11119	11292
11119	13194
11119	13259
11119	13285
11119	13291
11119	14077
13194	13285
13194	13298
13291	14159
13291	14193
13291	24069
13291	34189
13291	35494
13291	35495
13291	35496
13291	36417
13291	36418
13291	36419
13291	36420
13291	36421
14193	36421
35494	35495
35494	35496
35495	35496
35496	36572
35496	36573
36572	36573
36572	36586
36572	36587
36572	36588
36572	36589
36572	36590
36572	36591
36572	36592
36573	36586
36573	36587
36573	36592
36586	36587
36586	36588
36586	36589
36586	36590
36586	36591
36587	36588
36587	36589
36588	36589
36590	36591
