1	824
2	17855
3	17858
4	17861
5	17871
6	17872
7	17877
8	17879
9	17892
10	17908
11	17913
12	17919
13	17921
14	17922
15	17923
16	17924
17	17927
18	17928
19	17941
20	17944
21	17951
22	17952
23	17953
24	17957
25	17961
26	17962
27	17966
28	17968
29	17970
30	17971
31	17974
32	17978
33	17980
34	17983
35	17984
36	17987
37	17988
38	17989
39	17994
40	17999
41	18017
42	18030
43	18032
44	18037
45	18044
46	18047
47	18050
48	18052
49	18057
50	18062
51	18065
52	18076
53	18083
54	18088
55	18095
56	18096
57	18097
58	18099
59	18100
60	18103
61	18104
62	18107
63	18108
64	18111
65	18116
66	18121
67	18122
68	18128
69	18129
70	18130
71	18131
72	18132
73	18139
74	18141
75	18143
76	18144
77	18145
78	18147
79	18150
80	18159
81	18163
