824	17855
824	17858
824	17861
824	17871
824	17872
824	17877
824	17879
824	17892
824	17908
824	17913
824	17919
824	17921
824	17922
824	17923
824	17924
824	17927
824	17928
824	17941
824	17944
824	17951
824	17952
824	17953
824	17957
824	17961
824	17962
824	17966
824	17968
824	17970
824	17971
824	17974
824	17978
824	17980
824	17983
824	17984
824	17987
824	17988
824	17989
824	17994
824	17999
824	18017
824	18030
824	18032
824	18037
824	18044
824	18047
824	18050
824	18052
824	18057
824	18062
824	18065
824	18076
824	18083
824	18088
824	18095
824	18096
824	18097
824	18099
824	18100
824	18103
824	18104
824	18107
824	18108
824	18111
824	18116
824	18121
824	18122
824	18128
824	18129
824	18130
824	18131
824	18132
824	18139
824	18141
824	18143
824	18144
824	18145
824	18147
824	18150
824	18159
824	18163
17871	17872
17908	17919
17908	17951
17908	17952
17919	17951
17919	17952
17951	17952
17983	18032
