4101	11146
4101	12372
4101	14321
4101	14322
4101	14323
4101	14324
4101	14325
4101	14326
4101	14327
4101	14328
4101	14329
4101	14331
4101	14332
4101	14333
4101	14334
4101	14335
4101	14336
4101	14339
4101	14340
4101	14341
4101	14343
4101	14345
4101	14347
4101	14348
4101	14353
4101	14354
4101	14356
4101	14357
4101	14358
11146	25075
11146	25095
14321	24917
14324	14325
14324	25244
14332	14333
14332	14334
14332	14353
14332	14354
14333	14334
14333	14353
14333	14354
14339	19013
14339	34949
14339	34950
14339	34951
14339	34952
14339	34953
14347	14348
14353	14354
34949	34950
34949	34951
34949	34952
34949	34953
34950	34951
34950	34952
34950	34953
34951	34952
34951	34953
