1337	4981
1338	19147
1339	24620
1340	25497
1341	25499
1342	25500
1343	25501
1344	25506
1345	25511
1346	25512
1347	25513
1348	30069
1349	30070
1350	30071
1351	33485
1352	33514
1353	33486
1354	33487
1355	33488
1356	33489
1357	33490
1358	33491
1359	33492
1360	33493
1361	33494
1362	33495
1363	33496
1364	33497
1365	33498
1366	33499
1367	33500
1368	33501
1369	33502
1370	33503
1371	33504
1372	33505
1373	33506
1374	33507
1375	33508
1376	33509
1377	33510
1378	33511
1379	33512
1380	33513
1381	33515
1382	33516
1383	33517
1384	33518
1385	33519
1386	33520
1387	33521
1388	33522
1389	33523
1390	33524
1391	33525
1392	33526
1393	33527
1394	33528
1395	33529
1396	33530
1397	33531
1398	33532
1399	33547
