4981	19147
4981	24620
4981	25497
4981	25499
4981	25500
4981	25501
4981	25506
4981	25511
4981	25512
4981	25513
24620	30069
24620	30070
24620	30071
25500	25501
25500	33485
25500	33514
25501	33485
25511	25512
25511	25513
25512	25513
25512	33485
30069	30070
30069	30071
30070	30071
33485	33486
33485	33487
33485	33488
33485	33489
33485	33490
33485	33491
33485	33492
33485	33493
33485	33494
33485	33495
33485	33496
33485	33497
33485	33498
33485	33499
33485	33500
33485	33501
33485	33502
33485	33503
33485	33504
33485	33505
33485	33506
33485	33507
33485	33508
33485	33509
33485	33510
33485	33511
33485	33512
33485	33513
33485	33514
33485	33515
33485	33516
33485	33517
33485	33518
33485	33519
33485	33520
33485	33521
33485	33522
33485	33523
33485	33524
33485	33525
33485	33526
33485	33527
33485	33528
33485	33529
33485	33530
33485	33531
33485	33532
33490	33510
33491	33505
33491	33518
33493	33494
33511	33547
33526	33531
