66	156
67	9116
68	11533
69	11534
70	11535
71	11536
72	11539
73	11541
74	11542
75	11543
76	11544
77	11545
78	11547
79	11548
80	11549
81	11550
82	11551
83	11552
84	11554
85	11555
86	11556
87	11557
88	11559
89	11560
90	11562
91	11564
92	11565
93	11567
94	11568
95	11573
96	11574
97	11576
98	11578
99	11579
100	11580
101	11581
102	11582
103	11583
104	11584
105	11585
106	11586
107	11587
108	11588
109	11589
110	11592
111	11594
112	11595
113	11596
114	11597
115	11598
116	11599
117	11600
118	11601
119	11602
120	11603
121	11605
122	11607
123	11610
124	11611
125	11612
126	11614
127	11615
128	11617
129	11618
130	11619
131	11620
132	11621
133	11622
134	11623
135	11624
136	11626
137	11627
138	11629
139	11630
140	11631
141	11632
142	11633
143	11634
144	11635
145	11639
146	11643
147	28830
148	28831
149	28832
150	28777
151	28774
152	28775
153	28776
154	28784
