12580	22377
12603	22377
12603	22885
19113	22377
19113	32561
22351	22377
22377	25432
22377	27170
22377	27173
22377	27175
22377	27176
22377	27177
22377	31946
22377	36479
22377	43812
22377	44327
22377	45073
22377	45973
22377	45974
22377	45975
22377	45976
22377	45977
22377	45978
22377	45979
22377	45980
22377	45981
22377	45982
22377	45983
22377	45984
27170	27175
27173	27175
27175	27176
27177	27178
27177	27205
27177	27206
27177	27207
27177	45975
27177	45976
27177	45977
27205	27206
27205	27207
27206	27207
43806	43807
43807	43808
43807	43809
43807	43810
43807	43811
43807	43812
43808	43809
43808	43810
43808	43811
43809	43810
43809	43811
43809	43813
43809	43814
43809	43815
43809	43816
43810	43811
43813	43814
43813	43815
43813	43816
43814	43815
43814	43816
43815	43816
45973	45974
45975	45976
45975	45977
45976	45977
