2389	8107
2389	14891
2389	14892
2389	14894
2389	14895
2389	14896
2389	14897
2389	14898
2389	14900
2389	14903
2389	14904
2389	14908
2389	14910
2389	14911
2389	14912
2389	14913
2389	14914
2389	14915
2389	14916
2389	14920
2389	14925
2389	14928
2389	14929
2389	14930
2389	14934
2389	14939
2389	14940
2389	14942
2389	14943
2389	14946
2389	14947
2389	14948
2389	14949
2389	14952
2389	14955
2389	14956
2389	14957
2389	14958
2389	14960
2389	14961
2389	14962
2389	14963
2389	14965
2389	14966
2389	14968
2389	14969
2389	14970
2389	14971
2389	14972
2389	14974
2389	14975
2389	14976
2389	14977
2389	14978
2389	14979
2389	14980
2389	14981
2389	14983
2389	14984
2389	14985
2389	14986
2389	14987
2389	14989
2389	14991
2389	14996
2389	14997
2389	14998
2389	14999
2389	15000
2389	15001
2389	15003
2389	15005
2389	15006
2389	15008
2389	15009
2389	15011
2389	15012
2389	15014
2389	15015
2389	15016
2389	15022
2389	15024
2389	15025
14920	15015
14920	15016
14934	14947
14934	14968
14947	14968
14970	14997
14970	14998
14991	35054
14991	35055
14991	35056
14997	14998
15015	15016
35054	35055
35054	35056
35055	35056
