149354
8
10
6
2
56
2
10
0
4
30
8
82
32
6
6
0
56
172
0
0
40
8
20
10
60
0
0
58
0
52
132
0
14
0
14
166
102
4
74
80
2
0
40
54
0
70
0
2
6
146
0
0
74
0
0
0
18
0
0
16
28
4
8
2
80
12
8
2
20
2
10
6
2
4
0
2
0
0
28
0
0
50
8
58
18
4
50
2
2
2
0
24
24
10
76
60
2
62
0
32
220
0
18
92
18
0
4
144
18
2
20
98
4
0
72
12
156
2
14
132
0
0
82
8
12
4
2
2
2
12
6
0
16
14
4
22
2
26
2
116
24
2
0
2
0
0
42
58
6
0
0
0
38
0
0
0
2
4
12
14
0
0
0
2
22
0
12
6
4
0
4
0
2
2
0
0
0
2
0
2
0
2
2
0
216
6
0
0
8
26
12
0
0
2
0
38
0
0
16
4
2
36
0
0
0
0
8
2
54
2
0
6
2
128
30
38
4
30
0
0
0
0
4
0
2
40
0
0
0
8
0
0
0
0
4
2
2
4
4
0
20
22
16
0
62
0
0
40
2
0
2
0
22
0
6
224
40
38
0
0
2
0
0
20
0
0
0
0
0
90
6
4
6
12
0
6
2
8
34
0
0
6
6
0
0
20
0
0
0
0
0
0
2
14
4
2
6
2
4
32
32
0
6
6
4
0
2
6
2
2
108
0
2
0
0
0
2
0
2
0
0
18
34
0
0
18
0
6
2
0
2
2
0
4
2
2
0
0
2
0
0
2
2
2
22
10
2
12
2
16
0
16
0
0
0
12
6
58
20
28
6
6
0
0
0
0
0
0
0
0
0
0
0
0
0
0
0
0
0
0
0
0
0
0
0
0
0
0
0
0
0
0
0
0
0
0
0
0
0
0
0
0
0
0
0
0
0
0
0
0
0
0
0
0
0
0
0
0
0
0
0
0
0
0
0
0
0
0
0
0
0
0
0
0
0
0
0
0
0
0
0
0
0
0
0
0
0
0
0
0
0
0
0
0
0
0
0
0
0
0
0
0
0
0
