654	687
654	750
654	690
654	933
654	844
654	704
654	671
654	769
654	749
654	762
654	774
654	910
654	868
654	955
654	675
654	758
654	719
654	837
654	863
654	694
654	771
654	697
654	1002
654	659
654	899
654	802
654	698
654	682
654	918
654	707
654	738
654	897
654	685
687	690
687	837
687	1021
687	773
687	1025
687	1030
687	893
687	757
687	785
687	822
687	784
687	693
687	688
654	1019
654	664
654	1020
654	1021
654	773
654	695
654	1051
1019	1041
1019	1088
1019	1089
664	687
664	773
664	695
664	1025
664	1027
664	748
664	802
664	741
664	725
664	702
664	739
664	918
664	772
664	1086
664	1096
664	778
664	734
664	735
675	687
675	690
675	837
675	773
675	736
675	702
675	918
675	895
675	683
675	792
675	734
675	735
675	804
675	829
654	677
654	1041
654	788
654	1057
654	772
654	1060
654	785
654	896
690	1019
690	837
690	704
690	773
690	802
690	977
690	856
690	870
690	749
690	693
654	1025
654	1026
654	1031
654	1050
654	949
654	1064
654	828
654	657
654	848
654	893
654	1076
654	655
654	964
1020	1028
1020	1029
1020	1040
1020	1056
1020	1067
1020	1069
1020	1083
1020	1098
654	909
654	668
654	822
654	953
837	1025
837	893
837	1037
837	918
837	863
837	949
837	1067
837	895
837	1070
654	751
654	1032
654	1046
654	985
654	853
654	1066
654	1068
654	693
654	780
654	656
654	678
654	711
654	1028
654	861
654	666
654	891
654	973
654	1058
654	971
654	1072
654	1073
654	1074
654	1075
654	1077
654	1078
654	1000
654	717
654	997
654	783
654	850
654	733
654	1044
654	854
654	834
654	1012
654	825
694	1020
694	933
694	1024
694	751
694	848
694	739
694	1033
694	733
694	853
694	1069
694	823
694	895
694	752
694	706
694	1090
694	1098
694	924
694	935
694	942
694	943
694	944
654	739
654	679
654	1059
654	895
654	1071
1021	1041
1021	1051
1021	1068
1021	1088
933	1024
933	953
933	1069
933	1092
933	1098
933	947
933	934
933	935
844	1021
844	1023
844	1033
844	1045
844	854
844	1064
844	896
844	1088
704	933
704	802
704	959
704	749
704	774
704	776
704	841
704	842
654	977
654	1090
654	1047
654	823
654	819
654	1086
654	1093
654	736
654	796
654	702
654	700
654	728
654	1048
654	889
654	911
654	902
654	754
654	1079
773	1024
773	1035
773	918
773	856
773	1057
773	1061
773	911
773	907
773	895
773	909
773	804
773	805
654	730
654	1024
654	752
695	773
695	1026
695	796
695	1028
695	869
695	1031
695	702
695	1002
695	836
695	827
695	1050
695	698
695	707
695	763
695	772
695	1059
695	911
695	902
695	813
695	1071
695	1072
695	1073
695	1080
695	1003
695	696
654	741
654	877
654	870
1022	1028
1022	1036
1022	1043
1022	1045
1022	1047
1022	1059
1022	1067
1022	1072
1022	1089
1022	1090
1022	1091
1022	1092
1022	1093
654	1022
654	1036
654	1037
654	827
654	1045
654	832
654	689
654	737
654	781
654	879
654	1087
654	1089
654	1092
654	1101
654	884
654	814
654	1033
654	663
654	667
654	1040
654	660
654	840
654	715
654	787
654	907
655	664
655	675
655	933
655	773
655	695
655	736
655	796
655	1029
655	848
655	716
655	725
655	702
655	700
655	1002
655	821
655	1040
655	724
655	723
655	1048
655	772
655	1059
655	715
655	754
655	940
655	1015
655	813
655	717
655	1081
655	718
655	720
655	814
655	1105
654	1023
654	869
654	836
654	1034
654	763
654	1067
654	1080
654	1003
654	867
654	1039
654	1042
654	1053
654	1054
654	1063
654	793
654	988
654	766
654	1030
654	951
654	1062
654	948
654	1070
654	722
654	940
654	1015
654	813
654	1081
654	1082
654	1105
654	1106
654	1111
678	861
678	1031
678	767
678	1036
678	867
678	747
678	889
678	1053
678	714
678	781
678	964
678	896
678	1101
678	830
654	892
654	1088
654	782
654	747
654	1065
654	764
654	794
654	880
654	792
654	958
654	818
654	757
654	777
654	703
654	761
654	784
654	1056
654	1085
654	779
654	740
1023	1033
1023	1036
1023	1037
1023	1040
1023	1041
1023	1047
1023	1049
1023	1069
730	1020
730	933
730	751
730	739
730	767
730	794
730	1043
730	884
730	853
730	1069
730	895
730	752
730	1011
730	1092
730	1098
730	906
654	748
654	1049
654	765
1024	1029
1024	1033
1024	1035
1024	1041
1024	1042
1024	1057
1024	1063
703	1030
703	1031
703	891
703	1037
703	918
703	763
703	764
703	825
703	784
703	1056
703	951
703	1059
703	1062
703	714
703	1064
703	964
703	828
703	899
703	948
703	779
656	687
656	664
656	690
656	773
656	748
656	1030
656	697
656	739
656	891
656	973
656	1059
656	902
656	971
656	749
656	1071
656	1074
656	1075
656	1003
656	1090
656	912
656	729
711	1023
711	1025
711	748
711	802
711	848
711	783
711	1030
711	1031
711	893
711	891
711	733
711	867
711	1041
711	822
711	1050
711	825
711	1056
711	712
711	713
711	787
711	1094
1025	1030
1025	1031
1025	1057
1025	1062
1025	1064
1025	1069
1025	1077
1025	1078
1025	1087
654	790
654	801
1026	1028
1026	1042
1026	1050
1026	1051
1026	1059
1026	1063
1026	1071
1026	1077
1026	1080
1026	1085
1026	1099
1027	1044
1027	1053
1027	1054
1027	1055
1027	1057
1027	1100
748	1027
748	802
748	1037
748	821
748	785
748	763
748	765
748	949
748	764
748	1053
748	784
748	1057
748	1058
748	953
748	759
748	1012
748	779
748	1086
748	1110
748	909
748	873
748	874
748	875
654	990
654	856
654	1069
654	1099
657	690
657	773
657	695
657	748
657	848
657	869
657	1002
657	836
657	893
657	668
657	850
657	1037
657	977
657	918
657	949
657	1054
657	784
657	902
657	1063
657	870
657	823
657	693
657	860
802	1019
802	861
802	869
802	822
802	896
802	1085
654	996
654	821
654	791
654	724
654	759
654	718
658	1083
658	1084
658	1096
658	746
658	1104
658	1105
658	744
658	986
658	1107
658	1112
658	798
658	799
658	1115
658	800
654	778
654	915
654	959
736	1020
736	933
736	796
736	751
736	739
736	821
736	1040
736	889
736	754
736	1011
736	1082
736	814
736	843
736	1095
736	1097
736	753
654	1094
654	1001
654	950
654	1116
654	1043
654	1061
654	1029
654	716
654	721
654	1100
796	933
796	1059
796	1015
796	1081
796	1082
1028	1031
1028	1036
1028	1037
1028	1059
1028	1067
1028	1070
1028	1071
1028	1077
1028	1090
1028	1100
654	807
654	1095
1029	1040
1029	1061
1029	1095
654	725
751	1020
751	1025
751	796
751	1033
751	853
751	1069
751	895
751	752
751	1092
751	1098
751	924
751	947
751	1013
848	1021
848	1024
848	1026
848	893
848	1041
848	973
848	1048
848	1051
848	918
848	1053
848	853
848	870
848	897
848	1082
654	767
654	983
654	720
654	661
654	726
654	1035
716	730
716	1024
716	736
716	796
716	739
716	821
716	726
716	723
716	1048
716	854
716	825
716	754
716	940
716	1015
716	813
716	1081
716	718
716	752
716	1011
716	814
716	906
716	945
783	1021
783	844
783	1028
783	848
783	893
783	850
783	854
783	1051
783	911
783	853
783	834
783	1074
783	1075
783	1077
783	1088
783	1089
783	787
783	1094
654	871
654	692
654	669
861	1030
861	1032
861	1035
861	1036
861	1038
861	892
861	862
654	1038
654	1083
654	1091
1030	1031
1030	1037
1030	1047
1030	1056
1030	1064
1030	1072
1030	1074
1030	1087
1030	1099
666	1019
666	1021
666	802
666	869
666	893
666	850
666	1042
666	977
666	856
666	907
666	714
666	877
666	897
666	823
666	680
666	1072
666	1073
666	1076
666	1077
666	1078
666	1099
666	909
666	797
666	842
869	1019
869	1022
869	1023
869	893
869	1036
869	877
869	880
869	964
869	879
869	872
869	885
1031	1037
1031	1050
1031	1059
1031	1062
1031	1064
1031	1072
1031	1073
1031	1077
1031	1078
1031	1091
741	1000
741	918
741	763
741	1054
741	870
741	1012
741	746
741	996
741	742
725	869
725	739
725	1079
725	1096
725	1097
725	988
725	1001
725	777
725	778
725	872
725	1103
725	1105
725	1107
725	1112
725	1114
725	998
725	1115
725	1117
702	736
702	796
702	1029
702	728
702	790
702	715
702	754
702	834
702	813
702	717
702	1079
702	1081
702	720
702	1011
702	1082
702	787
702	1096
654	872
697	1023
697	1025
697	1027
697	748
697	1031
697	893
697	739
697	891
697	1037
697	794
697	791
697	698
697	707
697	763
697	949
697	784
697	953
697	714
697	769
697	870
697	1012
697	948
697	729
697	740
700	730
700	1024
700	796
700	1029
700	751
700	702
700	724
700	754
700	940
700	853
700	793
700	718
700	720
700	1011
700	1098
700	756
700	1118
700	939
1002	1026
1002	1028
1002	1050
1002	1051
1002	1059
1002	1071
1002	1072
1002	1080
1002	1003
1002	1085
1002	1090
836	837
836	1026
836	848
836	869
836	1002
836	1041
836	1042
836	1048
836	1050
836	977
836	949
836	902
836	870
836	971
836	1067
836	1085
836	1086
836	909
836	905
836	1010
893	1021
893	1033
893	1041
893	959
893	953
893	1064
893	971
893	897
893	894
739	1020
739	933
739	773
739	1024
739	848
739	1031
739	1033
739	1041
739	822
739	765
739	949
739	764
739	759
739	940
1032	1033
1032	1039
1032	1043
1032	1046
1032	1065
891	1025
891	1028
891	1030
891	1031
891	1037
891	1038
891	1043
891	973
891	1050
891	949
891	1056
891	1057
891	1062
891	1064
891	1067
891	964
891	1072
891	1074
891	1077
891	1078
891	896
891	899
891	1089
668	1019
668	773
668	1027
668	848
668	1035
668	867
668	676
668	1041
668	840
668	1044
668	1053
668	1055
668	911
668	915
668	983
668	834
668	1067
668	781
668	1003
668	792
668	909
668	855
728	773
728	730
728	1024
728	1026
728	796
728	848
728	739
728	1035
728	867
728	821
728	1042
728	757
728	791
728	1063
728	754
728	940
728	853
728	807
728	895
728	1095
850	1019
850	1021
850	861
850	1030
850	1002
850	893
850	977
850	856
850	1058
850	853
850	1064
850	1066
850	897
850	1067
850	1072
850	1073
850	1076
850	896
850	1099
850	909
1033	1037
1033	1041
1033	1056
1033	1064
1033	1073
1033	1082
1033	1088
1033	1095
677	1019
677	933
677	1023
677	1024
677	1027
677	848
677	739
677	850
677	867
677	1040
677	1041
677	785
677	840
677	822
677	854
677	788
677	1057
677	772
677	985
677	853
677	1067
677	1100
654	1011
1034	1036
1034	1039
1034	1043
1034	1066
1034	1101
654	755
767	1027
767	827
767	884
767	1045
767	892
767	951
767	911
767	962
767	983
767	1065
767	1100
767	1101
767	1102
1035	1039
1035	1041
1035	1042
1035	1043
1035	1044
1035	1102
1036	1037
1036	1039
1036	1040
1036	1042
1036	1044
1036	1047
1036	1049
1036	1100
1036	1101
1037	1049
1037	1056
1037	1062
1037	1070
1037	1073
1037	1089
654	962
733	1021
733	933
733	1022
733	1023
733	1025
733	783
733	1031
733	739
733	1036
733	1037
733	1040
733	973
733	840
733	1049
733	977
733	863
733	1056
733	782
733	853
733	737
733	870
733	781
733	1069
733	1070
733	1078
733	752
733	1094
663	773
663	1024
663	848
663	1035
663	990
663	676
663	665
663	1043
663	669
663	958
663	840
663	707
663	788
663	1060
663	1061
663	911
663	1063
663	834
663	870
663	1088
663	872
663	957
663	960
663	970
654	714
654	1103
661	730
661	1029
661	1034
661	692
661	821
661	1040
661	794
661	757
661	726
661	669
661	662
661	889
661	985
661	718
661	1101
654	843
654	993
871	1034
871	1038
871	1045
871	1048
871	1066
871	880
871	1081
871	1100
871	1102
871	993
871	921
654	746
692	1027
692	1034
692	1035
692	1036
692	871
692	821
692	1040
692	794
692	757
692	726
692	983
692	793
692	1066
692	845
692	843
692	988
692	746
692	993
692	921
654	672
654	912
654	1110
867	893
867	871
867	1038
867	990
867	1045
867	892
867	1048
867	880
867	1079
867	1011
867	993
654	676
654	1102
990	1035
990	1055
990	1058
990	1061
990	1063
990	1093
990	993
654	986
654	845
1039	1042
1039	1043
1039	1044
1039	1053
1039	1063
1039	1066
1039	1079
1039	1101
1039	1102
676	1023
676	728
676	767
676	1035
676	1036
676	1039
676	821
676	1041
676	1042
676	726
676	791
676	1044
676	1045
676	1049
676	889
676	1063
676	834
676	964
676	843
676	909
676	820
667	1024
667	668
667	728
667	1035
667	733
667	867
667	1039
667	676
667	1042
667	958
667	791
667	790
667	1053
667	788
667	911
667	834
667	762
654	684
821	1020
821	1028
821	1029
821	1036
821	871
821	1039
821	827
821	1040
821	889
821	825
821	985
821	843
821	993
827	1022
827	1030
827	891
827	1034
827	867
827	1038
827	1039
827	1040
827	1043
827	884
827	1045
827	892
827	832
827	1015
827	828
827	1089
827	1090
827	1091
827	919
1040	1044
1040	1047
1040	1049
1040	1067
1040	1100
654	723
1041	1042
1041	1053
1041	1057
1041	1063
665	1035
665	990
665	676
665	1042
665	1043
665	958
665	884
665	1044
665	856
665	1054
665	761
665	825
665	1057
665	911
665	907
665	962
665	1015
665	1068
665	823
665	819
665	845
665	1093
665	1100
665	993
654	665
660	1024
660	711
660	1033
660	1035
660	663
660	990
660	667
660	1042
660	958
660	840
660	791
660	790
660	911
660	1093
660	1094
660	997
1042	1044
1042	1053
1042	1054
1042	1060
1042	1063
654	1055
654	1027
679	1020
679	730
679	1024
679	1029
679	751
679	702
679	700
679	728
679	1033
679	1055
679	1060
679	1063
679	752
679	1095
679	684
679	1098
679	731
679	789
747	861
747	827
747	794
747	892
747	889
747	782
747	1065
747	793
747	880
747	988
747	786
747	831
747	919
747	984
794	861
794	1032
794	871
794	1038
794	827
794	1043
794	1015
794	851
794	852
1043	1044
1043	1066
1043	1068
654	1052
757	871
757	867
757	821
757	794
757	1045
757	856
757	1061
757	985
757	793
757	1015
757	813
757	823
757	1081
757	843
757	1083
757	792
757	993
757	812
726	1020
726	1029
726	1034
726	767
726	1035
726	1039
726	821
726	827
726	1040
726	794
726	1043
726	757
726	834
726	843
726	988
726	872
726	1110
785	891
785	1036
785	973
785	1047
785	1057
785	1059
785	971
785	1067
785	1075
785	828
785	1087
785	1089
785	1100
669	1022
669	861
669	677
669	1035
669	871
669	692
669	867
669	1039
669	676
669	827
669	1041
669	747
669	757
669	958
669	1044
669	722
669	985
669	834
669	1015
669	1066
669	807
669	1068
669	988
669	746
669	993
669	786
669	846
669	923
958	1021
958	1024
958	1035
958	990
958	1042
958	1043
958	1048
958	1055
958	1060
958	1061
958	1063
958	1094
958	1095
958	960
958	970
973	1022
973	1037
973	990
973	1049
973	1056
973	1058
973	1059
973	1061
973	1071
973	1072
973	1073
973	1074
973	1075
973	1076
973	1077
973	1078
973	1003
973	1089
973	986
973	1111
884	893
884	1037
884	1039
884	1049
884	951
884	962
884	983
884	1089
884	997
884	1101
884	887
884	952
884	956
840	1019
840	1021
840	1023
840	848
840	1032
840	850
840	1033
840	958
840	854
840	1053
840	953
840	1095
840	997
791	1023
791	1024
791	1026
791	1033
791	1036
791	1039
791	821
791	1042
791	1049
791	1060
791	911
791	985
791	1063
791	834
791	819
791	964
791	1076
791	1095
791	1099
791	909
791	833
1044	1053
1044	1054
1044	1058
1044	1093
1044	1102
1044	1110
1044	1111
654	1098
654	924
1045	1046
1045	1067
1045	1080
1045	1091
1045	1101
654	1013
654	989
1000	1076
1000	1084
1000	1097
1000	1001
1000	1103
1000	1105
1000	1107
1000	1108
1000	1110
1000	1111
1000	1113
1000	1117
892	1030
892	1049
892	983
892	1065
892	1101
724	1029
724	728
724	1052
724	754
724	940
724	755
1046	1068
1046	1086
1046	1092
723	724
723	889
723	1052
723	940
723	1011
723	945
1047	1062
1047	1067
1047	1069
1047	1070
1047	1086
1047	1087
1047	1095
1047	1099
722	773
722	796
722	728
722	850
722	757
722	884
722	983
722	985
722	754
722	793
722	1015
722	1066
722	1068
722	813
722	1081
722	1082
722	814
722	1083
722	1102
1048	1081
1048	1082
1049	1100
1049	1101
1049	1113
822	844
822	861
822	893
822	1032
822	1051
822	949
822	959
822	953
822	896
822	1080
822	1086
822	864
822	865
822	866
1050	1071
1050	1080
1050	1085
662	726
832	1022
832	1035
832	1036
832	871
832	1043
832	973
832	1045
832	1046
832	1047
832	853
832	1066
832	1079
832	1091
832	1093
832	986
832	1108
889	1029
889	1040
889	1068
889	1011
889	1102
889	1110
889	1111
889	984
889	992
790	1024
790	791
790	1055
790	1060
790	1063
790	813
698	836
698	750
698	918
698	769
698	897
698	1012
698	1003
698	1093
698	849
977	1021
977	1063
977	978
977	979
682	695
682	703
682	1026
682	802
682	1028
682	1031
682	741
682	1002
682	836
682	891
682	1050
682	918
682	707
682	856
682	763
682	902
682	1080
682	1085
682	968
682	1017
854	856
854	1064
854	899
854	1087
854	1088
854	1092
854	1094
1051	1059
1051	1080
1051	1085
1051	1090
750	1021
750	844
750	850
750	854
750	856
750	769
750	896
750	858
750	859
750	860
918	1026
918	1002
918	1041
918	1050
918	1051
918	1071
918	1080
918	1003
918	1085
671	711
671	1026
671	802
671	848
671	1002
671	822
671	1050
671	682
671	918
671	707
671	763
671	772
671	897
671	1080
671	1094
671	900
707	773
707	1026
707	1027
707	748
707	848
707	741
707	1002
707	836
707	1050
707	918
707	772
707	902
707	870
707	897
707	1080
707	1085
707	903
707	1017
856	1100
856	1101
856	1102
856	1111
856	857
856	858
738	965
863	1023
863	1037
863	1041
863	1070
863	967
763	1025
763	1026
763	1030
763	1031
763	836
763	893
763	891
763	1037
763	990
763	958
763	765
763	949
763	764
763	1054
763	825
763	784
763	951
763	1059
763	959
763	1061
763	911
763	1062
763	915
763	818
763	953
763	1064
763	948
763	779
763	1086
763	1089
763	894
763	905
763	1010
765	893
765	1044
765	1000
765	822
765	1057
765	1058
765	959
765	1061
765	911
765	915
765	818
765	953
765	948
765	865
765	1016
949	1025
949	1030
949	1031
949	1044
949	1053
949	1056
949	1057
949	953
949	1064
949	964
949	1086
949	954
764	1020
764	773
764	1025
764	1027
764	1030
764	1031
764	891
764	1037
764	990
764	785
764	1044
764	765
764	949
764	825
764	784
764	1056
764	1057
764	951
764	911
764	962
764	818
764	801
764	1064
764	1065
764	948
764	941
1053	1054
1053	1057
1053	1076
1053	1086
1053	1099
1053	1100
1054	1058
1054	1093
1054	1100
761	891
761	1037
761	765
761	764
761	1057
761	1058
761	951
761	959
761	1061
761	1062
761	915
761	953
761	1064
761	896
761	948
761	1093
825	933
825	1025
825	1028
825	1030
825	891
825	1033
825	1036
825	958
825	840
825	1048
825	1056
825	951
825	953
825	985
825	1064
825	1067
825	895
825	828
825	948
825	1087
825	1095
825	1110
825	922
825	981
1055	1060
1055	1063
1055	1099
788	1024
788	1035
788	1039
788	1041
788	958
788	790
788	1055
788	1057
788	1060
788	911
788	1063
788	834
654	954
784	1025
784	1030
784	1031
784	836
784	891
784	1037
784	1044
784	949
784	1054
784	1056
784	1057
784	1062
784	953
784	1086
784	1087
784	787
1056	1062
1056	1078
1056	1089
1057	1060
1057	1064
1057	1067
1057	1086
772	773
772	1026
772	1028
772	848
772	1002
772	836
772	1035
772	973
772	791
772	1048
772	977
772	1051
772	1059
772	907
772	902
772	801
772	870
772	971
772	897
772	1076
772	1077
772	1099
772	909
772	803
1058	1059
1058	1061
1058	1067
1058	1071
1058	1072
1058	1076
1058	1099
951	1031
951	1036
951	1037
951	962
951	1062
951	953
951	1089
951	1095
951	1100
951	952
951	956
951	961
951	963
1059	1067
1059	1071
1059	1077
1059	1080
1059	1085
1059	1090
1059	1099
1060	1063
1060	1099
959	1054
959	1055
959	1056
959	1058
959	1061
959	1065
959	1093
959	1099
959	965
959	966
1061	1072
1061	1073
1061	1076
1061	1093
911	1027
911	958
911	1055
911	1058
911	959
911	1061
911	915
911	1072
911	1073
911	1093
911	1106
911	914
907	1054
907	1058
907	1061
907	911
907	915
907	1072
907	1073
907	909
962	1037
962	1065
962	1095
962	1100
962	1101
962	963
1062	1064
1062	1078
1062	1087
1062	1089
915	1053
915	1054
915	1058
915	1061
915	1076
782	1028
782	891
782	1037
782	785
782	973
782	949
782	1056
782	1064
782	971
782	1067
782	1075
782	1078
782	828
782	1087
782	1089
782	974
818	1025
818	1027
818	1032
818	1033
818	958
818	840
818	1047
818	825
818	1056
818	951
818	959
818	953
818	819
818	879
818	1082
818	899
818	1087
818	1088
818	1095
818	1099
818	916
902	1026
902	1028
902	1002
902	1050
902	1051
902	1059
902	1071
902	1080
902	1003
902	1085
902	1090
902	903
654	658
654	1104
715	736
715	796
715	716
715	794
715	757
715	791
715	722
715	1048
715	889
715	983
715	754
715	940
715	1065
715	1015
715	1081
715	718
715	720
715	1011
715	1082
715	843
715	755
715	1083
715	721
715	997
715	1102
715	744
953	1037
953	1042
953	959
953	1086
953	1095
983	1029
983	1038
983	1015
983	1101
983	1102
714	1027
714	748
714	836
714	893
714	891
714	1037
714	763
714	949
714	764
714	761
714	907
714	1062
714	759
714	1086
714	740
759	1027
759	1031
759	893
759	763
759	765
759	949
759	764
759	761
759	784
759	1056
759	962
759	953
759	1065
759	1086
759	1100
801	1026
801	1030
801	891
801	1037
801	827
801	1056
801	1059
801	971
801	823
801	828
801	896
801	1095
801	904
985	1022
985	1024
985	1036
985	1041
985	1043
985	1045
985	1066
985	1067
985	1081
1063	1099
754	1024
754	796
754	757
754	1048
754	907
754	1015
754	813
754	1081
754	1082
754	814
754	1083
754	787
754	997
940	1024
940	1081
940	1011
940	997
654	947
853	1020
853	1021
853	933
853	1024
853	893
853	1046
853	1067
853	1069
853	895
853	879
853	1098
1064	1078
1064	1086
1064	1099
769	1019
769	1025
769	848
769	1041
769	918
769	856
769	1064
769	897
769	779
769	815
769	1004
769	1005
769	1006
769	1007
769	1008
769	1009
654	1084
654	744
834	1021
834	848
834	867
834	1041
834	1042
834	958
834	840
834	854
834	1053
689	1023
689	796
689	869
689	1037
689	892
689	877
689	964
689	879
689	872
689	883
689	885
654	1113
793	871
793	867
793	1038
793	892
793	1049
793	856
793	983
793	1083
793	988
793	1102
793	1105
793	993
737	1020
737	1021
737	1022
737	783
737	1033
737	840
737	854
737	1056
737	818
737	807
737	1067
737	1088
737	1092
737	787
737	1094
1015	1048
1015	1081
1015	1082
877	1045
877	1065
877	896
877	879
877	881
877	882
877	883
877	886
870	1021
870	949
870	1065
870	1015
870	877
870	909
870	881
870	882
870	975
870	976
870	978
971	1026
971	1028
971	973
971	1059
971	1067
971	1071
971	1072
971	1074
971	1075
971	1077
971	1080
971	1003
971	1089
971	1090
971	1092
670	1021
670	783
670	807
1066	1068
1066	1083
1066	1102
659	1019
659	1021
659	844
659	1023
659	783
659	668
659	867
659	1041
659	854
659	825
659	818
659	953
659	801
659	853
659	737
659	1015
659	819
659	896
659	705
659	1088
659	712
654	1097
807	844
807	1026
807	1027
807	850
807	1033
807	1035
807	867
807	1042
807	958
807	1053
807	825
807	985
807	834
807	1066
807	1069
807	845
807	1013
807	1101
807	1102
807	1111
807	993
807	808
807	809
807	810
807	811
807	839
897	1021
897	1026
897	1002
897	1051
897	918
897	1059
897	902
897	1080
897	1085
897	898
1067	1068
1067	1069
1067	1070
1067	1077
1067	1080
1067	1086
1067	1087
1067	1092
1067	1099
672	1045
672	1101
672	809
672	810
673	733
673	1069
674	1021
674	783
1068	1083
1068	1111
813	1033
813	871
813	1041
813	1048
813	1081
813	1082
813	814
781	891
781	785
781	973
781	1049
781	819
781	964
781	1089
781	1100
781	1101
1069	1070
1069	1087
1069	1090
1069	1092
823	933
823	1022
823	1027
823	850
823	1035
823	1036
823	871
823	867
823	990
823	958
823	832
823	825
823	1060
823	1063
823	1064
823	1076
823	828
823	1086
823	1087
823	1093
823	1099
823	993
823	917
895	1020
895	933
895	1033
895	1041
895	1069
895	1095
895	1098
895	924
895	947
895	944
819	1029
819	893
819	821
819	1041
819	840
819	1047
819	825
819	1057
819	951
819	962
819	953
819	823
819	1093
819	1095
819	1099
819	824
819	826
819	876
819	917
654	1108
680	850
749	837
749	773
749	785
749	856
749	915
749	1077
749	779
749	815
749	913
749	1018
771	943
771	994
880	1032
880	1036
880	884
880	1049
880	1065
880	964
880	1110
880	979
880	980
964	1023
964	1025
964	1026
964	1028
964	1030
964	1031
964	1036
964	1047
964	1049
964	1062
964	985
964	1064
964	1069
964	1070
964	1086
964	1099
1070	1072
1070	1073
1070	1074
1070	1077
681	1023
681	1036
681	964
654	1096
654	1114
654	1117
1071	1072
1071	1073
1071	1074
1071	1075
1071	1077
1071	1090
683	910
693	837
693	773
693	749
693	896
693	1086
693	913
693	1018
686	802
686	899
1072	1073
1072	1074
1072	1075
1072	1076
1072	1077
1072	1078
1073	1074
1073	1075
1073	1077
1073	1078
1074	1075
1074	1077
1074	1078
1075	1077
1075	1078
1075	1089
1075	1090
1076	1099
1076	1113
1077	1078
1077	1087
1077	1089
1077	1090
1078	1089
1012	1023
1012	1025
828	1030
828	1036
828	1037
828	871
828	958
828	973
828	1047
828	1062
828	953
828	1064
828	834
828	1087
828	1094
828	1095
688	1025
896	933
896	1030
896	1037
896	977
896	918
896	897
896	899
896	904
717	773
717	736
717	796
717	725
717	1033
717	821
717	724
717	722
717	1048
717	801
717	754
717	1015
717	880
717	718
717	720
717	1082
717	814
717	997
717	924
717	947
1079	1091
1079	1096
1079	1103
1079	1105
1079	1106
1079	1108
691	856
691	704
758	934
758	942
758	968
758	969
1080	1085
1080	1090
1003	1026
1003	1028
1003	1050
1003	1059
1003	1071
1003	1074
1003	1075
1003	1077
1003	1080
1003	1085
1003	1090
696	1026
696	1050
879	1022
879	1036
879	884
879	892
879	1065
879	880
1081	1082
1081	1083
718	1029
718	728
718	821
718	724
718	723
718	722
718	1048
718	754
718	940
718	1081
718	939
720	736
720	796
720	767
720	757
720	724
720	983
720	754
720	1015
720	813
720	1082
720	721
720	753
699	724
699	717
845	1027
845	889
845	1066
845	1068
845	1102
752	1020
752	1021
752	933
752	1025
752	796
752	1033
752	867
752	791
752	853
752	1069
752	895
752	896
752	1011
752	1095
752	1098
752	924
752	947
752	1013
752	849
752	936
752	937
752	938
1011	1020
1011	1029
701	725
701	718
701	777
814	1048
814	983
814	1015
814	1081
814	1082
843	1020
843	1029
843	871
843	1040
843	1043
843	880
843	845
843	1102
843	1110
843	1111
843	993
843	991
755	1081
755	1011
755	756
755	859
1083	1104
1083	1105
1083	1112
1083	1115
1084	1096
1084	1097
1084	1106
1084	1109
899	1030
899	1031
899	1033
899	1037
899	1088
948	1032
948	949
948	1054
948	1057
948	1058
948	951
948	959
948	1061
948	962
948	1064
948	1015
948	1093
948	1099
948	1100
779	1025
779	1037
779	1047
779	784
779	1056
779	1062
779	1064
779	1067
779	1073
779	948
779	1086
779	1087
779	1089
1086	1087
1086	1092
1086	1099
1087	1092
1087	1099
654	925
705	899
706	758
1088	1092
1088	1094
1089	1101
1090	1092
654	1107
1091	1097
1091	1103
1091	1108
780	1022
780	1032
780	891
780	785
780	973
780	1046
780	832
780	782
780	971
780	1067
780	879
780	1086
780	1089
780	1092
780	868
1092	1094
708	1022
708	1045
709	1022
709	827
710	1022
710	1045
713	869
787	1021
787	1033
787	958
787	840
787	854
787	818
787	953
787	1064
787	1067
787	899
787	948
787	1088
787	1090
787	1092
787	1094
787	920
1095	1099
721	871
721	724
721	722
721	983
721	754
721	1081
721	814
721	1083
721	948
721	997
721	792
721	1100
997	1020
997	1029
997	1033
997	1082
997	1083
1096	1103
1096	1106
1096	1107
1096	1108
1096	1112
1096	1113
1096	1114
654	998
1097	1103
1097	1107
1097	1108
1097	1109
1097	1110
1097	1113
654	1118
654	1014
988	1032
988	1084
988	1091
988	1001
988	989
1001	1079
1001	1084
1001	1096
1001	1097
654	1112
654	1115
777	869
777	1000
777	1079
777	1084
777	1096
777	1097
777	988
777	1001
777	778
777	1103
777	1104
777	989
777	1108
777	1109
777	1112
777	1113
777	1115
777	1116
777	987
778	1000
778	897
778	1084
778	1091
778	1096
778	1097
778	988
778	1001
778	1103
778	950
778	986
778	1108
778	1109
778	1114
778	998
778	1116
778	1117
727	765
727	754
762	990
762	1065
762	1011
762	948
762	846
792	861
792	1032
792	794
792	793
792	877
792	880
792	896
792	879
792	1105
792	851
792	852
792	862
912	1039
912	921
729	739
872	877
872	880
872	879
872	886
774	1020
774	947
684	1020
684	694
684	730
684	1025
684	751
684	739
684	1033
684	737
684	895
684	752
684	774
684	924
684	947
684	775
684	937
924	1020
924	1033
924	1095
924	1098
924	947
924	1013
947	1020
947	1033
947	1069
947	1092
947	1098
1013	1020
731	1020
732	1020
732	895
740	1027
740	748
740	893
740	1037
740	884
740	822
740	856
740	763
740	765
740	949
740	764
740	1054
740	1056
740	951
740	962
740	953
740	759
740	948
740	873
740	874
740	890
654	1109
654	999
1101	1102
1102	1111
1103	1108
1103	1109
1103	1110
1103	1113
1103	1114
1103	1116
1103	1117
746	1032
746	1034
746	1035
746	871
746	793
746	1068
746	1079
746	1084
746	1091
746	1096
746	988
746	1001
746	1105
746	1106
746	989
1104	1105
1104	1107
1104	1112
1104	1115
766	1021
766	1042
766	1083
766	948
766	1088
766	997
910	969
910	980
868	1071
868	1072
868	1073
868	1074
868	994
685	783
685	1032
685	733
685	840
685	854
685	818
685	807
685	879
685	899
685	1088
685	1092
685	787
685	1094
996	1044
996	1079
996	1096
996	1097
996	1106
996	1113
742	1000
1105	1106
1105	1107
1105	1110
1105	1111
1105	1112
1105	1115
950	1000
950	1049
950	1079
950	1084
950	1091
950	1096
950	1097
950	988
950	1001
950	1103
950	996
950	1106
950	986
950	1107
950	1108
950	1109
950	1110
950	1113
950	998
950	1116
950	1117
950	982
744	1079
744	1083
744	1091
744	1096
744	1097
744	988
744	777
744	1104
744	1105
744	950
744	1106
744	989
744	986
744	1107
744	1110
744	1112
744	1115
743	1103
743	1116
743	1117
743	746
1106	1110
1106	1111
989	1034
989	1079
989	1091
989	1097
989	1001
989	996
989	1105
989	1113
745	827
745	832
986	1034
986	1044
986	1000
986	1084
986	1091
986	1097
986	1101
986	996
986	1106
986	989
986	993
986	1113
1107	1109
1107	1112
1107	1113
1107	1115
1108	1109
1108	1112
1108	1113
1108	1114
1108	1116
1108	1117
1109	1112
1109	1114
1109	1115
1109	1116
1109	1117
1110	1111
909	1027
909	1029
909	1000
909	1053
909	1061
909	1076
909	1084
909	1096
909	1099
909	1113
753	754
993	1034
993	1043
993	1044
993	1066
993	1101
993	1102
993	1106
993	1111
760	767
760	962
768	825
768	828
770	819
770	1095
775	933
775	955
1112	1115
776	802
1113	1116
1114	1116
1114	1117
998	1079
998	1096
998	1097
998	1001
998	1103
998	1107
998	1108
998	1112
998	1114
998	1115
998	1116
998	1117
998	999
789	1060
795	983
795	801
797	850
797	1099
798	1104
798	1112
798	1115
799	1104
799	1107
800	1104
803	848
804	918
805	1057
805	911
806	1026
806	861
806	1030
808	856
811	1053
812	871
816	1047
816	818
817	1047
817	818
820	843
824	1093
826	1093
829	918
830	863
830	964
831	861
833	834
835	844
835	910
838	1025
838	1031
841	899
847	1030
847	1031
847	891
855	911
857	1102
860	977
864	953
865	893
865	959
865	953
866	953
954	1025
875	1027
876	962
878	884
878	879
881	1065
887	1049
888	949
888	1057
890	949
898	1002
898	918
900	977
901	1002
901	902
908	1061
908	915
914	1061
916	953
1116	1117
920	948
921	1038
922	1033
923	1044
925	1052
925	1118
925	926
925	927
925	928
925	929
925	930
925	931
925	932
926	1118
927	1118
928	1118
929	1118
930	1118
931	1118
932	1118
936	1011
938	947
939	940
941	1057
946	1092
946	947
957	958
961	962
965	1061
966	1061
967	1046
972	1067
972	1077
974	1089
975	977
976	977
981	1110
982	1097
982	1109
987	988
991	1102
992	1102
995	1084
995	1097
999	1097
999	1109
999	1112
999	1115
1004	1012
1005	1012
1006	1012
1007	1012
1008	1012
1009	1012
1016	1061
