0	7721
1	20085
2	20086
3	20087
4	20088
5	20089
6	20090
7	20091
8	20092
9	20093
10	20094
11	20095
12	20096
13	20097
14	20098
15	20099
16	20100
17	20101
18	20102
19	20103
20	20104
21	20105
22	20106
23	20107
24	20108
25	20109
26	20110
27	20111
28	20112
29	20113
30	20114
31	20115
32	20116
33	20117
34	20118
35	20119
36	20120
37	20121
38	20122
39	20123
40	20124
41	20125
42	20126
43	20127
44	20128
45	20129
46	20130
47	20131
48	20132
49	20133
50	20134
51	20135
52	20136
53	20137
54	20138
55	20139
56	20140
57	20141
58	20142
59	20143
60	20144
61	20145
62	20146
63	20147
64	20148
65	20149
66	20150
67	20151
68	20152
69	20153
70	20154
71	20155
72	20156
73	20157
74	20158
75	20159
76	20160
77	20161
78	20162
79	20163
80	20164
81	20165
82	20166
83	20167
84	20168
85	20169
86	20170
87	20171
88	20172
89	20173
90	20174
91	20175
92	20176
93	20177
94	20178
95	20179
96	20180
97	20181
98	20182
99	20183
100	22892
101	22893
102	22894
103	22895
104	22896
105	23229
