598	1142
599	6522
600	8097
601	13583
602	13586
603	13587
604	13588
605	13590
606	13593
607	13594
608	13595
609	13596
610	13597
611	13599
612	13603
613	13606
614	13608
615	13609
616	13610
617	13612
618	13616
619	13618
620	13619
621	13620
622	13624
623	13625
624	13626
625	13627
626	13636
627	13637
628	13638
629	13643
630	13646
631	13647
632	13650
633	13651
634	13652
635	13655
636	13656
637	13657
638	13660
639	13661
640	13664
641	13666
642	13669
643	13671
644	13672
645	13674
646	13675
647	13680
648	13681
649	13682
650	13683
651	13684
652	13685
653	13686
654	13687
655	13688
656	13693
657	13694
658	13695
659	13696
660	25083
661	25084
662	25085
663	25086
