12631	13444
12631	22451
12631	22479
12631	22754
12631	22755
12631	27026
12631	27027
12631	27028
12631	27029
12631	27030
12631	27031
12631	27032
12631	27033
12631	27034
12631	27035
13444	13445
13444	13454
13444	27026
13444	27031
22451	23496
22451	23507
22451	23516
22451	27082
22451	27083
22451	27084
22451	27085
22451	27086
22451	27087
22451	27088
22451	27089
22451	27090
22451	27091
22451	27092
22451	27093
22451	27094
22451	27095
22451	27096
22451	27097
22451	27098
22451	27099
22451	27100
22451	27101
22479	22494
22754	22755
22755	27033
22755	27034
22755	27035
23496	23507
23496	23516
23496	27088
23496	27091
23496	27092
23496	27093
23496	27094
23496	27095
23496	27096
23496	27097
23496	27098
23496	27099
23496	27101
23496	27410
23507	27088
23516	27092
23516	27097
23516	27101
23516	27410
27026	27027
27026	27028
27026	27029
27026	27030
27026	27031
27026	27032
27027	27028
27027	27029
27027	27032
27029	27030
27033	27034
27033	27035
27034	27035
27082	27083
27082	27084
27082	27085
27082	27086
27082	27087
27083	27084
27083	27089
27084	27089
27085	27086
27085	27087
27085	27089
27085	27090
27086	27087
27086	27100
27087	27100
27088	27092
27088	27096
27088	27098
27089	27090
27091	27092
27091	27093
27091	27094
27091	27095
27092	27093
27092	27094
27092	27095
27092	27096
27092	27098
27093	27094
27093	27095
27094	27095
27096	27098
27097	27410
27098	27099
