655	2519
656	2520
657	11579
658	11580
659	12742
660	12743
661	12745
662	12749
663	12750
664	12752
665	12754
666	12755
667	12756
668	12757
669	12763
670	12765
671	12766
672	12767
673	12768
674	12769
675	12770
676	12773
677	12774
678	12775
679	12777
680	12778
681	12780
682	12782
683	12783
684	12784
685	12785
686	12787
687	12788
688	12791
689	12792
690	12793
691	12795
692	12797
693	12798
694	12801
695	12802
696	12806
697	12807
698	12809
699	12810
700	12811
701	12812
702	12814
703	12815
704	12818
705	12819
706	12820
707	12821
708	12822
709	12823
710	12824
711	12825
712	12826
713	12827
714	12828
715	12829
716	12831
717	12832
718	12833
719	12834
720	12835
721	12836
722	12837
723	12839
724	12840
725	12841
726	12842
727	12844
728	17654
729	24801
730	29993
731	26036
732	29990
