2519	2520
2519	11579
2519	11580
2519	12742
2519	12743
2519	12745
2519	12749
2519	12750
2519	12752
2519	12754
2519	12755
2519	12756
2519	12757
2519	12763
2519	12765
2519	12766
2519	12767
2519	12768
2519	12769
2519	12770
2519	12773
2519	12774
2519	12775
2519	12777
2519	12778
2519	12780
2519	12782
2519	12783
2519	12784
2519	12785
2519	12787
2519	12788
2519	12791
2519	12792
2519	12793
2519	12795
2519	12797
2519	12798
2519	12801
2519	12802
2519	12806
2519	12807
2519	12809
2519	12810
2519	12811
2519	12812
2519	12814
2519	12815
2519	12818
2519	12819
2519	12820
2519	12821
2519	12822
2519	12823
2519	12824
2519	12825
2519	12826
2519	12827
2519	12828
2519	12829
2519	12831
2519	12832
2519	12833
2519	12834
2519	12835
2519	12836
2519	12837
2519	12839
2519	12840
2519	12841
2519	12842
2519	12844
11579	11580
12763	17654
12766	17654
12769	24801
12777	29993
12787	12788
12822	12823
12822	12824
12823	12824
12828	26036
12831	12832
12831	12833
12832	12833
12840	29990
