2508	4202
2508	4303
2508	17098
2508	17099
2508	17100
2508	17101
2508	17102
2508	17103
2508	17104
2508	17108
2508	17115
2508	17117
2508	17119
2508	17123
2508	17125
2508	17127
2508	17128
2508	17131
2508	17132
2508	17134
2508	17135
2508	17136
2508	17137
2508	17138
2508	17139
2508	17140
2508	17142
2508	17145
2508	17146
2508	17147
2508	17153
2508	17154
2508	17155
2508	17156
2508	17157
2508	17162
2508	17164
2508	17167
2508	17168
2508	17170
2508	17171
2508	17172
2508	17177
2508	17179
2508	17180
2508	17181
4303	17099
4303	17100
4303	17101
4303	17102
17099	17100
17099	17101
17099	17102
17100	17101
17100	17102
17101	17102
17135	17136
17171	17172
