4668	16103
4669	27384
4670	30046
4671	30809
4672	30814
4673	39515
4674	39516
4675	39517
4676	39518
4677	39519
4678	39520
4679	39521
4680	39522
4681	39523
4682	39524
4683	39525
4684	39527
4685	39528
4686	39529
4687	39530
4688	39531
4689	39532
4690	39533
4691	39534
4692	39535
4693	39536
4694	39537
4695	39538
4696	39539
4697	39540
4698	39541
4699	39542
4700	39543
4701	39544
4702	39545
4703	39546
4704	39547
4705	39548
4706	39549
4707	39550
4708	39551
4709	39552
4710	39553
4711	39554
4712	39555
4713	39556
4714	39557
4715	39558
4716	39559
4717	39560
4718	39561
4719	39562
4720	39563
4721	39564
4722	39565
4723	39566
4724	39567
4725	39568
