8312	9882
8312	34616
8312	34617
8312	34618
8312	34619
8312	34620
8312	34621
8312	34622
8312	34623
8312	34624
8312	34625
8312	34626
8312	34627
8312	34628
8312	34629
8312	34630
8312	34631
8312	34632
8312	34633
8312	34634
8312	34635
8312	34636
8312	34638
8312	34639
8312	34640
8312	34641
8312	34642
8312	34643
8312	34644
8312	34646
8312	34647
8312	34648
8312	34649
8312	34651
8312	34652
8312	34653
8312	34654
8312	34655
8312	34656
8312	34659
8312	34660
34621	34627
34621	34649
34639	34640
34641	34651
34641	36951
34653	34654
34653	34655
34654	34655
