34588	34589
34588	34590
34588	34591
34588	34592
34588	34593
34588	34594
34588	34595
34589	34590
34589	34591
34589	34592
34589	34593
34589	34594
34589	34595
34590	34591
34590	34592
34590	34593
34590	34594
34590	34595
34591	34592
34591	34593
34591	34594
34591	34595
34592	34593
34592	34594
34592	34595
34592	34596
34592	34597
34592	34598
34592	34599
34593	34594
34593	34595
34594	34595
34594	34596
34594	34597
34594	34598
34596	34597
34596	34598
34596	34599
34596	34600
34596	34601
34596	34602
34596	34603
34597	34598
34597	34599
34597	34600
34597	34601
34597	34602
34597	34603
34598	34599
34598	34600
34598	34601
34598	34602
34598	34603
34599	34601
34599	34602
34599	34603
34601	34602
34601	34603
34602	34603
