1257	2427
1258	10304
1259	10310
1260	10407
1261	10408
1262	10450
1263	10889
1264	10900
1265	10901
1266	10902
1267	10907
1268	10908
1269	10909
1270	10910
1271	10916
1272	10917
1273	10921
1274	10923
1275	10925
1276	10927
1277	10928
1278	10930
1279	10931
1280	10932
1281	10933
1282	10934
1283	10938
1284	10939
1285	10943
1286	10947
1287	10948
1288	10951
1289	10954
1290	10956
1291	10957
1292	10960
1293	10964
1294	10965
1295	10967
1296	10968
1297	10969
1298	10970
1299	10974
1300	10975
1301	10976
1302	10979
1303	10980
1304	10982
1305	10985
1306	10987
1307	10988
1308	10989
1309	10990
1310	10994
1311	10995
