8264	26968
8275	26968
8281	26968
8354	26968
8360	26968
19257	26968
19305	26968
19328	26968
19329	26968
26112	26968
26968	37961
26968	37964
26968	38031
26968	38040
26968	38074
26968	38075
26968	38076
26968	38078
26968	38079
26968	38080
26968	38081
26968	38082
26968	38083
26968	38084
26968	38085
26968	38086
26968	38087
26968	38088
26968	38089
26968	38090
26968	38091
26968	38092
26968	38093
26968	38094
26968	38095
26968	38096
26968	38097
26968	38098
26968	38099
26968	38100
26968	38101
26968	38102
26968	38103
26968	38104
26968	38106
26968	38107
26968	38108
26968	38109
26968	38110
26968	38111
26968	38112
26968	38113
26968	38114
26968	38115
26968	38116
26968	38117
26968	38118
26968	38119
26968	38120
26968	38121
26968	38122
26968	38123
26968	38124
