596	15657
596	15671
596	21608
596	22667
596	22668
596	22669
596	22672
596	22673
596	22674
596	22675
596	22681
596	22682
596	22683
596	22684
596	22685
596	22686
596	22687
596	22692
596	22693
596	22695
596	22696
596	22699
596	22700
596	22701
596	22702
596	22704
596	22707
596	22708
596	22710
596	22711
596	22712
596	22713
596	22714
596	22715
596	22719
596	22724
596	22725
596	22726
596	22727
596	22729
596	22730
596	22733
596	22736
596	22739
596	22741
596	22742
596	22743
596	22744
596	22745
596	22746
596	22747
596	22748
596	22750
596	22753
596	22755
596	22756
596	22757
596	22761
596	22763
596	22764
596	22765
596	22766
596	22767
596	22771
596	22772
596	22773
596	22774
596	22775
596	22776
596	22778
596	22779
596	22780
596	22781
596	22782
596	22783
596	22784
596	22786
596	22787
596	22788
596	22789
596	22790
596	22791
596	22794
596	22795
596	22796
22667	22668
22674	22675
22675	22700
22686	22687
22686	27515
22692	22693
22724	22725
22724	22726
22724	22782
22724	22783
22725	22726
22725	22782
22725	22783
22726	22782
22726	22783
22742	22743
22742	22744
22743	22744
22745	22746
22745	22747
22746	22747
22757	22790
22764	22765
22764	22766
22764	22767
22765	22766
22765	22767
22766	22767
22771	27522
22771	27523
22771	27524
22771	27525
22771	27526
22771	27527
22771	27528
22782	22783
22791	27543
27515	27516
27515	27517
27515	27518
27515	27519
27515	27520
27522	27523
27522	27524
27522	27525
27522	27526
27522	27527
27522	27528
27523	27524
27523	27525
27523	27526
27523	27527
27523	27528
27524	27525
27524	27526
27524	27527
27524	27528
27525	27526
27525	27527
27525	27528
27526	27527
27526	27528
27527	27528
