7774	19652
7774	20189
7774	24328
7774	24826
7774	29275
7774	29307
7774	30877
7774	30878
7774	30879
7774	30880
7774	30881
7774	30882
7774	30883
7774	30884
7774	30885
7774	30886
7774	30887
7774	30888
7774	30889
7774	30891
7774	30892
7774	30893
7774	30894
7774	30895
7774	30897
7774	30898
24328	31963
29305	29306
29305	29307
29306	29307
30877	31963
30877	31964
30878	30879
30879	31963
30879	31966
30881	30882
30886	31976
30887	30888
30893	30894
30893	31963
31963	31964
31963	31965
31963	31966
31964	31965
31976	37022
