1892	22121
1892	22128
1892	22129
1892	22130
1892	22136
1892	22143
1892	22152
1892	22154
1892	22163
1892	22164
1892	22169
1892	22174
1892	22175
1892	22178
1892	22179
1892	22184
1892	22185
1892	22188
1892	22192
1892	22193
1892	22194
1892	22195
1892	22196
1892	22197
1892	22203
1892	22208
1892	22211
1892	22212
1892	22213
1892	22214
1892	22215
1892	22220
1892	22221
1892	22222
1892	22223
1892	22225
1892	22226
1892	22227
1892	22228
22129	22130
22164	22220
22164	29155
22164	29156
22164	29157
22164	29158
22192	22193
22192	22194
22192	22195
22192	29159
22193	22194
22193	22195
22193	29159
22194	22195
22194	29159
22195	29159
22208	22212
22208	22213
22212	22213
22226	22227
29155	29156
29155	29157
29155	29158
29156	29157
29156	29158
29157	29158
