219	493
220	17459
221	17460
222	17463
223	17468
224	17470
225	17473
226	17484
227	17485
228	17486
229	17490
230	17492
231	17493
232	17494
233	17495
234	17499
235	17503
236	17509
237	17515
238	17516
239	17517
240	17519
241	17520
242	17522
243	17527
244	17529
245	17536
246	17537
247	17541
248	17542
249	17544
250	17545
251	17550
252	17552
253	17553
254	17554
255	17557
256	17559
257	17561
258	17563
259	17564
260	17567
261	17568
262	17570
263	17571
264	17576
265	17583
266	17584
267	17585
268	17588
269	17591
270	17592
271	17593
272	17594
273	17595
274	17596
275	17597
276	17598
277	17602
278	17603
279	17604
280	17605
281	17607
282	17610
283	17612
284	17613
285	17615
286	17616
287	17617
288	17618
289	17619
290	17621
291	17623
292	17624
293	17628
294	17629
295	17630
296	17633
297	17635
298	17637
299	17638
300	17639
301	17641
302	17646
303	17647
304	17648
305	17659
306	17677
307	17682
308	17684
309	17686
310	17687
311	17688
312	17689
313	17690
314	17691
315	17693
316	17695
317	17699
318	17700
319	17701
320	17702
321	17703
322	17705
323	17707
324	17710
325	17711
326	17712
327	17713
328	17714
329	17719
330	17720
331	17722
332	17723
333	17727
334	17728
335	17730
336	17732
337	17733
338	17734
339	17735
340	17737
341	17740
342	17741
343	17742
344	17745
345	17753
346	17755
347	17758
348	17760
349	17763
350	17764
351	17765
352	17767
353	17768
354	17769
355	17771
356	17772
357	17773
358	17774
359	17776
360	17777
361	17778
362	17782
363	17783
364	17789
365	17791
366	17792
367	17793
368	17800
369	17803
370	17806
371	17807
372	17815
373	17818
374	17819
375	17820
376	17824
377	17826
378	17827
379	17828
380	17829
381	17831
382	17832
383	17835
384	17837
385	17840
386	17844
387	17846
388	17854
389	17861
390	17863
391	17864
392	17865
393	17866
394	17867
395	17872
396	17875
397	17877
398	17878
399	17881
400	17886
401	17896
402	17897
403	33327
404	33328
405	33329
406	33330
407	33331
408	33332
409	33333
410	33337
