599	2337
600	6629
601	6633
602	6651
603	6672
604	6693
605	6701
606	6757
607	6852
608	6866
609	6869
610	6888
611	6988
612	7039
613	16247
614	18981
615	19075
616	22208
617	23697
618	23698
619	23700
620	23701
621	23702
622	23705
623	23708
624	23709
625	23710
626	23711
627	23712
628	23713
629	23714
630	23715
631	23716
632	23717
633	23719
634	23721
635	23722
636	23723
637	23724
638	23725
639	23726
640	23727
641	23728
642	23729
643	23732
644	23733
645	23734
646	23736
647	23737
648	23738
649	23741
650	23742
651	23743
652	23745
653	23746
654	23747
655	23748
656	23749
657	23750
658	23751
659	23754
660	23755
661	23756
662	23757
663	23759
664	23760
665	23761
666	23762
667	23764
668	23766
669	23767
670	23768
671	23769
672	23770
673	23771
674	23772
675	6678
676	6740
677	34170
678	34171
679	34172
