198	1337
199	14248
200	14261
201	14266
202	14270
203	14273
204	14276
205	14277
206	14285
207	14288
208	14294
209	14297
210	14298
211	14301
212	14302
213	14317
214	14318
215	14319
216	14321
217	14324
218	14325
219	14329
220	14330
221	14334
222	14343
223	14344
224	14345
225	14350
226	14372
227	14376
228	14382
229	14383
230	14393
231	14394
232	14395
233	14400
234	14401
235	14404
236	14405
237	14406
238	14412
239	14416
240	14427
241	14433
242	14434
243	14444
244	14448
245	14450
246	14452
247	14453
248	14455
249	14457
250	14458
251	14459
252	14460
253	14464
254	14466
255	14467
256	14471
257	14476
258	14481
259	14498
260	14499
261	14500
262	14509
263	14511
264	14517
265	14519
266	14521
267	14525
268	14529
269	14531
270	14535
271	14538
272	14541
273	14542
274	14543
275	14544
276	14545
277	14547
278	14548
279	14556
280	14557
281	14558
282	14559
283	14571
284	14572
285	14574
286	14575
287	14578
288	14579
289	14581
290	14585
291	14594
292	14595
293	14597
294	14611
295	14612
296	14613
297	14621
298	14622
299	14623
300	14626
301	14627
302	14628
303	14631
304	14632
305	14647
306	14650
307	14659
308	14663
309	14667
310	14670
311	14674
312	14675
313	14676
314	14677
315	14682
316	14698
317	14699
318	14701
319	32546
320	32547
321	32548
322	32554
323	32555
324	32556
325	32537
326	32538
327	32524
328	32525
329	32526
330	32527
331	32531
332	32532
333	32533
334	32566
335	32567
336	32568
337	32569
338	29205
339	32244
340	32557
341	32558
342	32559
343	32584
344	32594
345	32595
346	32596
347	29204
348	29212
349	32528
350	32529
351	32530
352	32583
