0	1
0	2
0	3
0	4
0	5
6	7
6	8
6	9
6	10
6	11
6	12
6	13
6	14
6	15
6	16
6	17
6	18
6	19
6	20
6	21
7	8
22	23
22	24
22	25
23	24
23	26
23	27
23	28
23	29
23	30
24	28
24	31
24	32
25	33
9	22
9	24
26	34
26	35
26	36
26	27
26	28
26	29
26	37
26	38
26	39
26	40
26	41
42	43
44	45
44	46
44	47
34	42
34	48
34	45
34	49
34	50
34	46
35	36
35	52
35	53
35	54
35	55
35	56
35	57
35	58
35	59
60	61
60	62
60	63
60	64
60	65
60	66
60	67
60	68
60	69
60	70
48	60
48	71
48	64
48	65
45	72
45	50
33	51
61	62
52	71
52	53
52	73
52	66
52	58
52	59
52	74
52	75
1	2
1	4
1	76
1	77
1	78
2	44
2	34
2	48
2	52
2	5
2	53
2	46
2	73
4	79
76	77
76	78
77	78
53	55
53	80
46	48
46	47
73	81
73	82
73	83
73	84
73	85
63	67
63	68
54	56
54	57
55	86
64	65
66	71
66	73
66	67
66	69
66	70
66	81
66	82
66	83
66	84
66	85
10	87
10	11
10	12
10	13
10	88
67	69
67	89
67	70
67	90
56	57
28	29
30	35
30	52
30	58
30	59
30	74
30	75
37	63
37	68
38	54
38	89
69	91
69	89
69	92
69	70
69	90
91	92
89	90
31	37
31	32
43	44
43	46
43	47
47	93
58	59
74	75
81	82
81	83
81	84
81	85
82	83
82	84
82	85
83	84
83	85
84	85
87	94
87	95
11	12
11	13
12	13
18	19
18	20
18	21
18	96
18	97
19	20
19	21
19	96
19	97
20	21
96	97
