1142	6522
1142	8097
1142	13583
1142	13586
1142	13587
1142	13588
1142	13590
1142	13593
1142	13594
1142	13595
1142	13596
1142	13597
1142	13599
1142	13603
1142	13606
1142	13608
1142	13609
1142	13610
1142	13612
1142	13616
1142	13618
1142	13619
1142	13620
1142	13624
1142	13625
1142	13626
1142	13627
1142	13636
1142	13637
1142	13638
1142	13643
1142	13646
1142	13647
1142	13650
1142	13651
1142	13652
1142	13655
1142	13656
1142	13657
1142	13660
1142	13661
1142	13664
1142	13666
1142	13669
1142	13671
1142	13672
1142	13674
1142	13675
1142	13680
1142	13681
1142	13682
1142	13683
1142	13684
1142	13685
1142	13686
1142	13687
1142	13688
1142	13693
1142	13694
1142	13695
1142	13696
13594	25083
13594	25084
13594	25085
13594	25086
13608	13609
13619	13620
25083	25084
25083	25085
25083	25086
25084	25085
25084	25086
25085	25086
