224	577
225	24510
226	24511
227	24512
228	24513
229	24518
230	24520
231	24523
232	24528
233	24529
234	24530
235	24533
236	24536
237	24538
238	24540
239	24541
240	24542
241	24543
242	24544
243	24545
244	24549
245	24550
246	24554
247	24555
248	24556
249	24559
250	24560
251	24564
252	24566
253	24567
254	24570
255	24571
256	24572
257	24573
258	24579
259	24582
260	24583
261	24584
262	24589
263	24592
264	24593
265	24594
266	24595
267	24596
268	24597
269	24599
270	24600
271	24602
272	24606
273	24607
274	24609
275	24611
276	24620
277	24624
278	24625
279	24626
280	24628
281	24632
282	33135
283	33136
284	33137
